-34
-36
-36
-34
-30
-27
-23
-22
-22
-20
-18
-12
-2
5
12
21
21
23
26
26
29
34
39
44
46
46
43
38
32
25
19
11
1
-10
-18
-25
-35
-42
-48
-52
-54
-56
-52
-40
-30
-17
-6
3
9
14
18
23
29
35
38
39
34
28
22
17
18
15
21
24
23
28
27
30
35
33
36
37
35
31
26
22
17
15
10
2
-2
-8
-14
-22
-27
-29
-32
-35
-36
-37
-31
-24
-17
-5
9
20
35
49
60
72
78
85
86
82
80
72
62
50
35
16
-3
-19
-36
-52
-64
-75
-83
-93
-99
-105
-109
-110
-111
-108
-102
-95
-82
-67
-52
-34
-17
3
20
35
49
61
73
80
88
92
92
88
77
68
58
42
31
15
-1
-17
-34
-49
-67
-79
-89
-96
-99
-98
-92
-84
-73
-57
-44
-24
-1
19
42
62
81
101
109
117
119
114
108
97
83
70
54
39
25
10
-6
-19
-33
-44
-52
-58
-63
-65
-62
-62
-57
-54
-50
-45
-38
-28
-22
-14
-6
0
6
10
14
18
19
21
27
26
28
26
23
27
23
23
25
21
21
20
14
12
9
6
1
-7
-10
-11
-14
-15
-17
-14
-15
-14
-10
-6
-4
0
7
12
17
19
16
14
12
12
12
14
19
21
18
18
16
13
3
-6
-9
-14
-17
-19
-22
-21
-24
-28
-31
-34
-37
-40
-37
-36
-34
-33
-38
-42
-48
-49
-44
-41
-32
-23
-14
-5
5
15
21
27
37
45
52
54
58
62
61
55
45
36
25
13
1
-10
-21
-34
-45
-58
-64
-67
-70
-66
-65
-63
-53
-46
-38
-23
-10
3
18
31
41
49
54
57
59
54
48
42
33
18
2
-15
-30
-42
-58
-72
-84
-91
-97
-100
-96
-87
-74
-62
-47
-27
-3
18
39
61
82
102
118
130
139
142
140
135
124
110
93
71
55
33
11
-9
-35
-55
-70
-90
-102
-107
-113
-113
-110
-107
-101
-94
-85
-72
-58
-42
-25
-9
6
22
34
43
55
58
57
55
50
47
37
30
18
4
-5
-17
-25
-32
-40
-42
-47
-48
-44
-48
-45
-39
-32
-22
-15
-5
6
16
27
40
52
62
71
79
85
89
89
83
81
72
62
51
35
20
4
-11
-27
-43
-58
-70
-80
-90
-97
-102
-102
-104
-102
-95
-83
-70
-57
-40
-23
-4
13
29
42
55
65
73
78
82
83
85
83
78
73
66
58
52
44
39
36
27
16
9
-2
-9
-14
-14
-12
-10
-3
-2
5
12
15
22
27
30
35
36
39
39
35
29
22
15
9
2
-4
-11
-14
-18
-23
-27
-32
-38
-47
-51
-56
-59
-62
-65
-69
-70
-69
-67
-60
-51
-40
-27
-15
-2
10
19
30
40
47
55
59
63
66
69
71
72
74
69
60
53
46
35
25
11
2
-9
-20
-29
-36
-41
-45
-43
-44
-45
-44
-44
-43
-41
-40
-39
-34
-29
-23
-18
-11
-6
-1
1
6
10
10
13
11
10
10
6
0
-6
-12
-19
-25
-27
-28
-30
-30
-27
-23
-17
-7
0
11
25
33
43
50
59
63
63
68
74
73
72
69
65
58
50
39
30
22
13
1
-8
-17
-28
-37
-45
-51
-56
-58
-59
-61
-57
-56
-53
-49
-39
-28
-20
-10
-1
8
17
23
25
25
24
25
24
21
21
18
20
22
22
21
20
19
20
21
19
21
23
25
25
23
21
20
19
14
11
8
-1
-9
-19
-28
-35
-40
-43
-48
-51
-50
-54
-55
-55
-53
-50
-45
-42
-39
-37
-35
-31
-32
-34
-33
-34
-35
-37
-38
-38
-36
-32
-30
-23
-15
-8
1
13
23
33
44
48
51
57
62
63
70
75
77
79
81
80
76
70
65
57
45
34
22
8
-4
-15
-26
-33
-41
-48
-51
-55
-57
-56
-57
-55
-53
-50
-48
-48
-44
-43
-41
-38
-38
-36
-37
-33
-32
-30
-24
-22
-21
-17
-12
-5
1
4
9
18
27
30
35
39
43
48
52
53
55
56
58
61
59
60
61
58
59
59
63
60
54
48
40
35
24
13
6
-5
-13
-21
-28
-36
-44
-48
-56
-63
-67
-72
-75
-80
-80
-79
-79
-80
-80
-78
-76
-71
-67
-66
-63
-60
-55
-54
-51
-44
-39
-34
-25
-17
-7
3
13
22
33
40
49
57
63
71
74
78
80
80
82
84
85
85
85
84
79
75
65
55
43
27
11
-1
-14
-24
-36
-49
-58
-72
-78
-80
-84
-79
-74
-72
-65
-56
-46
-39
-30
-20
-10
5
16
26
32
37
42
43
44
40
32
25
15
3
-9
-22
-34
-45
-53
-55
-54
-51
-45
-35
-19
-3
10
30
51
73
94
117
132
146
159
167
167
168
162
152
141
128
110
89
66
38
12
-17
-46
-72
-96
-114
-130
-144
-153
-160
-162
-160
-157
-147
-134
-120
-102
-84
-62
-44
-27
-10
2
17
30
40
51
58
61
66
65
62
52
41
31
19
9
-1
-11
-19
-27
-36
-47
-54
-58
-59
-54
-45
-38
-28
-17
-9
0
10
19
30
41
50
56
60
64
65
67
67
64
57
49
44
37
27
18
7
-2
-9
-18
-24
-30
-34
-37
-41
-42
-43
-44
-42
-39
-33
-24
-18
-15
-9
-2
6
17
29
41
57
66
76
87
92
98
104
104
104
104
97
88
79
66
53
38
23
7
-11
-27
-41
-52
-61
-65
-70
-77
-79
-83
-81
-79
-79
-72
-66
-61
-53
-41
-30
-19
-5
7
19
28
34
42
44
44
48
45
41
35
25
14
4
-8
-20
-32
-41
-49
-51
-54
-57
-52
-53
-52
-48
-46
-39
-30
-26
-19
-13
-6
0
5
11
16
22
22
19
14
7
0
-11
-20
-27
-39
-50
-56
-62
-66
-65
-63
-61
-55
-47
-40
-26
-15
0
15
27
41
50
60
65
70
76
76
75
72
69
66
61
58
54
51
49
43
36
32
27
26
22
15
9
2
-9
-16
-18
-19
-20
-23
-24
-27
-30
-33
-32
-27
-22
-16
-9
-9
-6
-11
-17
-19
-23
-25
-31
-40
-45
-51
-54
-59
-63
-63
-61
-60
-56
-49
-40
-26
-15
2
15
30
45
54
66
76
81
85
84
80
73
65
56
44
33
23
12
-5
-17
-28
-33
-38
-41
-44
-48
-51
-56
-53
-49
-43
-30
-24
-20
-19
-18
-20
-23
-25
-27
-32
-37
-45
-53
-60
-64
-67
-68
-67
-64
-61
-60
-53
-47
-36
-22
-13
-6
0
6
14
18
25
32
36
40
41
41
43
46
53
61
68
74
76
76
76
74
72
64
55
47
37
28
21
10
6
-1
-8
-14
-16
-14
-9
-2
7
17
27
32
35
37
39
39
36
29
21
9
-6
-22
-36
-48
-60
-68
-72
-75
-73
-68
-59
-49
-38
-20
-6
12
27
37
48
56
63
64
65
61
55
53
46
36
28
15
5
-2
-10
-13
-16
-17
-17
-17
-16
-16
-16
-19
-19
-17
-17
-17
-19
-23
-26
-33
-38
-40
-46
-51
-53
-57
-56
-52
-41
-30
-16
0
14
23
32
39
42
47
53
51
47
36
19
1
-16
-28
-39
-50
-57
-59
-58
-53
-45
-32
-12
7
28
47
63
77
85
89
92
90
79
69
51
32
15
-4
-19
-30
-39
-46
-49
-48
-42
-31
-17
-1
14
29
42
51
56
61
61
56
48
37
24
11
-3
-12
-18
-23
-25
-23
-23
-18
-7
4
22
39
54
68
77
81
81
80
77
69
57
49
35
23
9
-6
-16
-22
-25
-23
-17
-12
-7
2
9
16
24
26
23
19
7
-6
-19
-31
-47
-63
-79
-101
-117
-129
-139
-139
-131
-118
-102
-80
-59
-35
-11
15
38
61
82
94
100
101
94
84
71
52
31
8
-16
-36
-56
-74
-82
-83
-75
-66
-56
-41
-24
-1
21
42
56
68
74
71
62
49
31
12
-8
-27
-42
-55
-60
-63
-63
-53
-37
-16
8
30
48
63
77
84
87
85
74
55
32
5
-20
-42
-63
-80
-90
-93
-88
-79
-64
-46
-22
10
39
68
94
116
129
135
138
132
123
110
88
64
39
8
-18
-42
-66
-80
-87
-90
-88
-78
-63
-45
-23
-1
23
42
57
66
68
67
62
51
37
17
-5
-26
-49
-76
-96
-108
-114
-111
-100
-87
-67
-44
-19
9
36
61
81
95
103
102
96
80
54
28
-2
-33
-63
-91
-121
-140
-151
-155
-150
-140
-122
-99
-71
-41
-9
23
51
73
84
86
81
68
46
22
-5
-35
-57
-78
-96
-111
-118
-115
-106
-84
-63
-35
-9
15
40
59
76
87
91
91
83
72
59
46
30
21
11
3
2
2
6
9
17
26
33
43
48
48
44
39
31
22
9
-4
-16
-28
-40
-45
-49
-54
-54
-55
-55
-52
-44
-35
-27
-11
5
20
39
53
69
84
100
112
119
119
112
100
86
64
39
12
-19
-46
-70
-97
-112
-123
-124
-116
-100
-78
-56
-31
0
30
56
80
91
97
97
91
78
58
37
12
-11
-34
-56
-73
-88
-90
-88
-83
-69
-55
-37
-24
-16
-11
-11
-19
-27
-38
-48
-54
-63
-68
-71
-70
-62
-54
-39
-19
5
28
51
71
86
100
108
108
107
101
88
76
64
44
29
12
-1
-12
-27
-39
-49
-57
-63
-67
-68
-69
-71
-71
-67
-67
-62
-56
-47
-30
-13
4
15
25
34
46
56
62
64
65
66
61
52
41
28
20
12
7
6
3
2
4
7
12
16
17
21
22
20
20
14
3
-4
-15
-24
-28
-29
-29
-20
-13
-4
6
17
28
40
48
58
59
53
49
39
27
14
2
-9
-22
-35
-50
-63
-75
-79
-79
-76
-71
-67
-64
-57
-54
-44
-34
-26
-13
-6
3
14
21
29
39
53
64
73
82
89
89
90
87
77
69
58
41
23
5
-15
-32
-46
-60
-68
-76
-82
-84
-79
-73
-60
-51
-38
-19
-4
13
27
38
46
53
61
61
59
60
55
49
43
33
23
11
-2
-14
-23
-33
-41
-48
-54
-59
-59
-56
-49
-40
-30
-21
-12
-5
6
18
30
38
42
42
41
37
32
29
25
22
19
13
7
0
-8
-10
-13
-11
-8
-9
-11
-12
-14
-16
-17
-15
-17
-20
-24
-29
-31
-31
-31
-24
-13
-5
1
6
7
13
19
24
29
31
32
31
31
28
24
20
20
16
13
12
8
6
6
5
3
6
9
11
15
16
14
12
6
0
-4
-9
-11
-13
-13
-10
-9
-10
-7
-3
5
13
21
30
34
42
45
42
41
40
34
31
22
9
-3
-17
-29
-39
-50
-57
-66
-73
-80
-82
-81
-80
-72
-62
-52
-42
-31
-24
-14
-4
9
20
28
34
38
36
35
30
27
21
16
13
5
-4
-12
-14
-13
-15
-14
-10
-2
5
9
14
17
21
21
20
18
19
14
7
2
-7
-16
-22
-25
-30
-30
-24
-15
-8
4
18
29
45
58
67
76
81
81
78
75
67
52
40
25
2
-18
-38
-60
-73
-83
-91
-95
-98
-95
-85
-73
-56
-34
-8
19
42
64
82
93
103
113
113
110
105
88
68
45
20
-4
-26
-48
-65
-79
-84
-91
-91
-81
-70
-53
-33
-10
12
33
50
61
71
71
62
54
41
22
4
-12
-31
-50
-63
-75
-84
-88
-80
-71
-59
-44
-30
-12
4
19
30
41
48
48
44
37
27
14
2
-12
-28
-41
-53
-66
-75
-80
-81
-77
-72
-64
-51
-34
-21
-7
7
19
34
43
50
53
52
46
40
33
20
8
-6
-19
-32
-46
-57
-64
-67
-64
-60
-50
-39
-23
-10
5
23
38
50
62
67
69
72
66
59
51
42
33
24
20
18
18
19
22
25
26
30
32
32
33
34
32
27
18
6
-5
-16
-27
-31
-32
-31
-25
-18
-12
-3
10
24
40
51
59
66
66
55
43
22
-2
-24
-48
-67
-83
-94
-102
-103
-99
-91
-77
-61
-39
-17
4
25
43
57
62
66
64
58
50
36
21
9
-3
-16
-22
-25
-23
-19
-15
-8
0
11
24
34
44
50
48
43
36
28
17
1
-11
-25
-38
-52
-69
-80
-88
-90
-89
-84
-77
-68
-58
-46
-30
-11
8
26
43
55
64
71
75
73
69
62
50
35
17
0
-17
-35
-50
-60
-70
-74
-74
-65
-51
-34
-14
9
28
46
63
71
84
94
95
93
87
74
61
47
34
25
19
14
13
12
14
18
23
26
31
39
39
35
29
22
9
-9
-26
-43
-60
-76
-86
-93
-91
-84
-74
-58
-41
-25
-6
13
33
50
63
74
77
76
69
56
45
29
12
-5
-23
-38
-47
-56
-61
-63
-63
-62
-56
-44
-32
-16
-1
11
22
28
29
28
26
21
16
9
-1
-15
-33
-50
-62
-74
-81
-82
-77
-71
-62
-51
-37
-20
2
17
35
50
58
64
64
59
49
39
21
2
-15
-36
-55
-70
-81
-89
-93
-86
-76
-62
-41
-20
5
27
47
65
78
83
86
83
78
68
54
39
22
8
-6
-19
-28
-34
-35
-32
-25
-14
-7
1
8
15
23
31
33
35
35
27
20
11
1
-3
-6
-8
-10
-7
-2
2
9
18
25
36
45
50
58
61
65
68
70
69
62
54
45
34
26
18
9
4
-2
-15
-27
-42
-55
-64
-71
-76
-80
-80
-83
-84
-76
-68
-58
-42
-23
-4
14
35
48
57
62
65
64
57
47
33
17
3
-12
-26
-39
-50
-57
-62
-62
-58
-54
-43
-34
-24
-16
-9
1
4
7
8
3
1
-3
-7
-8
-12
-11
-11
-12
-10
-11
-7
-4
-3
2
7
11
17
22
23
31
40
47
58
66
72
74
71
70
63
50
36
14
-10
-41
-67
-90
-112
-127
-137
-145
-146
-140
-125
-103
-76
-42
-4
37
77
108
131
146
153
153
148
136
115
90
61
32
3
-24
-48
-67
-82
-92
-94
-87
-81
-71
-58
-46
-39
-29
-19
-19
-12
-6
-2
-2
-3
-3
-6
-7
-6
-2
6
13
19
21
22
24
26
34
36
36
36
34
30
25
22
19
16
10
1
-9
-19
-29
-40
-46
-52
-57
-56
-56
-56
-48
-38
-28
-17
-3
10
18
27
32
36
36
31
24
16
3
-10
-20
-27
-34
-37
-34
-29
-21
-8
9
26
41
54
63
68
67
64
54
42
22
-1
-23
-46
-67
-79
-89
-93
-90
-82
-71
-56
-34
-8
16
42
70
89
103
110
110
108
99
85
68
48
26
4
-17
-34
-51
-64
-74
-81
-78
-72
-61
-43
-23
-3
16
38
55
72
86
97
100
100
99
85
68
48
25
2
-19
-35
-51
-62
-71
-80
-76
-70
-61
-45
-31
-18
-2
11
23
31
34
37
35
28
23
13
6
2
-5
-9
-11
-9
-6
-2
3
6
8
8
10
7
3
-3
-9
-18
-28
-37
-46
-53
-56
-57
-57
-55
-51
-45
-36
-23
-10
3
14
21
25
32
34
40
43
44
45
43
42
42
38
34
33
32
31
30
27
24
17
13
8
4
1
-4
-6
-8
-9
-13
-13
-14
-16
-20
-22
-25
-30
-30
-31
-33
-32
-32
-33
-30
-26
-17
-6
5
17
32
42
49
54
57
59
57
53
45
35
20
4
-11
-25
-36
-45
-51
-55
-57
-58
-54
-44
-36
-23
-10
1
14
24
31
39
45
50
54
57
60
59
55
51
45
41
34
21
11
2
-12
-25
-34
-38
-45
-48
-45
-43
-42
-35
-27
-17
-4
8
22
30
32
31
27
22
13
5
-1
-12
-26
-38
-49
-55
-58
-57
-52
-43
-34
-23
-12
-4
9
15
23
28
31
34
33
29
27
24
16
9
3
-8
-14
-16
-17
-18
-19
-21
-23
-26
-26
-26
-25
-19
-13
-9
-4
2
7
13
19
26
29
28
26
22
15
4
-7
-20
-32
-43
-51
-59
-63
-64
-61
-53
-40
-27
-10
9
25
38
54
64
73
78
78
74
65
57
43
29
12
-9
-26
-43
-58
-68
-77
-79
-78
-75
-69
-60
-52
-40
-28
-16
-1
14
23
36
46
53
57
56
58
54
46
42
32
25
17
9
-1
-10
-18
-25
-28
-31
-31
-24
-16
-8
-3
6
13
18
26
29
36
41
35
28
18
4
-11
-25
-37
-49
-55
-63
-73
-78
-78
-73
-64
-48
-31
-15
5
21
38
56
70
83
88
87
85
77
65
52
36
18
1
-14
-31
-43
-53
-61
-66
-65
-61
-54
-42
-29
-16
-3
10
21
33
40
47
52
51
51
43
33
24
9
-5
-14
-24
-31
-38
-43
-45
-44
-38
-28
-20
-8
4
11
21
32
43
52
61
64
64
61
54
43
32
22
9
-4
-13
-26
-37
-43
-50
-51
-49
-45
-38
-30
-22
-9
2
16
27
32
36
34
31
25
17
14
8
3
-3
-10
-13
-17
-22
-21
-18
-17
-12
-6
-4
-2
-2
-3
-3
-6
-7
-7
-12
-14
-14
-15
-12
-7
-2
7
12
15
17
17
18
16
17
16
15
12
4
-2
-6
-13
-16
-18
-15
-12
-10
-5
0
4
7
10
11
8
4
-4
-8
-12
-17
-15
-12
-16
-20
-26
-34
-40
-44
-48
-48
-49
-48
-47
-46
-39
-29
-15
4
26
47
67
81
93
101
109
115
114
109
99
83
65
43
21
1
-17
-34
-47
-55
-60
-60
-56
-47
-36
-25
-13
-4
2
4
2
0
-6
-13
-24
-37
-49
-58
-67
-72
-68
-64
-59
-47
-35
-23
-6
10
28
48
67
86
102
113
123
127
123
117
103
82
61
38
13
-12
-35
-49
-56
-55
-52
-43
-31
-22
-11
1
7
11
10
3
-8
-21
-39
-61
-84
-104
-124
-141
-156
-169
-172
-170
-161
-146
-124
-96
-66
-30
12
54
95
134
172
203
224
233
233
222
198
166
123
72
16
-42
-90
-126
-147
-147
-127
-94
-48
3
49
95
131
152
163
160
140
105
60
11
-37
-83
-126
-166
-199
-221
-235
-238
-229
-210
-182
-151
-113
-76
-43
-12
20
49
72
94
109
127
148
166
187
207
214
214
204
181
147
102
46
-12
-63
-109
-142
-153
-150
-131
-94
-54
-9
35
70
99
116
121
119
109
88
65
39
14
-10
-31
-52
-69
-85
-100
-109
-114
-113
-104
-92
-84
-75
-71
-70
-73
-77
-85
-90
-94
-97
-99
-94
-79
-56
-25
17
60
101
143
174
196
212
211
193
163
118
65
10
-44
-90
-122
-140
-138
-119
-87
-42
11
68
124
171
210
237
248
244
227
193
149
97
38
-23
-81
-139
-193
-238
-271
-294
-305
-305
-292
-271
-244
-213
-180
-147
-117
-88
-56
-26
6
38
68
99
131
158
181
203
219
226
226
214
194
161
119
71
18
-30
-71
-97
-113
-102
-73
-28
34
99
164
219
261
290
297
287
261
217
167
110
49
-13
-70
-121
-172
-213
-244
-267
-280
-285
-278
-264
-242
-212
-179
-145
-114
-86
-65
-52
-48
-50
-55
-61
-69
-74
-75
-73
-64
-47
-26
1
32
62
93
124
147
165
176
177
170
149
121
88
48
17
-4
-15
-3
23
60
107
156
203
241
263
271
258
230
185
127
61
-10
-80
-146
-208
-256
-294
-322
-332
-327
-312
-288
-255
-218
-182
-146
-114
-89
-71
-61
-57
-60
-66
-76
-85
-92
-96
-96
-86
-71
-46
-13
23
68
117
169
218
260
296
314
316
294
252
196
133
69
13
-23
-32
-18
19
75
143
208
262
300
314
300
265
212
149
80
12
-49
-101
-142
-176
-196
-206
-211
-207
-198
-191
-177
-159
-143
-128
-110
-95
-91
-92
-99
-114
-133
-152
-173
-190
-200
-206
-202
-186
-162
-134
-103
-73
-48
-26
-9
1
12
22
35
55
80
110
147
190
232
274
310
339
359
368
368
353
328
294
248
200
148
93
44
3
-28
-47
-55
-49
-41
-26
-12
-6
-5
-10
-27
-53
-83
-117
-152
-186
-219
-251
-278
-300
-321
-332
-337
-334
-328
-321
-308
-297
-284
-268
-257
-242
-218
-193
-163
-126
-83
-33
26
98
178
271
370
471
565
639
682
679
625
524
376
197
16
-148
-271
-337
-340
-280
-169
-27
131
275
390
463
487
465
407
319
214
106
-2
-98
-177
-242
-290
-321
-338
-348
-346
-339
-327
-311
-290
-263
-234
-199
-156
-105
-53
-3
42
77
94
91
74
40
2
-32
-61
-74
-74
-61
-39
-15
11
32
42
42
32
25
19
20
30
52
82
112
140
162
174
170
156
131
96
60
25
-6
-24
-32
-28
-11
14
42
69
90
99
89
62
21
-33
-89
-143
-186
-214
-225
-217
-197
-166
-128
-89
-56
-31
-10
1
11
18
24
31
39
50
57
58
55
45
33
13
-11
-31
-50
-64
-71
-73
-63
-46
-25
10
41
72
98
116
125
124
115
97
75
53
25
-3
-30
-58
-89
-120
-151
-182
-209
-232
-244
-248
-238
-210
-177
-129
-69
1
81
167
260
354
447
532
596
627
617
558
445
284
87
-126
-323
-485
-584
-605
-549
-421
-239
-24
192
383
527
607
619
568
463
317
157
-8
-160
-284
-379
-435
-457
-446
-410
-354
-291
-227
-163
-111
-71
-45
-31
-33
-44
-59
-80
-105
-131
-158
-185
-210
-232
-245
-247
-237
-213
-173
-127
-77
-30
14
51
80
102
122
150
191
242
305
373
435
480
492
467
400
295
169
35
-85
-172
-212
-198
-137
-37
90
223
342
439
498
510
478
402
292
158
15
-132
-265
-376
-457
-501
-511
-491
-445
-385
-321
-263
-213
-177
-152
-132
-111
-83
-51
-19
14
43
53
42
6
-57
-142
-238
-335
-419
-479
-509
-504
-462
-385
-289
-179
-64
45
142
221
282
325
356
388
420
464
524
587
652
701
718
692
613
486
320
135
-42
-194
-293
-324
-293
-198
-58
107
273
416
520
566
554
486
371
229
73
-83
-223
-334
-413
-457
-466
-444
-399
-346
-290
-245
-212
-197
-197
-203
-216
-226
-234
-238
-240
-244
-255
-276
-305
-341
-380
-411
-424
-414
-377
-313
-229
-139
-53
18
62
80
70
38
-3
-42
-67
-66
-29
49
164
310
479
657
821
954
1028
1030
953
797
581
323
64
-159
-315
-384
-360
-248
-76
124
318
473
563
574
510
380
204
10
-182
-348
-471
-550
-577
-563
-514
-438
-353
-267
-192
-138
-106
-106
-125
-160
-199
-238
-265
-277
-273
-256
-238
-219
-212
-219
-242
-275
-310
-337
-344
-327
-284
-226
-156
-82
-20
27
59
72
72
63
59
61
78
116
177
269
388
530
687
848
991
1092
1127
1082
947
731
452
145
-150
-391
-545
-592
-528
-373
-150
95
325
511
622
644
586
460
288
94
-101
-276
-423
-526
-589
-618
-609
-571
-510
-435
-358
-281
-218
-175
-155
-162
-190
-231
-277
-316
-343
-354
-356
-355
-351
-350
-357
-362
-363
-351
-320
-276
-224
-171
-128
-103
-95
-107
-131
-152
-159
-146
-98
-17
91
227
386
558
738
918
1087
1231
1326
1347
1284
1123
874
557
205
-133
-412
-592
-648
-577
-391
-124
174
457
680
810
832
746
572
341
82
-171
-397
-577
-700
-764
-779
-748
-680
-588
-485
-383
-294
-228
-194
-194
-226
-276
-334
-391
-437
-462
-464
-448
-415
-375
-340
-309
-286
-267
-250
-232
-207
-180
-154
-121
-91
-65
-42
-19
13
53
102
169
248
342
453
580
725
882
1046
1204
1331
1401
1386
1272
1060
763
418
57
-266
-507
-634
-632
-508
-289
-11
278
531
704
771
727
581
358
88
-198
-463
-683
-835
-915
-923
-868
-770
-640
-501
-374
-283
-239
-244
-292
-376
-484
-595
-689
-748
-763
-732
-668
-579
-480
-389
-311
-260
-235
-226
-227
-226
-218
-204
-169
-121
-59
15
92
180
277
384
509
649
806
975
1147
1307
1435
1499
1474
1344
1111
790
406
13
-332
-581
-695
-652
-465
-163
208
595
935
1181
1290
1252
1076
782
414
12
-386
-734
-1003
-1185
-1267
-1262
-1182
-1038
-863
-674
-501
-361
-263
-218
-223
-274
-362
-466
-569
-657
-721
-749
-744
-713
-666
-614
-562
-515
-479
-447
-416
-372
-314
-240
-148
-39
88
230
395
581
793
1031
1288
1546
1777
1942
1988
1894
1655
1280
810
300
-185
-564
-790
-842
-718
-442
-59
369
781
1120
1342
1422
1358
1164
864
494
88
-310
-666
-950
-1149
-1257
-1271
-1201
-1072
-916
-763
-637
-559
-531
-553
-617
-696
-771
-820
-830
-799
-734
-652
-571
-511
-481
-482
-514
-564
-616
-658
-677
-666
-625
-551
-447
-311
-149
22
208
401
593
780
965
1147
1332
1528
1732
1931
2101
2203
2196
2052
1765
1335
795
201
-356
-796
-1060
-1105
-933
-568
-69
484
997
1392
1606
1612
1412
1044
557
9
-525
-989
-1339
-1557
-1655
-1644
-1545
-1382
-1187
-991
-813
-664
-550
-474
-444
-459
-507
-581
-667
-750
-823
-873
-890
-874
-823
-750
-661
-567
-467
-367
-273
-179
-87
8
106
204
304
406
517
656
830
1045
1303
1592
1881
2119
2250
2224
2027
1662
1161
580
-3
-500
-840
-980
-912
-651
-245
241
739
1173
1478
1611
1560
1335
968
508
2
-497
-934
-1276
-1501
-1600
-1590
-1484
-1306
-1098
-890
-706
-575
-506
-501
-548
-632
-728
-815
-869
-879
-846
-775
-680
-583
-499
-438
-409
-406
-425
-456
-492
-523
-533
-516
-458
-355
-208
-17
216
472
747
1025
1305
1584
1855
2104
2308
2435
2449
2320
2037
1607
1062
453
-146
-660
-1015
-1177
-1130
-884
-483
12
525
983
1315
1482
1465
1265
919
473
-21
-499
-911
-1222
-1418
-1503
-1501
-1431
-1313
-1173
-1034
-910
-809
-732
-682
-657
-661
-682
-714
-742
-760
-765
-750
-719
-675
-618
-558
-499
-448
-403
-361
-327
-293
-254
-202
-126
-24
97
242
409
593
795
1017
1263
1537
1833
2129
2393
2562
2590
2443
2109
1607
983
305
-329
-837
-1149
-1235
-1097
-767
-298
233
741
1150
1397
1449
1302
979
531
12
-510
-979
-1357
-1609
-1741
-1771
-1704
-1566
-1379
-1169
-961
-778
-633
-535
-490
-499
-556
-639
-731
-817
-887
-927
-936
-914
-859
-779
-672
-549
-426
-310
-208
-133
-75
-30
10
59
125
215
335
488
677
909
1185
1505
1863
2233
2575
2825
2925
2836
2533
2029
1367
620
-122
-755
-1194
-1390
-1327
-1033
-562
14
604
1110
1456
1597
1513
1222
768
215
-368
-909
-1345
-1648
-1811
-1839
-1764
-1615
-1419
-1210
-1008
-839
-704
-609
-559
-553
-586
-644
-711
-775
-821
-839
-828
-788
-717
-627
-524
-421
-330
-256
-203
-173
-164
-164
-157
-130
-76
14
139
296
484
707
963
1259
1595
1962
2332
2656
2866
2894
2698
2269
1636
868
55
-690
-1259
-1577
-1608
-1362
-902
-306
329
900
1328
1544
1514
1255
815
264
-322
-871
-1320
-1626
-1774
-1777
-1669
-1487
-1269
-1038
-822
-646
-519
-449
-431
-460
-526
-615
-709
-787
-830
-830
-785
-702
-591
-458
-321
-192
-91
-26
-3
-16
-59
-123
-181
-212
-196
-118
17
197
418
660
911
1163
1408
1659
1913
2157
2370
2508
2522
2384
2076
1610
1019
358
-290
-843
-1227
-1395
-1342
-1085
-670
-162
358
800
1100
1213
1119
846
436
-48
-543
-988
-1335
-1554
-1648
-1633
-1542
-1399
-1221
-1040
-874
-738
-634
-559
-515
-499
-510
-537
-573
-610
-640
-656
-660
-642
-596
-526
-439
-343
-251
-171
-107
-71
-61
-71
-80
-68
-27
49
165
317
503
720
953
1201
1470
1759
2059
2336
2546
2637
2564
2309
1872
1281
590
-127
-764
-1240
-1495
-1509
-1296
-894
-371
191
702
1081
1273
1261
1053
689
218
-293
-776
-1181
-1469
-1618
-1642
-1565
-1412
-1216
-1009
-821
-674
-577
-528
-520
-546
-590
-644
-695
-728
-740
-725
-684
-618
-531
-430
-322
-215
-126
-57
-11
1
-18
-58
-106
-138
-132
-84
18
175
380
629
905
1192
1491
1791
2088
2362
2575
2684
2650
2445
2067
1529
870
161
-520
-1074
-1443
-1592
-1508
-1221
-781
-254
272
718
1017
1134
1069
831
466
31
-419
-824
-1137
-1330
-1406
-1388
-1301
-1168
-1019
-884
-781
-720
-694
-690
-696
-707
-716
-717
-702
-668
-617
-553
-483
-410
-338
-266
-204
-165
-152
-162
-188
-232
-287
-340
-368
-353
-286
-168
-3
206
444
703
969
1232
1502
1779
2058
2318
2509
2589
2515
2268
1854
1285
612
-89
-725
-1214
-1504
-1574
-1428
-1099
-633
-109
394
798
1051
1126
1022
765
395
-34
-458
-823
-1081
-1219
-1253
-1203
-1097
-962
-832
-729
-672
-656
-666
-690
-716
-731
-726
-696
-646
-576
-494
-414
-350
-293
-242
-201
-172
-152
-140
-143
-157
-184
-224
-265
-284
-274
-219
-113
36
234
471
735
1014
1298
1594
1895
2195
2457
2632
2672
2552
2255
1781
1164
455
-265
-894
-1363
-1623
-1659
-1485
-1131
-652
-131
352
723
938
980
853
584
213
-200
-597
-917
-1132
-1240
-1248
-1186
-1079
-964
-873
-817
-805
-826
-861
-899
-920
-910
-866
-794
-694
-574
-460
-355
-276
-227
-205
-207
-222
-248
-273
-293
-320
-346
-370
-385
-378
-334
-248
-116
72
305
574
866
1161
1458
1752
2044
2324
2560
2714
2745
2625
2343
1899
1316
644
-41
-659
-1143
-1439
-1529
-1416
-1129
-709
-226
235
609
846
920
837
617
298
-65
-417
-705
-904
-1005
-1029
-992
-917
-839
-779
-757
-763
-791
-832
-861
-873
-858
-805
-724
-622
-507
-398
-305
-235
-202
-199
-215
-249
-290
-332
-372
-405
-433
-458
-470
-464
-427
-352
-231
-69
131
367
625
895
1169
1447
1731
2010
2271
2466
2554
2510
2310
1950
1444
830
170
-454
-973
-1343
-1521
-1505
-1307
-959
-524
-65
347
654
818
831
701
454
139
-196
-500
-732
-879
-938
-924
-856
-763
-678
-620
-603
-622
-671
-735
-787
-814
-799
-742
-653
-541
-418
-307
-219
-164
-143
-151
-182
-225
-271
-323
-376
-421
-460
-487
-495
-476
-422
-318
-166
24
247
495
755
1014
1276
1531
1790
2049
2282
2456
2531
2475
2266
1901
1397
794
151
-456
-958
-1306
-1472
-1449
-1250
-915
-499
-67
313
588
734
738
611
385
98
-205
-473
-677
-802
-847
-820
-751
-666
-592
-550
-555
-606
-689
-782
-865
-920
-931
-891
-808
-691
-557
-431
-323
-249
-208
-205
-235
-279
-332
-384
-432
-473
-504
-518
-508
-473
-400
-278
-120
79
302
539
781
1018
1258
1501
1755
2019
2271
2480
2598
2591
2429
2103
1625
1023
363
-284
-846
-1265
-1506
-1549
-1403
-1113
-719
-291
98
392
557
580
476
274
2
-280
-531
-722
-825
-844
-793
-696
-588
-498
-453
-463
-526
-631
-751
-864
-940
-972
-944
-863
-741
-592
-440
-301
-192
-122
-93
-102
-136
-187
-244
-303
-359
-407
-445
-464
-454
-416
-333
-202
-23
195
445
714
990
1276
1572
1873
2170
2437
2636
2723
2666
2448
2064
1536
907
236
-396
-923
-1296
-1483
-1476
-1294
-977
-580
-179
160
393
495
466
329
111
-141
-380
-566
-676
-706
-671
-587
-478
-386
-330
-337
-417
-550
-718
-889
-1037
-1136
-1163
-1118
-1001
-827
-623
-408
-216
-63
37
79
64
6
-74
-164
-262
-349
-425
-485
-524
-535
-514
-450
-338
-179
29
268
530
813
1108
1416
1733
2042
2327
2545
2652
2620
2427
2065
1556
940
274
-365
-919
-1328
-1550
-1586
-1446
-1165
-798
-410
-67
183
320
342
262
112
-67
-239
-372
-439
-436
-382
-294
-195
-116
-85
-122
-234
-411
-628
-850
-1047
-1191
-1259
-1238
-1134
-953
-728
-485
-250
-49
98
183
198
154
64
-48
-172
-295
-405
-497
-558
-583
-565
-501
-386
-227
-31
198
440
690
948
1214
1493
1784
2081
2356
2567
2669
2625
2416
2042
1522
902
241
-390
-922
-1309
-1522
-1556
-1431
-1184
-863
-533
-250
-44
69
91
41
-52
-161
-245
-283
-269
-205
-116
-21
56
95
66
-39
-220
-458
-717
-977
-1201
-1350
-1415
-1381
-1261
-1072
-841
-600
-373
-179
-36
45
67
45
-16
-101
-198
-300
-396
-485
-551
-587
-589
-544
-448
-308
-122
99
347
619
911
1222
1552
1900
2236
2525
2724
2791
2703
2444
2020
1466
832
186
-400
-870
-1190
-1339
-1325
-1173
-926
-644
-386
-190
-79
-49
-86
-166
-258
-325
-342
-299
-205
-79
53
162
226
220
134
-38
-284
-571
-864
-1128
-1331
-1446
-1460
-1373
-1200
-964
-698
-435
-201
-10
124
193
204
162
81
-22
-139
-263
-386
-497
-589
-650
-670
-637
-547
-403
-208
24
282
559
845
1144
1459
1781
2104
2392
2609
2717
2670
2458
2081
1564
951
305
-309
-826
-1202
-1414
-1465
-1378
-1187
-945
-700
-495
-360
-289
-273
-284
-286
-263
-194
-75
81
252
406
516
557
513
379
166
-120
-448
-779
-1074
-1307
-1459
-1509
-1457
-1320
-1112
-869
-622
-389
-190
-34
71
123
134
104
48
-26
-125
-238
-356
-464
-546
-591
-590
-535
-426
-260
-51
192
461
745
1055
1388
1732
2073
2368
2575
2654
2583
2348
1957
1438
846
245
-300
-736
-1032
-1176
-1185
-1086
-925
-747
-598
-506
-480
-496
-526
-532
-497
-402
-241
-29
209
431
597
681
670
556
356
89
-228
-561
-868
-1119
-1299
-1392
-1407
-1347
-1218
-1046
-851
-650
-468
-311
-184
-87
-28
-11
-31
-84
-165
-264
-372
-482
-572
-627
-633
-580
-465
-298
-91
153
418
692
978
1275
1590
1918
2246
2539
2742
2821
2749
2509
2108
1582
984
381
-166
-599
-891
-1045
-1083
-1036
-942
-839
-770
-749
-767
-792
-798
-759
-649
-470
-235
36
298
505
622
631
526
334
78
-220
-527
-813
-1047
-1216
-1317
-1362
-1354
-1296
-1202
-1072
-924
-770
-615
-462
-315
-182
-82
-25
-11
-39
-104
-200
-315
-429
-523
-577
-576
-517
-406
-251
-64
142
358
572
788
1024
1292
1603
1947
2285
2572
2758
2802
2677
2383
1937
1390
807
253
-214
-557
-770
-874
-894
-870
-844
-840
-875
-931
-982
-991
-927
-777
-544
-252
65
361
587
710
712
599
403
154
-112
-368
-596
-778
-914
-1011
-1076
-1125
-1161
-1179
-1173
-1134
-1057
-938
-783
-597
-403
-219
-70
25
66
53
-10
-104
-202
-287
-344
-357
-320
-239
-130
-8
120
240
361
497
661
877
1158
1500
1872
2224
2495
2625
2589
2373
1990
1492
933
387
-79
-427
-651
-765
-808
-813
-820
-866
-948
-1056
-1163
-1210
-1170
-1028
-786
-480
-144
172
424
571
603
532
385
200
17
-144
-279
-389
-484
-574
-678
-801
-940
-1072
-1172
-1220
-1195
-1100
-939
-727
-493
-267
-82
36
85
71
12
-67
-147
-209
-235
-225
-176
-102
-24
52
115
171
235
324
462
663
943
1295
1689
2083
2403
2590
2606
2437
2106
1652
1138
629
191
-136
-345
-456
-517
-572
-649
-765
-928
-1112
-1280
-1386
-1391
-1275
-1047
-740
-400
-76
189
361
431
411
326
219
118
41
-11
-52
-103
-193
-334
-532
-765
-1002
-1207
-1331
-1351
-1268
-1092
-861
-607
-373
-199
-101
-78
-109
-168
-233
-274
-282
-252
-190
-109
-23
53
109
143
174
214
282
399
576
825
1140
1495
1850
2145
2327
2367
2253
2002
1651
1252
866
532
282
117
9
-90
-212
-383
-605
-860
-1126
-1351
-1488
-1508
-1393
-1166
-858
-523
-218
21
170
228
213
160
108
88
102
135
162
147
53
-124
-374
-667
-957
-1196
-1336
-1358
-1265
-1089
-872
-660
-496
-395
-362
-385
-432
-472
-475
-429
-338
-214
-84
34
126
183
215
230
248
292
374
504
679
892
1142
1413
1684
1923
2084
2146
2096
1937
1699
1412
1112
833
594
403
245
95
-77
-289
-525
-774
-1014
-1209
-1334
-1365
-1291
-1126
-897
-652
-430
-255
-140
-82
-61
-50
-22
41
134
236
307
307
215
29
-228
-524
-812
-1037
-1169
-1186
-1116
-991
-846
-728
-656
-639
-665
-705
-740
-733
-669
-550
-391
-226
-82
27
96
138
163
191
242
324
446
599
764
940
1124
1321
1528
1734
1913
2032
2071
2012
1862
1635
1353
1049
754
492
269
78
-104
-296
-500
-716
-928
-1115
-1260
-1331
-1325
-1237
-1079
-886
-692
-533
-412
-331
-279
-233
-171
-69
67
209
330
382
342
203
-25
-293
-567
-799
-950
-1008
-982
-909
-822
-758
-728
-737
-774
-814
-829
-795
-707
-569
-401
-235
-93
6
68
110
140
189
273
393
547
710
869
1017
1159
1310
1485
1688
1906
2095
2220
2246
2156
1952
1660
1324
986
682
440
250
93
-66
-252
-472
-721
-974
-1198
-1361
-1435
-1413
-1307
-1140
-962
-806
-688
-612
-556
-496
-412
-278
-99
100
280
387
392
285
80
-182
-457
-693
-853
-927
-927
-887
-845
-834
-863
-921
-986
-1030
-1025
-956
-818
-635
-441
-267
-137
-61
-20
3
37
107
220
370
537
698
833
934
1021
1116
1242
1423
1645
1876
2061
2142
2098
1921
1641
1318
997
723
523
383
281
169
6
-218
-494
-780
-1041
-1236
-1333
-1328
-1236
-1091
-945
-824
-747
-704
-663
-597
-477
-294
-71
167
376
501
513
412
227
-1
-223
-401
-515
-567
-579
-587
-621
-693
-802
-918
-1017
-1067
-1054
-976
-846
-693
-547
-429
-343
-285
-238
-173
-70
72
247
435
610
754
854
915
965
1032
1150
1334
1570
1820
2022
2114
2067
1887
1619
1310
1020
786
613
505
412
283
91
-181
-496
-805
-1060
-1227
-1301
-1286
-1207
-1106
-1016
-963
-940
-926
-882
-774
-599
-376
-130
96
267
355
344
250
108
-48
-181
-279
-351
-406
-465
-544
-647
-769
-890
-987
-1041
-1043
-999
-927
-842
-756
-678
-605
-530
-442
-335
-203
-48
125
301
466
604
712
799
880
972
1087
1247
1456
1700
1938
2117
2189
2131
1961
1714
1450
1202
994
835
708
575
402
166
-125
-438
-725
-949
-1094
-1157
-1167
-1148
-1113
-1087
-1072
-1060
-1029
-946
-806
-618
-401
-195
-21
102
152
141
83
0
-82
-158
-225
-296
-376
-469
-576
-690
-799
-892
-959
-994
-997
-975
-932
-879
-817
-741
-653
-548
-429
-300
-163
-23
118
258
398
533
651
759
863
974
1102
1259
1448
1665
1880
2051
2132
2094
1945
1728
1486
1257
1062
900
763
620
442
207
-84
-401
-693
-925
-1071
-1151
-1185
-1194
-1201
-1201
-1198
-1180
-1127
-1029
-874
-672
-456
-252
-86
28
89
106
90
50
-3
-59
-124
-199
-286
-388
-498
-606
-704
-787
-856
-907
-936
-951
-946
-914
-861
-786
-693
-586
-466
-346
-219
-89
50
206
365
527
678
806
925
1034
1149
1279
1432
1609
1793
1949
2028
2006
1883
1689
1482
1292
1131
991
860
717
538
311
35
-267
-548
-777
-935
-1031
-1100
-1159
-1216
-1269
-1305
-1309
-1269
-1180
-1039
-856
-655
-464
-299
-170
-77
-11
42
87
116
124
113
77
19
-45
-123
-204
-285
-366
-436
-503
-561
-607
-637
-646
-628
-589
-539
-482
-421
-359
-293
-219
-137
-39
73
184
288
382
464
535
599
658
720
792
868
938
987
1003
982
936
888
845
811
796
783
761
722
656
557
438
307
175
57
-53
-157
-255
-351
-448
-544
-627
-700
-756
-787
-803
-793
-772
-747
-712
-673
-624
-563
-490
-399
-304
-205
-108
-23
49
104
135
148
146
130
100
53
-6
-70
-130
-183
-236
-281
-318
-353
-381
-405
-419
-415
-392
-347
-287
-212
-136
-60
19
94
163
228
286
343
395
444
477
492
496
490
478
469
467
467
468
472
474
472
466
458
447
440
441
445
456
467
460
436
400
347
281
204
124
46
-27
-102
-183
-264
-348
-420
-470
-500
-511
-505
-489
-469
-449
-431
-423
-418
-409
-395
-376
-354
-337
-326
-315
-303
-293
-291
-295
-309
-325
-345
-376
-401
-417
-424
-417
-397
-373
-348
-322
-285
-244
-194
-133
-68
2
78
149
213
274
326
374
425
474
519
562
600
630
652
670
679
682
685
689
696
708
716
712
693
658
606
543
477
411
356
305
261
217
168
116
60
9
-42
-91
-137
-187
-239
-295
-356
-421
-487
-545
-591
-623
-645
-661
-665
-661
-650
-630
-613
-600
-590
-580
-570
-558
-539
-516
-485
-448
-403
-358
-315
-270
-225
-182
-136
-89
-47
-5
34
74
115
155
200
248
289
332
372
409
444
471
491
506
515
522
528
529
528
527
523
510
486
459
425
393
366
341
321
311
305
299
296
293
279
261
232
195
147
87
17
-58
-133
-209
-280
-350
-411
-462
-505
-540
-566
-588
-596
-599
-601
-601
-604
-598
-582
-562
-526
-484
-433
-371
-309
-249
-199
-157
-118
-87
-62
-46
-30
-17
-4
17
40
70
108
144
186
229
268
305
337
362
381
394
400
399
396
382
361
338
306
271
238
206
177
155
138
127
128
138
150
169
195
220
246
269
281
289
287
268
241
209
167
124
71
11
-47
-106
-159
-207
-256
-302
-345
-382
-414
-443
-467
-478
-481
-469
-443
-410
-366
-325
-292
-264
-238
-220
-209
-204
-204
-204
-201
-197
-185
-160
-134
-97
-55
-10
36
75
106
133
149
155
156
154
153
148
137
127
111
92
74
56
43
35
28
34
46
63
94
125
158
200
238
280
321
356
388
409
423
427
423
409
380
345
307
260
209
162
111
62
14
-35
-83
-129
-168
-200
-221
-235
-247
-248
-244
-237
-226
-220
-218
-218
-222
-235
-255
-279
-305
-330
-350
-362
-365
-354
-331
-294
-246
-196
-151
-114
-91
-84
-92
-119
-156
-182
-202
-209
-207
-201
-185
-156
-115
-75
-35
3
43
92
143
193
245
294
347
408
468
526
577
623
663
695
712
707
687
655
615
569
512
447
371
289
207
126
53
-13
-73
-125
-171
-210
-246
-276
-307
-333
-356
-378
-393
-407
-417
-424
-429
-429
-426
-419
-418
-416
-405
-388
-362
-334
-303
-266
-231
-203
-182
-168
-159
-152
-157
-170
-181
-190
-193
-191
-187
-179
-166
-150
-137
-126
-117
-104
-87
-60
-22
29
94
166
255
361
480
601
724
829
912
972
1009
1028
1029
1018
992
944
874
779
663
532
395
259
125
-4
-132
-262
-385
-495
-585
-651
-697
-721
-729
-726
-708
-672
-624
-569
-503
-433
-374
-329
-299
-280
-257
-234
-213
-193
-180
-178
-179
-183
-194
-207
-221
-234
-250
-271
-292
-310
-316
-311
-300
-279
-256
-234
-213
-190
-167
-139
-102
-54
6
70
146
240
346
476
619
764
907
1035
1137
1208
1244
1253
1252
1242
1213
1152
1056
931
783
621
450
276
103
-68
-236
-405
-565
-711
-831
-918
-973
-1004
-1021
-1023
-1000
-951
-876
-778
-666
-546
-436
-338
-255
-189
-126
-68
-16
23
39
39
29
10
-10
-36
-66
-107
-156
-205
-255
-305
-346
-372
-380
-380
-380
-383
-382
-367
-340
-297
-237
-167
-82
19
130
253
388
533
685
836
977
1096
1188
1252
1287
1298
1297
1278
1242
1179
1083
961
812
646
474
292
106
-87
-279
-467
-644
-797
-918
-1002
-1059
-1090
-1103
-1097
-1067
-1010
-922
-815
-697
-573
-453
-346
-252
-172
-101
-34
26
71
102
114
117
115
104
87
57
13
-45
-110
-183
-250
-302
-349
-381
-410
-434
-452
-459
-443
-403
-346
-273
-188
-88
25
155
304
472
646
818
983
1128
1254
1349
1410
1452
1473
1469
1440
1378
1282
1146
982
798
598
383
161
-65
-293
-515
-723
-903
-1048
-1155
-1229
-1273
-1292
-1284
-1250
-1187
-1099
-990
-862
-726
-593
-472
-366
-269
-176
-93
-27
15
33
38
45
46
44
37
11
-28
-78
-133
-188
-239
-281
-316
-342
-357
-367
-370
-358
-330
-288
-233
-168
-90
2
117
257
413
582
758
939
1119
1282
1412
1504
1567
1615
1656
1670
1638
1556
1428
1262
1077
870
637
384
121
-150
-422
-682
-918
-1119
-1272
-1383
-1467
-1518
-1534
-1509
-1435
-1320
-1187
-1044
-894
-737
-581
-435
-302
-182
-77
5
59
84
86
83
76
60
31
-16
-69
-124
-177
-229
-284
-340
-390
-425
-436
-432
-415
-381
-332
-272
-200
-123
-30
82
209
346
495
653
829
1019
1206
1369
1488
1559
1607
1643
1666
1660
1605
1502
1357
1190
1001
791
561
311
52
-214
-482
-739
-970
-1161
-1310
-1422
-1502
-1551
-1557
-1514
-1421
-1296
-1156
-1003
-841
-672
-503
-342
-198
-67
42
117
166
184
182
170
143
98
31
-43
-117
-185
-246
-317
-394
-466
-525
-556
-566
-557
-529
-482
-408
-321
-223
-114
10
152
298
451
616
795
992
1196
1380
1518
1605
1665
1715
1753
1755
1698
1583
1433
1271
1098
905
681
429
159
-113
-378
-637
-878
-1092
-1272
-1416
-1527
-1599
-1621
-1589
-1502
-1386
-1250
-1098
-929
-745
-560
-387
-230
-87
42
144
215
256
275
275
249
198
123
33
-56
-138
-217
-300
-391
-477
-548
-598
-627
-639
-631
-594
-526
-436
-330
-207
-58
109
283
457
633
824
1036
1249
1431
1560
1637
1693
1751
1794
1786
1699
1548
1370
1195
1025
829
593
327
58
-193
-425
-651
-868
-1062
-1229
-1363
-1463
-1526
-1539
-1501
-1424
-1321
-1197
-1053
-886
-706
-532
-382
-256
-139
-31
60
126
155
164
158
133
78
-2
-96
-191
-278
-353
-428
-497
-545
-568
-569
-558
-544
-517
-461
-379
-280
-165
-38
107
267
434
601
769
947
1138
1316
1444
1506
1525
1546
1580
1593
1546
1422
1243
1068
916
776
614
413
191
-13
-185
-328
-458
-582
-688
-769
-832
-876
-896
-887
-852
-801
-749
-695
-625
-539
-457
-397
-376
-380
-383
-379
-386
-418
-474
-532
-574
-597
-620
-647
-682
-703
-702
-687
-658
-620
-570
-499
-415
-339
-273
-205
-123
-24
68
149
230
324
440
563
678
793
930
1101
1268
1380
1418
1413
1420
1458
1488
1451
1329
1162
1006
888
781
636
437
216
19
-139
-276
-416
-555
-672
-757
-809
-835
-837
-810
-760
-698
-637
-575
-499
-397
-297
-234
-220
-233
-241
-237
-247
-296
-394
-507
-600
-665
-717
-777
-844
-899
-921
-913
-893
-870
-829
-765
-681
-592
-501
-393
-266
-121
22
154
277
410
568
728
875
1005
1144
1320
1506
1649
1705
1688
1668
1680
1695
1653
1508
1290
1079
918
788
634
418
164
-64
-235
-364
-491
-633
-772
-870
-917
-923
-905
-869
-816
-745
-671
-594
-508
-417
-332
-280
-278
-298
-311
-310
-322
-382
-481
-597
-692
-752
-799
-856
-922
-978
-995
-969
-924
-872
-818
-749
-661
-561
-454
-342
-218
-83
49
173
288
418
563
709
840
955
1078
1233
1404
1534
1588
1579
1570
1601
1635
1613
1489
1291
1093
956
856
724
524
279
62
-90
-200
-311
-450
-593
-704
-758
-766
-753
-733
-707
-666
-606
-527
-441
-364
-304
-285
-307
-341
-363
-379
-414
-489
-602
-721
-803
-848
-886
-940
-1004
-1047
-1040
-995
-936
-875
-808
-722
-617
-500
-386
-272
-151
-23
101
210
318
439
572
703
816
925
1043
1191
1345
1447
1470
1449
1445
1482
1517
1487
1364
1189
1034
935
863
752
568
360
187
73
-9
-107
-232
-367
-469
-518
-526
-525
-534
-544
-542
-514
-470
-414
-371
-364
-397
-455
-505
-531
-558
-619
-717
-829
-917
-960
-978
-1001
-1040
-1071
-1061
-1007
-933
-867
-806
-737
-646
-531
-416
-314
-213
-108
2
105
202
303
415
528
631
727
836
978
1141
1278
1342
1340
1330
1363
1424
1444
1374
1225
1067
965
916
857
725
532
347
222
144
68
-45
-185
-309
-382
-408
-414
-430
-455
-475
-484
-476
-452
-422
-411
-440
-508
-577
-624
-659
-704
-788
-900
-1004
-1056
-1059
-1055
-1068
-1086
-1070
-1002
-905
-812
-743
-680
-591
-473
-347
-236
-150
-66
37
146
252
350
437
537
637
738
846
972
1124
1270
1366
1394
1390
1412
1464
1503
1456
1314
1142
1014
953
905
792
602
401
258
182
119
11
-144
-291
-378
-403
-406
-427
-473
-517
-537
-530
-516
-515
-527
-563
-624
-688
-746
-796
-850
-925
-1014
-1103
-1165
-1184
-1181
-1179
-1173
-1146
-1077
-973
-866
-775
-692
-604
-489
-358
-240
-147
-66
17
118
227
331
427
521
608
701
814
948
1102
1252
1356
1397
1414
1454
1523
1572
1544
1425
1271
1156
1102
1056
942
750
536
381
301
236
125
-45
-216
-330
-370
-371
-393
-457
-531
-578
-581
-562
-554
-578
-632
-695
-748
-783
-822
-885
-963
-1043
-1103
-1132
-1140
-1143
-1147
-1139
-1095
-1013
-915
-821
-739
-660
-567
-455
-339
-234
-149
-72
5
88
172
258
354
444
530
617
717
849
1008
1160
1262
1301
1320
1374
1462
1522
1498
1393
1259
1172
1143
1111
1010
818
611
468
388
315
192
18
-154
-270
-315
-338
-381
-457
-537
-584
-596
-596
-602
-632
-683
-736
-782
-817
-854
-910
-984
-1055
-1108
-1125
-1115
-1101
-1095
-1081
-1031
-940
-825
-724
-644
-569
-477
-358
-237
-137
-65
-6
62
136
211
286
358
426
505
589
702
839
988
1122
1198
1226
1257
1323
1400
1431
1375
1257
1150
1100
1079
1029
896
707
549
455
396
311
160
-14
-153
-226
-254
-296
-369
-458
-528
-560
-573
-585
-622
-674
-724
-772
-808
-842
-891
-961
-1038
-1103
-1135
-1130
-1114
-1109
-1105
-1074
-997
-893
-785
-699
-627
-546
-439
-315
-207
-120
-53
17
93
176
258
334
408
485
569
678
813
969
1115
1213
1261
1298
1363
1444
1479
1435
1323
1206
1144
1120
1068
937
753
588
484
423
341
206
44
-90
-161
-193
-235
-309
-394
-464
-508
-535
-565
-612
-674
-737
-790
-833
-871
-925
-1001
-1083
-1155
-1193
-1201
-1193
-1191
-1190
-1159
-1085
-981
-877
-792
-717
-632
-522
-395
-278
-185
-109
-27
70
168
259
342
421
504
593
708
842
990
1131
1236
1302
1358
1433
1508
1541
1502
1402
1299
1237
1202
1134
994
805
633
519
440
346
204
46
-80
-150
-186
-228
-300
-384
-445
-477
-502
-535
-592
-664
-729
-786
-834
-880
-945
-1028
-1116
-1184
-1222
-1237
-1243
-1250
-1245
-1203
-1125
-1024
-925
-844
-763
-665
-546
-422
-312
-213
-115
-13
94
195
287
377
472
562
653
765
896
1037
1171
1263
1315
1367
1440
1513
1535
1486
1384
1284
1228
1192
1119
972
787
624
508
421
308
155
0
-122
-186
-223
-273
-345
-420
-466
-487
-504
-540
-599
-666
-724
-771
-818
-875
-952
-1039
-1122
-1187
-1230
-1256
-1273
-1283
-1276
-1230
-1145
-1047
-954
-865
-770
-657
-529
-403
-294
-193
-85
34
152
261
358
453
551
651
749
858
984
1119
1241
1321
1369
1418
1483
1542
1541
1468
1353
1256
1208
1166
1072
910
722
576
474
377
249
80
-79
-175
-224
-264
-329
-414
-479
-508
-512
-531
-574
-634
-691
-728
-762
-810
-879
-963
-1051
-1126
-1178
-1212
-1235
-1253
-1255
-1223
-1160
-1074
-983
-904
-822
-725
-606
-480
-368
-271
-171
-58
61
175
274
366
465
568
677
790
911
1050
1186
1291
1359
1411
1472
1535
1566
1526
1431
1326
1251
1199
1120
987
815
655
525
410
280
123
-32
-148
-223
-280
-349
-426
-492
-532
-552
-578
-625
-679
-725
-762
-797
-840
-902
-975
-1049
-1113
-1164
-1207
-1241
-1258
-1251
-1215
-1153
-1074
-991
-908
-816
-710
-599
-492
-395
-300
-200
-95
11
114
212
310
413
519
622
735
871
1023
1166
1278
1359
1434
1519
1596
1626
1591
1519
1447
1398
1340
1235
1077
910
769
654
532
372
187
27
-77
-149
-223
-319
-419
-490
-528
-548
-586
-652
-722
-781
-816
-848
-905
-982
-1069
-1142
-1194
-1240
-1282
-1317
-1338
-1330
-1286
-1218
-1141
-1057
-969
-866
-749
-625
-502
-386
-273
-155
-38
69
166
265
368
473
573
672
787
922
1068
1201
1294
1366
1445
1540
1614
1627
1587
1520
1472
1437
1376
1252
1078
906
768
652
516
339
156
1
-99
-172
-257
-356
-451
-513
-543
-565
-604
-664
-722
-766
-800
-842
-906
-987
-1076
-1156
-1225
-1279
-1327
-1371
-1399
-1394
-1353
-1287
-1214
-1141
-1056
-945
-813
-674
-541
-418
-287
-142
6
142
264
375
485
592
695
799
910
1032
1150
1243
1314
1392
1483
1561
1597
1582
1540
1509
1498
1467
1376
1227
1068
938
823
687
509
309
139
18
-73
-175
-297
-417
-502
-546
-580
-633
-701
-763
-806
-834
-863
-903
-969
-1050
-1122
-1182
-1233
-1278
-1323
-1362
-1376
-1355
-1295
-1220
-1154
-1085
-1002
-889
-755
-615
-490
-379
-259
-118
34
184
313
428
530
636
757
881
997
1092
1164
1227
1297
1385
1460
1491
1479
1451
1443
1456
1450
1396
1288
1167
1065
974
863
705
517
341
210
108
1
-130
-272
-388
-467
-533
-606
-696
-786
-861
-917
-956
-1007
-1073
-1148
-1218
-1272
-1316
-1357
-1395
-1423
-1425
-1389
-1325
-1253
-1180
-1101
-1005
-891
-765
-641
-522
-406
-280
-142
1
138
264
383
500
618
736
858
978
1083
1171
1244
1322
1398
1459
1488
1480
1458
1447
1444
1425
1365
1275
1182
1093
1003
887
738
575
425
310
202
83
-49
-182
-290
-374
-453
-549
-663
-767
-851
-914
-972
-1037
-1116
-1200
-1273
-1326
-1368
-1408
-1442
-1468
-1464
-1420
-1344
-1260
-1179
-1088
-985
-860
-724
-592
-471
-360
-235
-93
53
193
313
418
522
642
772
894
1003
1085
1155
1233
1322
1400
1442
1450
1440
1440
1454
1455
1415
1332
1235
1156
1079
979
840
671
509
373
265
149
13
-131
-255
-343
-417
-502
-606
-716
-808
-870
-919
-978
-1054
-1142
-1220
-1271
-1305
-1343
-1392
-1441
-1460
-1440
-1390
-1329
-1271
-1208
-1120
-999
-857
-719
-590
-470
-336
-185
-32
114
247
370
495
626
761
887
998
1093
1177
1261
1341
1410
1452
1464
1457
1450
1451
1446
1412
1348
1263
1181
1108
1024
915
771
616
477
356
239
113
-27
-169
-289
-383
-472
-571
-681
-788
-879
-946
-1000
-1062
-1135
-1208
-1262
-1292
-1308
-1321
-1341
-1358
-1347
-1307
-1251
-1197
-1147
-1088
-1006
-902
-786
-678
-578
-462
-332
-190
-45
88
209
333
467
611
750
876
992
1098
1204
1308
1396
1462
1497
1504
1511
1514
1506
1477
1417
1335
1248
1164
1071
961
830
686
552
428
310
186
52
-80
-199
-309
-413
-519
-628
-737
-833
-921
-1008
-1090
-1171
-1251
-1319
-1370
-1403
-1426
-1434
-1426
-1405
-1359
-1299
-1233
-1157
-1075
-982
-880
-774
-664
-554
-442
-328
-205
-82
34
149
266
382
502
626
746
860
969
1071
1171
1266
1348
1409
1448
1478
1500
1512
1510
1480
1426
1351
1265
1172
1059
930
793
652
515
380
248
115
-17
-143
-260
-373
-484
-594
-695
-789
-876
-954
-1034
-1113
-1183
-1243
-1293
-1335
-1366
-1386
-1388
-1366
-1331
-1278
-1218
-1155
-1079
-986
-883
-776
-669
-566
-456
-340
-222
-107
1
104
209
322
442
558
666
771
875
982
1083
1174
1251
1316
1375
1426
1463
1485
1490
1477
1447
1398
1326
1234
1125
1005
875
738
593
448
301
157
15
-123
-258
-384
-504
-617
-721
-820
-911
-990
-1069
-1139
-1201
-1260
-1308
-1341
-1363
-1373
-1368
-1354
-1323
-1274
-1216
-1147
-1075
-999
-913
-812
-706
-601
-499
-395
-285
-169
-53
60
173
291
409
534
657
769
874
977
1074
1166
1249
1316
1368
1417
1453
1473
1480
1464
1431
1382
1320
1242
1148
1041
923
807
688
566
441
312
181
51
-74
-201
-333
-457
-577
-696
-809
-918
-1028
-1125
-1215
-1293
-1360
-1416
-1452
-1474
-1476
-1464
-1443
-1406
-1352
-1285
-1207
-1124
-1031
-925
-813
-694
-570
-447
-316
-183
-51
80
206
336
469
604
736
858
973
1083
1183
1274
1354
1418
1466
1499
1517
1521
1509
1477
1431
1370
1288
1196
1094
985
868
743
616
493
367
238
108
-22
-150
-278
-404
-527
-656
-779
-895
-1009
-1120
-1223
-1319
-1401
-1474
-1529
-1568
-1589
-1591
-1573
-1539
-1490
-1424
-1349
-1263
-1162
-1049
-929
-801
-662
-523
-382
-237
-87
69
222
371
520
662
798
930
1049
1160
1261
1350
1429
1490
1539
1575
1598
1605
1598
1570
1531
1479
1413
1332
1236
1132
1019
904
779
646
507
362
215
65
-83
-233
-386
-534
-680
-821
-960
-1093
-1215
-1326
-1425
-1512
-1582
-1639
-1680
-1701
-1700
-1686
-1653
-1604
-1541
-1460
-1361
-1250
-1128
-998
-853
-698
-536
-371
-202
-34
134
304
470
631
784
928
1061
1188
1302
1404
1488
1552
1603
1637
1658
1661
1647
1619
1571
1514
1447
1372
1289
1192
1082
967
843
711
572
423
271
113
-45
-202
-366
-529
-690
-849
-996
-1141
-1275
-1397
-1506
-1600
-1675
-1733
-1770
-1783
-1777
-1755
-1716
-1658
-1587
-1502
-1401
-1288
-1162
-1026
-879
-725
-567
-402
-233
-60
115
287
458
623
782
936
1082
1211
1329
1435
1523
1599
1656
1696
1717
1721
1711
1685
1640
1580
1505
1415
1316
1208
1087
958
821
677
528
374
216
52
-115
-281
-445
-607
-760
-910
-1051
-1183
-1305
-1411
-1501
-1577
-1636
-1680
-1702
-1703
-1685
-1654
-1606
-1539
-1458
-1364
-1254
-1131
-998
-853
-700
-542
-382
-225
-66
95
250
400
540
676
806
929
1049
1158
1254
1338
1411
1470
1516
1548
1568
1574
1567
1546
1513
1468
1406
1329
1239
1133
1015
884
738
585
423
257
86
-86
-259
-432
-598
-758
-910
-1053
-1187
-1309
-1417
-1506
-1580
-1633
-1665
-1681
-1676
-1654
-1613
-1555
-1482
-1398
-1304
-1194
-1072
-940
-794
-642
-489
-329
-166
-1
160
309
447
578
703
822
930
1026
1115
1194
1268
1328
1376
1413
1437
1452
1455
1445
1430
1402
1365
1318
1256
1183
1093
990
872
738
597
445
284
121
-49
-220
-390
-557
-718
-877
-1027
-1167
-1287
-1387
-1472
-1539
-1586
-1615
-1623
-1615
-1589
-1548
-1492
-1416
-1326
-1221
-1100
-969
-830
-680
-528
-371
-208
-45
115
269
414
555
687
809
920
1018
1107
1180
1236
1278
1306
1324
1330
1332
1323
1304
1282
1252
1216
1166
1105
1033
952
862
759
646
523
394
257
115
-30
-181
-337
-492
-646
-798
-942
-1071
-1188
-1294
-1380
-1447
-1493
-1522
-1535
-1530
-1506
-1466
-1406
-1334
-1245
-1145
-1033
-905
-770
-628
-480
-332
-181
-31
114
257
394
526
653
771
880
980
1067
1141
1203
1248
1283
1306
1319
1320
1308
1289
1259
1220
1166
1098
1017
927
828
720
604
478
349
217
83
-53
-194
-334
-470
-603
-734
-860
-973
-1075
-1164
-1235
-1294
-1337
-1364
-1377
-1373
-1358
-1326
-1271
-1199
-1115
-1021
-914
-796
-670
-536
-399
-261
-125
9
141
268
390
504
611
716
810
893
965
1024
1073
1106
1130
1150
1156
1158
1155
1143
1127
1098
1056
1003
934
855
766
665
555
433
309
182
52
-81
-216
-352
-481
-608
-728
-840
-944
-1033
-1104
-1162
-1204
-1232
-1245
-1242
-1230
-1209
-1174
-1124
-1062
-986
-898
-802
-695
-579
-460
-338
-213
-91
29
148
260
368
473
572
666
754
828
889
941
982
1007
1024
1031
1030
1027
1016
1000
975
939
896
842
778
701
616
525
426
324
219
107
-6
-117
-231
-347
-461
-573
-675
-769
-854
-926
-987
-1034
-1062
-1079
-1085
-1079
-1064
-1035
-995
-942
-879
-805
-716
-619
-518
-411
-300
-188
-74
39
145
246
342
430
517
598
669
732
786
831
867
891
903
905
903
895
881
865
841
809
769
722
664
595
518
432
345
252
155
56
-43
-143
-242
-341
-438
-531
-622
-701
-771
-832
-879
-914
-933
-939
-932
-914
-887
-846
-798
-741
-679
-609
-529
-443
-354
-260
-167
-77
13
101
183
257
324
389
450
505
553
594
630
661
686
707
716
719
717
712
708
696
680
658
630
593
545
486
418
342
258
169
79
-13
-106
-199
-293
-384
-474
-561
-639
-709
-772
-820
-858
-882
-891
-890
-878
-856
-819
-772
-718
-655
-584
-500
-408
-311
-206
-99
7
115
214
306
392
469
537
599
652
697
731
760
776
780
776
763
741
717
688
657
624
590
556
520
477
430
377
313
245
170
88
5
-77
-158
-237
-315
-395
-471
-546
-620
-691
-754
-809
-857
-890
-911
-920
-913
-895
-866
-827
-780
-726
-661
-587
-507
-417
-316
-210
-97
17
131
240
343
439
525
602
669
724
772
811
842
861
870
864
847
822
787
747
702
651
598
544
486
426
362
292
219
142
60
-25
-110
-195
-279
-356
-435
-510
-577
-640
-700
-756
-805
-844
-872
-888
-892
-881
-863
-834
-793
-748
-694
-633
-567
-494
-413
-327
-233
-136
-37
64
164
266
362
452
535
610
676
737
788
831
865
888
900
900
889
865
830
787
735
676
611
545
474
399
321
236
152
68
-23
-112
-200
-286
-365
-441
-509
-573
-630
-686
-737
-779
-818
-847
-868
-876
-872
-858
-834
-802
-761
-711
-651
-586
-514
-434
-350
-261
-163
-63
39
141
245
341
433
522
602
673
734
787
832
869
897
911
913
902
881
852
808
761
704
639
579
511
439
361
277
195
106
16
-72
-162
-248
-332
-411
-488
-560
-630
-694
-753
-805
-846
-881
-907
-918
-922
-910
-889
-857
-813
-763
-698
-628
-552
-467
-381
-291
-196
-98
0
94
190
280
368
450
522
587
646
698
742
781
809
827
839
840
830
815
790
759
718
670
616
555
493
428
356
281
206
127
48
-36
-120
-201
-283
-361
-433
-504
-569
-628
-682
-728
-767
-798
-818
-830
-834
-823
-801
-770
-727
-678
-622
-559
-489
-410
-331
-248
-162
-76
12
99
184
262
338
411
476
538
593
639
677
705
725
737
740
732
716
690
659
622
582
535
487
436
381
327
267
209
153
90
30
-27
-85
-140
-193
-244
-295
-342
-389
-439
-486
-531
-572
-604
-629
-650
-658
-661
-657
-645
-627
-604
-573
-531
-482
-429
-368
-305
-238
-167
-94
-22
51
125
193
259
322
378
431
477
514
544
568
584
595
594
587
573
551
525
493
456
415
371
326
278
230
178
129
80
33
-13
-55
-96
-138
-178
-212
-245
-276
-303
-329
-354
-371
-388
-403
-413
-418
-419
-416
-410
-399
-387
-367
-343
-316
-285
-254
-218
-180
-138
-97
-55
-12
34
77
116
158
199
235
269
300
326
347
364
375
385
389
385
382
373
359
345
324
303
277
246
214
181
150
113
78
47
15
-14
-44
-69
-93
-121
-146
-164
-185
-203
-218
-229
-241
-249
-251
-254
-254
-251
-247
-242
-234
-225
-218
-204
-188
-172
-151
-132
-114
-92
-71
-51
-29
-9
11
33
53
71
87
102
116
127
139
148
157
162
168
171
173
176
177
171
167
159
147
135
122
110
96
78
63
47
28
9
-8
-25
-39
-54
-68
-78
-83
-89
-89
-89
-88
-85
-79
-78
-71
-63
-57
-47
-40
-34
-29
-26
-20
-19
-20
-19
-22
-24
-26
-29
-34
-38
-37
-39
-39
-37
-36
-34
-31
-25
-20
-16
-9
-2
4
9
15
21
24
24
26
23
21
21
19
16
13
13
12
8
8
10
8
8
14
15
17
24
28
34
45
51
61
63
65
72
78
83
91
98
100
101
98
93
88
78
68
58
46
33
17
1
-15
-34
-55
-72
-88
-104
-119
-132
-141
-145
-149
-149
-145
-143
-139
-132
-125
-118
-112
-105
-94
-86
-79
-75
-68
-63
-60
-52
-46
-41
-31
-24
-15
-4
8
20
38
54
70
86
99
112
125
133
140
147
151
152
154
154
153
148
146
142
135
129
122
113
105
93
80
68
52
32
12
-10
-33
-53
-77
-98
-118
-138
-156
-171
-185
-196
-205
-212
-217
-218
-217
-216
-205
-193
-183
-171
-157
-138
-124
-107
-87
-67
-48
-27
-4
17
42
66
85
104
121
138
154
169
183
197
208
218
229
232
233
232
228
220
211
200
191
179
167
152
137
121
100
78
54
26
0
-25
-47
-72
-97
-121
-145
-168
-190
-212
-227
-243
-255
-263
-266
-268
-268
-261
-254
-246
-234
-221
-204
-184
-162
-139
-114
-87
-62
-34
-6
19
45
72
98
122
147
170
190
210
226
240
250
257
264
269
269
268
266
258
250
236
218
202
178
155
135
114
91
68
46
24
-2
-25
-48
-72
-95
-116
-135
-152
-171
-188
-204
-219
-231
-241
-249
-254
-257
-258
-254
-249
-240
-228
-215
-202
-182
-160
-137
-114
-90
-62
-37
-10
19
44
66
89
112
132
151
168
185
197
211
225
235
242
248
254
256
256
256
253
244
234
221
205
186
163
141
116
89
64
34
5
-21
-49
-75
-104
-129
-151
-175
-194
-210
-223
-235
-239
-240
-242
-241
-239
-234
-226
-217
-205
-192
-177
-158
-139
-120
-101
-81
-62
-40
-20
-1
20
39
58
79
99
116
132
146
160
172
179
182
189
190
189
188
188
182
175
166
154
142
129
112
99
83
66
50
30
15
-3
-22
-37
-54
-69
-84
-97
-111
-128
-138
-151
-161
-167
-173
-176
-178
-176
-172
-164
-157
-147
-132
-119
-106
-93
-76
-58
-40
-21
-4
11
24
37
53
67
78
90
99
108
117
124
132
139
140
145
149
147
146
143
139
137
129
121
107
95
82
65
50
33
18
3
-13
-28
-43
-58
-72
-84
-97
-109
-118
-123
-130
-136
-138
-142
-145
-141
-139
-139
-134
-130
-121
-113
-102
-91
-79
-65
-50
-37
-24
-10
2
16
26
38
51
61
71
80
85
88
97
104
106
109
110
111
110
110
105
99
94
89
84
78
70
61
51
43
33
20
10
-3
-15
-27
-41
-52
-63
-75
-81
-92
-100
-105
-110
-112
-114
-111
-108
-104
-98
-94
-86
-78
-69
-60
-54
-41
-32
-21
-9
1
12
22
31
41
48
55
58
64
68
70
74
76
74
74
71
66
63
59
54
53
52
47
45
43
40
38
33
29
26
21
19
15
11
2
-3
-9
-18
-24
-34
-40
-44
-50
-52
-54
-54
-55
-55
-53
-52
-50
-44
-41
-34
-28
-23
-18
-12
-8
-4
-2
0
4
8
14
19
22
28
29
30
30
32
32
29
29
28
23
21
16
10
4
-4
-15
-23
-30
-40
-45
-50
-56
-59
-61
-58
-55
-50
-46
-40
-32
-25
-20
-13
-7
0
6
8
15
15
13
15
19
19
20
22
22
21
24
27
26
29
30
35
38
37
40
41
39
41
43
41
40
38
33
30
24
16
10
7
-1
-8
-12
-16
-20
-23
-28
-30
-34
-40
-46
-52
-60
-63
-73
-89
-94
-89
-88
-85
-78
-67
-54
-44
-34
-17
0
13
31
49
62
73
87
92
96
106
107
107
104
97
95
88
77
72
68
62
52
46
38
30
28
23
18
13
10
6
3
-5
-12
-16
-26
-36
-44
-54
-65
-76
-84
-93
-103
-111
-116
-117
-117
-119
-114
-111
-106
-98
-90
-76
-67
-60
-47
-34
-21
-10
0
11
22
30
42
56
61
68
79
90
95
104
110
112
118
120
119
123
122
114
114
115
110
103
85
74
65
47
34
18
3
-12
-27
-35
-49
-61
-64
-72
-78
-82
-89
-97
-108
-111
-106
-104
-105
-101
-94
-87
-81
-71
-59
-54
-49
-34
-20
-11
-4
6
21
31
37
45
53
60
67
77
84
89
96
103
108
118
124
126
129
128
129
135
131
123
120
115
109
98
84
72
54
35
17
0
-18
-43
-58
-75
-95
-107
-120
-133
-146
-156
-162
-168
-180
-191
-190
-183
-174
-168
-159
-141
-123
-107
-89
-69
-49
-35
-19
-1
17
33
45
62
78
87
97
106
110
115
122
127
129
124
121
125
119
113
110
109
103
89
83
79
72
64
51
42
35
21
10
-6
-21
-35
-53
-71
-87
-103
-121
-128
-130
-131
-133
-133
-123
-113
-111
-105
-89
-83
-81
-75
-65
-53
-47
-43
-34
-29
-23
-14
-4
6
13
23
37
49
58
71
89
96
106
119
127
134
141
152
157
151
151
155
149
137
128
119
101
76
55
35
17
1
-20
-37
-53
-75
-86
-92
-98
-106
-115
-118
-120
-124
-123
-123
-122
-123
-115
-107
-102
-94
-84
-74
-68
-61
-52
-44
-38
-25
-19
-11
0
5
16
27
34
43
52
60
68
78
89
97
97
100
104
105
106
106
107
100
93
95
86
75
63
52
40
27
6
-13
-23
-40
-59
-71
-78
-84
-98
-111
-115
-116
-119
-125
-132
-131
-123
-120
-115
-112
-103
-92
-90
-84
-76
-67
-58
-49
-38
-29
-21
-12
2
17
28
39
53
64
78
89
99
110
112
118
122
116
116
116
115
110
100
96
90
80
75
67
61
53
38
26
17
11
7
-15
-32
-36
-39
-45
-58
-57
-51
-67
-78
-74
-75
-82
-91
-94
-95
-102
-109
-104
-102
-107
-101
-89
-78
-70
-58
-38
-22
-17
-4
12
20
29
39
51
57
56
62
69
71
72
73
82
80
76
76
74
72
60
50
53
50
41
29
19
16
10
5
0
-10
-17
-18
-17
-24
-32
-37
-42
-46
-42
-46
-59
-61
-58
-60
-63
-65
-62
-63
-66
-62
-59
-58
-61
-52
-40
-37
-33
-18
-1
4
4
14
36
37
26
35
41
38
37
39
38
27
28
40
37
26
30
38
42
42
35
46
52
46
47
46
42
41
39
34
28
16
8
4
-5
-13
-17
-23
-34
-35
-39
-48
-41
-35
-40
-47
-46
-24
-9
-16
-10
1
2
6
10
19
24
10
8
26
27
7
2
18
17
-3
-12
1
10
-9
-15
4
2
-20
-18
8
10
-7
-7
11
15
2
6
27
27
10
6
17
23
12
3
8
4
-10
-12
0
2
-8
-18
-17
-6
-11
-24
-17
1
-2
-17
-17
-12
0
-8
-26
-11
1
-20
-24
-5
1
-6
-11
-2
4
-9
-13
3
17
-5
-19
-7
8
9
-7
0
15
9
4
13
26
16
0
7
17
6
-7
0
6
-3
-18
-18
-10
-12
-22
-28
-23
-18
-23
-17
-4
0
-2
-1
6
14
21
28
32
38
30
22
31
40
31
17
9
7
11
-1
-8
0
-11
-24
-18
-4
-8
-10
-2
6
10
-2
1
15
12
12
20
21
15
12
24
36
29
8
4
9
-1
-8
-6
-3
-12
-28
-25
-19
-21
-26
-24
-21
-29
-31
-20
-8
-3
-7
-8
8
13
5
8
22
26
15
13
22
25
14
8
21
19
2
-3
-1
9
3
-12
-8
-3
-9
-12
-2
6
2
-8
2
16
13
1
0
12
7
-1
1
8
8
-8
-17
-7
2
-13
-19
-10
-9
-15
-12
0
-1
-9
-16
-10
-1
-9
-15
-2
7
-1
-8
-4
7
7
4
11
19
13
3
16
28
19
2
2
21
19
4
3
11
7
-1
0
2
2
-4
-6
4
7
2
-1
6
8
7
4
5
17
15
9
9
11
9
0
-4
-6
-11
-9
-10
-8
-10
-16
-10
0
-4
-10
-9
-3
2
-3
-7
-5
-5
-5
2
2
-3
-6
4
10
8
2
-3
2
8
3
-2
-3
-5
-8
-6
-1
0
-9
-10
-1
-3
-4
-3
2
3
-8
-13
-6
-5
-12
-16
-22
-28
-24
-20
-26
-32
-36
-38
-38
-40
-37
-35
-28
-21
-10
-12
-23
-10
13
22
9
1
6
14
18
23
22
11
-1
1
14
13
-5
-5
13
13
4
0
11
21
14
13
15
10
7
14
22
22
9
4
13
15
7
7
14
12
5
-2
-2
-1
-4
-6
-2
-9
-21
-15
-8
-6
-9
-20
-19
-16
-12
-10
-16
-16
-11
-10
-6
0
0
-8
-6
5
14
10
3
5
14
23
23
22
19
12
15
26
25
14
9
16
21
18
15
15
20
21
17
14
8
1
1
3
0
-4
-8
-9
-6
-9
-10
-10
-12
-16
-26
-31
-22
-17
-16
-26
-38
-38
-31
-21
-20
-23
-29
-30
-20
-11
-10
-15
-21
-14
-8
-13
-19
-20
-20
-9
0
1
-1
-9
-2
20
27
22
19
18
26
37
42
39
32
36
36
35
36
29
31
25
14
12
12
6
4
9
6
-2
-8
-8
2
5
3
0
-3
-3
-1
11
9
7
7
-3
-3
3
2
5
1
-4
-1
0
-2
4
6
4
5
3
-1
1
5
12
16
14
6
6
17
20
27
30
18
12
17
28
37
33
25
22
21
20
28
31
22
14
4
4
9
6
0
-3
-4
-12
-15
-9
-12
-19
-28
-31
-28
-32
-38
-37
-32
-33
-43
-46
-38
-35
-37
-31
-27
-27
-29
-26
-10
2
-6
-12
-7
-5
-5
-4
1
-1
-8
-9
-3
7
2
-1
6
9
10
3
1
7
8
10
9
7
3
8
18
13
-1
-2
9
16
12
2
-5
3
8
11
9
0
0
5
3
-2
-2
-2
-9
-12
-16
-19
-16
-18
-20
-18
-22
-34
-32
-18
-11
-9
-7
-6
-2
-1
7
21
20
11
13
18
19
16
12
16
15
7
9
14
14
12
15
22
20
13
11
14
20
19
10
-1
-12
-17
-6
-1
-13
-32
-40
-35
-25
-27
-31
-32
-32
-27
-25
-27
-29
-26
-22
-23
-27
-32
-27
-23
-18
-22
-28
-27
-29
-30
-24
-17
-15
-14
-11
-8
-4
1
14
20
16
10
9
17
24
30
29
19
12
8
12
30
32
19
18
17
25
31
23
16
14
19
19
7
0
-3
0
-4
-12
-18
-23
-23
-20
-18
-22
-30
-33
-26
-20
-24
-25
-21
-24
-27
-24
-20
-18
-14
-17
-21
-12
-16
-14
-1
5
5
2
4
12
21
19
18
24
23
21
29
36
38
41
38
41
43
36
40
44
41
35
31
32
28
21
21
23
17
3
-5
-2
-1
1
1
-6
-13
-14
-15
-8
-6
-13
-21
-22
-21
-20
-19
-20
-23
-25
-25
-21
-23
-23
-19
-13
-9
-8
-7
-11
-10
-4
2
8
0
-10
-5
5
10
11
12
9
9
18
24
23
17
16
24
26
22
24
24
25
30
33
29
23
21
26
28
19
13
16
17
13
10
7
9
9
5
-3
-3
0
6
3
-9
-15
-15
-14
-14
-16
-26
-31
-30
-27
-28
-34
-32
-25
-18
-18
-25
-24
-17
-6
-4
-4
1
-4
-6
1
11
17
15
14
17
18
20
28
35
31
23
23
30
32
28
27
29
24
19
20
25
27
25
26
27
23
19
16
13
6
3
0
-7
-14
-22
-19
-16
-16
-25
-34
-32
-28
-27
-28
-34
-38
-39
-37
-37
-39
-42
-37
-29
-23
-23
-27
-22
-11
-2
1
-8
-11
-5
8
11
2
-1
2
11
14
12
14
16
16
15
15
17
21
19
18
18
13
14
20
19
16
13
16
19
17
11
6
6
7
8
4
-8
-13
-13
-13
-14
-25
-35
-32
-26
-24
-33
-40
-34
-28
-23
-23
-32
-33
-28
-24
-20
-24
-21
-17
-15
-12
-15
-11
-6
-3
2
-2
-3
-1
4
14
15
10
13
17
21
27
31
35
41
40
40
39
40
44
46
41
34
29
28
28
29
24
20
16
6
5
3
-6
-2
-3
-10
-17
-25
-23
-14
-11
-14
-18
-19
-19
-16
-15
-12
-10
-13
-18
-22
-21
-19
-13
-13
-14
-16
-22
-22
-15
-9
-3
-2
-3
-4
-4
2
10
22
21
14
12
14
19
23
22
26
27
19
14
11
13
13
6
7
3
-8
-9
-3
-1
-2
-3
-5
-11
-15
-15
-10
-4
-7
-12
-15
-18
-15
-12
-10
-11
-18
-27
-30
-27
-25
-25
-26
-23
-24
-29
-31
-29
-16
-8
-7
-9
-9
-7
-2
11
22
25
23
17
17
24
28
30
33
28
20
16
16
25
25
21
22
21
18
16
18
24
29
25
19
12
8
12
18
23
19
8
4
1
-4
0
3
3
-5
-15
-20
-22
-16
-14
-14
-15
-24
-28
-24
-14
-1
-2
-8
-5
-8
-7
0
4
9
12
12
8
5
7
12
23
16
4
2
3
11
11
10
9
4
0
-4
1
3
4
5
0
0
-1
-5
-1
0
-2
-6
-9
-13
-16
-17
-16
-10
-9
-21
-29
-29
-22
-18
-16
-23
-29
-28
-25
-19
-16
-15
-14
-12
-10
-13
-18
-16
-9
-3
1
0
-2
0
2
8
17
18
13
5
7
14
17
16
17
16
16
21
23
23
26
28
28
30
27
23
25
27
26
23
15
9
7
8
12
15
9
4
2
1
0
-2
-3
-2
0
-5
-11
-8
-6
-3
1
-4
-7
-9
-9
-6
-6
-10
-14
-12
-11
-15
-17
-15
-10
-4
-5
-11
-13
-8
-4
-2
2
0
0
1
-2
1
-1
-1
-1
6
7
5
9
10
11
15
14
12
10
9
12
11
8
7
4
-2
-7
-6
0
2
-2
-6
-8
-8
-10
-10
-8
-8
-8
-12
-14
-13
-14
-18
-17
-18
-20
-21
-23
-19
-17
-15
-12
-14
-17
-19
-15
-6
-4
-4
-4
-5
-3
2
4
3
3
3
2
4
3
4
9
10
9
6
4
4
11
16
16
12
6
8
10
9
9
9
8
5
4
0
-2
4
9
7
4
1
2
7
8
6
5
2
4
4
0
-1
3
6
7
8
6
4
9
13
13
11
8
6
6
6
3
7
8
6
5
1
1
2
4
7
5
1
0
4
3
6
4
4
7
4
-2
-6
-4
2
0
-2
-8
-9
-9
-7
-4
-4
-7
-12
-10
-9
-6
-4
-4
-3
-4
-5
-8
-9
-8
-5
-3
-6
-11
-7
-2
0
1
2
5
7
4
8
15
20
22
19
20
20
22
22
22
29
29
23
20
21
21
20
22
18
16
13
11
14
16
19
17
15
9
6
6
6
7
7
2
-1
-1
-3
-4
-2
1
4
1
-1
-5
-5
0
5
5
2
3
7
13
17
21
20
23
27
25
27
32
35
40
43
40
41
44
43
47
49
43
38
35
34
35
32
28
22
19
17
14
11
7
7
2
-4
-9
-14
-18
-18
-17
-19
-24
-32
-39
-43
-46
-49
-52
-59
-63
-65
-66
-65
-70
-72
-74
-76
-74
-76
-78
-76
-74
-70
-73
-74
-76
-76
-71
-65
-58
-62
-62
-53
-49
-42
-37
-33
-30
-31
-32
-31
-26
-21
-17
-15
-13
-9
-4
0
4
7
8
11
10
9
9
13
11
10
9
5
5
1
0
1
1
1
-1
0
-1
-2
-2
-5
-8
-11
-12
-12
-12
-9
-9
-6
-4
0
1
-2
-2
3
3
2
3
6
9
12
14
16
17
23
25
29
31
30
32
32
34
38
39
38
39
39
40
37
35
34
34
33
33
35
31
27
27
23
19
18
16
13
10
5
4
2
0
-1
0
0
-2
-4
-3
-5
-10
-11
-14
-12
-16
-15
-15
-15
-15
-15
-13
-14
-13
-11
-13
-14
-12
-12
-13
-12
-10
-8
-8
-7
-4
-1
1
1
1
2
4
5
4
6
7
6
3
4
4
4
4
2
3
3
0
2
5
1
2
2
2
4
5
5
4
2
4
4
4
3
7
9
8
7
2
2
-1
1
1
1
4
3
2
2
3
6
8
11
11
13
12
14
17
18
22
21
20
22
22
22
25
27
26
27
24
20
22
23
23
23
21
19
18
19
17
14
13
11
10
10
10
9
8
6
4
0
-5
-3
-3
-6
-6
-7
-6
-5
-4
-1
-2
-1
1
-2
-1
0
3
4
3
3
4
6
6
7
9
8
7
6
4
4
6
8
6
5
5
2
2
-2
-3
-4
-6
-7
-10
-13
-11
-12
-9
-9
-13
-10
-10
-10
-8
-9
-11
-10
-7
-8
-8
-7
-6
-6
-5
-5
-5
-5
-4
-5
-7
-5
-3
-4
-2
0
-1
4
6
4
3
4
4
4
3
3
2
4
4
1
3
7
7
8
8
8
8
7
7
5
5
8
7
6
7
5
8
10
11
11
5
5
9
6
4
7
7
3
4
5
3
4
-2
-2
-1
-4
-4
-4
-6
-4
-4
-4
-4
-5
-4
0
0
-4
-2
-2
-4
-1
-2
-1
3
3
1
2
3
4
3
2
0
2
1
1
2
1
2
-1
-3
-4
-4
-5
-7
-7
-7
-6
-10
-11
-12
-14
-12
-13
-15
-14
-12
-13
-16
-13
-14
-13
-14
-16
-14
-14
-11
-10
-11
-11
-12
-9
-8
-8
-8
-7
-5
-3
-2
-4
-7
-8
-7
-6
-8
-9
-10
-9
-7
-6
-8
-7
-6
-8
-8
-5
-6
-8
-7
-4
-5
-6
-4
1
0
0
2
1
1
0
1
2
5
5
4
5
7
7
6
6
7
2
0
3
2
4
5
2
0
0
-2
-3
-1
-1
-1
-3
-3
-4
-6
-6
-5
-5
-3
-4
-5
-5
-1
-1
1
2
-1
-2
-2
0
2
3
2
4
5
5
3
-1
-1
-1
-5
-3
-1
-4
-7
-6
-5
-5
-7
-6
-2
-6
-9
-10
-12
-13
-14
-17
-17
-18
-19
-19
-21
-23
-22
-21
-16
-15
-16
-15
-14
-11
-10
-10
-9
-6
-3
-3
-2
0
-4
-1
5
7
7
5
5
4
4
6
8
7
8
6
2
6
6
3
5
6
8
8
6
8
8
7
8
10
11
11
11
12
13
14
13
13
13
14
14
15
14
12
13
12
16
16
12
13
12
12
13
14
14
12
12
13
12
12
10
10
12
11
10
11
9
9
10
11
13
13
12
12
14
14
10
11
11
9
9
8
7
5
2
2
2
1
2
2
-1
0
-1
-2
-4
-6
-4
-6
-3
-4
-7
-8
-11
-8
-6
-7
-8
-8
-6
-2
-1
-3
-4
-1
0
-2
-3
-4
-4
-4
-3
-4
-2
-3
-3
-1
-1
0
0
0
1
2
3
4
5
5
3
3
6
4
2
3
3
3
2
4
5
4
6
6
6
4
7
9
6
7
7
7
8
6
5
5
7
7
4
2
3
7
7
6
4
4
6
5
5
7
5
2
2
3
2
0
3
3
2
4
3
5
8
6
5
5
6
6
7
5
5
4
4
6
6
6
9
6
5
8
7
6
7
6
9
11
12
13
12
10
11
11
9
9
9
9
7
2
2
1
-2
-4
-5
-4
-2
-3
-5
-4
-4
-4
-5
-7
-10
-9
-11
-11
-10
-12
-14
-13
-13
-14
-13
-12
-10
-10
-10
-9
-6
-8
-7
-7
-7
-6
-10
-7
-5
-5
-5
-5
-3
-5
-9
-7
-5
-6
-8
-7
-9
-12
-10
-9
-8
-7
-8
-8
-8
-5
-5
-7
-5
-8
-8
-6
-7
-6
-4
-4
-2
-3
-4
-5
-6
-5
-2
-5
-6
-3
-4
-3
-2
-2
1
-2
-3
-1
-2
-2
0
0
1
0
0
1
5
6
7
5
5
6
4
2
4
2
1
4
2
3
6
4
3
3
2
0
2
-1
-4
0
-1
-2
-2
-4
-4
-4
-5
-4
-2
-5
-4
-2
-4
-3
-2
-4
-3
-4
-3
-2
1
1
2
3
-2
-1
-3
-4
-4
-1
-2
-5
-4
-5
-7
-6
-8
-8
-8
-5
-6
-7
-9
-9
-7
-8
-8
-9
-10
-9
-7
-7
-8
-7
-7
-7
-7
-9
-7
-3
-5
-6
-6
-11
-10
-6
-9
-8
-6
-8
-6
-4
-8
-9
-7
-9
-7
-6
-6
-6
-7
-1
0
-4
-1
-1
-1
-2
-3
-5
-4
-2
-2
-2
-1
0
2
1
1
0
-1
1
4
2
3
3
-2
1
4
1
1
4
3
4
4
4
6
7
6
5
4
1
1
2
-1
1
2
-1
-2
-1
-1
-5
-1
-1
-5
-4
-7
-7
-3
-4
-4
-3
-3
-1
-2
-2
-3
-3
-7
-6
-5
-8
-5
-3
-3
-2
-2
0
-1
0
3
2
3
1
1
2
-2
0
0
-1
-2
1
-1
-3
0
-1
-1
0
-3
-4
-2
1
3
1
0
1
-2
-3
-1
1
-1
4
5
1
2
-1
0
3
-2
-3
-3
-2
1
0
-2
-2
-1
-2
-3
-1
-2
-1
1
3
5
1
2
0
2
3
2
3
5
9
11
11
12
12
11
10
11
10
13
18
17
19
19
18
22
21
22
23
22
23
24
25
25
27
26
25
21
16
17
15
17
16
16
14
13
12
10
10
7
5
6
7
8
9
10
11
13
10
8
9
10
11
6
9
9
6
8
4
4
6
0
2
3
2
3
4
4
5
2
0
0
1
3
7
6
5
6
7
4
4
6
5
5
3
0
1
-1
-2
-3
-5
-6
-7
-6
-7
-10
-9
-12
-12
-13
-16
-15
-13
-15
-15
-15
-15
-14
-16
-17
-14
-16
-17
-17
-18
-14
-14
-13
-10
-11
-13
-12
-12
-11
-10
-7
-3
-3
-2
0
1
0
3
4
4
6
4
7
10
8
11
12
13
13
12
14
13
13
18
20
18
17
17
14
11
12
11
9
11
8
8
8
6
5
2
-4
-4
-5
-6
-7
-8
-9
-13
-17
-16
-19
-21
-18
-20
-20
-20
-20
-20
-20
-21
-21
-20
-20
-22
-22
-22
-22
-21
-22
-22
-24
-24
-23
-23
-21
-19
-19
-15
-17
-16
-11
-12
-12
-9
-10
-8
-8
-8
-4
-4
-6
-3
-5
-4
-3
-6
-5
-1
0
-2
-4
-3
-5
-6
-7
-7
-4
-7
-7
-5
-6
-6
-6
-9
-10
-7
-6
-6
-4
-2
-3
-2
-1
-1
2
1
2
5
8
10
11
12
14
15
14
13
15
18
18
18
19
19
20
18
18
19
19
17
17
16
14
14
14
12
14
14
11
11
10
10
12
10
8
8
7
7
6
6
6
4
1
2
4
5
2
2
-1
0
1
-4
-4
-3
-4
-1
-3
-3
-2
-5
-5
-2
-4
-6
-6
-3
-3
-4
-2
-3
-4
-2
1
0
-2
-4
-3
-4
-4
-3
-2
0
0
-1
1
2
1
1
0
0
1
-1
-2
0
1
0
0
0
2
-1
-3
0
-1
-3
-2
-3
