1
5
5
4
2
0
3
3
1
0
-2
-5
-5
-4
-3
-3
-4
-2
-3
-3
-5
-6
-7
-7
-5
-4
-3
-3
-6
-7
-8
-9
-9
-10
-10
-10
-10
-8
-8
-8
-8
-9
-7
-11
-9
-7
-10
-8
-8
-9
-7
-6
-3
-2
3
3
2
3
0
-2
1
-1
-1
-1
0
-2
1
4
7
5
5
5
7
8
6
6
3
1
1
2
2
0
2
2
-1
0
2
4
3
2
3
0
-2
-1
-2
-2
-3
-4
-3
-3
-2
-2
-5
-4
-4
-6
-8
-7
-6
-8
-7
-8
-5
-5
-7
-6
-6
-5
-2
0
-1
0
0
1
0
1
4
1
2
5
5
4
6
7
7
4
5
5
4
7
6
5
6
4
5
8
7
5
6
6
5
6
5
4
5
5
4
4
3
3
3
1
3
3
1
-2
-1
-2
-5
-5
-7
-8
-10
-10
-7
-9
-6
-8
-10
-8
-8
-8
-10
-7
-6
-6
-5
-6
-6
-6
-5
-5
-4
-3
-2
-3
-3
-2
-3
-3
-3
-2
-3
-2
2
2
-1
-1
-3
-2
0
0
4
3
2
3
1
1
1
1
3
0
0
1
1
3
3
4
8
7
6
8
6
10
7
7
7
5
7
7
8
7
7
6
4
6
6
6
2
4
5
5
7
9
8
7
9
9
9
9
6
7
8
8
8
10
8
8
10
9
6
7
6
5
6
4
5
7
2
2
3
4
5
2
3
1
2
3
0
0
0
-1
0
0
-1
-1
-4
-3
-3
-1
0
-3
-2
0
-3
-3
-3
-3
-2
0
0
-1
-2
-2
0
-2
0
0
-1
-1
-2
0
0
-4
-2
-3
-3
-1
0
-2
-1
0
-1
-2
-1
-4
-5
-3
-5
-4
-4
-5
-3
-5
-5
-3
-5
-7
-5
-8
-9
-8
-8
-8
-6
-3
-5
-6
-6
-5
-6
-4
-2
-2
-2
-2
-2
-1
-1
-2
1
-1
0
0
0
0
0
-1
-2
-2
-2
-1
0
-1
0
-1
0
-1
1
3
1
1
2
1
2
3
2
5
6
2
1
3
1
3
4
3
3
1
3
4
2
2
2
0
0
0
-3
-4
-3
-3
-4
-6
-7
-6
-5
-4
-4
-6
-6
-7
-5
-1
-3
0
0
0
2
1
2
3
1
2
3
2
0
0
0
-1
-3
-4
-6
-5
-5
-7
-7
-7
-9
-8
-7
-10
-11
-11
-12
-8
-8
-5
-5
-6
-6
-3
-6
-5
-3
-3
0
0
-1
-1
-1
0
4
3
3
3
2
2
2
2
3
4
6
3
4
1
-1
2
3
4
3
2
4
2
2
1
3
3
2
3
4
1
0
3
1
4
3
1
4
4
3
2
1
-1
0
0
-3
-5
-5
-6
-6
-6
-5
-6
-6
-7
-7
-9
-9
-8
-9
-9
-7
-8
-8
-8
-7
-4
-4
-4
-2
-3
-4
-4
-5
-4
-5
-5
-5
-5
-3
-2
-1
-3
-2
-3
-4
-4
0
-3
-3
-2
-3
1
3
0
1
1
1
-2
-3
-4
-4
-4
-4
-3
-6
-5
-3
-1
-1
0
0
-2
-2
-3
-2
2
3
5
5
5
3
3
4
3
5
5
5
7
5
4
8
9
10
9
10
10
7
7
8
6
8
9
10
9
8
6
8
7
8
8
10
11
10
9
8
8
9
7
6
7
6
5
7
7
8
7
8
8
8
5
4
5
5
7
9
8
8
7
4
2
4
2
3
5
5
4
4
3
3
5
5
3
3
5
4
3
4
4
3
3
5
3
4
1
0
-3
-4
-1
-2
-1
0
-2
-3
-4
-4
-4
-4
-4
-2
-5
-6
-4
-4
-1
0
-1
1
0
-1
-1
-1
-2
1
4
2
0
1
-2
-1
0
0
0
-1
-3
0
-3
-3
0
-3
-1
0
-2
0
-1
-2
-2
-5
-5
-8
-6
-5
-8
-7
-5
-7
-7
-8
-7
-3
-6
-8
-3
-4
-5
-7
-8
-8
-5
-4
-4
-3
-5
-4
-4
-4
-1
-2
-4
-2
-3
0
0
3
3
3
3
0
2
3
1
2
4
3
3
4
6
8
8
5
5
5
3
3
4
5
4
4
4
1
0
1
0
3
3
1
2
-2
1
4
4
3
5
5
5
3
2
2
0
0
2
1
0
-1
-2
-4
-2
-1
-2
1
-4
-5
-8
-10
-9
-8
-10
-10
-10
-9
-9
-8
-8
-6
-5
-7
-8
-7
-12
-13
-12
-11
-6
-6
-6
-4
-4
-5
-7
-6
-6
-6
-4
-4
-1
-1
-3
-2
-3
-4
-6
-6
-5
-4
-4
-4
-4
-5
-4
-3
-3
-1
-1
-2
-2
-3
-1
2
4
2
2
1
-1
2
5
3
4
4
4
6
3
2
4
6
9
6
6
11
9
10
12
9
9
11
11
9
8
8
7
7
10
9
9
7
7
5
4
3
1
3
1
-1
-2
-3
0
2
4
7
9
8
9
9
6
8
6
3
7
6
5
6
7
6
5
2
1
0
-1
-3
-3
-4
-6
-2
-4
-6
-5
-6
-6
-8
-8
-7
-3
0
-2
-1
-1
-2
0
-1
-3
0
-1
-2
-3
-6
-4
-5
-6
-6
-7
-7
-9
-8
-6
-8
-9
-10
-10
-10
-12
-10
-10
-10
-8
-6
-6
-5
-6
-6
-8
-8
-8
-8
-4
-4
-1
1
-2
-1
2
4
4
7
8
6
5
5
4
6
6
4
5
7
6
9
8
8
7
4
6
4
3
6
6
7
8
8
8
9
11
8
11
11
7
10
10
11
10
7
5
7
7
6
2
1
2
0
0
-2
-5
-3
-3
-4
-5
-7
-7
-7
-10
-11
-12
-12
-11
-11
-9
-8
-10
-8
-9
-12
-10
-7
-9
-8
-9
-12
-13
-10
-9
-10
-8
-7
-8
-5
-3
-3
-4
-4
-2
-3
-3
-4
-3
0
0
0
0
-1
1
1
1
2
0
-2
-1
-1
-2
-4
-2
-1
-2
-3
-6
-6
-3
-4
-4
-6
-3
-4
-4
-3
-3
-2
-3
-2
0
-3
-2
0
-1
1
2
2
5
4
3
6
5
6
6
7
8
9
9
10
12
12
12
14
14
14
14
14
11
12
14
10
11
11
10
9
6
6
7
6
6
7
4
4
7
7
7
5
4
4
6
6
5
5
4
4
4
4
4
2
1
2
2
3
-1
-3
-2
-3
-1
-4
-6
-8
-10
-8
-8
-10
-9
-10
-12
-12
-11
-12
-11
-11
-11
-9
-11
-10
-8
-10
-8
-6
-6
-5
-5
-4
-5
0
2
1
3
6
7
9
11
12
11
13
16
16
14
15
17
19
20
21
16
17
18
19
22
20
17
18
16
14
13
12
9
10
12
10
9
6
5
5
2
-3
-6
-6
-8
-7
-10
-13
-14
-16
-16
-18
-21
-23
-22
-24
-25
-26
-26
-27
-26
-28
-27
-26
-26
-26
-25
-23
-22
-20
-20
-18
-15
-11
-6
-1
2
4
6
5
6
9
12
16
22
23
26
30
27
28
31
32
32
31
32
33
34
32
30
30
27
25
25
21
19
18
14
11
9
4
2
-1
-8
-10
-14
-18
-20
-25
-25
-29
-32
-33
-35
-37
-38
-39
-39
-38
-39
-38
-38
-37
-34
-31
-28
-27
-25
-23
-20
-17
-14
-7
-2
3
6
6
12
15
19
24
27
30
33
39
41
42
46
47
47
49
49
49
48
46
47
47
45
43
42
38
32
28
25
22
17
14
12
5
1
-5
-13
-15
-20
-24
-26
-29
-32
-39
-41
-46
-52
-53
-58
-60
-60
-61
-63
-62
-63
-62
-60
-57
-55
-55
-51
-50
-48
-42
-40
-36
-30
-23
-15
-9
-3
0
8
12
17
24
29
35
42
47
53
60
65
69
71
76
78
83
86
88
90
89
86
85
82
80
77
72
67
60
53
46
35
26
16
9
-1
-11
-18
-30
-44
-55
-62
-75
-83
-90
-100
-107
-115
-122
-129
-132
-133
-136
-136
-136
-134
-134
-134
-131
-125
-120
-114
-108
-98
-88
-78
-66
-53
-40
-27
-18
-4
9
24
39
53
69
83
96
110
123
135
145
157
168
174
182
188
190
195
200
199
198
196
191
185
174
164
151
138
122
103
87
66
47
27
2
-18
-40
-64
-88
-110
-134
-156
-174
-190
-205
-221
-232
-245
-253
-258
-265
-268
-268
-265
-261
-254
-243
-231
-217
-204
-187
-170
-152
-133
-111
-93
-72
-48
-28
-5
19
42
64
85
107
127
150
173
193
214
232
250
268
287
307
320
337
347
352
360
362
364
362
353
344
329
307
286
259
226
194
160
120
78
38
-5
-49
-90
-133
-170
-209
-248
-281
-313
-342
-364
-384
-398
-411
-420
-421
-419
-416
-406
-396
-383
-365
-347
-326
-306
-285
-265
-240
-215
-194
-170
-146
-122
-93
-64
-36
-9
18
46
77
107
136
169
202
236
269
303
335
368
401
430
458
483
503
517
525
527
521
510
495
474
449
415
376
337
293
246
200
150
101
49
-8
-60
-113
-162
-205
-241
-274
-308
-339
-370
-396
-416
-433
-444
-453
-461
-465
-470
-470
-465
-457
-442
-431
-421
-405
-392
-370
-346
-321
-292
-260
-229
-200
-167
-134
-100
-58
-18
20
62
102
143
187
232
276
323
371
413
452
491
526
560
589
610
624
627
623
621
610
591
567
536
496
451
404
354
299
246
193
138
80
22
-33
-81
-126
-168
-207
-242
-273
-302
-333
-359
-383
-407
-429
-448
-468
-496
-515
-524
-532
-537
-543
-547
-545
-539
-528
-516
-504
-481
-458
-428
-398
-368
-332
-293
-249
-205
-170
-130
-79
-19
33
78
121
166
217
269
313
351
393
436
484
530
572
610
644
674
698
709
716
714
708
696
677
648
612
571
527
477
424
371
318
258
197
131
66
7
-49
-102
-149
-197
-240
-276
-306
-333
-360
-380
-398
-417
-437
-457
-475
-494
-508
-524
-537
-549
-562
-568
-569
-567
-564
-559
-546
-531
-513
-495
-473
-445
-416
-382
-349
-315
-274
-230
-178
-126
-76
-26
20
69
118
168
217
264
312
357
402
444
488
530
571
611
641
665
684
695
703
700
695
686
666
640
606
564
517
465
417
366
309
251
193
132
75
18
-37
-88
-134
-177
-213
-250
-281
-311
-339
-363
-384
-401
-417
-433
-449
-464
-478
-493
-507
-521
-532
-540
-544
-540
-539
-536
-530
-518
-503
-482
-457
-435
-406
-375
-345
-309
-273
-232
-187
-141
-86
-39
9
55
100
152
200
245
292
335
378
421
462
500
540
578
614
644
666
679
686
692
696
690
678
658
629
594
556
515
468
417
363
306
250
189
130
69
11
-39
-87
-132
-177
-218
-255
-288
-318
-344
-367
-386
-405
-422
-442
-460
-477
-498
-517
-531
-551
-565
-575
-585
-587
-590
-591
-587
-579
-565
-549
-527
-504
-478
-446
-410
-370
-328
-283
-236
-181
-126
-75
-20
32
86
138
189
245
295
345
395
447
494
539
586
629
667
703
729
752
764
772
777
773
762
744
718
685
647
603
554
502
447
387
324
259
193
130
67
9
-44
-95
-143
-189
-230
-267
-300
-333
-361
-391
-418
-439
-463
-487
-509
-530
-550
-571
-586
-600
-612
-619
-626
-627
-625
-624
-615
-601
-582
-559
-534
-504
-469
-435
-398
-356
-312
-264
-211
-160
-106
-54
-7
44
97
150
203
252
302
351
398
443
489
535
579
621
658
689
715
730
744
753
750
746
734
713
684
651
612
570
519
466
413
355
293
228
166
105
44
-11
-64
-118
-163
-209
-249
-284
-320
-351
-380
-405
-429
-455
-475
-498
-520
-537
-555
-569
-582
-595
-598
-600
-602
-597
-588
-578
-561
-544
-520
-494
-467
-438
-407
-370
-335
-293
-251
-209
-160
-112
-64
-16
34
81
131
179
227
271
315
363
410
460
505
545
587
624
656
685
707
724
737
741
739
730
713
689
659
628
593
549
504
455
400
347
288
224
167
110
49
-4
-55
-108
-155
-200
-239
-277
-309
-339
-371
-394
-422
-452
-473
-492
-513
-526
-541
-556
-568
-577
-582
-584
-585
-582
-579
-572
-561
-546
-528
-505
-475
-449
-420
-385
-350
-312
-272
-228
-183
-139
-90
-41
4
51
102
150
202
251
297
341
381
421
462
500
536
568
598
624
644
659
671
678
679
673
663
652
634
609
578
541
502
459
412
364
316
265
213
160
108
55
3
-45
-91
-137
-178
-218
-257
-292
-322
-349
-374
-395
-417
-435
-454
-471
-487
-500
-509
-521
-530
-531
-534
-537
-534
-529
-519
-506
-489
-468
-446
-421
-398
-375
-345
-315
-283
-242
-199
-158
-115
-71
-28
15
59
103
147
187
228
266
302
339
374
407
441
471
496
521
542
564
582
594
606
611
608
603
592
576
558
534
506
474
438
396
356
310
259
210
162
113
64
15
-34
-81
-125
-164
-200
-235
-265
-295
-320
-344
-364
-382
-400
-419
-436
-453
-467
-476
-486
-490
-489
-493
-493
-492
-495
-490
-480
-466
-447
-429
-409
-386
-369
-348
-320
-283
-242
-203
-166
-126
-92
-58
-20
18
61
101
138
175
208
241
273
304
333
360
386
413
440
461
476
490
505
516
523
530
529
524
514
500
486
468
449
427
399
368
332
296
257
222
186
143
101
60
15
-26
-63
-100
-131
-161
-191
-218
-247
-270
-290
-312
-330
-347
-365
-381
-399
-414
-428
-439
-444
-446
-448
-448
-445
-443
-433
-421
-406
-388
-371
-351
-334
-311
-281
-252
-221
-183
-152
-117
-85
-55
-21
11
43
72
102
129
154
179
201
226
250
274
300
326
342
359
375
389
405
417
427
435
439
442
439
435
427
414
399
383
364
346
321
289
255
218
183
151
117
81
46
8
-27
-60
-93
-125
-153
-179
-208
-235
-262
-288
-307
-322
-338
-352
-367
-379
-389
-398
-399
-397
-397
-394
-389
-383
-374
-363
-347
-333
-314
-292
-271
-245
-216
-195
-172
-144
-113
-83
-57
-31
-4
22
49
74
101
123
147
169
187
209
231
249
268
286
300
316
328
336
344
355
364
370
377
376
373
367
355
347
332
318
303
282
260
233
203
174
140
107
75
42
12
-22
-61
-95
-129
-157
-183
-212
-235
-257
-280
-295
-309
-321
-326
-336
-345
-350
-353
-353
-348
-339
-334
-326
-315
-302
-286
-268
-251
-232
-211
-187
-158
-136
-116
-99
-81
-52
-22
3
23
35
50
74
95
121
142
153
165
178
191
209
222
230
234
242
250
264
274
281
283
282
289
293
301
304
297
286
274
264
252
237
220
197
175
154
131
106
78
44
12
-16
-45
-73
-100
-129
-155
-183
-206
-226
-240
-253
-265
-272
-281
-283
-282
-282
-281
-281
-279
-268
-251
-235
-224
-215
-205
-190
-165
-141
-124
-113
-107
-91
-67
-43
-26
-12
-5
4
27
48
63
70
69
75
92
113
132
139
139
135
143
160
173
179
178
173
176
188
194
199
197
188
188
191
197
197
188
174
160
150
142
133
120
98
77
59
48
36
16
-7
-30
-53
-72
-89
-105
-123
-141
-159
-173
-182
-192
-199
-209
-218
-222
-221
-216
-210
-206
-204
-202
-198
-187
-170
-155
-143
-134
-125
-108
-88
-74
-62
-55
-47
-30
-10
8
13
17
24
39
54
66
73
73
78
90
105
123
132
136
143
147
158
165
169
174
176
179
183
183
181
179
173
168
166
161
155
145
132
117
99
89
80
66
54
35
19
2
-13
-24
-40
-58
-73
-83
-95
-109
-118
-131
-143
-155
-170
-179
-185
-191
-197
-200
-197
-190
-189
-189
-186
-182
-173
-162
-155
-142
-130
-116
-100
-94
-80
-60
-38
-17
-8
2
15
31
43
52
53
56
67
81
94
98
98
106
115
125
130
128
124
126
135
148
154
152
146
141
140
142
143
141
136
128
117
106
93
85
72
63
52
36
19
2
-14
-27
-34
-37
-41
-48
-58
-67
-78
-92
-96
-95
-92
-94
-110
-123
-133
-143
-149
-146
-138
-138
-142
-149
-155
-152
-141
-131
-123
-116
-98
-87
-79
-71
-60
-42
-23
-8
9
20
22
20
22
41
70
89
87
75
67
75
96
110
113
110
113
122
129
127
121
117
125
143
150
140
122
112
119
132
136
128
112
105
100
90
67
45
39
49
51
27
-14
-51
-58
-42
-30
-40
-73
-107
-122
-115
-108
-122
-151
-168
-156
-127
-115
-139
-181
-199
-175
-128
-96
-99
-122
-137
-134
-109
-76
-57
-55
-63
-61
-37
-4
21
22
15
11
26
50
66
69
61
55
62
82
102
99
78
62
65
94
116
117
102
87
90
104
115
126
134
133
130
122
110
104
102
109
119
123
113
81
44
35
41
39
26
0
-16
-19
-25
-49
-87
-117
-122
-101
-77
-78
-114
-169
-203
-192
-148
-118
-124
-154
-176
-161
-130
-118
-128
-144
-142
-111
-64
-35
-46
-82
-101
-69
-5
46
52
20
-3
6
48
88
92
70
66
89
125
143
120
82
65
87
135
166
156
120
95
104
140
167
164
140
129
147
166
167
140
110
111
138
162
160
124
80
49
43
53
58
42
5
-33
-53
-62
-72
-93
-122
-142
-144
-145
-155
-180
-208
-226
-223
-199
-176
-179
-206
-230
-231
-203
-168
-152
-152
-154
-142
-121
-101
-95
-92
-80
-54
-17
2
-2
-5
7
37
74
94
90
81
94
122
146
150
140
140
155
177
186
175
155
150
178
213
222
198
161
137
141
163
177
171
147
122
109
104
100
94
78
63
50
35
18
-3
-24
-37
-42
-46
-56
-75
-95
-111
-127
-137
-143
-143
-141
-147
-172
-196
-205
-195
-173
-161
-164
-172
-173
-162
-141
-127
-115
-93
-71
-50
-29
-18
-12
7
40
75
94
91
87
100
136
169
181
177
173
184
203
214
210
210
221
236
254
260
246
223
203
206
231
250
241
208
170
147
144
151
150
133
97
62
37
23
14
-5
-35
-63
-78
-84
-100
-136
-179
-197
-186
-174
-180
-210
-247
-275
-279
-266
-245
-224
-217
-226
-248
-260
-253
-226
-187
-163
-155
-161
-164
-153
-132
-117
-109
-88
-51
-7
12
-3
-21
-17
29
99
146
154
135
118
132
168
199
219
225
225
223
216
199
178
167
179
201
195
165
122
85
58
37
15
-3
-18
-34
-61
-105
-151
-182
-198
-204
-214
-233
-261
-291
-312
-321
-321
-320
-330
-343
-357
-359
-348
-335
-324
-327
-334
-329
-308
-281
-259
-259
-260
-244
-209
-170
-151
-147
-140
-108
-60
-21
-8
-6
15
58
103
132
141
152
180
217
246
249
242
248
279
317
331
317
288
276
286
303
307
283
247
229
226
213
181
140
109
93
74
39
-17
-84
-145
-186
-209
-230
-262
-303
-353
-393
-425
-443
-448
-447
-448
-451
-460
-468
-464
-441
-407
-376
-350
-325
-302
-284
-265
-232
-182
-135
-100
-76
-53
-22
6
33
56
83
114
145
166
181
194
215
254
297
332
344
341
350
378
418
445
453
452
464
494
515
508
478
451
444
457
458
426
366
293
219
148
79
1
-78
-149
-221
-297
-387
-479
-558
-605
-618
-625
-642
-671
-702
-715
-702
-670
-623
-564
-501
-444
-398
-360
-316
-255
-183
-99
-22
38
81
101
122
156
200
243
270
283
297
308
320
329
342
372
409
446
466
472
474
491
533
591
644
681
700
717
739
756
754
730
693
652
601
532
429
310
192
80
-26
-137
-261
-386
-500
-599
-685
-760
-824
-874
-905
-923
-931
-932
-918
-879
-819
-751
-686
-624
-560
-490
-412
-339
-278
-224
-174
-129
-83
-38
-2
34
67
88
101
110
119
142
187
247
306
352
379
397
429
484
554
644
737
817
875
912
944
993
1070
1157
1228
1253
1210
1102
955
808
685
589
493
361
190
-16
-236
-444
-614
-732
-806
-863
-936
-1031
-1134
-1211
-1232
-1197
-1123
-1030
-954
-896
-847
-791
-718
-622
-509
-402
-312
-252
-238
-254
-269
-261
-232
-202
-192
-208
-232
-258
-271
-254
-212
-150
-75
-2
62
123
197
294
415
549
688
814
931
1041
1144
1243
1347
1462
1578
1672
1695
1621
1458
1257
1080
942
820
670
463
209
-62
-323
-550
-716
-817
-879
-933
-1010
-1112
-1202
-1232
-1178
-1052
-903
-790
-733
-718
-719
-704
-651
-561
-448
-348
-308
-342
-422
-503
-546
-554
-560
-577
-621
-688
-753
-799
-803
-750
-651
-523
-397
-291
-203
-112
4
159
347
544
727
879
1011
1130
1242
1363
1494
1637
1786
1929
2045
2089
2013
1808
1531
1266
1065
907
726
492
204
-111
-416
-687
-897
-1021
-1062
-1076
-1111
-1175
-1248
-1271
-1199
-1034
-815
-603
-439
-322
-237
-191
-195
-224
-228
-183
-123
-123
-221
-381
-532
-646
-730
-805
-884
-954
-1018
-1079
-1122
-1130
-1081
-963
-788
-590
-401
-234
-77
103
328
580
824
1033
1201
1337
1444
1538
1648
1782
1936
2092
2226
2315
2315
2181
1910
1576
1277
1050
851
608
300
-37
-359
-646
-884
-1053
-1140
-1164
-1166
-1185
-1229
-1255
-1216
-1081
-870
-632
-423
-264
-128
0
92
112
64
12
-14
-35
-107
-259
-450
-626
-765
-887
-1016
-1138
-1225
-1270
-1285
-1281
-1250
-1179
-1050
-868
-651
-427
-211
4
233
473
711
925
1116
1290
1447
1572
1664
1745
1829
1922
2019
2122
2215
2243
2134
1862
1494
1142
869
660
449
193
-92
-389
-669
-916
-1100
-1194
-1197
-1152
-1115
-1120
-1149
-1140
-1036
-835
-593
-375
-207
-76
32
100
96
33
-41
-98
-153
-249
-408
-598
-773
-917
-1042
-1164
-1280
-1362
-1392
-1381
-1351
-1304
-1219
-1082
-891
-672
-450
-226
3
240
474
689
883
1062
1225
1360
1458
1531
1604
1684
1766
1846
1933
2031
2108
2087
1904
1578
1212
903
671
466
228
-39
-315
-573
-809
-1008
-1138
-1178
-1138
-1072
-1045
-1064
-1080
-1018
-855
-634
-426
-267
-138
-18
74
101
53
-23
-87
-146
-243
-407
-601
-776
-908
-1016
-1116
-1213
-1286
-1317
-1309
-1275
-1228
-1146
-1004
-807
-590
-388
-199
-7
199
408
597
766
925
1078
1209
1290
1325
1356
1411
1493
1588
1693
1821
1959
2055
2019
1801
1464
1128
871
676
483
243
-29
-302
-560
-789
-966
-1058
-1064
-1025
-996
-1021
-1067
-1060
-957
-773
-585
-437
-319
-199
-64
43
83
53
-14
-89
-179
-298
-447
-602
-734
-853
-981
-1119
-1243
-1308
-1299
-1246
-1188
-1128
-1041
-902
-729
-545
-359
-163
48
260
443
592
730
880
1033
1163
1239
1266
1293
1351
1440
1540
1654
1795
1947
2045
1994
1764
1431
1113
871
674
457
195
-87
-361
-619
-847
-1020
-1106
-1100
-1046
-1004
-1019
-1050
-1022
-901
-714
-521
-357
-216
-75
52
127
125
69
-7
-79
-165
-296
-479
-676
-852
-998
-1126
-1247
-1341
-1375
-1348
-1296
-1245
-1180
-1075
-913
-713
-519
-340
-158
42
249
439
594
725
853
982
1088
1135
1144
1159
1217
1303
1388
1480
1605
1768
1922
1967
1841
1581
1283
1023
806
593
357
111
-136
-394
-651
-872
-1005
-1032
-989
-938
-925
-944
-936
-856
-708
-536
-376
-232
-87
44
125
138
100
55
16
-46
-170
-351
-547
-726
-878
-1011
-1130
-1214
-1249
-1247
-1228
-1213
-1175
-1072
-902
-700
-520
-369
-221
-48
140
310
446
564
697
837
935
968
959
968
1029
1120
1213
1311
1445
1632
1841
1978
1949
1742
1448
1171
952
754
527
269
-2
-272
-552
-814
-999
-1065
-1022
-947
-918
-959
-1007
-978
-846
-657
-479
-333
-202
-61
63
132
135
94
44
-9
-99
-255
-456
-648
-802
-922
-1041
-1165
-1256
-1276
-1234
-1167
-1097
-1007
-873
-699
-521
-361
-217
-62
120
305
453
545
607
680
770
846
878
874
871
900
965
1056
1172
1327
1522
1721
1845
1823
1646
1389
1138
915
700
467
218
-21
-251
-491
-725
-907
-993
-986
-938
-915
-932
-943
-890
-768
-616
-475
-352
-217
-63
72
139
119
61
5
-38
-100
-229
-414
-611
-768
-889
-1006
-1115
-1193
-1210
-1165
-1105
-1040
-954
-822
-650
-475
-328
-209
-68
115
309
449
512
543
595
678
758
798
803
815
863
937
1017
1101
1230
1438
1673
1837
1841
1668
1417
1167
948
741
524
298
63
-186
-454
-708
-882
-936
-896
-843
-840
-878
-889
-819
-678
-523
-390
-278
-157
-21
92
148
146
102
47
-10
-95
-225
-397
-585
-758
-916
-1051
-1150
-1199
-1185
-1136
-1078
-1019
-936
-807
-640
-456
-300
-173
-49
79
205
304
368
425
488
552
596
613
624
656
719
796
878
975
1121
1318
1538
1721
1804
1754
1590
1371
1144
926
710
482
233
-54
-365
-651
-860
-960
-973
-947
-922
-911
-893
-838
-734
-592
-447
-301
-158
-24
97
170
173
117
39
-26
-71
-131
-244
-414
-615
-818
-998
-1133
-1205
-1205
-1154
-1083
-1018
-954
-864
-725
-543
-351
-183
-48
67
165
253
331
390
439
476
510
534
553
587
641
719
811
906
1017
1165
1370
1608
1813
1890
1798
1578
1308
1059
845
649
425
148
-166
-480
-745
-922
-983
-956
-899
-862
-864
-857
-786
-646
-464
-286
-132
-3
105
184
204
158
80
7
-45
-113
-250
-448
-669
-868
-1022
-1135
-1206
-1235
-1213
-1155
-1079
-992
-885
-738
-556
-368
-212
-95
12
125
237
320
365
379
402
446
494
529
546
562
602
674
775
904
1081
1310
1553
1755
1867
1838
1679
1455
1210
957
699
436
163
-109
-379
-628
-821
-937
-975
-960
-928
-882
-816
-712
-574
-425
-291
-168
-36
102
218
269
232
131
17
-72
-137
-211
-330
-509
-726
-934
-1094
-1190
-1214
-1190
-1139
-1078
-1009
-914
-781
-609
-409
-231
-101
-12
62
137
207
265
296
311
333
371
415
451
484
525
593
692
828
987
1176
1394
1620
1804
1877
1797
1590
1326
1062
810
563
307
34
-249
-523
-763
-927
-994
-972
-897
-814
-753
-695
-601
-462
-299
-146
-17
98
195
243
211
114
-2
-79
-123
-165
-264
-437
-649
-866
-1041
-1155
-1202
-1190
-1140
-1075
-1014
-947
-839
-671
-464
-267
-122
-30
41
109
170
209
226
229
230
248
272
297
324
372
451
555
677
822
997
1209
1444
1662
1814
1848
1738
1520
1254
989
740
496
242
-45
-351
-645
-875
-999
-1021
-974
-898
-824
-750
-655
-516
-345
-169
-11
121
219
273
272
227
157
84
3
-81
-172
-286
-436
-617
-810
-981
-1093
-1137
-1126
-1085
-1034
-963
-855
-719
-558
-398
-236
-82
41
122
158
171
188
211
223
220
216
233
273
332
397
467
565
703
870
1046
1230
1429
1631
1768
1763
1601
1345
1084
861
648
407
113
-209
-505
-756
-934
-1034
-1047
-984
-888
-807
-745
-661
-517
-323
-132
8
99
171
233
257
211
106
5
-52
-88
-156
-309
-537
-772
-954
-1070
-1125
-1136
-1097
-1021
-933
-852
-760
-624
-434
-230
-69
29
81
124
176
223
250
254
262
296
346
388
410
437
492
575
680
805
951
1130
1330
1526
1680
1743
1684
1514
1272
1008
747
489
239
-31
-317
-589
-817
-955
-1001
-973
-899
-820
-749
-676
-573
-431
-272
-117
9
94
132
133
117
93
57
4
-72
-180
-318
-483
-664
-844
-990
-1081
-1110
-1099
-1069
-1016
-928
-793
-633
-482
-342
-202
-66
45
103
124
132
154
184
212
234
264
318
385
448
503
574
682
821
968
1103
1246
1423
1614
1744
1721
1531
1248
977
760
561
339
80
-194
-457
-695
-883
-981
-971
-877
-778
-727
-705
-649
-508
-309
-126
-2
71
123
163
165
114
35
-29
-81
-158
-299
-499
-703
-874
-1000
-1087
-1142
-1150
-1103
-1012
-911
-810
-690
-538
-359
-196
-72
18
86
147
190
204
206
218
253
300
340
367
404
472
565
668
769
883
1025
1196
1372
1525
1621
1616
1485
1248
971
711
493
303
101
-130
-378
-601
-761
-841
-840
-785
-701
-616
-547
-479
-390
-263
-122
2
84
117
122
114
95
60
4
-70
-160
-281
-446
-641
-819
-945
-1016
-1054
-1070
-1055
-1003
-906
-778
-636
-491
-338
-192
-71
13
55
78
102
128
152
185
226
274
320
364
414
480
577
705
843
977
1113
1256
1413
1552
1610
1549
1370
1122
868
638
427
201
-49
-309
-546
-729
-840
-870
-835
-767
-696
-633
-558
-447
-297
-143
-27
25
32
34
47
61
54
16
-46
-128
-232
-363
-516
-664
-790
-893
-977
-1036
-1047
-995
-894
-771
-648
-526
-391
-247
-109
-5
54
89
110
125
133
144
168
214
269
317
357
404
489
609
740
863
978
1113
1282
1458
1586
1614
1517
1317
1077
837
613
405
205
-4
-235
-478
-692
-824
-856
-817
-748
-682
-617
-539
-435
-309
-186
-90
-29
3
18
22
14
-3
-31
-86
-175
-296
-443
-591
-726
-832
-912
-974
-1003
-986
-927
-830
-709
-581
-446
-310
-189
-88
-8
48
84
103
114
123
137
170
224
280
330
377
436
530
646
771
900
1035
1185
1346
1479
1537
1481
1314
1084
840
618
422
232
29
-190
-414
-613
-750
-803
-784
-727
-663
-608
-555
-480
-381
-269
-162
-84
-39
-12
1
0
-4
-24
-63
-125
-221
-343
-487
-634
-766
-869
-933
-960
-957
-913
-827
-718
-598
-472
-346
-222
-111
-27
31
62
75
84
102
133
173
228
294
356
416
483
567
672
798
938
1083
1224
1359
1472
1523
1479
1334
1120
888
662
444
225
2
-222
-424
-587
-703
-768
-782
-744
-672
-590
-508
-419
-325
-231
-149
-90
-52
-28
-9
3
-7
-45
-103
-175
-257
-362
-498
-653
-802
-919
-977
-982
-955
-904
-833
-744
-632
-496
-346
-194
-67
13
49
48
42
48
77
118
155
187
220
273
359
465
589
713
834
958
1087
1230
1384
1516
1583
1534
1363
1120
871
661
484
299
78
-176
-425
-630
-762
-815
-801
-742
-668
-606
-555
-487
-385
-256
-130
-42
-5
-11
-30
-44
-55
-75
-118
-184
-280
-405
-545
-670
-757
-809
-843
-867
-876
-852
-786
-689
-579
-465
-348
-234
-126
-42
12
46
67
83
98
111
133
174
232
301
379
471
582
714
860
1009
1158
1307
1445
1549
1573
1488
1302
1056
809
591
382
173
-52
-288
-512
-694
-800
-820
-775
-698
-627
-573
-508
-407
-274
-137
-37
8
18
13
2
-10
-25
-58
-122
-228
-379
-548
-699
-798
-846
-872
-899
-913
-896
-828
-726
-605
-473
-347
-235
-140
-79
-43
-14
17
52
74
76
85
118
181
255
329
412
514
642
780
919
1060
1215
1378
1518
1584
1537
1381
1158
929
709
493
274
49
-175
-395
-592
-738
-799
-778
-707
-630
-572
-513
-418
-286
-145
-44
1
11
13
15
10
-18
-60
-112
-189
-304
-449
-597
-721
-813
-889
-957
-1000
-988
-911
-795
-677
-571
-465
-341
-208
-94
-20
13
26
36
47
59
80
123
182
235
282
340
434
568
726
873
1004
1137
1288
1447
1562
1568
1443
1225
975
744
540
339
125
-98
-319
-519
-677
-758
-759
-700
-625
-574
-538
-477
-368
-223
-86
-6
13
3
-10
-17
-28
-54
-92
-144
-220
-328
-465
-603
-717
-801
-862
-909
-928
-888
-791
-659
-528
-413
-300
-183
-67
28
77
84
70
58
63
76
97
136
184
235
292
361
464
598
752
912
1068
1215
1357
1481
1542
1492
1328
1095
857
642
442
231
-4
-248
-470
-645
-754
-799
-788
-742
-687
-630
-567
-475
-349
-215
-115
-62
-51
-52
-47
-46
-59
-99
-170
-258
-367
-491
-606
-703
-780
-848
-907
-936
-918
-841
-724
-593
-465
-347
-229
-107
9
97
151
174
171
159
153
165
197
248
303
361
431
527
653
802
960
1121
1283
1436
1548
1569
1468
1268
1027
799
595
395
184
-41
-268
-476
-642
-745
-782
-757
-704
-659
-621
-566
-473
-342
-211
-114
-58
-33
-22
-17
-30
-62
-108
-171
-261
-397
-569
-734
-853
-908
-935
-956
-969
-947
-868
-741
-595
-446
-297
-155
-36
52
104
144
195
242
262
244
226
240
286
355
425
486
562
667
794
940
1101
1273
1443
1553
1544
1398
1172
946
745
555
346
102
-147
-370
-542
-658
-725
-733
-704
-664
-624
-580
-499
-370
-229
-119
-67
-58
-48
-24
2
4
-34
-102
-190
-301
-427
-560
-680
-775
-850
-910
-948
-944
-881
-773
-649
-528
-417
-305
-184
-72
18
79
117
144
158
172
185
213
261
316
370
427
495
589
708
835
970
1125
1300
1469
1566
1527
1349
1102
863
654
459
242
-9
-268
-504
-674
-764
-774
-731
-674
-627
-593
-532
-413
-248
-85
14
42
39
44
65
76
52
-15
-126
-262
-409
-560
-708
-844
-959
-1052
-1112
-1123
-1063
-936
-782
-632
-501
-371
-229
-77
63
154
198
204
196
193
198
219
249
288
320
344
381
447
546
673
808
945
1097
1276
1454
1567
1550
1390
1150
903
677
467
248
-1
-267
-514
-705
-814
-832
-780
-707
-641
-588
-517
-395
-215
-31
102
171
187
183
174
155
112
40
-63
-208
-388
-585
-768
-912
-1020
-1096
-1159
-1188
-1150
-1045
-894
-725
-566
-423
-279
-133
-3
100
168
203
214
211
214
229
262
301
327
340
367
432
540
677
817
957
1123
1323
1533
1673
1675
1520
1256
980
741
525
306
52
-229
-507
-739
-878
-911
-854
-761
-681
-625
-564
-455
-283
-81
78
164
196
208
212
197
144
44
-86
-233
-390
-551
-710
-861
-992
-1104
-1191
-1229
-1192
-1079
-926
-789
-673
-556
-412
-234
-52
89
168
200
213
222
234
259
306
363
408
428
439
480
573
712
873
1047
1241
1451
1643
1735
1658
1426
1138
892
701
513
267
-35
-348
-609
-780
-856
-854
-811
-761
-722
-694
-627
-485
-280
-69
78
144
164
185
226
245
206
107
-35
-198
-374
-569
-753
-905
-1030
-1135
-1217
-1243
-1190
-1071
-924
-791
-673
-535
-363
-170
-5
100
160
202
244
282
318
359
403
439
454
455
478
557
678
808
937
1081
1280
1519
1709
1751
1597
1316
1026
799
619
419
160
-141
-427
-664
-818
-880
-870
-824
-786
-768
-741
-646
-462
-239
-57
32
55
81
141
212
237
184
66
-94
-270
-447
-612
-764
-898
-1030
-1162
-1266
-1290
-1212
-1071
-925
-810
-700
-556
-365
-158
17
132
207
266
318
363
407
453
500
538
552
563
605
703
841
989
1142
1317
1524
1703
1751
1608
1313
998
752
573
402
170
-120
-410
-643
-790
-852
-846
-801
-743
-706
-677
-601
-445
-234
-50
57
98
129
194
278
319
269
129
-60
-254
-434
-612
-783
-948
-1103
-1231
-1313
-1313
-1227
-1090
-950
-841
-743
-616
-439
-236
-63
57
136
201
268
338
410
483
552
605
633
645
679
759
885
1038
1206
1395
1581
1696
1654
1441
1150
894
709
550
341
61
-242
-506
-685
-782
-817
-794
-748
-711
-690
-657
-561
-390
-198
-58
5
35
94
187
264
278
213
97
-30
-173
-350
-559
-764
-943
-1097
-1225
-1302
-1305
-1235
-1119
-1003
-891
-745
-554
-337
-153
-35
49
139
252
362
442
504
569
632
683
723
781
872
985
1106
1233
1380
1556
1694
1683
1473
1140
827
612
459
277
26
-266
-530
-718
-819
-846
-818
-764
-712
-688
-665
-578
-408
-190
-20
59
80
116
202
299
342
289
152
-26
-210
-398
-583
-749
-904
-1052
-1190
-1286
-1292
-1207
-1078
-960
-859
-750
-599
-412
-230
-88
14
98
188
282
371
467
568
659
715
745
787
871
994
1139
1292
1460
1633
1739
1686
1448
1129
860
675
516
292
-14
-338
-601
-773
-863
-890
-870
-817
-760
-717
-672
-567
-379
-167
-15
45
73
133
240
339
359
289
151
-5
-163
-339
-527
-707
-879
-1048
-1204
-1315
-1339
-1268
-1151
-1042
-951
-838
-668
-453
-246
-92
13
99
191
295
406
523
643
744
809
845
881
956
1089
1258
1436
1603
1714
1701
1524
1230
932
711
555
381
134
-175
-480
-706
-828
-861
-846
-816
-781
-752
-714
-624
-460
-254
-75
34
98
167
277
394
455
420
299
144
-8
-167
-352
-563
-781
-991
-1175
-1303
-1349
-1322
-1253
-1180
-1101
-985
-808
-581
-352
-177
-61
29
123
238
371
509
643
748
805
832
869
948
1064
1197
1335
1481
1611
1662
1561
1306
999
745
572
414
199
-84
-378
-614
-769
-849
-868
-844
-797
-759
-741
-706
-601
-415
-212
-65
13
73
181
321
428
440
365
259
147
14
-170
-407
-639
-839
-1014
-1171
-1295
-1352
-1328
-1257
-1171
-1070
-923
-718
-481
-275
-133
-17
106
253
400
530
654
772
882
971
1037
1102
1187
1308
1463
1628
1757
1781
1643
1351
1024
763
587
425
180
-148
-486
-747
-884
-915
-894
-860
-838
-828
-807
-745
-615
-422
-231
-101
-33
23
131
280
395
424
360
246
120
-5
-165
-381
-624
-846
-1032
-1183
-1288
-1338
-1335
-1297
-1247
-1160
-1003
-782
-536
-321
-166
-46
90
262
454
629
771
889
998
1093
1176
1253
1349
1478
1630
1775
1845
1776
1547
1213
901
678
508
310
28
-304
-607
-825
-935
-965
-954
-927
-909
-891
-848
-751
-585
-387
-219
-118
-55
33
171
314
396
391
328
244
148
9
-185
-417
-653
-856
-1020
-1154
-1254
-1315
-1332
-1310
-1252
-1145
-987
-791
-589
-404
-240
-82
92
273
450
609
759
915
1068
1204
1315
1411
1512
1644
1806
1946
1963
1787
1445
1075
800
623
442
178
-164
-509
-767
-911
-957
-948
-929
-919
-917
-904
-835
-677
-449
-229
-97
-47
6
137
322
466
486
392
261
148
54
-76
-284
-549
-810
-1024
-1177
-1275
-1328
-1347
-1342
-1320
-1268
-1164
-990
-766
-542
-355
-213
-70
128
378
638
859
1029
1174
1315
1453
1583
1716
1873
2042
2143
2074
1796
1416
1088
867
676
413
51
-338
-660
-877
-999
-1060
-1083
-1080
-1065
-1038
-982
-861
-666
-443
-274
-178
-95
49
254
439
521
490
396
304
228
133
-18
-222
-459
-710
-955
-1161
-1287
-1328
-1330
-1343
-1363
-1342
-1227
-1030
-806
-608
-446
-283
-92
125
356
586
805
1017
1210
1373
1510
1640
1796
1988
2161
2208
2050
1720
1358
1088
901
692
366
-44
-437
-727
-902
-997
-1055
-1100
-1137
-1157
-1129
-1030
-856
-638
-431
-300
-225
-115
82
334
530
585
517
412
334
269
162
-21
-265
-525
-765
-972
-1134
-1237
-1289
-1312
-1330
-1345
-1305
-1175
-975
-762
-586
-441
-269
-37
238
503
737
955
1168
1370
1538
1682
1844
2042
2221
2265
2094
1754
1406
1166
1004
796
451
15
-394
-700
-891
-1009
-1093
-1161
-1219
-1264
-1264
-1184
-1015
-788
-575
-431
-336
-210
2
271
487
571
540
473
423
377
286
122
-106
-357
-599
-807
-967
-1082
-1162
-1234
-1311
-1364
-1344
-1222
-1034
-847
-710
-594
-432
-180
134
448
718
950
1170
1381
1575
1752
1937
2132
2267
2241
2025
1699
1416
1241
1086
830
442
16
-337
-583
-761
-923
-1067
-1177
-1253
-1297
-1305
-1244
-1097
-906
-734
-611
-495
-312
-49
224
404
450
423
409
431
428
339
167
-36
-232
-414
-586
-745
-871
-972
-1066
-1160
-1226
-1218
-1129
-997
-878
-782
-662
-465
-190
110
381
612
826
1051
1269
1461
1634
1806
1967
2042
1963
1747
1498
1318
1207
1067
816
473
136
-122
-305
-462
-619
-772
-907
-1021
-1108
-1142
-1103
-1009
-900
-816
-749
-649
-479
-255
-40
100
155
176
214
271
297
253
148
15
-113
-233
-347
-451
-549
-649
-751
-840
-890
-882
-826
-760
-701
-636
-531
-362
-146
65
249
404
543
684
826
964
1100
1223
1310
1326
1248
1115
999
936
892
808
648
456
289
175
82
-31
-150
-260
-356
-442
-522
-575
-590
-579
-566
-563
-549
-494
-392
-274
-176
-122
-96
-65
-13
43
67
37
-27
-95
-146
-181
-216
-261
-318
-374
-416
-440
-447
-442
-431
-419
-405
-373
-312
-220
-116
-33
15
47
91
153
216
260
290
318
359
407
438
440
427
413
407
408
406
404
412
413
394
359
318
281
255
229
188
129
63
1
-47
-77
-100
-128
-161
-191
-199
-187
-166
-142
-122
-111
-113
-129
-144
-140
-129
-129
-149
-187
-217
-232
-234
-234
-241
-257
-281
-297
-303
-295
-273
-246
-218
-195
-179
-156
-121
-84
-57
-44
-37
-22
9
42
65
81
92
101
110
124
143
170
197
219
232
238
253
275
296
302
289
274
266
262
252
235
216
197
171
140
113
98
90
82
68
47
30
15
5
-5
-21
-45
-75
-103
-131
-161
-187
-212
-239
-258
-275
-293
-308
-314
-308
-294
-279
-264
-248
-229
-206
-181
-160
-139
-112
-85
-61
-37
-19
0
19
29
33
39
49
63
72
82
94
107
129
157
185
202
209
215
222
236
255
269
276
280
277
271
258
243
229
211
184
151
118
91
73
51
16
-22
-59
-91
-117
-141
-166
-189
-212
-232
-256
-274
-281
-278
-267
-257
-254
-251
-242
-225
-205
-184
-166
-144
-124
-108
-92
-72
-48
-16
17
42
57
71
88
105
116
117
117
123
136
153
167
168
164
160
156
154
156
163
176
188
190
181
171
171
179
178
168
149
133
123
113
100
74
43
6
-32
-62
-84
-99
-107
-117
-138
-165
-182
-192
-190
-182
-182
-185
-189
-187
-175
-163
-154
-148
-146
-137
-127
-112
-102
-94
-83
-73
-63
-51
-30
-7
12
25
30
34
44
59
70
82
91
92
90
86
86
94
105
116
121
123
126
130
133
129
125
117
114
119
121
116
109
100
81
56
29
5
-12
-19
-28
-44
-63
-81
-91
-97
-107
-116
-119
-118
-114
-113
-115
-116
-113
-110
-104
-97
-92
-86
-82
-77
-69
-56
-46
-39
-30
-18
0
12
19
23
30
42
52
57
59
57
55
55
54
60
67
72
74
75
77
81
81
79
72
69
67
66
62
55
49
42
34
24
11
-6
-16
-20
-25
-29
-36
-44
-52
-54
-55
-55
-57
-53
-48
-47
-45
-51
-59
-65
-68
-65
-62
-58
-58
-56
-55
-54
-56
-57
-52
-43
-32
-23
-18
-12
-3
8
17
19
23
25
30
38
41
43
48
57
67
75
81
80
77
77
75
74
74
71
66
58
49
40
31
22
14
8
5
3
-1
-6
-14
-19
-21
-19
-17
-17
-18
-19
-18
-13
-14
-14
-19
-28
-38
-49
-56
-63
-65
-66
-65
-67
-67
-66
-67
-67
-63
-62
-57
-50
-41
-32
-27
-27
-32
-31
-21
-13
-2
9
20
27
35
47
56
65
72
71
73
75
78
78
73
66
58
50
43
35
25
21
17
11
8
5
4
7
11
14
13
11
14
19
27
29
27
21
17
15
9
3
-5
-13
-19
-21
-24
-27
-28
-30
-35
-45
-53
-56
-59
-61
-60
-55
-53
-56
-57
-59
-61
-62
-60
-56
-46
-35
-23
-12
1
10
15
22
31
44
53
57
59
57
56
50
41
29
25
22
17
12
6
3
3
1
0
-1
1
6
12
19
23
25
32
42
49
52
49
42
33
27
25
18
10
8
6
0
-8
-15
-23
-26
-35
-47
-52
-54
-56
-57
-63
-69
-70
-67
-65
-63
-60
-53
-44
-34
-21
-12
-5
4
13
20
29
38
46
57
64
65
65
65
60
55
49
43
38
33
29
23
18
17
14
13
14
12
9
5
2
6
12
16
15
10
6
6
2
-2
-9
-15
-14
-15
-21
-28
-33
-33
-37
-41
-40
-40
-39
-38
-39
-41
-43
-42
-43
-42
-40
-35
-32
-28
-21
-16
-9
1
11
21
26
31
35
39
43
46
49
50
48
45
39
36
30
30
28
20
14
6
-1
-5
-8
-12
-12
-14
-17
-16
-15
-14
-13
-15
-18
-17
-18
-20
-21
-23
-19
-18
-20
-20
-21
-20
-16
-16
-14
-13
-16
-18
-19
-20
-20
-22
-25
-20
-13
-8
-2
1
3
1
4
6
8
15
23
27
30
30
29
29
33
37
37
36
32
26
20
17
11
5
3
1
0
3
-1
-5
-6
-9
-10
-11
-12
-11
-9
-9
-10
-9
-9
-8
-3
1
3
-1
-4
-5
-7
-6
-6
-8
-6
-8
-9
-11
-13
-10
-14
-19
-19
-19
-19
-21
-21
-20
-15
-10
-8
-7
-4
1
9
18
22
20
17
17
16
16
19
18
19
15
14
12
10
6
3
1
3
2
1
4
4
3
0
-2
1
7
12
15
19
22
26
27
25
29
31
30
30
27
21
19
12
7
7
3
-1
-4
-11
-20
-29
-39
-43
-44
-46
-46
-48
-47
-43
-38
-33
-32
-31
-24
-15
-7
-1
4
7
10
13
17
21
22
26
30
27
24
21
14
6
3
0
0
3
5
7
7
4
3
3
5
1
2
5
7
13
17
21
24
28
32
33
34
35
30
26
25
22
14
7
1
-5
-9
-14
-18
-22
-30
-35
-38
-44
-48
-46
-47
-46
-43
-38
-28
-23
-17
-10
-7
-5
1
5
6
12
15
16
16
16
16
13
9
4
-2
-5
-6
-7
-11
-16
-16
-18
-18
-15
-15
-15
-15
-14
-7
-5
-3
1
1
5
11
15
20
23
24
25
24
22
19
15
14
13
11
8
3
-4
-12
-19
-21
-22
-27
-30
-34
-34
-36
-34
-29
-27
-19
-9
1
6
8
11
13
20
25
31
31
28
30
26
25
22
18
14
9
7
6
3
-4
-9
-9
-11
-12
-9
-7
-3
0
-1
-1
1
6
10
13
15
16
15
17
19
23
23
23
23
16
13
14
8
1
-3
-9
-15
-23
-30
-32
-35
-38
-37
-34
-30
-25
-18
-13
-5
3
12
22
29
35
40
44
49
50
49
45
43
38
30
21
14
5
-1
-5
-10
-16
-21
-27
-33
-36
-34
-31
-27
-23
-20
-17
-16
-12
-2
2
8
15
17
19
22
26
27
26
29
28
27
25
17
11
7
-3
-11
-19
-27
-29
-32
-37
-43
-45
-44
-44
-37
-28
-23
-17
-11
-4
5
14
24
33
36
41
43
41
39
38
33
27
19
11
3
-6
-15
-22
-31
-36
-38
-40
-40
-41
-39
-39
-36
-30
-26
-20
-11
-2
2
8
12
20
24
25
29
30
30
30
29
27
24
22
14
4
-3
-10
-18
-21
-29
-34
-39
-45
-48
-49
-48
-41
-35
-32
-26
-16
-9
-1
6
14
18
25
31
32
32
33
29
25
18
11
6
1
-4
-12
-16
-23
-31
-35
-39
-40
-34
-33
-30
-23
-17
-9
-4
4
10
15
19
25
31
35
37
38
37
39
38
34
34
30
23
17
12
7
-1
-7
-8
-13
-19
-20
-22
-23
-23
-22
-17
-15
-9
-2
5
11
18
27
32
38
44
46
51
52
50
47
39
35
27
19
12
5
-1
-9
-20
-28
-34
-41
-43
-47
-52
-49
-48
-43
-36
-29
-23
-17
-11
-3
4
12
18
20
21
20
22
24
24
23
21
14
10
6
1
-4
-9
-13
-19
-22
-23
-29
-30
-32
-31
-28
-24
-21
-15
-10
-4
1
5
9
13
22
28
29
30
29
26
24
21
16
10
6
-1
-10
-16
-21
-27
-33
-35
-37
-40
-39
-36
-35
-33
-31
-26
-23
-16
-4
5
9
16
23
28
35
35
37
35
34
35
32
27
25
21
16
10
5
1
-3
-7
-11
-15
-20
-23
-23
-23
-23
-17
-13
-8
-2
2
5
11
15
19
26
26
29
31
29
29
27
22
20
15
7
2
-3
-6
-9
-15
-21
-21
-21
-24
-26
-26
-26
-25
-21
-17
-13
-8
-3
1
7
13
16
20
20
25
26
27
27
27
23
19
16
9
6
1
-7
-13
-18
-22
-25
-28
-29
-32
-34
-31
-28
-27
-26
-20
-16
-15
-8
-3
-3
2
7
9
12
12
8
8
8
5
4
4
1
-1
-3
-7
-8
-11
-15
-16
-19
-19
-18
-19
-20
-19
-15
-15
-12
-9
-9
-3
-1
3
8
12
14
17
20
23
26
28
24
24
23
20
18
15
11
10
7
4
1
-1
-4
-5
-5
-8
-3
-4
-4
0
2
6
11
10
11
16
17
15
18
18
15
16
15
12
10
9
8
8
6
0
-2
-5
-6
-4
-5
-6
-5
-7
-11
-10
-12
-11
-9
-9
-8
-4
-3
-3
-2
1
3
5
5
7
8
7
7
8
9
8
7
7
3
3
0
-4
-8
-12
-13
-13
-16
-14
-15
-18
-16
-15
-14
-12
-8
-2
-3
-2
1
2
1
3
4
5
5
3
1
0
-4
-6
-6
-10
-12
-13
-17
-17
-19
-20
-21
-22
-24
-20
-17
-15
-12
-12
-11
-10
-6
-5
-2
0
0
5
9
13
16
15
14
11
9
10
13
14
13
9
4
4
3
5
4
2
0
-2
-5
-4
-2
4
7
11
18
21
23
30
32
30
30
29
31
33
31
30
30
27
25
18
12
6
-2
-5
-7
-11
-11
-11
-9
-8
-8
-9
-9
-11
-9
-8
-3
4
9
14
13
12
12
13
16
18
18
17
13
15
15
19
20
15
10
7
3
-1
-4
-11
-14
-20
-21
-18
-18
-13
-13
-13
-12
-14
-11
-4
-2
2
3
5
9
12
12
10
7
5
2
2
-2
-9
-12
-19
-24
-32
-38
-40
-42
-43
-41
-39
-33
-27
-20
-19
-19
-17
-11
-6
0
5
8
11
15
19
15
10
4
-1
-7
-13
-15
-9
-6
-5
-4
-2
-2
-2
1
1
-4
-10
-18
-25
-30
-30
-26
-21
-16
-11
-4
2
8
18
24
25
23
21
23
29
38
45
52
55
50
46
39
22
-13
-65
-128
-189
-225
-220
-184
-141
-106
-79
-50
-17
14
36
43
40
38
38
45
53
53
46
30
9
-5
-7
1
13
17
7
-11
-25
-31
-27
-22
-19
-17
-19
-17
-9
-5
-1
2
-3
-14
-27
-37
-40
-33
-21
-9
-1
9
20
35
47
48
50
50
41
28
19
21
29
32
18
-6
-24
-34
-35
-30
-35
-39
-41
-36
-27
-25
-21
-12
-6
-6
-13
-12
9
29
38
34
24
21
31
44
54
57
54
49
37
25
19
16
20
22
19
15
14
23
35
43
42
38
39
45
48
49
46
50
55
51
41
32
33
43
47
41
27
13
9
12
15
13
8
6
8
2
-6
-12
-11
-8
-9
-9
-9
0
15
21
27
29
34
48
58
66
69
67
68
68
66
60
50
33
15
-4
-22
-40
-57
-69
-78
-84
-84
-77
-62
-47
-40
-36
-26
-7
18
39
55
69
79
83
89
91
91
87
78
65
48
29
16
6
-7
-20
-38
-47
-46
-43
-41
-43
-43
-42
-41
-39
-32
-20
-8
1
9
18
24
33
48
57
59
57
55
58
62
60
53
41
26
15
14
17
24
24
16
0
-15
-20
-15
-2
8
6
-6
-14
-11
-3
6
14
14
11
3
-3
0
5
12
12
3
-8
-15
-9
1
8
8
-2
-4
-1
0
6
14
22
25
18
8
2
-2
-3
-4
-8
-15
-20
-26
-26
-23
-25
-28
-31
-31
-32
-33
-33
-30
-30
-34
-40
-36
-28
-18
-11
-7
-8
-14
-18
-18
-17
-18
-20
-22
-23
-25
-24
-18
-12
-9
-12
-15
-12
-6
2
2
-4
-10
-21
-25
-24
-26
-26
-26
-26
-32
-39
-38
-35
-25
-13
-9
-8
-8
-11
-14
-13
-7
-2
1
-3
-13
-17
-18
-12
-7
-8
-17
-29
-34
-35
-29
-23
-22
-23
-30
-33
-32
-23
-8
2
7
2
-4
-8
-14
-14
-14
-16
-16
-15
-15
-18
-16
-14
-14
-12
-11
-14
-20
-24
-26
-25
-23
-20
-17
-15
-13
-14
-14
-5
3
6
7
5
6
10
13
13
11
9
6
1
-4
-10
-12
-12
-10
-8
-14
-15
-18
-19
-16
-15
-14
-14
-12
-16
-17
-13
-9
2
6
3
0
0
4
11
18
21
19
17
13
14
19
21
26
23
17
11
2
-1
-3
-5
-6
-8
-9
-9
-12
-13
-10
-3
8
12
12
12
6
6
10
14
19
20
19
14
8
5
6
6
5
-1
-13
-22
-25
-23
-18
-12
-9
-12
-17
-16
-14
-11
-6
-3
-3
-3
-4
-3
-4
-3
-3
-3
-7
-13
-18
-21
-19
-13
-9
-8
-7
-9
-7
-2
3
7
10
10
11
10
7
7
10
14
15
15
10
6
6
3
3
6
4
2
1
-2
-5
-4
-2
4
12
16
15
9
2
1
2
6
8
5
0
-3
-3
1
3
1
-6
-9
-18
-23
-18
-12
-3
-3
-6
-7
-11
-9
-5
0
7
11
12
11
12
13
16
17
21
22
19
13
9
8
9
13
17
19
18
17
15
14
19
25
27
23
14
7
0
-2
-2
-3
-8
-12
-17
-22
-19
-15
-7
2
8
7
5
1
2
10
19
32
37
36
31
23
18
14
11
5
2
-2
-8
-13
-17
-18
-17
-17
-17
-15
-17
-12
-5
4
15
24
32
37
45
47
47
48
44
46
43
35
28
21
19
17
12
8
-1
-10
-16
-18
-13
-10
-6
1
4
9
13
17
22
30
32
37
40
36
35
32
29
24
19
11
2
-5
-12
-13
-14
-17
-21
-27
-30
-28
-27
-23
-16
-11
-5
-3
-1
4
8
10
14
16
13
16
17
18
19
16
13
8
1
-5
-9
-13
-11
-8
-8
-9
-11
-15
-15
-15
-10
-5
-1
3
8
10
11
13
14
14
14
12
10
6
3
1
-2
-7
-14
-19
-24
-25
-24
-23
-21
-19
-18
-16
-16
-15
-10
-6
-2
4
8
8
7
5
3
2
-3
-5
-9
-15
-19
-22
-21
-20
-18
-16
-19
-19
-21
-20
-21
-18
-11
-7
-4
0
4
4
6
8
5
3
0
-2
0
-1
-3
-4
-9
-16
-19
-22
-22
-22
-19
-17
-14
-14
-14
-13
-13
-13
-12
-12
-12
-9
-8
-10
-8
-6
-8
-9
-10
-12
-17
-17
-18
-20
-17
-19
-21
-22
-23
-21
-18
-12
-9
-7
-3
-6
-7
-5
-5
-4
-1
1
0
-1
-4
-6
-5
-5
-8
-9
-10
-10
-8
-7
-4
-5
-4
-1
-4
-8
-8
-8
-5
-3
-5
-7
-9
-12
-13
-16
-18
-19
-17
-21
-24
-25
-25
-23
-23
-19
-18
-18
-16
-17
-16
-15
-10
-2
0
-1
-1
-5
-8
-5
-4
-4
-4
-5
-8
-6
-7
-11
-14
-14
-16
-19
-20
-18
-14
-13
-12
-12
-14
-12
-7
0
6
7
9
10
8
7
3
-1
-3
-4
-4
-5
-5
-6
-6
-10
-12
-12
-11
-8
-6
-5
-5
-4
-5
-2
0
3
2
0
2
0
-1
-1
-4
-6
-9
-10
-10
-5
-6
-8
-7
-8
-6
-5
-4
0
3
5
8
8
9
12
11
10
11
7
6
1
0
4
2
1
1
0
-1
-1
-1
1
3
-2
-3
-5
-6
-1
1
1
3
0
1
1
0
1
0
-3
-2
-3
-2
-3
-4
-5
-4
-4
-2
0
1
3
2
2
3
4
6
6
5
6
10
13
15
18
18
18
19
17
14
12
10
8
5
3
1
0
0
-2
-4
-5
-3
-2
0
0
-1
1
3
2
4
5
6
6
7
7
7
12
11
7
4
3
1
1
1
-4
-3
-4
-4
-4
-3
1
1
0
2
-1
-2
-1
-3
-2
-2
-5
-5
-6
-6
-5
-3
1
1
2
2
2
2
4
4
1
3
5
4
7
8
8
9
9
7
6
6
3
6
7
9
7
7
7
5
8
7
4
10
13
14
14
16
14
15
18
16
16
16
14
11
9
6
6
8
10
9
9
10
7
9
9
8
7
10
11
8
7
6
5
6
6
8
12
15
17
15
14
10
10
10
10
11
10
9
11
13
11
10
12
13
9
10
12
8
9
9
8
6
7
9
9
9
9
10
10
9
10
8
7
4
3
1
-1
1
4
5
3
3
2
2
4
7
5
4
3
6
6
6
9
9
7
7
5
6
5
6
8
8
6
3
2
3
3
4
4
4
5
4
3
3
7
10
7
4
3
0
0
1
-1
-2
0
0
1
4
3
3
5
4
5
9
11
11
10
8
4
2
3
5
7
5
3
3
4
3
3
3
2
0
-1
-1
-2
-2
-2
-5
-8
-9
-9
-8
-7
-9
-9
-9
-9
-7
-4
-3
-1
0
-1
1
3
3
2
7
6
7
6
5
5
0
-3
-1
0
1
3
0
-1
2
2
-4
-2
-4
-8
-7
-7
-6
-8
-5
-4
-7
-6
-8
-5
-2
-3
-1
0
-1
1
-1
0
1
1
2
3
4
4
5
1
0
-2
-3
-3
-4
-3
-1
0
1
0
-3
-4
-8
-7
-7
-6
-6
-6
-7
-8
-10
-9
-7
-10
-12
-11
-11
-11
-9
-7
-7
-7
-8
-5
-5
-5
-6
-7
-7
-6
-6
-6
-6
-5
-5
-4
-3
0
0
-1
-2
-3
-3
-4
-7
-8
-9
-10
-7
-7
-6
-7
-8
-9
-10
-10
-12
-11
-10
-11
-10
-7
-6
-6
-6
-6
-5
-2
-4
-3
-3
0
2
0
1
4
4
4
2
-1
0
1
3
2
0
2
0
0
0
-3
-2
-4
-6
-5
-6
-6
-5
-5
-6
-5
-3
-3
0
1
2
4
3
5
1
-2
-3
-6
-8
-8
-9
-11
-12
-11
-10
-8
-9
-8
-7
-8
-5
-4
-3
-4
-6
-4
-3
-2
2
1
4
5
3
5
7
5
6
5
