-8
-6
-6
-5
-6
-7
-7
-5
-5
-6
-4
-1
1
3
3
0
-1
0
-1
1
3
5
7
9
10
11
10
9
10
10
10
10
10
8
9
13
11
8
8
7
6
6
7
7
8
8
7
7
4
5
7
4
2
1
-1
-2
-5
-2
0
0
-2
-2
-3
-2
-1
1
-2
-3
-3
-5
-4
-4
-4
-2
-2
-2
-5
-4
-3
-4
-5
-4
-4
-2
-3
-5
-5
-6
-7
-7
-6
-6
-8
-6
-7
-8
-5
-6
-5
-5
-6
-7
-7
-9
-7
-6
-8
-8
-6
-5
-5
-5
-1
-1
-3
-4
-4
-4
-5
-2
0
-1
-1
1
2
4
3
2
2
1
-3
-1
-1
-1
1
2
0
-2
-2
-1
0
-1
-3
-2
-2
0
1
0
0
-1
0
-1
-1
1
0
0
1
2
3
2
1
2
2
2
2
3
3
3
1
1
4
5
3
4
4
1
0
2
0
-1
0
-3
-3
-3
-3
-3
-3
-1
-3
-5
-6
-7
-6
-3
-1
-1
-1
0
-3
-2
-1
-4
-5
-5
-7
-4
-1
-2
-2
-2
-3
-5
-5
-8
-6
-7
-8
-8
-7
-3
-2
-3
-3
-4
-4
-5
-5
-4
-5
-5
-6
-7
-6
-4
-3
-2
-2
-3
-2
-2
-1
1
0
-1
0
1
2
6
6
4
3
1
1
4
1
2
2
0
1
1
0
2
0
-4
-3
-3
-5
-4
-3
-2
-2
0
1
1
-1
-2
0
-5
-3
2
1
3
3
1
-1
-1
2
7
8
8
10
9
8
7
7
8
6
8
7
8
10
8
12
9
5
4
2
2
1
0
1
-1
-2
-1
1
2
1
6
8
7
6
7
6
4
2
1
2
1
3
4
1
3
6
5
7
8
6
7
6
4
6
10
11
13
14
10
6
7
8
12
13
14
14
13
18
19
20
21
19
10
-6
-16
-14
-7
1
9
12
17
21
20
21
20
18
17
16
16
16
18
20
19
21
24
26
27
28
30
28
27
29
30
27
23
23
26
26
29
29
27
24
22
21
14
16
19
19
22
21
21
21
19
18
16
16
16
17
19
19
22
25
26
26
24
23
20
19
19
19
18
16
15
13
12
15
15
17
19
17
15
16
14
12
14
11
11
15
14
12
12
13
13
10
9
7
8
8
5
4
2
1
-1
0
0
-3
-3
-4
-4
-2
-2
2
2
2
4
5
6
5
7
6
0
0
1
4
3
4
3
0
2
0
0
0
0
1
-2
-6
-8
-8
-10
-12
-11
-14
-17
-17
-17
-16
-20
-20
-19
-18
-19
-21
-20
-19
-16
-13
-16
-17
-17
-17
-18
-18
-18
-17
-17
-18
-16
-15
-17
-17
-18
-19
-16
-18
-16
-13
-18
-19
-18
-21
-22
-20
-21
-22
-22
-25
-24
-24
-25
-24
-23
-25
-29
-30
-29
-27
-24
-24
-24
-25
-25
-26
-22
-20
-19
-21
-24
-22
-21
-20
-18
-18
-21
-21
-21
-20
-20
-21
-21
-23
-24
-22
-24
-21
-20
-20
-19
-21
-23
-23
-26
-27
-29
-27
-28
-28
-27
-27
-25
-21
-20
-21
-22
-21
-19
-22
-25
-24
-27
-30
-29
-27
-27
-25
-24
-24
-24
-21
-21
-20
-24
-24
-21
-22
-19
-14
-15
-16
-16
-12
-10
-12
-8
-8
-13
-11
-11
-12
-11
-11
-12
-12
-12
-10
-9
-10
-11
-7
-8
-6
-6
-8
-7
-8
-11
-14
-18
-16
-17
-17
-15
-17
-13
-12
-12
-12
-13
-14
-17
-20
-18
-15
-14
-15
-12
-13
-17
-19
-21
-20
-19
-19
-18
-16
-17
-17
-18
-21
-23
-22
-20
-20
-20
-14
-14
-13
-10
-6
-2
-3
-4
-3
-4
-2
-2
-1
1
0
-1
4
7
6
7
8
9
8
6
6
4
3
7
8
7
3
1
1
1
1
2
1
3
2
2
1
-3
-3
-4
-9
-8
-5
-5
-5
-5
-7
-8
-8
-8
-6
-7
-7
-8
-8
-10
-6
-8
-11
-8
-7
-6
-3
0
-1
-1
-2
-1
-1
-1
0
-1
-1
-1
-1
1
-2
-1
2
-2
0
3
2
4
6
7
6
7
7
7
9
9
10
7
7
7
8
8
6
9
10
10
12
10
9
8
11
13
13
17
18
17
18
18
19
21
22
21
25
23
22
22
19
17
18
19
20
20
22
23
22
23
23
22
21
19
18
17
15
13
14
16
14
9
8
9
9
8
8
9
9
7
4
6
6
7
8
7
6
6
9
7
7
9
9
9
11
12
14
13
12
13
13
14
16
15
15
16
16
18
19
24
29
29
30
30
31
31
32
30
26
27
26
28
31
31
31
30
30
27
25
23
20
20
19
18
15
16
16
16
18
17
18
21
21
20
20
19
18
16
15
15
15
15
16
19
19
17
18
16
15
12
11
11
11
11
11
10
13
12
12
13
12
12
13
12
10
11
11
10
13
12
12
13
13
13
9
13
14
14
14
12
13
12
14
15
13
13
10
9
8
10
10
6
9
7
8
9
11
11
12
13
13
14
11
11
12
8
9
10
11
11
13
12
8
8
6
8
7
6
6
6
7
7
6
6
7
5
3
3
1
2
0
-2
-4
-6
-3
-3
-4
-2
-3
-5
-4
0
-2
-3
-3
-6
-8
-6
-6
-5
-2
-2
-2
-2
-3
-5
-6
-5
-5
-6
-5
-3
-2
-1
0
3
2
2
5
5
4
3
1
1
3
1
2
3
4
6
6
8
12
12
8
8
6
4
4
1
0
1
3
6
5
7
7
4
2
-3
-3
-4
-6
-5
-7
-9
-9
-7
-5
-8
-6
-3
-3
-6
-2
-1
0
2
5
5
5
6
7
7
8
5
5
4
4
2
4
2
3
5
2
0
0
0
-2
-1
1
0
2
0
-4
-3
-4
-2
-5
-5
-5
-6
-7
-8
-4
-3
-5
-3
-5
-6
-5
-5
-7
-2
1
-3
-2
-2
-2
-2
-4
-2
-2
-3
-5
-3
-4
-7
-7
-5
-5
-4
-6
-7
-8
-9
-9
-7
-8
-9
-8
-8
-11
-10
-9
-10
-11
-11
-9
-8
-11
-13
-13
-12
-13
-12
-13
-14
-13
-14
-15
-13
-13
-13
-11
-11
-14
-10
-10
-10
-8
-8
-10
-11
-11
-9
-9
-9
-7
-6
-4
-3
1
3
1
2
3
0
2
7
8
10
13
13
14
11
9
10
8
10
11
14
16
15
17
16
15
14
14
11
10
9
10
12
10
11
12
9
11
13
14
12
13
13
9
8
8
8
10
10
9
12
13
11
12
13
9
10
9
7
10
11
11
12
10
13
11
10
9
8
7
5
5
6
7
10
6
5
6
6
8
7
5
8
5
3
5
4
6
7
6
9
10
10
11
10
9
8
5
4
6
7
8
7
9
8
8
8
5
3
2
2
2
1
1
2
1
0
-1
0
3
0
0
1
0
1
1
2
1
-1
0
2
3
3
5
9
12
12
13
11
9
9
8
7
7
9
6
9
8
7
7
7
7
6
3
1
-2
-4
-7
-6
-4
-6
-7
-5
-5
-7
-10
-8
-9
-9
-11
-12
-13
-9
-5
-6
-8
-9
-9
-10
-9
-5
-4
-2
-2
-2
1
0
-2
-2
1
1
-1
-1
-4
-4
-6
-11
-10
-8
-8
-10
-12
-13
-14
-13
-14
-15
-15
-16
-16
-15
-16
-17
-16
-15
-17
-18
-17
-17
-17
-17
-19
-19
-19
-20
-19
-16
-15
-15
-15
-15
-13
-14
-14
-12
-11
-10
-9
-9
-8
-8
-8
-8
-9
-5
-7
-9
-9
-11
-10
-6
-4
-3
0
-3
-4
-4
-5
-5
-6
-6
-8
-8
-9
-11
-9
-9
-12
-12
-11
-13
-9
-10
-11
-10
-10
-11
-15
-17
-16
-18
-15
-14
-12
-9
-10
-9
-11
-13
-14
-15
-16
-17
-17
-17
-16
-15
-12
-15
-14
-14
-15
-14
-15
-13
-11
-11
-10
-10
-12
-9
-6
-6
-7
-8
-8
-6
-6
-6
-2
1
3
3
2
1
2
-1
0
0
-1
0
3
3
3
3
3
3
4
3
0
2
1
3
5
6
6
7
7
5
7
9
9
11
11
13
13
12
12
13
13
14
17
16
18
20
17
20
20
21
22
16
15
17
16
17
19
18
19
18
17
15
13
13
12
10
11
10
13
14
12
12
13
12
11
9
10
10
8
12
15
16
19
18
18
20
18
16
16
16
15
15
13
12
14
13
15
15
13
12
11
14
15
14
11
10
11
13
11
12
14
16
13
13
11
9
10
8
7
8
7
9
11
12
13
13
12
10
10
11
9
9
9
9
11
12
9
9
11
7
6
7
6
5
2
2
1
1
3
3
2
1
-2
-4
-2
-6
-6
-1
-3
-4
-5
-8
-7
-7
-7
-10
-10
-9
-11
-14
-14
-14
-14
-14
-13
-12
-12
-13
-15
-18
-19
-18
-15
-15
-13
-9
-8
-10
-9
-12
-14
-15
-16
-18
-17
-15
-14
-14
-13
-14
-17
-17
-19
-19
-19
-18
-19
-18
-16
-13
-14
-12
-12
-14
-11
-12
-12
-12
-13
-13
-12
-10
-9
-8
-8
-8
-8
-6
-6
-5
-2
-3
-6
-5
-4
-4
-3
0
1
3
3
3
7
6
2
3
1
3
5
3
6
6
6
9
8
8
8
7
7
6
7
8
6
7
7
7
6
5
2
1
0
-2
-2
1
0
0
-1
-3
-3
-4
-3
-4
-5
-2
0
-4
-3
-4
-6
-3
-1
-3
-3
-3
-5
-1
-1
-2
0
3
3
3
7
7
5
6
6
5
5
4
2
6
6
5
7
7
5
9
9
6
4
1
0
-3
-6
-6
-8
-5
-6
-5
-3
-4
-5
-5
-7
-12
-9
-6
-9
-10
-8
-8
-10
-12
-12
-11
-13
-10
-10
-10
-11
-12
-9
-11
-16
-14
-14
-15
-15
-16
-17
-17
-16
-15
-14
-16
-17
-17
-17
-20
-21
-20
-24
-27
-23
-24
-25
-25
-27
-30
-30
-30
-29
-29
-28
-27
-26
-29
-31
-31
-29
-31
-33
-31
-32
-34
-34
-35
-33
-33
-32
-31
-29
-28
-31
-31
-32
-31
-29
-28
-27
-27
-26
-23
-27
-28
-27
-28
-29
-28
-26
-22
-22
-21
-23
-24
-23
-26
-27
-24
-22
-18
-17
-17
-15
-16
-14
-13
-12
-13
-15
-13
-15
-15
-17
-18
-16
-14
-13
-15
-15
-16
-17
-16
-16
-16
-14
-11
-11
-11
-13
-17
-18
-20
-23
-20
-22
-22
-21
-19
-19
-22
-23
-23
-23
-20
-21
-23
-21
-18
-17
-16
-13
-12
-10
-11
-10
-8
-8
-8
-5
-5
-2
1
1
3
2
3
2
1
4
8
10
12
15
17
18
16
18
20
21
19
18
18
22
22
22
24
24
25
26
26
28
30
29
31
33
33
33
31
32
34
34
35
34
35
36
37
35
35
36
34
36
36
33
35
34
31
32
30
30
27
28
28
26
28
25
22
23
23
20
18
18
15
14
15
15
15
15
13
11
11
12
11
11
14
17
16
15
16
18
19
20
21
21
23
26
28
28
30
32
33
33
33
34
35
35
38
36
37
37
37
34
30
30
28
29
28
24
22
21
19
16
14
11
12
12
8
8
6
7
6
3
1
1
1
0
-1
1
1
2
2
3
7
6
6
4
4
6
7
7
7
7
10
12
14
12
13
14
12
12
11
14
14
13
15
13
15
13
14
15
13
13
13
11
10
10
10
10
9
6
8
10
9
9
7
7
9
9
10
8
8
9
10
11
13
13
14
14
14
16
17
17
18
16
16
17
17
16
17
18
16
15
15
16
14
13
11
7
7
8
9
11
11
8
8
10
10
12
11
9
10
9
9
9
9
11
7
9
7
6
5
6
6
5
3
2
2
0
-1
-3
-5
-6
-6
-7
-9
-11
-15
-17
-19
-21
-23
-22
-25
-26
-27
-28
-25
-25
-25
-27
-27
-23
-23
-23
-22
-24
-21
-20
-17
-15
-15
-14
-12
-11
-9
-9
-8
-8
-4
-6
-6
0
-1
3
3
2
4
5
7
8
10
10
8
8
10
7
5
4
2
0
1
-1
-5
-8
-13
-14
-17
-22
-23
-24
-26
-27
-30
-30
-32
-34
-34
-36
-34
-36
-38
-36
-34
-33
-30
-29
-30
-26
-23
-22
-18
-16
-17
-15
-11
-9
-8
-6
-3
0
2
6
9
12
14
17
21
25
28
31
32
34
36
38
39
40
39
39
37
36
34
34
32
30
26
21
19
16
13
6
3
1
-6
-11
-15
-19
-20
-25
-30
-30
-35
-42
-46
-50
-53
-54
-55
-58
-57
-56
-56
-55
-55
-55
-55
-49
-47
-44
-39
-33
-27
-20
-14
-9
-1
5
10
19
25
34
43
52
59
65
72
77
82
85
90
95
97
99
99
100
102
100
98
96
91
86
78
71
65
59
50
41
30
20
11
1
-12
-25
-40
-51
-63
-72
-84
-97
-105
-117
-128
-134
-142
-148
-153
-158
-158
-159
-160
-160
-158
-155
-149
-144
-136
-125
-114
-103
-89
-76
-61
-45
-31
-18
-3
16
33
48
64
80
98
115
132
147
163
176
189
199
208
216
224
230
233
240
238
234
232
225
218
209
197
180
165
149
131
110
86
63
38
11
-15
-40
-66
-92
-116
-140
-168
-191
-213
-234
-249
-267
-281
-292
-299
-305
-310
-310
-309
-304
-299
-288
-277
-263
-246
-231
-210
-186
-161
-138
-110
-82
-51
-19
12
44
78
112
142
175
208
238
267
296
321
348
370
388
406
418
430
434
432
427
418
404
386
363
338
311
277
243
204
157
114
65
14
-31
-80
-128
-171
-218
-260
-301
-340
-378
-410
-439
-464
-486
-504
-514
-522
-525
-525
-521
-511
-504
-486
-462
-443
-417
-389
-356
-315
-276
-233
-190
-143
-91
-42
9
63
117
170
222
275
325
376
422
471
514
550
584
614
636
655
665
667
665
657
644
622
597
566
527
482
435
386
333
275
217
156
96
35
-28
-89
-148
-206
-263
-319
-371
-421
-465
-507
-546
-583
-613
-637
-662
-679
-693
-701
-705
-708
-702
-693
-679
-657
-635
-607
-575
-537
-493
-446
-397
-343
-288
-232
-172
-109
-44
22
90
157
225
290
356
417
477
533
582
631
675
712
744
767
786
797
799
795
786
767
746
717
682
642
598
548
496
437
377
315
250
188
126
61
-1
-59
-122
-181
-237
-292
-341
-390
-435
-477
-515
-551
-584
-614
-640
-661
-679
-691
-700
-701
-699
-696
-687
-674
-656
-631
-606
-577
-543
-505
-461
-414
-366
-315
-262
-209
-153
-94
-32
30
93
156
219
279
338
397
452
504
553
598
641
681
718
748
768
783
794
795
793
780
764
739
711
678
639
595
546
494
436
376
315
253
191
128
65
6
-54
-112
-171
-229
-277
-330
-380
-424
-465
-501
-535
-569
-599
-627
-648
-667
-684
-693
-700
-701
-698
-692
-682
-667
-646
-629
-601
-571
-539
-502
-465
-423
-380
-335
-288
-236
-182
-128
-72
-14
43
101
160
218
274
334
390
443
495
545
590
632
672
707
737
761
780
794
800
797
791
776
760
738
705
670
630
585
538
484
428
369
307
244
182
119
59
-5
-67
-127
-186
-240
-294
-345
-391
-436
-478
-512
-549
-578
-605
-631
-649
-662
-674
-680
-684
-686
-681
-676
-670
-658
-645
-626
-605
-583
-558
-528
-497
-458
-419
-378
-334
-291
-240
-190
-140
-89
-38
16
70
124
181
236
289
344
397
449
499
545
586
625
661
690
717
741
759
773
780
782
776
765
743
719
688
650
610
566
517
465
410
351
293
233
171
112
50
-9
-67
-126
-179
-231
-281
-325
-368
-406
-439
-471
-498
-524
-548
-569
-588
-603
-616
-628
-635
-638
-640
-637
-631
-624
-614
-601
-585
-564
-544
-521
-491
-463
-431
-392
-356
-312
-269
-222
-173
-127
-79
-26
24
73
125
180
233
285
334
386
436
480
528
570
608
644
674
700
726
743
753
760
763
756
745
727
705
675
640
603
559
512
462
407
352
295
236
177
116
58
1
-55
-110
-164
-216
-270
-318
-361
-406
-444
-478
-515
-546
-572
-599
-623
-640
-652
-663
-670
-672
-675
-670
-662
-651
-634
-615
-590
-561
-530
-496
-459
-418
-382
-337
-290
-241
-191
-143
-91
-38
12
67
116
164
216
265
310
357
403
446
488
528
564
598
629
653
676
695
708
714
719
721
716
707
691
669
641
608
574
532
485
437
384
333
280
226
168
109
54
0
-58
-112
-164
-215
-264
-306
-349
-390
-424
-456
-486
-513
-536
-558
-577
-590
-602
-610
-615
-617
-618
-616
-607
-596
-582
-565
-545
-522
-498
-469
-437
-403
-369
-335
-295
-252
-213
-171
-125
-80
-33
10
52
95
137
179
221
259
297
337
375
412
445
477
506
533
560
581
599
613
625
632
636
638
633
623
609
592
571
544
508
472
432
388
343
299
249
199
151
97
47
-1
-50
-96
-141
-181
-223
-263
-296
-333
-363
-389
-419
-442
-465
-484
-500
-515
-524
-532
-540
-542
-543
-543
-538
-531
-520
-505
-487
-468
-445
-419
-394
-364
-333
-301
-266
-231
-196
-158
-118
-82
-46
-7
27
62
96
128
162
193
227
257
290
319
345
373
398
419
440
459
475
489
504
515
521
525
523
514
505
490
472
452
427
400
367
333
299
260
219
178
136
94
52
11
-28
-67
-108
-143
-174
-209
-237
-265
-293
-314
-334
-354
-372
-385
-396
-409
-420
-426
-432
-437
-439
-437
-432
-428
-420
-413
-398
-383
-367
-345
-328
-306
-283
-260
-236
-206
-181
-155
-123
-93
-66
-35
-6
24
51
78
104
133
160
185
211
234
257
281
304
327
343
360
378
393
408
418
427
434
439
440
435
430
421
405
387
364
344
321
290
261
230
198
163
127
93
54
19
-12
-49
-80
-112
-143
-174
-203
-228
-253
-275
-299
-319
-337
-353
-366
-382
-394
-403
-411
-418
-419
-418
-416
-411
-404
-393
-381
-369
-354
-338
-317
-295
-271
-246
-220
-191
-164
-138
-110
-80
-52
-25
4
35
60
88
115
139
165
189
210
234
258
280
303
323
341
362
377
393
409
421
429
437
440
444
440
435
429
419
405
385
363
337
310
283
250
217
183
147
114
79
44
9
-26
-63
-98
-129
-163
-192
-219
-248
-273
-297
-320
-338
-357
-377
-390
-401
-410
-415
-420
-424
-421
-416
-412
-401
-391
-378
-358
-341
-320
-296
-271
-244
-217
-188
-159
-130
-102
-73
-46
-20
10
37
65
91
116
140
163
187
207
228
248
268
286
300
317
335
350
364
377
387
394
402
406
408
405
401
396
388
377
361
345
324
303
278
248
217
185
153
116
83
47
13
-17
-52
-84
-116
-147
-173
-202
-229
-253
-275
-293
-314
-332
-343
-358
-370
-374
-381
-381
-380
-377
-371
-365
-356
-346
-332
-319
-306
-286
-265
-244
-223
-203
-175
-151
-128
-105
-84
-58
-36
-11
13
36
61
84
105
130
152
171
191
210
231
248
263
282
296
309
323
334
347
353
357
361
361
360
355
350
342
332
318
303
287
266
245
221
196
168
140
112
82
52
21
-10
-40
-68
-95
-122
-146
-172
-197
-218
-237
-258
-277
-292
-305
-316
-326
-331
-337
-337
-334
-334
-331
-324
-316
-302
-289
-275
-259
-242
-223
-202
-180
-158
-133
-111
-94
-75
-54
-32
-12
8
28
47
65
79
97
115
130
147
161
175
184
193
205
213
218
226
232
236
240
244
246
246
248
247
244
242
237
228
220
210
197
182
169
154
135
117
101
82
63
45
25
7
-12
-32
-54
-72
-88
-107
-125
-140
-157
-171
-186
-198
-210
-222
-228
-237
-241
-244
-245
-244
-241
-235
-229
-221
-209
-197
-189
-174
-159
-146
-129
-111
-90
-75
-63
-44
-32
-22
-4
9
23
38
50
59
71
82
92
104
112
120
128
136
143
150
156
161
166
167
172
172
172
174
172
171
168
163
158
151
144
139
131
122
112
103
94
84
70
57
43
28
15
3
-9
-24
-36
-46
-59
-73
-84
-96
-108
-122
-131
-141
-152
-160
-168
-176
-182
-187
-190
-191
-188
-182
-176
-166
-152
-136
-124
-112
-100
-91
-79
-66
-59
-50
-44
-41
-32
-25
-18
-9
4
16
25
38
52
63
73
80
89
97
100
107
113
119
125
129
132
135
136
136
136
136
135
133
131
130
129
124
122
119
112
101
91
83
76
68
59
54
46
38
34
19
9
-3
-17
-24
-35
-43
-49
-59
-70
-81
-91
-102
-111
-119
-124
-129
-131
-133
-135
-134
-135
-133
-130
-125
-117
-114
-108
-103
-94
-87
-85
-80
-73
-66
-60
-52
-42
-30
-18
-10
2
10
16
20
22
26
30
33
37
42
51
58
63
65
70
72
69
65
64
62
57
56
56
57
57
55
50
44
41
35
31
28
27
26
22
18
13
8
4
-3
-8
-14
-17
-22
-26
-30
-31
-32
-38
-40
-44
-51
-58
-62
-63
-62
-66
-67
-65
-64
-61
-56
-52
-46
-42
-38
-35
-34
-35
-35
-36
-36
-32
-23
-13
-8
2
7
7
8
9
12
18
24
30
33
37
40
41
42
42
43
41
34
31
17
-2
-25
-52
-85
-131
-176
-208
-220
-210
-189
-163
-145
-133
-126
-132
-142
-149
-153
-146
-131
-111
-87
-66
-47
-25
-8
1
2
0
-6
-15
-26
-38
-51
-64
-79
-93
-103
-108
-107
-99
-93
-86
-78
-78
-78
-76
-72
-67
-64
-53
-36
-16
-3
9
14
16
26
36
49
63
77
92
103
109
109
99
93
90
91
97
102
103
104
99
88
73
50
24
0
-12
-15
-10
-5
4
15
25
40
57
69
87
102
116
127
134
136
134
133
133
138
145
149
154
155
152
144
130
118
106
101
92
84
82
79
79
81
83
94
102
111
121
126
127
130
132
131
131
129
124
123
122
126
132
137
150
160
167
173
176
178
177
176
179
174
169
164
159
153
149
149
147
145
143
142
135
124
117
113
120
128
136
140
143
145
148
148
143
137
130
126
124
120
118
112
105
100
89
76
58
45
32
22
12
5
-1
-11
-24
-35
-52
-67
-78
-89
-100
-112
-121
-129
-136
-141
-147
-154
-159
-162
-166
-171
-173
-176
-173
-171
-173
-178
-183
-186
-183
-176
-172
-164
-160
-165
-164
-165
-162
-154
-152
-146
-139
-133
-121
-112
-99
-83
-65
-42
-24
-4
12
25
41
48
58
66
77
92
102
111
120
126
134
142
150
157
164
172
173
169
164
157
154
146
130
111
87
63
40
15
-16
-43
-70
-100
-123
-149
-173
-192
-216
-241
-268
-295
-321
-346
-362
-376
-386
-396
-402
-403
-405
-397
-391
-387
-380
-372
-360
-344
-331
-310
-282
-248
-214
-182
-153
-135
-115
-93
-67
-38
-9
28
64
100
136
168
202
238
276
315
342
368
392
410
429
446
455
465
469
467
466
464
459
450
435
411
385
352
308
261
212
159
97
24
-51
-130
-202
-271
-345
-418
-493
-562
-625
-688
-740
-783
-820
-846
-865
-877
-882
-872
-846
-808
-763
-711
-654
-592
-525
-456
-383
-308
-227
-143
-65
6
71
131
189
245
294
335
374
414
452
491
526
561
596
627
659
684
709
737
760
782
803
817
833
844
850
854
847
822
786
726
651
568
474
374
260
134
1
-144
-297
-449
-591
-722
-839
-945
-1043
-1128
-1200
-1249
-1282
-1294
-1280
-1249
-1195
-1131
-1061
-983
-890
-779
-659
-541
-429
-325
-219
-114
-23
60
130
192
242
274
294
305
315
330
347
364
380
394
415
449
493
555
629
713
805
900
999
1100
1204
1299
1387
1446
1464
1449
1404
1339
1258
1153
1018
849
656
440
208
-28
-251
-448
-628
-798
-969
-1136
-1284
-1399
-1475
-1516
-1529
-1510
-1471
-1414
-1338
-1247
-1129
-982
-823
-668
-530
-410
-300
-200
-111
-31
31
75
93
88
58
18
-15
-41
-70
-103
-147
-195
-235
-260
-267
-252
-213
-152
-73
19
128
258
410
581
770
962
1157
1350
1541
1721
1873
1985
2043
2040
1982
1881
1749
1584
1387
1165
907
613
293
-38
-348
-619
-859
-1077
-1284
-1469
-1624
-1744
-1819
-1846
-1812
-1722
-1596
-1462
-1331
-1189
-1019
-816
-601
-397
-216
-62
61
151
204
234
257
270
264
212
114
-9
-134
-247
-345
-435
-519
-593
-662
-726
-779
-800
-774
-699
-594
-478
-352
-210
-37
168
391
622
857
1090
1312
1515
1705
1899
2095
2276
2402
2431
2361
2227
2054
1851
1625
1375
1096
784
428
25
-387
-753
-1038
-1259
-1452
-1637
-1813
-1954
-2044
-2082
-2057
-1952
-1769
-1553
-1345
-1174
-1012
-810
-564
-300
-62
133
301
421
483
490
458
430
409
358
250
88
-96
-274
-427
-569
-693
-789
-863
-924
-985
-1038
-1047
-994
-896
-767
-617
-459
-286
-96
110
343
593
850
1094
1309
1499
1676
1853
2036
2221
2395
2532
2590
2538
2386
2184
1964
1729
1465
1167
841
484
94
-317
-718
-1047
-1283
-1454
-1601
-1750
-1884
-1973
-2003
-1976
-1888
-1729
-1504
-1258
-1033
-838
-649
-432
-185
59
270
434
557
630
643
595
519
444
368
262
103
-98
-305
-494
-664
-813
-939
-1034
-1095
-1142
-1181
-1202
-1177
-1093
-963
-808
-635
-448
-249
-37
187
429
683
940
1182
1390
1567
1727
1877
2035
2197
2350
2473
2522
2460
2288
2052
1790
1518
1229
916
589
241
-134
-536
-928
-1247
-1464
-1593
-1689
-1780
-1858
-1899
-1888
-1826
-1715
-1535
-1283
-999
-740
-534
-360
-172
50
276
469
613
709
754
729
636
504
370
250
120
-52
-266
-494
-705
-883
-1032
-1149
-1221
-1250
-1253
-1249
-1243
-1196
-1093
-940
-762
-574
-371
-155
68
291
507
736
979
1207
1401
1556
1691
1826
1962
2090
2215
2330
2412
2405
2276
2050
1787
1523
1249
950
628
305
-19
-364
-737
-1089
-1343
-1483
-1558
-1622
-1696
-1743
-1733
-1676
-1592
-1477
-1291
-1027
-750
-523
-369
-239
-74
125
299
411
479
522
528
460
317
137
-13
-124
-249
-428
-643
-842
-996
-1114
-1212
-1283
-1304
-1272
-1209
-1155
-1100
-1010
-865
-676
-474
-271
-60
152
363
557
740
928
1118
1296
1446
1568
1675
1777
1884
1999
2130
2265
2341
2298
2124
1871
1597
1328
1050
753
462
182
-119
-467
-847
-1173
-1371
-1451
-1480
-1522
-1576
-1594
-1561
-1504
-1431
-1302
-1081
-788
-504
-299
-171
-59
93
264
404
488
529
543
503
387
205
9
-148
-262
-384
-548
-737
-921
-1068
-1167
-1236
-1263
-1248
-1199
-1136
-1082
-1027
-946
-808
-611
-378
-133
95
303
500
697
913
1141
1368
1568
1723
1831
1892
1928
1973
2061
2194
2318
2336
2176
1845
1424
1002
623
294
1
-277
-564
-891
-1250
-1567
-1750
-1750
-1607
-1422
-1275
-1180
-1108
-1020
-894
-716
-479
-199
60
228
281
260
229
228
243
233
175
61
-115
-347
-609
-848
-1024
-1128
-1186
-1244
-1301
-1333
-1322
-1261
-1149
-978
-756
-521
-316
-167
-54
52
167
281
373
441
486
510
508
479
463
501
602
735
855
948
1045
1186
1380
1617
1894
2210
2535
2764
2778
2529
2096
1618
1173
758
315
-182
-696
-1196
-1649
-2014
-2226
-2213
-1986
-1660
-1363
-1151
-967
-726
-403
-39
297
557
728
793
733
573
374
198
45
-142
-407
-749
-1088
-1352
-1518
-1598
-1612
-1569
-1468
-1331
-1175
-992
-758
-471
-165
97
274
362
384
365
315
235
131
11
-116
-252
-383
-468
-478
-405
-264
-72
169
463
788
1111
1417
1715
2023
2345
2648
2910
3127
3273
3262
2975
2375
1579
773
82
-503
-1062
-1624
-2125
-2485
-2654
-2617
-2356
-1858
-1189
-508
17
336
543
747
962
1106
1089
900
588
199
-242
-700
-1089
-1340
-1459
-1524
-1594
-1653
-1622
-1456
-1192
-899
-619
-355
-105
99
221
267
280
279
243
130
-64
-299
-512
-691
-844
-960
-1026
-1015
-932
-801
-630
-399
-94
261
622
962
1280
1583
1848
2031
2106
2102
2068
2049
2049
2067
2100
2131
2068
1789
1252
568
-62
-505
-786
-1009
-1251
-1486
-1631
-1633
-1490
-1200
-765
-249
221
507
560
472
369
305
227
59
-199
-495
-782
-1037
-1255
-1388
-1388
-1253
-1046
-868
-752
-651
-519
-349
-186
-75
-17
1
-12
-87
-239
-415
-566
-652
-696
-752
-827
-891
-902
-853
-761
-636
-470
-267
-52
138
293
443
620
813
986
1118
1209
1274
1308
1299
1255
1224
1259
1373
1550
1761
1986
2173
2206
1983
1504
913
391
-4
-340
-702
-1090
-1419
-1605
-1632
-1519
-1264
-867
-394
14
239
281
249
234
228
163
-7
-247
-496
-727
-944
-1123
-1209
-1148
-979
-811
-713
-664
-591
-464
-316
-198
-136
-110
-112
-169
-290
-437
-540
-554
-519
-507
-542
-601
-626
-598
-531
-446
-339
-197
-45
81
172
268
414
608
810
966
1087
1198
1311
1406
1452
1462
1484
1561
1705
1898
2111
2297
2342
2124
1617
945
306
-180
-529
-853
-1205
-1536
-1756
-1802
-1670
-1374
-925
-395
81
368
422
336
219
121
9
-167
-413
-694
-971
-1206
-1360
-1392
-1271
-1040
-792
-604
-494
-411
-310
-198
-106
-58
-55
-79
-146
-267
-414
-532
-572
-544
-512
-518
-557
-583
-572
-527
-464
-372
-235
-62
103
224
324
450
637
853
1041
1173
1252
1300
1325
1326
1330
1373
1482
1652
1852
2043
2159
2107
1819
1311
705
145
-301
-673
-1036
-1380
-1638
-1743
-1668
-1442
-1088
-643
-183
180
361
368
270
136
-19
-216
-466
-735
-977
-1163
-1278
-1306
-1223
-1031
-776
-528
-342
-221
-128
-52
-3
-2
-53
-139
-255
-391
-533
-646
-693
-671
-625
-606
-629
-665
-664
-613
-538
-454
-373
-290
-203
-119
-24
110
292
508
709
856
948
997
1018
1028
1055
1137
1290
1492
1704
1905
2079
2175
2092
1755
1220
636
135
-267
-636
-1016
-1349
-1538
-1533
-1352
-1040
-629
-160
283
577
661
572
414
258
101
-100
-368
-655
-895
-1047
-1102
-1052
-890
-643
-369
-144
-9
52
83
107
114
84
12
-90
-213
-348
-471
-546
-542
-471
-390
-349
-354
-365
-348
-289
-208
-126
-54
11
70
137
235
369
539
715
861
964
1025
1048
1047
1039
1066
1150
1286
1452
1625
1796
1933
1948
1744
1300
719
166
-270
-612
-935
-1263
-1530
-1650
-1594
-1379
-1046
-636
-201
151
319
288
126
-64
-230
-401
-610
-843
-1057
-1211
-1282
-1271
-1166
-957
-677
-399
-197
-96
-74
-82
-101
-136
-185
-238
-290
-356
-443
-528
-571
-539
-450
-356
-289
-248
-222
-198
-178
-151
-105
-34
45
103
144
197
299
450
618
778
915
1020
1077
1067
1022
1015
1103
1282
1487
1650
1752
1785
1704
1441
988
448
-25
-363
-620
-887
-1180
-1403
-1441
-1278
-989
-665
-348
-63
152
239
178
15
-169
-327
-485
-678
-891
-1059
-1122
-1078
-969
-840
-683
-479
-255
-60
50
75
56
25
-20
-97
-204
-301
-373
-420
-446
-451
-427
-366
-288
-231
-205
-197
-176
-126
-67
-13
28
59
101
166
265
403
564
726
864
963
1021
1036
1021
1014
1059
1183
1361
1547
1715
1850
1929
1873
1599
1126
564
63
-313
-618
-915
-1204
-1390
-1394
-1224
-938
-601
-249
76
309
378
269
46
-204
-433
-653
-878
-1090
-1239
-1291
-1248
-1133
-962
-729
-441
-152
68
165
152
83
6
-64
-144
-259
-396
-523
-607
-630
-586
-482
-341
-215
-146
-137
-159
-158
-109
-36
24
41
27
27
74
187
344
518
685
821
903
926
906
883
913
1024
1192
1378
1551
1704
1833
1875
1739
1382
857
303
-169
-536
-847
-1134
-1365
-1467
-1396
-1176
-852
-470
-87
222
377
338
151
-96
-350
-586
-807
-1001
-1144
-1213
-1203
-1123
-976
-768
-512
-253
-40
94
132
89
-6
-117
-215
-295
-359
-409
-452
-480
-478
-445
-384
-305
-228
-161
-112
-81
-60
-41
-19
15
65
133
228
343
462
570
660
735
806
864
894
891
872
885
972
1132
1333
1528
1677
1749
1681
1411
954
404
-106
-482
-751
-978
-1183
-1327
-1336
-1172
-862
-468
-66
257
428
415
241
-15
-273
-495
-686
-860
-1023
-1149
-1207
-1167
-1010
-761
-476
-222
-54
29
52
40
4
-57
-135
-221
-313
-401
-468
-491
-445
-343
-226
-143
-122
-134
-143
-128
-98
-76
-72
-77
-67
-35
27
130
273
444
600
705
758
786
817
850
864
859
886
986
1159
1358
1533
1662
1713
1626
1348
879
323
-173
-537
-799
-1018
-1213
-1326
-1283
-1064
-717
-322
41
320
453
408
213
-68
-357
-612
-834
-1028
-1177
-1252
-1230
-1102
-891
-622
-331
-76
110
205
214
161
65
-60
-185
-291
-372
-430
-474
-504
-490
-422
-309
-189
-104
-71
-78
-107
-137
-156
-151
-110
-31
66
157
234
311
414
535
645
724
771
800
801
768
733
746
855
1050
1266
1442
1563
1624
1590
1406
1038
545
57
-335
-618
-834
-1015
-1135
-1148
-1030
-801
-504
-190
93
286
329
207
-37
-328
-592
-794
-941
-1050
-1121
-1140
-1075
-926
-712
-461
-232
-57
52
90
65
-4
-99
-197
-280
-349
-409
-456
-475
-447
-371
-275
-188
-136
-122
-128
-138
-143
-132
-101
-49
18
86
148
214
306
431
564
671
740
788
832
856
854
847
871
970
1129
1305
1451
1560
1631
1609
1422
1042
539
38
-365
-656
-884
-1069
-1187
-1194
-1072
-844
-548
-228
73
290
352
236
-10
-307
-574
-781
-938
-1061
-1142
-1158
-1090
-947
-750
-526
-297
-88
56
110
77
-12
-116
-220
-310
-385
-439
-463
-459
-428
-374
-300
-216
-142
-92
-72
-68
-63
-49
-25
9
52
103
164
243
347
463
571
649
693
716
736
770
813
871
962
1089
1248
1419
1585
1713
1757
1647
1326
824
243
-288
-691
-961
-1133
-1238
-1262
-1180
-982
-678
-313
57
350
498
452
221
-122
-482
-771
-958
-1063
-1117
-1139
-1115
-1019
-848
-616
-353
-94
112
216
200
77
-94
-250
-349
-390
-401
-410
-434
-459
-452
-390
-267
-122
-5
45
21
-46
-122
-168
-161
-95
10
120
215
296
386
498
621
729
799
831
834
817
800
808
873
1010
1208
1436
1636
1746
1698
1450
1027
508
-1
-419
-737
-988
-1191
-1324
-1334
-1185
-887
-498
-99
227
415
432
296
53
-230
-494
-716
-895
-1038
-1146
-1188
-1135
-978
-737
-461
-206
-13
96
119
69
-30
-146
-242
-307
-348
-374
-400
-424
-426
-391
-306
-197
-98
-50
-59
-102
-143
-153
-122
-55
36
136
228
311
397
501
621
737
831
878
878
853
830
846
926
1068
1247
1431
1594
1699
1692
1510
1140
643
127
-315
-659
-934
-1161
-1316
-1338
-1185
-883
-497
-111
204
398
439
327
106
-169
-445
-682
-876
-1035
-1154
-1205
-1162
-1015
-785
-512
-247
-46
69
93
45
-47
-153
-247
-327
-392
-441
-477
-492
-479
-431
-348
-246
-155
-105
-100
-119
-136
-136
-106
-67
-14
55
135
228
324
430
549
667
758
804
807
787
779
809
887
1011
1162
1321
1473
1602
1677
1615
1355
904
353
-166
-563
-831
-1020
-1162
-1234
-1190
-1006
-706
-342
21
317
476
454
252
-64
-401
-683
-885
-1017
-1106
-1157
-1152
-1068
-904
-671
-401
-142
50
144
133
38
-100
-233
-331
-387
-413
-436
-453
-451
-406
-313
-197
-88
-18
3
-21
-72
-123
-157
-156
-120
-59
18
112
222
346
494
640
755
834
872
877
866
857
876
938
1050
1209
1383
1541
1634
1598
1388
994
486
-34
-472
-787
-991
-1101
-1131
-1069
-905
-651
-334
10
316
510
531
348
15
-371
-719
-973
-1122
-1183
-1179
-1123
-1012
-845
-634
-382
-122
91
213
215
104
-74
-253
-389
-459
-469
-445
-416
-391
-359
-302
-210
-103
-16
19
-11
-80
-148
-190
-195
-158
-82
23
157
300
440
565
672
761
834
883
898
888
881
914
998
1123
1271
1416
1529
1558
1441
1147
711
226
-213
-568
-842
-1044
-1165
-1171
-1056
-840
-564
-267
26
263
385
343
134
-179
-510
-790
-987
-1116
-1184
-1185
-1121
-980
-773
-527
-273
-55
80
123
90
9
-87
-191
-293
-384
-446
-466
-439
-377
-302
-216
-131
-62
-21
-16
-37
-70
-98
-112
-113
-93
-30
78
216
355
478
582
689
799
879
914
903
881
900
975
1101
1264
1432
1577
1642
1542
1238
768
257
-164
-436
-604
-766
-963
-1139
-1194
-1051
-719
-300
85
347
443
369
157
-122
-388
-585
-718
-815
-919
-1021
-1065
-1005
-822
-551
-263
-21
121
146
76
-55
-190
-286
-338
-368
-402
-453
-503
-509
-454
-341
-207
-96
-39
-32
-53
-91
-120
-133
-124
-77
-1
103
218
331
450
571
693
810
897
947
964
969
985
1039
1140
1276
1422
1515
1485
1277
901
431
-12
-358
-604
-785
-941
-1062
-1107
-1039
-840
-544
-200
108
310
359
263
68
-166
-390
-592
-773
-931
-1049
-1094
-1046
-916
-723
-501
-279
-98
15
39
-11
-101
-204
-306
-411
-516
-599
-643
-634
-575
-474
-351
-226
-120
-58
-31
-24
-18
-8
15
44
76
121
181
267
382
515
658
789
887
948
989
1039
1134
1269
1425
1582
1707
1771
1720
1496
1096
585
84
-320
-609
-834
-1047
-1221
-1299
-1213
-949
-563
-154
188
399
451
366
181
-45
-268
-476
-675
-877
-1055
-1162
-1161
-1034
-810
-542
-285
-82
42
78
47
-30
-129
-229
-329
-421
-501
-561
-591
-579
-514
-404
-270
-148
-67
-45
-60
-74
-64
-18
52
119
182
251
332
437
565
698
828
935
1001
1034
1050
1096
1193
1342
1511
1644
1690
1599
1332
906
398
-82
-452
-718
-926
-1111
-1252
-1286
-1157
-866
-481
-93
227
429
485
399
196
-62
-318
-539
-730
-905
-1048
-1123
-1095
-948
-720
-462
-227
-52
47
74
32
-50
-159
-281
-404
-532
-645
-718
-727
-670
-563
-431
-315
-222
-148
-95
-47
-4
22
46
76
117
183
281
400
532
666
791
899
984
1054
1109
1159
1220
1297
1394
1507
1609
1641
1526
1205
710
162
-308
-636
-846
-1013
-1172
-1285
-1272
-1089
-761
-364
6
287
453
485
392
200
-49
-308
-541
-727
-870
-958
-996
-967
-861
-678
-449
-221
-41
52
48
-32
-150
-267
-364
-444
-522
-605
-682
-721
-692
-599
-473
-343
-243
-187
-160
-144
-115
-52
39
146
249
341
429
527
648
792
942
1070
1154
1187
1198
1234
1330
1506
1718
1868
1845
1571
1070
475
-57
-435
-688
-899
-1131
-1353
-1483
-1435
-1179
-765
-286
156
470
605
561
396
176
-53
-281
-505
-726
-924
-1060
-1110
-1056
-898
-647
-348
-72
120
190
159
71
-25
-108
-199
-317
-461
-604
-704
-729
-678
-577
-459
-360
-294
-260
-236
-195
-129
-49
35
104
170
254
381
553
746
933
1089
1202
1277
1326
1378
1457
1588
1760
1901
1902
1661
1172
556
-14
-420
-660
-830
-1011
-1209
-1359
-1371
-1202
-881
-467
-51
282
465
470
327
108
-112
-291
-447
-604
-777
-946
-1061
-1080
-982
-785
-535
-296
-124
-37
-24
-52
-86
-119
-159
-225
-329
-455
-568
-639
-651
-617
-560
-499
-448
-395
-337
-264
-169
-59
54
160
270
387
520
674
833
988
1139
1288
1417
1518
1595
1680
1805
1956
2038
1921
1521
893
213
-335
-687
-894
-1057
-1228
-1366
-1392
-1249
-949
-550
-127
244
495
567
452
209
-71
-316
-502
-657
-806
-949
-1051
-1053
-947
-753
-515
-289
-101
22
73
56
-12
-100
-188
-268
-351
-440
-512
-552
-547
-509
-463
-422
-385
-347
-313
-281
-252
-223
-181
-118
-34
88
261
474
707
922
1098
1238
1355
1468
1580
1694
1817
1947
2034
1975
1677
1136
475
-122
-531
-762
-917
-1093
-1280
-1384
-1324
-1078
-703
-300
59
331
484
503
399
210
-15
-235
-441
-636
-817
-965
-1044
-1030
-919
-735
-519
-301
-115
12
77
78
34
-32
-109
-198
-298
-405
-498
-560
-580
-562
-524
-479
-432
-387
-346
-314
-294
-277
-238
-160
-29
146
338
525
702
885
1088
1301
1495
1646
1755
1856
1966
2039
1959
1620
1034
337
-278
-689
-914
-1057
-1200
-1336
-1376
-1242
-932
-516
-93
255
492
600
577
443
246
35
-167
-369
-575
-774
-927
-991
-957
-835
-675
-513
-368
-238
-124
-39
8
14
-22
-85
-160
-247
-332
-405
-452
-470
-470
-467
-469
-471
-457
-414
-344
-272
-206
-132
-35
102
275
461
644
831
1028
1225
1402
1536
1642
1768
1937
2108
2157
1938
1406
676
-30
-536
-815
-975
-1137
-1331
-1489
-1498
-1294
-904
-418
65
447
666
703
577
364
150
-33
-196
-390
-638
-891
-1075
-1126
-1045
-888
-717
-554
-405
-267
-151
-79
-51
-57
-90
-147
-231
-324
-393
-417
-395
-357
-338
-346
-363
-356
-318
-262
-210
-183
-157
-104
6
183
409
655
898
1119
1310
1461
1577
1696
1866
2085
2282
2295
1977
1341
555
-132
-569
-787
-950
-1196
-1513
-1756
-1763
-1486
-1001
-452
30
373
569
632
590
494
372
236
62
-182
-492
-808
-1045
-1142
-1090
-949
-793
-655
-535
-410
-266
-135
-44
-11
-32
-90
-168
-246
-310
-351
-378
-398
-414
-429
-426
-404
-368
-331
-302
-267
-211
-119
19
193
404
635
883
1136
1373
1587
1770
1951
2164
2381
2497
2341
1822
1018
171
-471
-832
-1022
-1232
-1553
-1882
-2034
-1881
-1437
-855
-293
146
432
584
643
642
613
565
471
298
22
-321
-647
-867
-940
-901
-821
-768
-753
-743
-692
-573
-399
-223
-89
-20
-10
-35
-68
-84
-94
-114
-163
-240
-335
-427
-490
-515
-506
-473
-433
-375
-274
-114
108
372
654
938
1211
1455
1642
1772
1884
2050
2291
2489
2448
2015
1236
370
-299
-655
-812
-1000
-1350
-1782
-2079
-2061
-1716
-1176
-617
-151
186
411
548
619
647
646
610
488
242
-109
-477
-749
-873
-870
-823
-794
-796
-800
-754
-650
-513
-373
-268
-203
-176
-173
-166
-142
-101
-69
-73
-123
-199
-271
-320
-342
-365
-399
-435
-453
-414
-296
-99
163
463
784
1106
1400
1648
1863
2088
2353
2621
2740
2542
1970
1169
405
-129
-436
-687
-1048
-1526
-1964
-2159
-2030
-1649
-1173
-736
-386
-106
140
362
549
687
760
741
606
354
35
-265
-477
-585
-641
-703
-791
-872
-896
-834
-712
-587
-494
-443
-407
-357
-286
-198
-123
-78
-74
-102
-136
-152
-149
-141
-150
-195
-261
-320
-343
-306
-207
-51
152
407
692
984
1252
1502
1789
2143
2515
2749
2664
2206
1520
855
378
71
-236
-693
-1273
-1796
-2081
-2069
-1842
-1532
-1231
-955
-677
-385
-100
151
357
517
617
635
545
373
167
-18
-154
-265
-383
-524
-678
-803
-868
-871
-836
-800
-777
-746
-680
-569
-418
-264
-141
-60
-13
29
80
133
174
175
127
55
-16
-57
-45
15
123
273
454
657
865
1085
1340
1649
1995
2291
2405
2254
1871
1391
965
650
376
16
-473
-1015
-1456
-1682
-1701
-1600
-1463
-1325
-1166
-957
-717
-473
-250
-47
149
314
412
419
359
267
185
113
25
-101
-253
-396
-513
-608
-697
-793
-881
-933
-931
-880
-796
-690
-576
-452
-315
-183
-57
62
165
237
265
253
223
208
220
260
320
400
509
646
805
994
1228
1519
1831
2065
2104
1912
1568
1204
922
705
451
76
-410
-892
-1242
-1410
-1429
-1382
-1326
-1259
-1156
-1011
-836
-656
-483
-300
-115
50
165
211
205
190
196
206
186
120
12
-113
-240
-357
-472
-589
-690
-763
-805
-811
-787
-741
-669
-572
-459
-327
-186
-60
41
111
155
193
228
266
314
380
478
603
733
851
962
1104
1317
1587
1824
1906
1783
1520
1244
1039
885
684
362
-64
-500
-847
-1070
-1197
-1271
-1314
-1307
-1258
-1170
-1053
-917
-750
-557
-357
-179
-55
20
64
112
173
229
256
241
177
82
-19
-121
-220
-315
-416
-516
-598
-668
-719
-740
-729
-675
-588
-477
-352
-236
-134
-42
38
119
201
280
352
423
508
611
726
846
963
1102
1289
1501
1668
1705
1592
1397
1207
1069
946
754
451
73
-292
-585
-795
-947
-1068
-1155
-1202
-1215
-1208
-1183
-1125
-1010
-836
-642
-473
-353
-265
-180
-77
43
145
207
222
206
160
96
27
-56
-148
-239
-325
-402
-457
-492
-517
-529
-520
-489
-431
-357
-278
-205
-136
-54
40
132
222
319
427
543
652
728
787
862
982
1146
1298
1372
1327
1196
1064
975
913
824
657
415
146
-90
-285
-451
-606
-750
-865
-943
-1001
-1042
-1063
-1043
-980
-879
-763
-655
-553
-451
-342
-231
-123
-27
51
116
151
154
126
81
31
-20
-79
-146
-215
-275
-322
-349
-364
-366
-346
-302
-243
-179
-116
-53
12
79
140
202
269
339
412
482
533
567
599
635
686
742
783
793
760
701
630
572
522
466
387
283
166
50
-55
-146
-232
-326
-417
-498
-568
-622
-656
-672
-671
-651
-614
-559
-488
-408
-328
-252
-182
-119
-59
-3
38
67
78
76
64
51
34
18
2
-19
-37
-54
-73
-85
-93
-95
-95
-91
-74
-47
-12
26
69
113
158
208
258
295
321
343
360
370
367
350
323
295
275
254
232
211
196
184
174
166
158
145
130
116
91
53
8
-36
-73
-110
-145
-180
-215
-234
-243
-243
-239
-229
-209
-184
-155
-124
-96
-76
-55
-43
-40
-40
-42
-40
-34
-28
-23
-22
-28
-29
-24
-17
-14
-14
-21
-26
-30
-32
-31
-30
-22
-10
2
21
42
63
89
115
140
157
170
174
172
167
160
152
139
126
112
100
98
93
93
94
91
95
97
101
104
105
95
80
55
30
5
-22
-47
-81
-122
-157
-192
-212
-221
-225
-223
-220
-216
-205
-183
-153
-117
-81
-54
-34
-24
-18
-13
-1
11
12
10
4
-7
-16
-24
-27
-26
-25
-22
-19
-16
-12
-3
10
18
24
25
19
14
16
21
20
16
12
9
15
26
33
40
44
46
54
62
67
70
67
63
65
59
44
23
7
-4
-22
-38
-61
-87
-100
-112
-120
-126
-128
-133
-139
-149
-163
-166
-156
-126
-92
-67
-57
-57
-42
-10
27
57
60
42
24
6
-11
-31
-51
-68
-76
-77
-74
-67
-58
-42
-24
-8
8
17
28
40
44
42
29
16
4
-6
-13
-23
-29
-29
-24
-18
-11
-5
5
21
37
46
50
50
51
50
47
37
21
4
-14
-26
-39
-54
-66
-71
-63
-48
-36
-28
-21
-5
11
26
38
48
58
72
88
95
93
86
74
65
58
50
40
23
9
-5
-21
-37
-53
-65
-65
-60
-55
-49
-46
-41
-31
-21
-8
0
1
1
1
-3
-4
-11
-19
-26
-31
-34
-34
-34
-30
-28
-26
-21
-8
4
17
30
36
38
40
42
40
34
27
17
6
-9
-26
-42
-50
-51
-44
-37
-29
-21
-5
20
47
72
92
100
108
113
111
108
95
76
56
39
28
15
1
-11
-20
-26
-28
-31
-37
-39
-39
-41
-41
-43
-45
-45
-43
-39
-37
-39
-42
-45
-48
-50
-54
-62
-65
-70
-77
-82
-84
-80
-70
-60
-48
-36
-27
-20
-14
-12
-13
-10
-10
-11
-18
-24
-30
-34
-32
-34
-35
-30
-22
-11
1
11
24
36
52
69
80
88
91
96
100
100
94
85
69
49
32
15
-5
-22
-39
-51
-61
-64
-64
-63
-58
-56
-53
-44
-36
-31
-26
-24
-22
-24
-25
-28
-35
-34
-31
-30
-25
-25
-28
-28
-26
-21
-18
-9
-7
-5
6
13
19
22
23
21
14
6
-7
-20
-32
-42
-49
-56
-56
-51
-41
-19
3
27
49
70
92
107
120
125
127
126
121
114
102
91
79
63
53
45
36
29
19
11
8
5
1
0
-4
-8
-10
-9
-2
3
6
9
14
21
29
38
40
37
37
32
30
28
22
13
5
1
-1
-2
2
6
9
17
26
30
32
35
36
38
36
25
12
1
-4
-6
-6
-6
-5
4
22
43
69
95
120
146
169
179
175
166
154
136
112
87
60
30
4
-15
-30
-42
-49
-51
-46
-34
-24
-14
-7
-5
2
9
13
15
16
22
26
32
31
27
27
29
33
38
43
45
43
38
37
33
30
29
27
28
24
18
13
11
14
18
16
14
10
9
8
-2
-10
-15
-18
-20
-21
-20
-20
-16
-10
-3
8
17
30
41
49
54
46
35
19
0
-20
-44
-69
-88
-105
-116
-125
-131
-130
-123
-110
-93
-74
-56
-40
-29
-19
-10
-8
-8
-8
-7
-8
-11
-15
-20
-17
-12
-10
-8
-11
-14
-15
-13
-16
-21
-25
-32
-37
-37
-36
-39
-46
-51
-54
-55
-55
-56
-59
-61
-59
-60
-67
-75
-78
-75
-69
-63
-58
-58
-52
-43
-37
-32
-29
-26
-28
-31
-39
-57
-75
-89
-103
-117
-131
-142
-147
-143
-135
-122
-107
-92
-72
-51
-30
-11
3
15
20
18
13
6
-4
-15
-22
-31
-40
-45
-48
-47
-43
-37
-35
-34
-35
-36
-36
-37
-39
-40
-43
-46
-47
-48
-52
-53
-48
-41
-33
-26
-22
-22
-16
-9
-2
-1
4
11
18
27
36
40
42
46
46
40
33
26
18
5
-7
-21
-36
-53
-62
-63
-64
-59
-53
-41
-27
-10
13
33
51
67
86
100
106
112
110
102
92
84
73
58
45
33
24
17
14
14
16
20
23
26
26
28
27
24
23
20
15
10
6
1
-2
-3
-1
5
14
20
27
32
36
47
60
69
76
83
90
97
98
96
95
91
84
78
67
52
30
9
-9
-23
-31
-36
-41
-38
-34
-25
-12
4
23
40
58
71
84
94
99
102
102
96
91
83
75
63
52
38
25
13
4
-3
-16
-26
-32
-38
-37
-35
-33
-29
-25
-21
-18
-13
-13
-13
-12
-11
-13
-18
-20
-25
-25
-19
-12
-4
4
11
20
29
35
37
35
31
24
18
10
-1
-14
-29
-41
-51
-60
-69
-77
-77
-79
-78
-76
-71
-62
-45
-29
-13
5
18
31
44
52
59
60
55
44
32
21
10
-5
-25
-41
-55
-64
-72
-76
-76
-76
-74
-71
-66
-63
-58
-52
-46
-36
-29
-23
-19
-17
-16
-19
-14
-11
-9
-9
-10
-10
-9
-9
-10
-9
-8
-5
0
2
-1
-4
-6
-5
-8
-15
-22
-34
-45
-48
-52
-55
-55
-54
-53
-49
-38
-26
-16
-7
4
16
27
37
41
47
50
46
45
45
38
30
18
9
-3
-18
-33
-43
-47
-48
-50
-46
-43
-40
-33
-22
-10
1
12
19
29
39
43
49
50
54
58
60
67
70
70
67
65
61
53
43
32
26
27
25
21
15
11
10
12
15
17
17
16
15
14
12
11
10
12
16
23
31
37
47
56
62
70
77
84
88
89
91
89
82
74
69
59
42
28
17
7
-4
-10
-18
-21
-19
-14
-6
4
14
25
36
46
50
56
64
69
70
71
68
62
57
51
45
38
33
26
22
21
17
15
13
7
3
1
0
-6
-13
-18
-17
-15
-16
-14
-12
-12
-9
-7
-3
1
6
7
8
10
10
10
12
17
22
23
24
20
17
15
11
7
-3
-18
-28
-38
-46
-55
-60
-60
-56
-50
-43
-37
-29
-20
-14
-10
-5
-2
1
2
-1
-2
-5
-11
-15
-18
-23
-28
-30
-31
-34
-33
-36
-40
-40
-42
-44
-47
-46
-46
-42
-34
-29
-26
-24
-22
-21
-17
-12
-15
-15
-12
-12
-8
-11
-13
-11
-11
-12
-13
-17
-19
-20
-23
-23
-27
-33
-40
-44
-48
-51
-52
-51
-51
-49
-46
-40
-31
-25
-19
-11
-3
5
10
15
23
24
24
25
23
16
10
3
-7
-14
-20
-30
-34
-37
-38
-37
-36
-35
-37
-38
-41
-41
-35
-30
-29
-27
-25
-22
-15
-14
-11
-6
-3
4
8
9
4
1
0
-2
-3
-4
-6
-9
-12
-12
-12
-14
-17
-18
-21
-25
-31
-37
-41
-45
-46
-45
-44
-41
-34
-25
-12
1
7
17
26
30
37
40
39
31
27
24
15
8
0
-7
-12
-17
-25
-29
-31
-34
-34
-35
-37
-35
-31
-28
-24
-20
-12
-8
-4
-1
-1
2
4
3
3
4
4
3
6
5
6
9
8
11
13
14
15
14
12
10
7
6
5
3
-1
-4
-11
-15
-21
-26
-28
-28
-27
-24
-18
-13
-9
-4
5
16
22
32
38
39
42
44
42
37
31
23
17
10
7
3
0
-2
-3
-4
-5
-7
-9
-8
-5
-3
-1
1
2
3
7
12
15
16
18
20
22
21
22
19
17
16
13
12
9
8
11
11
13
20
21
20
21
17
12
8
1
-4
-9
-14
-16
-19
-20
-20
-18
-15
-7
1
7
17
25
32
39
46
46
47
48
45
41
39
34
29
26
19
14
10
7
2
1
-3
-5
-1
-2
-1
-1
-1
2
0
-1
2
4
5
9
10
10
11
11
12
14
17
18
16
16
14
16
18
20
19
19
19
18
22
19
16
17
15
10
5
3
-5
-8
-11
-12
-12
-13
-11
-5
3
11
20
29
36
40
46
49
48
44
36
29
21
13
5
-2
-5
-7
-8
-6
-6
-5
-6
-8
-8
-7
-4
-6
-6
-4
-4
-1
-1
2
3
4
7
6
8
10
10
10
15
17
19
20
20
24
26
28
31
29
29
27
23
19
13
5
-1
-5
-7
-9
-13
-18
-20
-20
-18
-14
-13
-6
4
11
21
28
33
36
37
40
38
34
30
23
13
3
-5
-9
-14
-18
-20
-19
-18
-14
-9
-6
-2
1
5
12
13
11
8
5
4
4
4
2
3
3
-1
0
2
3
4
6
7
8
11
13
14
17
17
15
16
15
12
8
4
-4
-8
-13
-18
-25
-30
-32
-34
-32
-28
-20
-12
-4
5
14
22
27
31
32
33
31
28
20
12
8
-2
-7
-12
-20
-23
-26
-26
-21
-19
-16
-11
-7
-2
1
3
5
7
5
-1
-4
-5
-9
-13
-18
-25
-30
-31
-30
-31
-30
-28
-24
-21
-15
-10
-7
-7
-4
1
4
5
6
5
5
1
-2
-4
-6
-12
-18
-23
-24
-25
-25
-22
-18
-9
1
10
18
26
30
29
30
28
23
19
10
1
-10
-19
-29
-39
-43
-46
-46
-43
-41
-36
-28
-24
-20
-13
-9
-7
-5
-6
-7
-6
-6
-8
-11
-12
-17
-20
-23
-23
-21
-21
-19
-18
-16
-13
-14
-15
-11
-7
-5
-3
-1
2
3
2
0
-1
-4
-8
-13
-18
-22
-27
-29
-29
-28
-27
-24
-18
-13
-5
1
5
11
16
21
25
27
28
25
21
14
7
5
1
-3
-5
-4
-2
-2
0
5
9
15
22
26
29
29
28
25
22
15
9
6
1
-3
-3
-7
-10
-11
-15
-17
-17
-14
-11
-9
-9
-8
-3
-3
2
4
6
8
10
13
16
20
23
22
24
25
26
24
22
19
18
21
24
24
29
33
36
41
46
48
50
50
46
43
38
31
25
16
11
4
-3
-7
-12
-13
-12
-10
-7
-6
-5
-2
2
5
7
9
10
11
9
8
7
6
8
5
0
1
-2
0
2
0
-2
-6
-8
-7
-5
-8
-9
-5
-8
-9
-8
-12
-14
-12
-13
-15
-14
-14
-18
-20
-22
-27
-28
-34
-36
-31
-28
-23
-17
-16
-10
-6
1
4
4
7
7
6
4
0
-2
-3
-4
-6
-8
-9
-8
-6
-4
-5
-3
-1
-1
2
6
11
12
11
12
11
9
9
8
5
2
0
-5
-9
-10
-15
-18
-18
-17
-19
-23
-26
-27
-29
-31
-29
-28
-26
-25
-23
-17
-13
-13
-14
-15
-18
-17
-19
-21
-22
-22
-20
-19
-18
-15
-13
-11
-9
-8
-5
-6
-7
-7
-9
-11
-10
-11
-14
-18
-19
-18
-17
-20
-21
-21
-20
-16
-16
-12
-4
-2
0
4
6
8
12
15
15
14
15
12
11
8
4
5
1
-3
-7
-14
-17
-19
-22
-24
-27
-28
-27
-26
-24
-19
-15
-13
-9
-6
-3
3
2
2
2
2
5
5
6
9
9
10
10
11
12
6
4
4
2
1
0
1
-1
-5
-6
-7
-12
-16
-19
-19
-19
-20
-18
-17
-17
-19
-16
-11
-8
-3
1
3
7
8
11
15
17
18
20
20
19
19
18
17
17
16
16
16
15
14
13
13
10
10
11
9
9
12
12
13
15
14
13
14
14
11
12
12
9
8
8
7
7
5
3
3
5
2
2
4
2
0
1
1
-1
-1
-2
-3
-2
-2
-3
-2
-1
1
4
5
6
9
10
10
13
13
14
14
15
18
17
18
22
20
18
15
10
9
7
4
2
2
1
0
-3
-3
-4
-4
-7
-10
-12
-14
-17
-19
-18
-18
-17
-19
-20
-18
-17
-15
-15
-15
-13
-11
-12
-12
-12
-13
-11
-12
-13
-11
-12
-11
-11
-12
-11
-12
-10
-9
-11
-12
-9
-8
-8
-6
-3
2
3
5
9
9
10
13
14
13
15
14
13
11
8
6
4
1
-1
-5
-6
-8
-9
-11
-13
-15
-14
-14
-15
-18
-18
-17
-19
-20
-20
-17
-14
-15
-13
-10
-8
-7
-6
-1
4
7
11
11
9
10
16
18
20
23
19
15
14
11
7
5
3
2
-3
-4
-8
-10
-10
-12
-13
-14
-14
-13
-11
-10
-6
-6
-4
-5
-5
-2
-4
-4
-1
-1
-6
-7
-7
-7
-4
-2
-2
-2
-1
1
6
11
16
20
22
21
19
17
19
20
19
18
20
23
29
32
30
28
25
25
26
27
30
28
26
25
22
23
24
25
24
24
25
20
17
18
17
19
19
17
13
8
6
5
5
5
5
7
7
4
5
8
9
9
5
-2
-6
-12
-15
-15
-14
-15
-14
-16
-15
-16
-19
-22
-25
-27
-29
-28
-24
-17
-13
-6
-1
-4
-2
1
6
10
11
10
5
3
5
9
15
18
21
23
21
17
17
12
11
9
1
-3
-2
-2
-2
-2
-4
-6
-7
-5
0
6
9
12
14
11
11
13
15
12
9
6
-1
-3
-2
-5
-6
-7
-4
-4
-4
-2
-2
-6
-8
-9
-7
-3
-3
-3
-3
-7
-6
-8
-12
-15
-18
-23
-28
-27
-21
-19
-15
-12
-11
-9
-5
-3
-7
-16
-25
-37
-50
-52
-53
-53
-51
-50
-44
-26
-4
22
50
67
81
90
93
99
105
104
92
75
67
62
59
65
65
63
59
51
39
18
-8
-34
-54
-71
-83
-99
-125
-149
-154
-121
-56
30
98
117
82
17
-31
-31
12
64
82
21
-102
-215
-262
-213
-90
15
15
-100
-261
-371
-340
-156
68
207
199
48
-134
-210
-132
49
211
229
66
-196
-412
-479
-373
-166
2
39
-56
-218
-330
-307
-157
49
209
250
176
43
-62
-78
-6
108
202
220
155
52
-39
-77
-47
32
116
163
151
86
-2
-65
-73
-21
67
144
174
146
81
17
-4
34
101
161
183
144
73
10
-21
4
69
133
167
157
114
64
41
54
91
132
148
128
83
29
-13
-27
-16
7
21
20
-1
-31
-51
-53
-36
-6
22
38
40
40
44
56
70
81
87
85
76
69
47
-2
-78
-169
-253
-302
-298
-261
-216
-182
-167
-158
-117
-35
86
221
321
360
335
275
218
184
187
208
213
183
121
43
-22
-51
-43
-17
3
5
-20
-57
-84
-92
-77
-45
-13
10
10
-8
-33
-47
-42
-26
-7
6
8
-3
-21
-22
-11
8
35
48
44
31
17
10
13
18
22
17
1
-18
-42
-62
-77
-91
-101
-107
-99
-85
-67
-48
-43
-43
-42
-38
-22
-5
-1
-33
-93
-158
-207
-216
-184
-133
-98
-85
-101
-132
-139
-110
-50
18
69
84
64
34
16
17
41
73
85
76
39
-11
-53
-77
-81
-70
-56
-57
-72
-90
-104
-105
-86
-54
-17
13
31
36
36
40
50
63
78
90
93
83
69
59
55
59
69
75
74
65
51
37
27
29
40
46
50
37
18
1
-12
-14
-6
5
6
1
-7
-14
-8
9
30
51
63
71
73
78
85
89
90
81
70
58
51
45
36
17
-7
-27
-43
-45
-34
-22
-19
-30
-46
-60
-58
-44
-18
6
15
15
7
-1
4
20
38
45
38
22
-1
-18
-17
-11
-5
3
-2
-12
-25
-34
-38
-40
-37
-35
-32
-32
-38
-41
-44
-45
-44
-41
-36
-33
-37
-45
-56
-61
-58
-49
-33
-18
-8
-10
-15
-22
-23
-13
4
18
24
22
18
14
9
5
7
7
1
-4
-11
-15
-20
-17
-15
-12
-7
-2
1
-2
-4
-6
-2
4
14
25
28
26
17
8
-3
-7
-10
-12
-12
-20
-28
-35
-42
-40
-34
-32
-34
-40
-50
-58
-61
-57
-50
-47
-42
-42
-42
-37
-33
-32
-31
-27
-20
-5
11
22
24
17
9
7
10
15
22
26
21
9
-2
-11
-14
-7
0
0
-7
-17
-33
-40
-34
-22
-10
-8
-11
-21
-27
-22
-12
0
8
7
2
-2
-5
-2
11
20
21
14
-2
-13
-12
-1
15
31
38
31
15
0
-5
4
16
31
38
36
26
12
-3
-9
-4
8
20
30
29
21
17
14
16
21
28
31
25
18
6
-7
-13
-19
-22
-19
-16
-19
-20
-24
-32
-36
-32
-32
-31
-24
-20
-18
-21
-22
-21
-21
-19
-12
-8
-12
-16
-17
-10
2
16
31
37
33
25
23
32
54
78
94
92
70
38
9
-11
-10
3
14
15
-2
-34
-64
-82
-76
-46
-6
28
38
26
-1
-29
-41
-24
12
51
71
60
25
-16
-47
-48
-21
23
61
73
56
24
-3
-8
16
53
85
99
84
47
9
-18
-24
-11
9
24
27
16
0
-13
-17
-9
10
34
50
57
55
47
40
32
29
34
45
59
62
52
27
-4
-26
-31
-16
11
37
41
22
-10
-43
-55
-41
-16
10
25
15
-10
-38
-57
-59
-39
-8
16
24
17
-6
-30
-41
-39
-21
3
23
31
22
1
-26
-45
-50
-40
-24
-11
-8
-23
-50
-77
-90
-84
-61
-27
1
12
6
-15
-39
-51
-38
-9
27
53
52
33
2
-25
-38
-26
-1
21
32
21
-7
-32
-44
-37
-13
13
27
23
11
-2
-11
-6
3
8
13
11
4
-4
-12
-13
-12
-10
-5
-1
2
0
-4
-15
-24
-23
-21
-12
-3
-2
-7
-20
-33
-41
-39
-31
-27
-25
-32
-42
-51
-45
-35
-24
-14
-14
-21
-27
-31
-30
-22
-17
-14
-18
-23
-28
-28
-25
-19
-16
-15
-18
-16
-11
-3
4
5
2
-6
-8
-3
9
23
26
25
16
5
-4
-6
3
10
21
26
22
17
13
13
18
26
32
31
21
8
1
-3
-3
1
2
0
-6
-17
-28
-38
-45
-46
-42
-35
-30
-30
-38
-49
-55
-54
-44
-26
-5
5
6
0
-5
-7
3
26
49
65
71
60
41
28
28
38
57
75
73
56
31
4
-7
-3
14
32
39
32
13
-7
-21
-21
-11
6
18
23
13
1
-9
-13
-1
14
28
41
45
43
33
23
22
27
40
51
59
59
49
32
19
11
14
25
40
52
46
32
13
-3
-3
8
24
40
45
38
27
17
15
28
49
71
83
87
82
69
62
69
89
112
130
138
128
113
99
88
86
95
109
115
115
108
91
74
65
63
70
80
89
89
81
68
55
51
54
64
74
79
73
63
52
42
37
42
53
61
61
55
42
35
37
44
59
78
89
93
94
95
102
116
132
149
160
167
169
165
163
163
164
164
163
164
161
150
135
120
108
100
98
97
97
91
82
73
67
65
65
64
63
67
63
56
50
43
41
42
41
39
37
33
29
28
26
23
21
13
2
-7
-14
-17
-22
-26
-33
-42
-46
-48
-48
-45
-39
-35
-35
-36
-36
-34
-33
-25
-13
-7
-10
-21
-37
-49
-55
-54
-48
-41
-39
-48
-67
-86
-97
-96
-91
-79
-68
-68
-75
-85
-86
-79
-68
-49
-36
-31
-36
-47
-56
-60
-53
-41
-33
-32
-39
-56
-75
-88
-91
-84
-72
-61
-56
-59
-70
-80
-80
-72
-54
-37
-27
-29
-37
-49
-60
-64
-53
-39
-29
-28
-38
-52
-64
-71
-72
-68
-61
-59
-62
-67
-76
-79
-83
-82
-80
-81
-79
-83
-90
-100
-108
-114
-115
-111
-106
-109
-115
-124
-136
-138
-133
-122
-109
-103
-106
-116
-126
-130
-126
-121
-114
-112
-119
-132
-150
-162
-166
-159
-149
-144
-141
-149
-160
-170
-172
-164
-150
-135
-124
-123
-126
-133
-133
-127
-116
-95
-78
-72
-74
-84
-93
-98
-97
-92
-87
-83
-86
-92
-100
-108
-111
-113
-109
-103
-98
-93
-93
-95
-98
-105
-104
-95
-81
-69
-63
-64
-69
-77
-80
-75
-68
-55
-48
-51
-60
-72
-81
-86
-85
-80
-82
-82
-89
-95
-97
-99
-96
-94
-87
-82
-76
-71
-65
-56
-52
-49
-41
-35
-28
-21
-19
-21
-23
-27
-31
-35
-38
-38
-41
-47
-56
-64
-69
-73
-77
-76
-73
-70
-66
-66
-63
-61
-61
-55
-49
-45
-46
-44
-42
-40
-40
-36
-31
-28
-25
-23
-24
-24
-20
-14
-6
0
2
4
5
7
12
22
29
37
44
47
53
61
67
75
87
96
103
106
107
106
106
105
106
106
106
108
105
102
98
97
98
99
100
99
99
98
96
97
95
96
96
96
94
90
88
86
86
86
87
85
84
84
87
86
85
87
89
91
92
94
95
95
99
100
99
96
92
86
82
78
73
70
64
61
57
53
49
44
43
42
45
46
46
50
53
53
55
54
51
49
50
52
52
50
48
43
38
35
33
34
34
33
31
28
24
20
20
19
19
23
23
24
24
24
25
24
24
24
25
29
29
30
28
27
24
19
16
16
20
25
29
30
30
28
28
30
33
36
37
39
39
36
32
31
34
36
41
44
45
46
41
36
32
34
37
38
38
38
36
28
20
14
11
13
12
13
14
10
7
2
-2
-2
2
7
9
9
3
-1
-8
-9
-4
2
10
11
6
-1
-11
-12
-9
-5
0
3
-4
-11
-16
-23
-24
-20
-21
-22
-21
-24
-24
-24
-24
-26
-25
-23
-22
-21
-21
-25
-30
-36
-39
-37
-30
-23
-21
-21
-25
-34
-38
-37
-31
-22
-17
-15
-18
-26
-33
-34
-33
-27
-21
-17
-19
-23
-28
-31
-30
-24
-20
-15
-12
-11
-13
-16
-18
-18
-12
-1
7
10
11
9
6
8
8
9
12
11
7
5
3
1
0
2
3
8
16
16
18
19
20
23
22
23
25
28
30
30
28
26
24
25
28
28
25
23
21
15
10
9
9
11
6
4
2
2
3
8
9
10
11
12
16
20
25
28
28
28
26
23
24
25
20
18
16
13
13
12
12
13
17
18
14
13
10
12
14
15
16
17
15
16
18
19
22
22
21
20
17
19
18
16
18
15
14
12
11
8
7
9
9
8
10
8
8
11
10
10
13
12
13
14
14
14
16
16
18
16
14
16
17
16
14
11
9
7
7
9
11
10
9
11
6
7
6
8
12
14
17
18
17
17
15
16
17
19
20
16
16
16
16
19
24
30
31
31
28
24
19
14
13
16
17
21
18
16
15
13
14
14
16
17
19
17
16
15
18
21
24
27
30
28
27
22
22
25
25
29
33
34
35
33
28
27
26
29
29
29
28
26
26
25
25
28
32
34
29
25
21
17
13
14
17
16
17
17
12
9
4
3
5
6
6
4
1
-4
-9
-11
-9
-5
-4
-2
-4
-7
-9
-9
-7
-3
0
4
6
1
-3
-5
-8
-5
-4
-6
-6
-12
-18
-25
-29
-27
-28
-29
-29
-31
-32
-36
-40
-42
-44
-43
-41
-40
-39
-43
-46
-47
-49
-49
-44
-41
-39
-38
-41
-42
-46
-47
-42
-41
-39
-38
-38
-41
-43
-40
-36
-34
-27
-23
-22
-20
-21
-17
-12
-11
-6
-3
0
2
4
4
3
3
4
7
10
10
10
7
6
3
3
1
0
1
-3
0
1
0
4
5
8
9
6
9
10
14
14
12
15
15
18
20
24
28
27
30
31
30
30
32
32
32
32
28
30
29
28
30
31
31
31
32
32
35
33
32
33
34
34
32
32
31
31
30
26
26
25
25
25
21
20
16
16
15
15
16
14
11
6
1
-3
-3
-1
2
2
2
1
0
0
4
5
7
8
8
8
5
6
7
7
10
12
12
12
7
3
3
3
1
-1
-1
-2
-2
-2
-4
-5
-1
1
2
3
4
2
1
0
3
7
7
8
7
6
6
4
1
-1
-1
3
3
-1
-4
-8
-12
-15
-15
-14
-13
-10
-11
-12
-14
-16
-15
-14
-14
-11
-10
-14
-12
-8
-8
-7
-3
0
-1
-4
-4
-5
-7
-3
-2
-4
-5
-7
-7
-7
-10
-9
-10
-10
-8
-8
-9
-10
-8
-8
-8
-9
-8
-7
-7
-7
-13
-13
-14
-17
-14
-12
-13
-11
-14
-17
-18
-18
-19
-17
-19
-19
-17
-19
-21
-20
-15
-11
-7
-8
-9
-9
-6
-5
-3
-2
3
8
10
12
12
11
12
11
8
8
4
3
2
1
-1
-3
-5
-5
-7
-9
-9
-11
-12
-13
-15
-17
-19
-19
-19
-18
-16
-15
-17
-17
-14
-13
-12
-13
-12
-11
-11
-13
-15
-13
-11
-10
-8
-8
-8
-8
-9
-8
-9
-6
-4
-2
2
2
2
5
8
9
14
17
17
18
18
17
15
12
11
11
9
8
5
-1
-2
-4
-5
-10
-11
-8
-12
-12
-12
-14
-14
-13
-10
-8
-7
-8
-9
-10
-12
-9
-5
-4
-2
0
1
3
5
3
1
0
1
1
-1
0
3
4
5
6
6
8
10
12
11
11
9
9
11
10
8
9
10
8
8
10
9
10
11
9
6
6
6
5
3
2
-1
-1
-2
-3
-3
-5
-3
-3
-5
-4
-1
-1
1
3
3
3
-1
-1
1
1
4
4
5
8
7
8
8
8
11
10
11
9
6
7
3
3
3
2
5
5
3
2
1
1
3
5
4
5
7
8
7
4
5
7
6
5
3
3
0
-1
-1
-2
-4
-5
-4
-6
-10
-13
-14
-18
-19
-19
-17
-16
-16
-15
-14
-14
-14
-12
-10
-9
-5
-1
-2
-1
0
-1
0
4
6
9
11
12
12
12
13
11
12
15
14
15
14
14
15
13
11
10
7
9
11
11
8
7
7
5
3
4
4
5
3
0
-3
-4
-5
-5
-5
-5
-4
-6
-8
-9
-9
-8
-6
-3
-4
-8
-7
-7
-5
-2
-1
1
4
3
5
6
3
7
9
8
8
8
8
9
9
8
5
5
5
2
1
0
-2
-3
-5
-7
-9
-11
-10
-11
-10
-11
-10
-10
-11
-10
-9
-11
-11
-10
-10
-10
-9
-7
-4
-5
-3
-1
-3
-4
-5
-7
-4
-1
-2
1
0
-2
-3
-3
-4
-5
-5
-6
-6
-4
-6
-4
-2
-2
-2
0
-2
-2
-1
-1
-3
-1
-3
-3
-4
-4
-2
-1
-2
-2
-2
-1
-1
1
1
-1
0
-2
-3
-2
-1
1
4
3
1
2
0
-3
-1
-1
0
2
1
-1
-3
-6
-8
-8
-7
-5
-5
-8
-5
-8
-12
-8
-9
-8
-9
-10
-11
-10
-8
-11
-10
-12
-12
-11
-12
-10
-11
-10
-6
-5
-5
-6
-2
-3
-3
-2
-2
0
1
4
6
4
5
5
5
6
5
6
5
5
5
5
4
4
4
2
0
0
-2
-4
-3
-3
-2
-4
-3
-3
-3
-3
-3
-1
-2
1
4
2
4
3
3
6
5
7
7
7
8
12
11
11
13
12
12
16
13
13
13
11
11
13
13
10
8
7
8
9
9
9
8
6
6
1
0
0
0
1
1
0
0
1
1
-3
-2
-1
-2
0
-2
-1
-2
-2
-2
-3
-1
-1
-2
-3
-5
-4
-5
-7
-5
-6
-6
-5
-6
-8
-8
-9
-9
-5
-5
-6
-7
-8
-8
-7
-2
-3
-4
-2
-3
-2
-3
-6
-1
-1
-1
0
1
2
2
2
3
2
3
5
6
5
9
8
6
5
8
7
5
6
5
5
2
2
5
4
4
2
-1
-5
-7
-8
-8
-5
-6
-6
-5
-7
-8
-10
-7
-5
-9
-9
-8
-8
-8
-8
-8
-5
-7
-6
-3
-2
0
1
2
2
3
4
3
5
3
5
5
2
3
1
0
3
4
3
0
1
3
1
1
-2
-4
0
1
-1
-1
1
0
4
3
1
2
1
0
0
0
1
1
2
2
4
3
3
3
2
-1
-1
1
3
2
4
10
10
9
8
8
5
3
5
7
5
8
10
12
11
11
8
6
7
8
7
6
4
5
5
5
1
-1
1
-2
-5
-4
-3
-6
-5
-2
-4
-5
-5
-4
-1
-1
-4
-1
0
-2
-2
1
2
5
5
2
2
5
5
3
2
3
1
1
0
0
1
1
3
4
3
2
2
1
1
-2
-4
0
1
0
1
2
-4
-3
-2
-3
-3
-5
-4
-4
-6
-3
-5
-3
-3
-6
-5
-6
-5
-5
-6
-7
-5
0
-1
-4
-3
1
-1
-3
-2
0
3
4
3
2
3
4
5
5
3
1
2
2
2
3
2
2
4
2
0
-3
-2
-2
-2
-3
-3
-3
-2
-1
-1
-5
-6
-4
-5
-3
-3
-4
-3
-3
-5
-6
-5
-4
-4
-3
-4
-4
-2
-1
-2
-4
-3
-1
-2
-2
-3
0
1
2
1
0
0
0
2
4
4
4
4
7
9
7
4
4
5
6
2
3
5
4
4
4
5
5
5
1
0
-1
-2
1
1
0
-1
-6
-4
-3
-5
-6
-4
-5
-6
-6
-8
-8
-5
-4
-8
-7
-7
-8
-6
-7
-8
-6
-6
-6
-3
-2
-4
-2
-1
-2
1
0
0
-1
-1
-1
1
5
6
8
8
10
11
9
7
10
9
10
10
8
10
11
7
8
8
6
5
5
3
2
3
4
2
2
0
-2
-2
-3
-3
-4
-7
-7
-6
-6
-6
-4
-4
-7
-6
-8
-10
-10
-10
-9
-8
-8
-8
-7
-6
-4
-5
-6
-7
-10
-7
-5
-4
-1
-1
0
0
-2
-1
0
0
1
4
5
5
5
4
7
7
6
7
7
6
3
4
3
-1
0
2
3
5
3
1
1
3
1
-1
6
6
4
4
4
4
5
7
7
5
4
2
2
4
3
5
8
11
10
7
5
6
5
5
5
3
6
3
1
4
4
3
1
2
3
1
-1
0
0
-1
-2
-2
-1
-3
-5
-2
-3
-4
-3
-2
0
-3
-3
-2
-4
-7
-5
-5
-6
-4
-4
-4
-6
-5
-5
-4
-2
-3
-3
-3
-2
-2
-2
-4
-5
-4
-4
-3
-1
-1
0
-1
1
2
1
-1
0
0
-2
-1
-1
1
1
1
5
6
4
4
5
4
3
5
4
5
5
3
4
3
2
2
5
4
3
2
0
2
4
2
3
5
3
2
1
2
2
-1
-1
2
1
0
1
-1
-2
-1
-3
-5
-6
-7
-9
-8
-4
-7
-7
-6
-9
-8
-9
-11
-10
-8
-8
-8
-9
-10
-10
-8
-8
-8
-7
-7
-3
-4
-8
-8
-7
-8
-6
-3
-3
-1
-1
-2
2
1
-1
-1
-1
0
1
3
3
5
4
3
2
2
0
0
2
3
5
4
6
5
2
1
3
2
1
3
4
4
4
2
2
2
2
1
-1
1
2
4
4
2
1
-1
-3
-2
0
2
2
5
5
3
1
-1
-1
-1
-1
-2
0
-1
-3
-3
-3
-4
