-5
-5
-3
-4
-5
-3
-4
-4
-5
-6
-5
-3
-2
-2
-3
0
2
2
2
3
2
2
2
0
0
3
5
3
1
3
5
2
2
3
3
5
5
3
0
2
2
0
-2
-4
-4
-1
-1
-2
-3
-3
-5
-5
-4
-3
-3
-2
-2
-4
-3
-3
-2
-3
-5
-5
-9
-5
-2
-4
-5
-2
0
0
2
2
2
5
1
2
5
6
4
3
5
5
6
7
7
8
7
7
7
5
1
-2
-2
-2
-4
-2
0
1
0
0
0
0
2
1
-1
-1
-1
-3
-4
-3
-1
-1
0
0
-1
-1
-1
0
0
1
1
0
1
-3
-1
-1
-1
-1
-2
-1
1
1
1
1
-2
-1
0
-2
-1
1
2
2
1
3
2
2
1
-3
0
1
0
0
-1
0
0
1
3
3
4
4
5
8
7
5
4
5
4
3
4
4
3
1
3
3
3
2
-1
-3
-3
-4
-5
-5
-7
-8
-6
-8
-9
-8
-5
-6
-6
-6
-6
-4
-4
-4
-3
-2
-3
-1
0
1
1
0
1
0
2
2
1
2
1
3
3
2
3
2
3
3
3
3
3
2
1
3
2
0
1
2
1
-3
-3
-3
-4
-3
-2
-5
-4
-3
-5
-5
-3
-2
-3
-2
-3
-1
-1
0
2
-1
0
0
-5
-4
-5
-6
-6
-5
-3
-3
-2
-2
-1
0
0
1
2
3
2
2
4
1
1
3
2
4
4
4
4
4
3
4
4
5
7
4
2
5
1
2
4
0
1
1
0
-1
-2
-2
-3
-3
-3
-3
-3
-1
-1
-1
-2
-4
-5
-5
-6
-5
-4
-3
-3
-6
-3
1
0
0
2
1
2
2
0
1
1
1
3
4
4
5
3
4
4
2
2
2
4
3
3
5
6
5
4
5
3
3
3
3
6
6
6
8
6
4
3
2
4
3
1
2
3
3
2
1
4
2
4
6
2
3
2
0
-1
-3
-1
-2
-5
-5
-3
-3
-5
-5
-7
-5
-4
-5
-5
-6
-3
-3
-5
-5
-5
-3
-2
-1
-1
-3
-1
-2
-2
-1
2
3
3
5
4
3
5
5
5
6
3
3
5
8
9
8
7
4
5
6
4
4
2
4
3
1
4
3
4
3
1
4
2
1
1
2
-1
-4
-3
-3
-2
-1
0
-1
-5
-7
-8
-9
-7
-7
-7
-8
-9
-8
-9
-10
-11
-9
-8
-8
-7
-9
-9
-8
-7
-4
-5
-2
0
2
6
6
7
7
5
7
4
4
4
4
3
2
3
3
2
3
1
-1
-2
0
0
0
-1
-3
1
0
2
3
3
4
2
1
1
1
1
2
3
6
6
7
6
6
6
6
7
5
6
5
6
8
5
5
3
1
3
3
0
0
1
1
-1
-2
-4
-5
-4
-5
-3
-3
-2
-3
-4
-3
-6
-5
-5
-9
-7
-7
-8
-8
-9
-8
-8
-9
-8
-8
-8
-9
-9
-9
-5
-1
-2
-3
-1
-1
0
1
2
1
2
2
4
7
6
9
9
9
8
8
8
6
7
8
8
10
11
9
8
6
4
3
0
-2
-1
0
-1
-3
-3
-7
-7
-5
-5
-6
-5
-4
-4
-6
-5
-3
-4
-4
-3
0
0
0
1
4
6
5
3
5
4
6
6
6
8
7
8
8
7
9
12
11
10
11
11
9
11
11
10
10
10
10
12
11
9
10
9
7
5
8
8
7
9
7
6
4
0
0
-2
-4
-2
-6
-8
-6
-9
-12
-12
-11
-12
-15
-14
-13
-11
-11
-10
-13
-12
-11
-11
-9
-9
-8
-5
-6
-7
-7
-7
-7
-6
-6
-2
-2
-2
0
-4
-3
-4
-7
-8
-7
-6
-7
-7
-6
-7
-8
-11
-8
-5
-7
-5
-6
-5
-5
-7
-7
-8
-7
-5
-8
-8
-7
-6
-3
-4
-6
-7
-9
-10
-7
-8
-6
-5
-5
-4
-4
-5
-4
-4
-2
0
-1
0
1
-1
2
4
2
1
2
0
0
1
3
3
1
2
2
0
0
0
1
-1
-2
-6
-7
-7
-10
-12
-11
-10
-9
-6
-3
-4
-3
-1
-1
2
4
6
7
11
12
11
12
14
14
15
16
15
17
18
18
19
19
22
20
20
20
20
22
20
20
18
17
18
16
18
17
14
14
12
12
13
13
12
9
8
6
3
3
3
1
1
0
-5
-6
-4
-5
-5
-7
-6
-3
-3
-5
-4
-5
-5
-5
-3
-4
-5
-4
-3
0
-3
-5
-4
-2
2
0
2
2
1
2
0
2
2
1
0
0
3
-1
-2
-1
-2
1
-1
0
-1
0
-2
-4
-5
-4
-3
-3
-3
-5
-6
-5
-6
-5
-6
-5
-3
-5
-6
-8
-10
-8
-10
-11
-9
-11
-10
-9
-13
-14
-13
-10
-11
-9
-10
-11
-9
-7
-7
-10
-9
-7
-8
-4
-5
-4
-4
-6
-3
-2
-1
0
0
3
2
1
1
3
4
2
4
3
1
-1
-1
3
3
5
6
4
6
5
4
5
6
8
7
7
6
6
8
5
4
5
6
6
6
8
6
6
5
4
5
5
4
6
5
4
3
4
3
1
4
5
3
5
7
7
4
4
4
5
5
2
4
5
7
5
5
5
2
3
5
1
2
1
1
1
-1
0
-3
-6
-6
-5
-7
-10
-11
-9
-9
-9
-10
-11
-10
-12
-13
-13
-12
-11
-12
-10
-12
-14
-15
-12
-11
-11
-10
-11
-8
-8
-8
-5
-7
-6
-5
-5
-5
-6
-6
-4
-3
-2
1
0
-4
-3
-2
-2
1
1
2
3
5
5
1
2
5
5
8
7
7
7
7
7
7
11
10
9
10
10
11
11
11
11
12
12
10
11
12
9
9
8
6
5
6
6
5
2
2
1
3
4
2
2
2
3
1
1
2
2
2
3
-1
0
3
3
3
3
0
-1
0
3
4
0
1
4
2
2
2
-1
0
2
-1
1
1
0
2
0
1
0
-1
2
2
2
3
2
5
8
8
6
6
6
5
6
5
5
7
7
7
5
3
3
2
2
3
3
1
-2
-1
1
0
1
1
1
3
1
0
0
0
-1
1
2
2
-1
-3
-2
0
1
1
2
3
2
4
2
-1
0
0
0
-1
-3
-3
-3
-3
-4
-4
-3
-5
-4
-6
-8
-8
-9
-8
-8
-8
-9
-10
-11
-13
-12
-13
-16
-14
-12
-14
-13
-15
-15
-12
-12
-12
-13
-11
-12
-12
-9
-10
-9
-7
-9
-9
-10
-7
-5
-3
-3
-3
0
1
1
1
2
3
2
0
0
2
1
2
4
4
4
5
3
2
2
3
2
3
2
2
4
2
3
2
-1
-2
1
0
-3
-4
-5
-4
-4
-4
0
0
-3
-1
-1
-1
0
0
1
1
1
2
0
0
2
2
0
3
4
5
8
7
7
6
7
6
5
4
4
3
1
2
5
4
2
3
2
-1
0
2
2
3
3
2
3
4
4
2
2
2
4
4
2
4
5
3
5
6
5
5
5
5
5
4
2
3
3
3
3
0
2
2
-1
2
2
0
0
1
1
3
2
1
-1
-4
-2
0
-2
-1
1
0
-1
-2
-3
-1
-2
-4
-4
-4
-5
-6
-8
-7
-5
-8
-5
-5
-6
-5
-5
-6
-7
-8
-8
-4
-4
-6
-6
-8
-7
-7
-7
-5
-6
-6
-5
-4
-3
-4
-4
-3
-4
-3
-4
-3
-1
-2
-1
0
-2
-3
-2
-3
-3
-1
0
3
5
2
2
0
-2
-1
-2
-4
-4
-4
-6
-8
-8
-6
-4
-4
-6
-7
-5
-4
-5
-3
-3
-4
-4
-2
-4
-4
-3
-4
-4
-2
-2
1
3
2
1
1
-1
2
2
0
2
0
-1
4
5
5
5
2
-2
-2
1
3
2
1
4
0
1
1
2
2
3
5
7
7
6
8
6
4
8
6
5
8
9
9
9
8
9
6
6
7
5
5
4
2
1
0
0
-4
-3
-2
-1
1
-2
-2
-1
-6
-5
-7
-11
-8
-7
-6
-4
-2
-4
-5
-2
0
-4
0
2
-4
0
-1
-3
-4
-6
-6
-2
-2
-4
-1
-2
-3
2
1
-1
1
0
0
0
2
-1
-1
0
0
2
1
-1
0
0
-2
-2
-4
-6
-4
-3
-3
0
0
-2
-1
-3
-5
-6
-6
-7
-7
-7
-8
-8
-13
-14
-12
-10
-11
-9
-8
-11
-8
-6
-10
-7
-7
-6
-4
-5
-6
-2
0
-1
-1
-1
-2
0
1
2
4
4
6
9
9
8
11
9
7
9
8
4
4
7
5
9
11
9
15
15
13
15
13
12
12
9
10
10
9
7
8
7
5
5
3
2
4
2
0
0
-3
-4
-3
-5
-7
-6
-4
-6
-4
-6
-6
-4
-5
-5
-8
-6
-3
-2
-1
-4
-3
1
0
-3
1
3
2
5
6
6
7
8
10
8
6
7
5
9
9
9
7
7
7
6
4
4
2
1
4
1
0
1
1
1
2
3
2
-1
0
-1
0
-1
-3
-2
-3
-4
-1
-1
-4
-3
-2
-3
-1
0
-3
-1
-1
-3
-1
-1
0
1
1
0
-1
2
3
2
2
2
3
6
6
8
5
4
4
3
3
2
0
1
2
0
4
3
1
0
1
2
0
-1
-2
-4
-4
-2
-7
-8
-4
-6
-6
-5
-6
-4
-4
-4
-5
-5
-5
-6
-4
-5
-6
-7
-7
-10
-11
-9
-10
-9
-8
-8
-6
-5
-2
2
-1
2
4
0
2
1
-1
-2
-2
-3
-4
0
-2
-1
5
2
2
2
1
1
1
3
1
1
4
2
1
1
1
0
1
3
2
0
-2
1
0
1
4
2
1
1
1
1
0
-3
-3
-3
-3
-1
1
-1
0
1
-1
0
3
2
2
3
4
2
3
4
4
4
5
8
7
8
8
8
8
9
9
10
9
8
6
6
9
9
8
6
5
6
6
5
3
1
-1
-4
-3
-5
-7
-8
-6
-5
-7
-7
-5
-7
-7
-9
-10
-9
-8
-6
-8
-7
-7
-5
-4
-1
2
0
1
0
-1
0
-1
0
0
1
5
4
3
6
6
5
4
5
4
3
5
6
5
5
7
9
7
6
6
4
4
5
6
4
6
8
7
7
6
6
4
4
4
3
2
2
4
5
5
8
5
0
0
1
1
0
-1
0
0
-2
-2
-2
-3
-3
-2
-5
-5
-5
-5
-3
-2
-2
-2
-2
1
2
0
-2
-3
-1
-1
-1
-3
-4
-2
-1
1
0
0
0
-2
-5
-5
-4
-3
-3
-1
-3
-3
-4
-5
-5
-8
-6
-6
-5
-2
-1
0
1
5
4
1
3
0
-1
2
3
4
6
6
8
9
9
9
12
10
12
15
12
13
15
14
15
13
13
11
10
10
10
8
6
7
7
8
6
5
3
1
3
0
-2
-1
-3
-3
-1
-3
-4
-4
-4
-6
-5
-7
-7
-6
-7
-5
-6
-6
-4
-5
-3
-2
-4
-1
1
3
3
4
5
2
3
4
3
4
5
8
8
9
9
7
10
7
6
7
4
5
3
5
7
6
6
4
3
3
-1
1
0
-2
1
2
1
3
0
-1
0
-2
-2
-1
-4
-2
-3
-3
-3
-3
-3
-5
-4
-2
-6
-5
-2
-1
-1
-2
-2
-5
-4
-3
-2
-4
-5
-2
-5
-6
-7
-7
-5
-5
-7
-10
-8
-7
-9
-9
-8
-6
-3
-5
-8
-7
-9
-9
-8
-7
-7
-5
-2
-6
-5
-5
-8
-6
-6
-2
1
3
2
2
5
1
-1
0
0
2
3
5
4
4
4
2
2
1
1
4
3
5
2
-1
0
-1
1
0
-2
-1
0
1
-4
-1
0
-4
-2
-3
-4
-4
-4
-3
-7
-3
-3
-6
-3
-5
-4
-4
-2
0
-1
-5
-5
-5
-2
-3
-3
1
1
-1
2
2
-1
-4
-2
-5
-5
1
1
2
6
6
6
6
4
2
3
0
-1
3
0
0
1
1
3
3
2
0
1
2
-2
-1
0
0
2
1
0
0
2
3
3
4
3
6
5
4
3
1
2
0
1
5
3
3
3
0
-3
-6
-5
-6
-9
-5
-6
-7
-6
-7
-6
-7
-8
-8
-9
-11
-11
-12
-11
-11
-10
-10
-10
-7
-7
-9
-10
-10
-9
-10
-8
-8
-6
-5
-6
-5
-3
-3
-1
-1
-1
-2
-2
-1
0
1
2
4
5
3
3
3
3
4
4
2
5
7
8
9
6
7
10
9
8
10
7
6
10
7
7
8
9
9
11
12
10
7
8
11
12
12
14
13
13
13
11
10
9
8
12
10
8
7
6
4
4
4
6
4
2
6
3
2
1
-2
-1
-1
-3
-3
-6
-7
-7
-7
-8
-10
-10
-10
-12
-12
-14
-12
-14
-16
-14
-16
-16
-14
-10
-9
-9
-9
-10
-9
-9
-10
-10
-11
-8
-6
-5
-3
0
-1
-2
-2
1
-2
-3
-2
-2
2
1
2
3
3
4
5
4
5
4
3
1
0
1
0
0
1
0
3
0
0
0
-4
-4
-5
-6
-5
-5
-5
-7
-8
-8
-9
-10
-12
-10
-13
-15
-17
-16
-17
-19
-17
-16
-15
-16
-17
-16
-18
-17
-15
-15
-17
-14
-11
-13
-13
-11
-10
-8
-5
-2
0
0
1
2
2
0
0
2
4
7
11
12
9
10
11
11
12
12
13
15
13
12
11
7
4
4
2
2
5
3
2
3
3
2
2
-1
1
0
-2
-4
-6
-6
-6
-8
-8
-8
-9
-9
-8
-6
-6
-5
-4
-1
2
2
1
2
7
8
10
10
8
10
12
10
11
14
15
16
18
17
15
16
20
18
21
22
19
17
17
16
14
12
11
13
13
14
14
12
11
11
9
5
6
4
1
2
1
3
1
-1
1
0
-2
-4
-7
-9
-9
-10
-14
-17
-17
-18
-16
-17
-19
-22
-23
-26
-27
-24
-21
-20
-15
-14
-13
-11
-10
-8
-5
-4
-3
-2
1
5
7
12
12
16
15
18
21
21
21
23
24
24
24
23
22
21
18
17
15
12
10
8
5
1
0
-1
-6
-8
-9
-14
-17
-15
-19
-23
-26
-28
-28
-32
-33
-35
-37
-38
-40
-41
-41
-41
-42
-39
-37
-39
-36
-33
-32
-27
-22
-17
-12
-8
-4
2
6
11
17
23
30
33
38
45
49
55
59
64
66
66
68
68
70
72
74
77
76
74
73
73
70
68
65
61
56
51
47
42
37
30
23
16
10
5
-1
-6
-13
-21
-29
-36
-45
-50
-56
-61
-67
-72
-78
-84
-89
-95
-98
-101
-105
-105
-107
-104
-103
-99
-95
-93
-86
-80
-75
-66
-56
-46
-36
-25
-13
-1
13
24
37
48
60
71
83
93
104
113
124
135
143
155
165
172
181
187
188
190
192
190
189
187
182
176
171
160
147
134
118
101
83
64
41
16
-6
-32
-59
-85
-112
-139
-163
-186
-212
-235
-256
-277
-294
-310
-320
-330
-338
-342
-343
-340
-335
-331
-324
-313
-298
-283
-261
-237
-214
-187
-161
-134
-102
-69
-34
2
39
75
110
147
183
218
254
292
328
360
393
421
449
477
496
512
528
535
540
540
532
516
497
472
444
412
374
335
291
242
193
141
87
32
-23
-80
-133
-187
-241
-293
-346
-395
-438
-478
-515
-548
-575
-597
-618
-632
-641
-648
-650
-646
-638
-624
-609
-589
-561
-533
-500
-464
-426
-383
-341
-294
-246
-197
-147
-96
-41
13
71
127
183
243
295
347
404
454
505
557
605
650
690
723
748
768
781
789
784
776
762
737
709
672
629
580
528
471
413
350
288
224
158
97
29
-35
-92
-153
-207
-262
-314
-361
-406
-450
-492
-525
-560
-596
-623
-649
-673
-689
-705
-715
-724
-728
-725
-723
-711
-694
-674
-647
-618
-586
-549
-508
-464
-416
-365
-312
-256
-198
-137
-76
-14
48
113
174
235
294
351
406
460
514
563
610
651
690
723
752
774
791
803
809
805
797
783
763
735
703
667
623
577
527
471
414
356
297
234
172
111
48
-9
-68
-127
-180
-232
-284
-332
-376
-421
-462
-499
-533
-566
-594
-618
-640
-658
-673
-689
-701
-705
-710
-710
-701
-692
-678
-657
-635
-610
-582
-549
-510
-472
-428
-379
-328
-274
-219
-163
-107
-48
9
68
128
183
237
295
352
409
458
509
557
600
641
681
715
745
768
785
795
798
797
792
780
763
738
709
676
637
592
544
489
433
378
316
259
201
141
82
25
-34
-90
-142
-194
-244
-288
-333
-379
-417
-453
-488
-522
-552
-583
-615
-642
-669
-691
-709
-727
-739
-743
-747
-745
-737
-729
-714
-692
-665
-637
-601
-559
-513
-462
-410
-352
-293
-234
-169
-112
-47
19
80
144
204
266
323
378
430
478
527
570
611
649
683
714
740
762
782
798
807
809
811
805
786
770
743
709
672
630
586
537
484
428
368
309
248
188
126
64
6
-50
-106
-156
-206
-251
-294
-336
-372
-408
-440
-470
-497
-521
-546
-567
-587
-605
-619
-633
-642
-647
-653
-654
-649
-643
-634
-622
-602
-582
-556
-526
-496
-460
-422
-378
-335
-289
-240
-191
-140
-90
-40
13
63
116
167
216
266
311
352
393
431
467
503
539
569
597
626
646
662
675
679
680
679
673
661
651
634
609
582
549
511
472
432
387
340
296
250
203
156
109
61
11
-35
-78
-121
-162
-200
-235
-270
-306
-341
-372
-403
-431
-456
-476
-495
-517
-534
-548
-565
-577
-588
-592
-592
-592
-588
-580
-565
-549
-529
-503
-474
-445
-413
-380
-344
-305
-261
-215
-175
-131
-83
-40
3
48
91
131
172
211
247
279
310
338
370
396
417
436
455
472
485
500
512
518
526
530
532
529
523
514
500
487
466
445
421
391
363
333
301
271
241
207
168
127
88
46
8
-26
-60
-90
-125
-156
-189
-225
-254
-282
-304
-324
-341
-354
-364
-376
-391
-404
-418
-429
-439
-449
-454
-457
-452
-446
-435
-426
-416
-399
-385
-370
-345
-326
-302
-270
-238
-207
-175
-143
-114
-82
-50
-21
11
48
79
113
148
179
207
231
248
261
278
293
310
326
343
357
366
372
376
380
386
390
395
397
398
397
395
393
379
365
352
328
307
287
259
233
206
176
145
119
95
73
48
22
-6
-32
-56
-78
-96
-116
-136
-155
-172
-188
-205
-217
-227
-241
-256
-270
-284
-295
-300
-305
-310
-317
-326
-333
-339
-339
-336
-328
-316
-307
-293
-279
-265
-246
-225
-203
-180
-158
-136
-113
-89
-64
-36
-9
13
37
59
77
92
109
127
145
165
186
205
217
225
235
244
254
265
279
291
301
313
323
326
331
334
340
340
335
337
331
322
316
304
290
274
254
229
197
165
135
103
67
28
-9
-48
-86
-120
-154
-182
-209
-237
-260
-282
-305
-332
-356
-376
-396
-410
-415
-416
-413
-408
-407
-400
-385
-375
-362
-349
-346
-336
-320
-298
-269
-241
-210
-188
-169
-148
-128
-102
-75
-47
-17
6
26
43
59
76
97
124
153
179
194
203
203
199
204
214
229
248
261
272
284
295
308
314
312
304
295
285
279
278
277
270
255
233
209
187
167
151
133
105
68
34
3
-31
-61
-89
-114
-135
-150
-168
-188
-214
-239
-261
-271
-275
-279
-290
-313
-337
-344
-321
-285
-269
-317
-471
-713
-948
-1075
-1050
-870
-609
-391
-285
-294
-378
-463
-479
-406
-262
-79
86
197
258
281
289
313
364
429
487
520
517
496
479
490
542
600
607
514
297
11
-234
-348
-296
-114
97
237
263
206
138
137
237
417
602
720
735
655
545
469
452
487
537
553
505
408
277
130
-2
-97
-171
-236
-302
-392
-493
-591
-667
-702
-703
-707
-748
-837
-951
-1038
-1049
-972
-840
-712
-641
-627
-629
-595
-468
-246
14
252
412
464
445
411
398
414
444
452
413
344
264
194
160
163
185
222
258
290
327
381
455
548
643
730
802
857
907
957
1007
1035
1045
1040
1010
967
907
829
742
649
551
448
332
204
71
-49
-160
-264
-365
-471
-574
-665
-741
-802
-853
-894
-934
-969
-1004
-1025
-1023
-997
-946
-884
-827
-784
-750
-711
-656
-590
-515
-443
-393
-357
-329
-294
-252
-197
-143
-97
-56
-22
5
40
85
134
194
252
303
351
406
474
554
634
709
773
838
905
976
1059
1146
1237
1332
1410
1451
1451
1415
1371
1324
1275
1213
1113
974
806
622
443
267
94
-84
-268
-449
-627
-799
-948
-1064
-1146
-1202
-1252
-1295
-1329
-1335
-1299
-1239
-1170
-1102
-1051
-1006
-954
-900
-837
-773
-712
-652
-606
-570
-550
-544
-543
-542
-539
-535
-536
-535
-530
-515
-482
-436
-381
-319
-251
-182
-108
-26
70
177
306
445
588
723
850
979
1105
1232
1365
1503
1652
1810
1950
2037
2051
2004
1931
1864
1808
1731
1605
1414
1175
917
663
415
173
-72
-324
-577
-827
-1070
-1284
-1456
-1578
-1653
-1706
-1748
-1780
-1786
-1746
-1653
-1533
-1401
-1271
-1148
-1028
-905
-785
-678
-580
-491
-417
-357
-321
-305
-302
-305
-312
-337
-379
-437
-494
-531
-544
-539
-523
-507
-490
-465
-421
-354
-260
-138
4
153
308
463
628
817
1025
1234
1431
1614
1797
1995
2208
2395
2512
2536
2474
2378
2284
2190
2067
1883
1635
1336
1016
692
371
63
-223
-503
-778
-1062
-1344
-1592
-1777
-1885
-1935
-1956
-1963
-1958
-1918
-1835
-1716
-1567
-1408
-1243
-1077
-915
-762
-628
-505
-380
-262
-165
-100
-82
-92
-118
-151
-179
-208
-238
-265
-298
-341
-398
-461
-508
-518
-479
-403
-313
-228
-147
-52
68
213
382
564
763
964
1159
1341
1520
1705
1896
2095
2261
2352
2355
2290
2195
2095
2005
1892
1728
1510
1243
955
657
362
90
-151
-363
-558
-757
-973
-1184
-1355
-1460
-1498
-1490
-1448
-1391
-1325
-1241
-1143
-1032
-902
-755
-595
-448
-333
-253
-206
-169
-132
-104
-96
-107
-133
-164
-202
-257
-328
-403
-460
-489
-498
-504
-522
-544
-557
-541
-497
-442
-389
-343
-303
-264
-219
-166
-106
-37
31
92
143
174
203
235
277
324
368
408
453
503
552
590
605
596
575
557
548
547
538
517
490
455
418
381
341
299
262
229
195
148
99
49
5
-27
-52
-79
-105
-132
-162
-187
-214
-239
-260
-277
-293
-314
-335
-359
-379
-386
-389
-391
-397
-412
-424
-431
-436
-437
-440
-447
-447
-444
-436
-421
-418
-417
-414
-407
-392
-371
-336
-304
-275
-246
-225
-204
-170
-120
-56
7
63
118
169
222
286
355
420
477
530
577
626
678
730
782
832
871
898
905
895
881
871
858
840
812
767
715
655
591
523
450
376
302
234
169
101
34
-31
-93
-139
-179
-214
-245
-276
-302
-327
-359
-386
-405
-423
-434
-443
-458
-474
-489
-502
-510
-521
-534
-550
-562
-562
-552
-537
-522
-510
-495
-481
-461
-438
-413
-385
-357
-328
-302
-275
-243
-203
-155
-101
-51
-1
45
87
130
174
213
255
300
343
392
434
466
497
534
577
621
658
681
682
668
647
628
615
601
585
556
513
466
408
347
293
241
192
144
88
28
-32
-86
-131
-169
-201
-235
-262
-286
-312
-340
-368
-394
-401
-399
-400
-408
-433
-460
-485
-498
-497
-493
-488
-485
-484
-487
-490
-493
-488
-473
-453
-433
-424
-413
-391
-357
-313
-276
-250
-228
-205
-180
-146
-106
-64
-16
36
81
120
154
182
213
252
285
315
344
370
396
421
441
459
472
486
497
503
498
482
461
443
429
418
402
379
347
304
253
200
150
104
64
25
-12
-52
-97
-136
-173
-204
-230
-250
-264
-277
-291
-301
-311
-322
-329
-333
-330
-330
-338
-351
-362
-368
-363
-355
-344
-335
-333
-339
-347
-349
-342
-326
-301
-272
-250
-227
-202
-188
-170
-151
-128
-104
-81
-52
-24
-3
19
44
79
111
142
177
207
234
255
273
296
323
352
383
412
436
456
472
488
502
522
537
538
530
516
498
482
459
435
407
375
337
290
240
195
151
111
74
32
-18
-68
-106
-131
-153
-172
-191
-214
-231
-246
-255
-256
-258
-265
-280
-294
-308
-320
-319
-314
-312
-313
-319
-329
-339
-349
-356
-355
-347
-331
-312
-298
-287
-281
-278
-268
-251
-226
-195
-161
-132
-112
-96
-75
-44
-5
35
71
100
123
142
165
193
233
274
304
330
354
375
393
415
445
477
508
525
518
505
487
471
459
438
409
375
332
286
238
190
145
104
56
4
-47
-101
-154
-193
-221
-242
-260
-283
-310
-335
-349
-356
-360
-365
-369
-374
-379
-384
-384
-379
-367
-351
-343
-333
-321
-315
-313
-300
-278
-252
-230
-219
-212
-198
-176
-148
-114
-74
-43
-19
1
15
28
50
80
120
158
191
216
235
259
287
324
362
405
450
478
488
501
523
546
574
605
624
625
611
596
583
569
539
493
441
379
311
241
176
124
66
3
-66
-144
-218
-282
-335
-379
-417
-446
-477
-510
-539
-556
-557
-559
-561
-548
-521
-508
-508
-500
-481
-459
-439
-422
-403
-380
-357
-334
-315
-302
-282
-251
-227
-210
-189
-166
-147
-132
-102
-47
7
29
29
50
88
127
165
212
269
313
346
378
428
487
532
565
611
669
712
723
726
729
732
725
708
684
655
616
558
482
403
329
256
182
102
17
-63
-138
-210
-271
-321
-363
-405
-446
-481
-509
-525
-532
-533
-525
-512
-503
-500
-497
-485
-460
-430
-407
-392
-386
-384
-375
-357
-339
-330
-326
-322
-309
-285
-257
-232
-208
-181
-153
-118
-76
-49
-39
-32
4
74
147
208
261
321
386
448
511
587
667
736
802
875
957
1024
1067
1109
1149
1166
1135
1079
1040
1018
971
871
742
616
501
389
273
163
63
-39
-145
-254
-354
-436
-487
-518
-540
-566
-605
-644
-662
-646
-608
-570
-551
-550
-548
-537
-522
-504
-481
-457
-441
-439
-458
-476
-474
-457
-436
-423
-428
-435
-435
-421
-397
-368
-334
-301
-267
-217
-155
-90
-24
32
70
112
187
290
391
467
523
577
634
698
768
847
923
985
1026
1033
1005
968
953
963
962
904
789
647
523
434
349
241
104
-40
-181
-314
-449
-577
-669
-720
-757
-802
-859
-909
-923
-911
-878
-846
-830
-819
-801
-771
-731
-695
-663
-628
-591
-563
-541
-524
-507
-495
-494
-501
-504
-489
-456
-426
-410
-406
-401
-373
-325
-276
-231
-185
-139
-94
-52
-6
70
179
294
390
473
551
637
734
840
959
1087
1213
1329
1409
1433
1406
1372
1372
1396
1381
1285
1121
948
800
683
565
418
241
49
-139
-312
-461
-581
-676
-756
-839
-933
-1009
-1051
-1049
-1019
-989
-979
-975
-953
-901
-835
-779
-743
-719
-688
-648
-611
-584
-566
-551
-538
-524
-516
-517
-518
-504
-481
-451
-428
-421
-414
-390
-346
-283
-214
-146
-74
12
115
229
348
475
609
745
884
1020
1153
1304
1472
1635
1750
1785
1768
1751
1764
1793
1774
1650
1442
1225
1051
916
767
554
292
21
-223
-423
-605
-783
-950
-1095
-1216
-1316
-1388
-1419
-1412
-1384
-1355
-1327
-1280
-1199
-1095
-993
-909
-847
-780
-700
-623
-569
-547
-530
-503
-471
-446
-443
-461
-477
-476
-461
-446
-437
-441
-439
-416
-375
-307
-215
-128
-56
12
99
236
416
606
769
904
1040
1223
1462
1718
1927
2036
2053
2042
2080
2174
2236
2183
2000
1757
1543
1375
1210
984
677
332
12
-256
-485
-717
-964
-1201
-1399
-1535
-1618
-1665
-1691
-1706
-1702
-1668
-1585
-1459
-1317
-1190
-1090
-999
-890
-760
-625
-516
-456
-430
-413
-385
-360
-356
-376
-416
-449
-461
-458
-461
-478
-506
-522
-505
-455
-385
-305
-220
-126
-13
126
294
488
702
917
1123
1336
1592
1888
2163
2326
2354
2339
2390
2516
2594
2505
2259
1975
1768
1635
1457
1151
746
341
17
-243
-510
-823
-1147
-1414
-1598
-1725
-1828
-1921
-1982
-1999
-1981
-1933
-1848
-1718
-1560
-1417
-1299
-1177
-1034
-860
-693
-584
-532
-491
-427
-349
-306
-323
-373
-408
-409
-400
-419
-466
-522
-548
-531
-498
-466
-434
-379
-284
-166
-35
112
297
519
754
982
1213
1494
1831
2158
2369
2429
2431
2512
2683
2801
2735
2489
2202
2004
1884
1714
1393
954
531
212
-40
-330
-702
-1092
-1399
-1588
-1710
-1828
-1965
-2078
-2127
-2101
-2030
-1944
-1844
-1724
-1595
-1465
-1327
-1164
-983
-830
-730
-668
-604
-507
-414
-381
-419
-481
-508
-493
-473
-490
-554
-613
-625
-594
-553
-532
-512
-454
-342
-201
-56
92
276
507
761
1007
1244
1523
1871
2222
2465
2556
2582
2681
2864
2999
2939
2688
2401
2218
2115
1942
1594
1117
680
381
154
-147
-564
-990
-1297
-1457
-1564
-1720
-1908
-2047
-2078
-2018
-1952
-1912
-1866
-1767
-1612
-1449
-1306
-1172
-1025
-880
-769
-698
-642
-575
-507
-479
-509
-566
-605
-603
-594
-624
-692
-753
-763
-724
-685
-666
-649
-589
-472
-325
-178
-38
133
362
628
891
1137
1416
1755
2115
2390
2508
2545
2641
2830
2994
2973
2748
2459
2265
2177
2042
1725
1261
816
516
300
22
-375
-802
-1120
-1291
-1405
-1558
-1756
-1918
-1964
-1915
-1849
-1815
-1784
-1706
-1576
-1427
-1289
-1168
-1037
-900
-792
-713
-652
-590
-533
-515
-542
-589
-618
-621
-627
-668
-734
-781
-783
-754
-734
-734
-725
-660
-535
-397
-274
-152
11
243
508
760
990
1239
1560
1924
2224
2384
2444
2530
2708
2891
2925
2765
2521
2336
2244
2129
1854
1431
1016
723
501
225
-163
-578
-881
-1048
-1172
-1349
-1571
-1737
-1779
-1735
-1695
-1697
-1700
-1637
-1498
-1347
-1232
-1145
-1044
-923
-805
-725
-678
-637
-600
-584
-602
-645
-681
-697
-713
-754
-813
-854
-855
-830
-813
-809
-791
-728
-617
-485
-358
-233
-73
142
389
637
863
1095
1388
1740
2072
2289
2383
2454
2605
2803
2914
2833
2612
2408
2300
2209
1992
1612
1186
862
646
406
44
-383
-733
-934
-1053
-1211
-1437
-1638
-1719
-1680
-1625
-1627
-1653
-1616
-1487
-1323
-1208
-1148
-1082
-971
-834
-726
-683
-669
-651
-621
-614
-659
-725
-772
-792
-809
-853
-913
-956
-956
-925
-892
-863
-814
-728
-602
-456
-308
-149
38
263
514
758
988
1240
1547
1887
2173
2334
2409
2504
2671
2833
2858
2705
2475
2305
2215
2082
1793
1385
1001
743
546
273
-116
-513
-781
-913
-1022
-1203
-1429
-1586
-1609
-1544
-1502
-1523
-1537
-1471
-1326
-1180
-1093
-1049
-986
-874
-762
-701
-696
-704
-687
-673
-699
-772
-847
-892
-918
-950
-1005
-1058
-1083
-1071
-1038
-1004
-960
-890
-781
-643
-489
-323
-143
71
316
576
821
1063
1340
1658
1985
2228
2347
2410
2530
2711
2837
2797
2603
2387
2251
2159
1973
1628
1220
897
685
477
158
-246
-597
-800
-905
-1038
-1249
-1466
-1566
-1530
-1458
-1451
-1493
-1483
-1373
-1204
-1073
-1025
-1001
-925
-797
-693
-673
-709
-744
-740
-726
-750
-825
-914
-966
-977
-992
-1034
-1087
-1112
-1092
-1036
-972
-914
-842
-729
-568
-394
-224
-49
158
411
676
918
1152
1422
1745
2050
2241
2324
2392
2537
2721
2797
2688
2471
2294
2207
2105
1859
1474
1096
843
662
422
61
-327
-597
-728
-831
-1015
-1256
-1421
-1439
-1379
-1360
-1408
-1448
-1382
-1220
-1072
-1020
-1030
-998
-888
-772
-730
-782
-851
-864
-838
-842
-917
-1020
-1084
-1090
-1083
-1113
-1173
-1212
-1188
-1124
-1065
-1018
-966
-860
-696
-515
-349
-187
10
265
548
807
1029
1278
1595
1939
2204
2329
2390
2507
2698
2843
2820
2634
2420
2301
2226
2053
1718
1318
1011
815
613
301
-86
-403
-574
-666
-808
-1030
-1229
-1304
-1260
-1212
-1247
-1311
-1298
-1173
-1021
-943
-952
-964
-894
-779
-720
-759
-847
-887
-869
-857
-910
-1018
-1099
-1113
-1101
-1118
-1185
-1240
-1232
-1171
-1108
-1077
-1048
-961
-802
-622
-461
-322
-154
83
363
622
846
1076
1378
1732
2029
2201
2275
2365
2543
2723
2766
2633
2431
2292
2217
2089
1815
1439
1105
880
689
420
61
-281
-498
-613
-736
-935
-1150
-1269
-1269
-1228
-1240
-1300
-1322
-1253
-1123
-1032
-1026
-1049
-1020
-928
-853
-861
-933
-992
-989
-965
-990
-1076
-1169
-1213
-1201
-1186
-1214
-1263
-1273
-1217
-1131
-1063
-1009
-927
-782
-588
-396
-238
-75
145
419
694
928
1157
1439
1780
2089
2268
2338
2422
2585
2750
2789
2659
2460
2320
2244
2112
1832
1459
1133
913
720
442
80
-251
-457
-566
-684
-875
-1077
-1186
-1179
-1137
-1149
-1208
-1239
-1179
-1065
-988
-987
-1016
-1001
-932
-873
-892
-976
-1043
-1052
-1036
-1063
-1153
-1252
-1304
-1294
-1268
-1277
-1310
-1315
-1256
-1158
-1071
-1004
-922
-777
-583
-388
-216
-44
176
450
731
980
1214
1492
1829
2139
2329
2410
2501
2664
2828
2860
2720
2519
2383
2309
2173
1885
1506
1182
971
784
501
130
-199
-393
-497
-624
-826
-1031
-1125
-1109
-1074
-1107
-1187
-1217
-1153
-1049
-992
-1014
-1055
-1040
-975
-941
-992
-1092
-1162
-1168
-1158
-1202
-1306
-1404
-1436
-1416
-1395
-1413
-1437
-1412
-1333
-1236
-1156
-1091
-989
-828
-638
-456
-284
-93
151
435
703
947
1206
1516
1858
2147
2313
2405
2521
2689
2816
2796
2635
2456
2350
2263
2084
1768
1405
1127
944
744
434
77
-200
-342
-426
-569
-776
-947
-998
-959
-941
-993
-1063
-1060
-977
-889
-872
-920
-953
-923
-874
-883
-970
-1073
-1129
-1141
-1165
-1247
-1360
-1435
-1447
-1426
-1422
-1441
-1439
-1382
-1281
-1176
-1093
-1004
-869
-689
-490
-302
-113
110
374
652
907
1149
1427
1741
2054
2282
2405
2502
2639
2782
2826
2723
2543
2398
2306
2174
1917
1568
1247
1024
833
567
219
-104
-306
-414
-538
-731
-923
-1021
-1011
-984
-1012
-1082
-1108
-1048
-960
-925
-964
-1009
-996
-949
-945
-1023
-1140
-1212
-1234
-1255
-1326
-1435
-1516
-1536
-1514
-1501
-1514
-1513
-1451
-1340
-1224
-1125
-1028
-891
-703
-505
-324
-140
79
349
629
876
1100
1358
1676
2000
2235
2354
2440
2576
2730
2798
2704
2512
2352
2264
2154
1913
1556
1217
987
817
575
234
-107
-328
-431
-528
-702
-908
-1023
-1008
-954
-965
-1037
-1080
-1024
-915
-857
-889
-947
-953
-903
-876
-939
-1055
-1144
-1175
-1191
-1255
-1364
-1459
-1491
-1474
-1462
-1480
-1491
-1447
-1344
-1231
-1147
-1060
-928
-741
-539
-363
-196
20
300
598
854
1069
1313
1636
1980
2233
2354
2435
2575
2760
2850
2757
2555
2390
2313
2218
1975
1606
1260
1035
876
639
281
-68
-286
-383
-484
-677
-895
-1003
-977
-924
-949
-1040
-1084
-1020
-917
-886
-946
-1011
-1005
-947
-936
-1023
-1150
-1225
-1234
-1252
-1336
-1461
-1547
-1547
-1513
-1514
-1546
-1553
-1484
-1353
-1234
-1156
-1070
-922
-715
-504
-333
-178
34
319
617
864
1073
1317
1636
1975
2220
2340
2422
2560
2736
2814
2716
2519
2367
2289
2178
1928
1569
1242
1032
866
615
270
-45
-234
-328
-447
-648
-850
-937
-911
-878
-925
-1013
-1036
-968
-886
-881
-947
-1002
-988
-949
-965
-1061
-1176
-1239
-1254
-1285
-1369
-1477
-1543
-1540
-1514
-1516
-1532
-1514
-1437
-1320
-1213
-1125
-1017
-859
-661
-464
-289
-111
120
405
682
920
1143
1406
1730
2046
2259
2372
2476
2630
2781
2812
2685
2503
2374
2288
2140
1851
1489
1197
1010
829
538
178
-110
-258
-341
-487
-704
-883
-933
-891
-878
-951
-1039
-1034
-946
-880
-904
-984
-1020
-984
-956
-1006
-1125
-1230
-1268
-1278
-1331
-1438
-1539
-1579
-1559
-1539
-1551
-1559
-1514
-1410
-1295
-1197
-1104
-974
-788
-582
-401
-233
-30
233
520
773
986
1220
1510
1828
2086
2232
2328
2467
2638
2741
2688
2529
2390
2323
2241
2029
1695
1370
1157
1003
770
431
101
-106
-202
-315
-517
-736
-848
-839
-815
-873
-982
-1027
-966
-887
-885
-962
-1028
-1014
-966
-980
-1081
-1200
-1260
-1267
-1290
-1373
-1481
-1538
-1529
-1502
-1498
-1515
-1496
-1408
-1287
-1178
-1090
-985
-827
-628
-433
-266
-98
121
381
640
861
1064
1307
1595
1874
2066
2172
2275
2427
2570
2605
2500
2351
2253
2189
2060
1801
1481
1225
1057
880
603
277
20
-121
-219
-377
-591
-755
-804
-788
-813
-907
-990
-989
-928
-898
-950
-1028
-1051
-1022
-1004
-1065
-1176
-1250
-1267
-1275
-1331
-1422
-1489
-1497
-1468
-1455
-1468
-1466
-1405
-1297
-1192
-1108
-1017
-879
-687
-490
-319
-156
46
304
571
802
1000
1227
1510
1801
2019
2144
2244
2388
2550
2618
2542
2398
2297
2245
2136
1902
1590
1319
1141
968
711
386
110
-51
-160
-307
-516
-695
-770
-776
-808
-901
-1002
-1024
-984
-963
-1012
-1095
-1131
-1110
-1097
-1147
-1245
-1320
-1341
-1347
-1394
-1477
-1541
-1547
-1518
-1502
-1507
-1494
-1430
-1324
-1218
-1125
-1026
-882
-687
-491
-320
-157
46
303
570
805
1007
1232
1510
1804
2024
2148
2243
2386
2547
2614
2543
2400
2295
2241
2136
1907
1600
1333
1157
992
740
421
151
-3
-103
-251
-460
-642
-719
-729
-770
-876
-979
-1004
-969
-957
-1014
-1102
-1144
-1136
-1135
-1191
-1286
-1354
-1373
-1386
-1434
-1509
-1563
-1564
-1536
-1519
-1516
-1491
-1421
-1313
-1201
-1099
-993
-849
-665
-475
-302
-132
83
331
586
815
1021
1254
1532
1804
1997
2102
2210
2367
2506
2532
2431
2303
2228
2170
2037
1780
1483
1262
1116
934
648
338
120
7
-91
-268
-481
-624
-659
-664
-740
-867
-952
-949
-910
-934
-1025
-1103
-1111
-1081
-1105
-1198
-1296
-1336
-1332
-1355
-1428
-1504
-1526
-1498
-1463
-1459
-1460
-1420
-1327
-1216
-1121
-1038
-924
-756
-566
-390
-230
-53
173
424
661
868
1076
1330
1610
1847
1998
2104
2236
2392
2488
2461
2352
2254
2205
2135
1958
1688
1425
1243
1093
870
567
289
114
8
-127
-330
-525
-631
-658
-700
-806
-927
-980
-968
-963
-1025
-1116
-1163
-1156
-1155
-1213
-1305
-1370
-1388
-1394
-1437
-1508
-1555
-1546
-1503
-1473
-1465
-1442
-1372
-1266
-1157
-1059
-953
-812
-638
-460
-294
-118
95
340
585
806
1024
1266
1536
1783
1958
2086
2220
2367
2472
2477
2395
2303
2242
2168
2017
1783
1533
1335
1168
956
679
405
206
68
-75
-260
-448
-570
-624
-681
-776
-885
-949
-953
-959
-1014
-1095
-1148
-1156
-1163
-1215
-1301
-1367
-1391
-1406
-1447
-1510
-1557
-1554
-1524
-1501
-1491
-1465
-1397
-1302
-1205
-1107
-996
-857
-695
-529
-366
-191
21
257
491
716
937
1183
1453
1705
1891
2020
2154
2316
2440
2461
2385
2295
2241
2184
2052
1824
1570
1377
1225
1029
756
478
276
143
5
-185
-390
-522
-579
-630
-731
-852
-922
-924
-926
-978
-1070
-1138
-1147
-1147
-1193
-1289
-1377
-1407
-1411
-1436
-1498
-1559
-1566
-1529
-1487
-1467
-1452
-1400
-1301
-1191
-1093
-992
-869
-714
-541
-379
-218
-32
191
425
647
857
1087
1350
1604
1800
1934
2061
2214
2349
2385
2322
2240
2194
2153
2041
1832
1587
1400
1259
1078
815
536
332
202
75
-112
-324
-471
-534
-582
-686
-820
-902
-916
-915
-964
-1058
-1138
-1158
-1152
-1190
-1285
-1373
-1406
-1401
-1412
-1461
-1516
-1525
-1480
-1427
-1398
-1379
-1329
-1230
-1111
-1008
-920
-816
-668
-496
-334
-186
-16
194
419
634
832
1048
1295
1543
1738
1869
1993
2141
2272
2314
2260
2183
2137
2094
1978
1783
1562
1387
1244
1055
804
545
358
233
100
-86
-277
-405
-466
-529
-640
-767
-842
-857
-872
-938
-1035
-1101
-1121
-1138
-1202
-1301
-1383
-1419
-1435
-1469
-1526
-1564
-1558
-1520
-1481
-1457
-1421
-1345
-1236
-1122
-1018
-911
-778
-618
-450
-287
-119
71
288
508
712
916
1141
1383
1599
1755
1870
1995
2134
2225
2222
2158
2101
2067
2004
1857
1652
1461
1318
1176
969
711
485
336
217
69
-125
-298
-397
-451
-532
-656
-773
-829
-846
-890
-982
-1077
-1134
-1155
-1188
-1267
-1365
-1430
-1457
-1479
-1526
-1580
-1606
-1583
-1537
-1496
-1463
-1408
-1306
-1186
-1067
-955
-829
-675
-505
-332
-163
18
226
447
658
857
1066
1291
1504
1677
1804
1921
2045
2141
2166
2126
2064
2023
1972
1863
1686
1493
1343
1214
1048
826
592
420
304
180
11
-161
-287
-351
-408
-508
-621
-703
-742
-775
-849
-951
-1039
-1090
-1133
-1204
-1300
-1392
-1453
-1488
-1532
-1595
-1643
-1653
-1628
-1591
-1556
-1511
-1436
-1327
-1204
-1082
-953
-807
-640
-461
-275
-75
134
352
571
789
1019
1254
1477
1653
1791
1925
2061
2159
2177
2133
2084
2048
1994
1877
1699
1515
1373
1243
1060
824
602
444
323
181
4
-162
-266
-328
-398
-501
-606
-666
-694
-734
-811
-905
-975
-1016
-1068
-1152
-1252
-1334
-1391
-1439
-1499
-1564
-1608
-1617
-1597
-1576
-1557
-1515
-1436
-1333
-1224
-1110
-976
-821
-649
-471
-291
-92
132
366
590
803
1032
1276
1506
1684
1813
1935
2072
2180
2204
2149
2081
2036
1985
1868
1680
1482
1331
1204
1030
796
567
404
290
155
-20
-192
-303
-359
-422
-524
-634
-694
-718
-749
-820
-914
-982
-1024
-1067
-1143
-1239
-1321
-1376
-1416
-1471
-1540
-1593
-1610
-1596
-1573
-1552
-1520
-1449
-1347
-1235
-1121
-994
-838
-662
-475
-285
-84
142
378
608
831
1059
1299
1521
1694
1831
1965
2095
2180
2191
2144
2089
2043
1963
1819
1630
1448
1299
1152
960
734
533
388
269
125
-50
-201
-291
-345
-419
-525
-623
-681
-702
-738
-812
-898
-961
-997
-1043
-1120
-1222
-1305
-1358
-1404
-1463
-1535
-1588
-1602
-1588
-1570
-1549
-1508
-1439
-1342
-1234
-1125
-996
-839
-667
-480
-280
-67
154
384
621
865
1111
1338
1526
1685
1836
1987
2094
2123
2098
2069
2044
1992
1870
1691
1518
1385
1250
1067
845
642
495
381
247
81
-75
-178
-242
-317
-420
-526
-595
-626
-664
-737
-824
-888
-931
-978
-1061
-1159
-1237
-1287
-1334
-1397
-1467
-1515
-1529
-1525
-1522
-1512
-1477
-1411
-1324
-1230
-1124
-994
-842
-686
-515
-323
-116
104
320
538
774
1023
1262
1456
1605
1747
1896
2023
2073
2052
2014
1996
1972
1882
1720
1546
1408
1292
1131
912
695
536
425
301
134
-37
-149
-211
-275
-382
-504
-588
-626
-658
-728
-825
-907
-947
-976
-1040
-1139
-1234
-1289
-1317
-1359
-1431
-1499
-1524
-1508
-1484
-1469
-1456
-1411
-1325
-1221
-1114
-1008
-882
-720
-534
-336
-136
69
280
508
749
989
1206
1389
1550
1712
1862
1967
2005
1992
1977
1967
1923
1818
1669
1523
1409
1294
1125
910
717
578
463
317
136
-25
-130
-196
-282
-405
-518
-585
-623
-680
-772
-865
-929
-962
-1008
-1092
-1183
-1250
-1289
-1329
-1387
-1452
-1491
-1499
-1494
-1488
-1473
-1436
-1369
-1283
-1186
-1081
-962
-820
-656
-476
-278
-72
137
350
573
810
1046
1257
1425
1572
1725
1869
1958
1977
1957
1937
1927
1879
1763
1604
1462
1355
1239
1067
863
685
557
449
310
137
-19
-121
-192
-286
-413
-527
-593
-631
-686
-779
-878
-941
-978
-1032
-1125
-1221
-1292
-1326
-1356
-1409
-1469
-1504
-1505
-1485
-1471
-1455
-1420
-1350
-1246
-1133
-1021
-899
-755
-578
-382
-182
15
212
433
672
915
1128
1298
1454
1617
1774
1876
1901
1891
1887
1888
1850
1747
1607
1480
1382
1270
1103
906
739
617
512
374
204
56
-41
-120
-220
-353
-473
-548
-601
-667
-764
-859
-926
-972
-1026
-1104
-1187
-1250
-1293
-1332
-1377
-1417
-1439
-1439
-1421
-1393
-1359
-1314
-1244
-1161
-1062
-947
-824
-691
-535
-360
-166
29
219
416
637
865
1067
1232
1367
1513
1664
1767
1798
1786
1777
1778
1754
1665
1522
1396
1307
1217
1073
888
728
617
528
411
258
116
19
-51
-140
-261
-379
-469
-532
-600
-691
-790
-872
-934
-999
-1076
-1155
-1228
-1284
-1327
-1363
-1399
-1430
-1443
-1432
-1400
-1357
-1307
-1249
-1167
-1053
-928
-800
-671
-522
-340
-140
50
233
421
635
860
1058
1207
1334
1473
1609
1697
1720
1705
1695
1693
1661
1573
1448
1331
1244
1148
1013
850
706
601
511
398
260
139
50
-25
-113
-219
-321
-405
-482
-567
-659
-748
-826
-903
-978
-1060
-1128
-1190
-1256
-1314
-1360
-1385
-1399
-1409
-1406
-1384
-1338
-1272
-1199
-1114
-1010
-883
-744
-602
-446
-273
-82
109
293
487
688
885
1059
1197
1321
1442
1549
1603
1604
1586
1569
1549
1499
1398
1279
1179
1098
1000
868
725
605
515
426
319
200
102
35
-31
-115
-206
-286
-353
-416
-494
-582
-664
-740
-815
-898
-980
-1053
-1116
-1178
-1238
-1289
-1323
-1341
-1347
-1343
-1323
-1286
-1225
-1149
-1066
-960
-839
-706
-561
-409
-240
-58
121
305
489
682
864
1015
1140
1250
1354
1431
1467
1461
1437
1417
1394
1345
1259
1154
1061
982
897
785
660
552
467
390
303
203
114
51
-8
-74
-150
-225
-290
-350
-413
-489
-566
-642
-717
-791
-864
-931
-991
-1045
-1092
-1133
-1162
-1178
-1184
-1179
-1162
-1132
-1087
-1026
-947
-856
-756
-644
-515
-370
-217
-58
98
257
424
591
740
868
977
1079
1169
1233
1262
1264
1256
1247
1223
1179
1112
1038
968
900
827
742
647
556
475
400
319
236
164
100
41
-22
-88
-151
-214
-271
-335
-403
-469
-535
-603
-666
-730
-791
-847
-904
-951
-989
-1021
-1039
-1050
-1054
-1048
-1029
-1000
-959
-903
-835
-748
-653
-549
-425
-289
-146
1
152
302
451
589
712
821
917
1004
1075
1116
1136
1145
1146
1133
1103
1056
999
943
881
808
724
638
552
470
388
307
226
150
82
16
-52
-117
-179
-241
-297
-351
-406
-463
-517
-572
-627
-678
-725
-769
-813
-852
-881
-901
-916
-927
-934
-930
-913
-886
-853
-808
-751
-684
-597
-500
-392
-271
-142
-5
136
277
414
539
655
758
845
921
981
1026
1055
1071
1078
1072
1050
1013
966
913
854
786
710
627
539
458
375
291
206
123
50
-20
-93
-161
-226
-291
-352
-411
-467
-521
-572
-617
-664
-708
-747
-783
-810
-840
-867
-882
-889
-888
-882
-869
-846
-811
-763
-709
-648
-573
-485
-384
-272
-155
-33
94
228
357
476
586
686
776
857
919
967
1000
1018
1028
1022
1002
973
930
874
814
747
670
588
503
412
323
239
152
64
-22
-101
-179
-250
-319
-385
-447
-502
-554
-601
-639
-676
-709
-737
-760
-779
-792
-795
-796
-792
-779
-759
-731
-699
-660
-609
-549
-483
-406
-324
-238
-143
-43
60
169
278
380
481
576
661
737
804
855
892
921
937
938
928
905
876
837
789
731
666
599
526
453
378
300
220
142
67
-7
-80
-152
-217
-278
-339
-397
-451
-501
-546
-589
-627
-662
-693
-712
-729
-744
-752
-753
-748
-735
-721
-697
-661
-618
-566
-508
-445
-370
-290
-203
-110
-17
79
178
279
372
458
540
613
674
726
766
797
815
824
821
805
780
746
706
661
611
555
493
431
366
302
239
173
110
46
-14
-67
-122
-177
-231
-283
-331
-379
-427
-472
-512
-548
-581
-613
-638
-663
-680
-687
-694
-694
-681
-661
-635
-601
-562
-513
-455
-390
-321
-241
-156
-67
29
123
214
304
390
469
544
607
656
698
730
746
748
743
727
700
666
622
570
516
458
397
336
277
213
149
89
34
-19
-70
-120
-162
-203
-244
-279
-314
-351
-382
-408
-440
-465
-490
-515
-533
-551
-561
-568
-573
-567
-558
-542
-519
-492
-458
-419
-369
-311
-250
-183
-107
-31
50
133
212
293
367
435
500
553
600
644
673
691
697
692
682
660
628
584
534
480
422
361
293
228
166
104
45
-11
-68
-121
-168
-210
-249
-288
-323
-353
-377
-398
-417
-436
-454
-471
-482
-494
-501
-505
-509
-504
-494
-478
-455
-427
-396
-358
-315
-269
-217
-161
-101
-35
33
103
175
244
311
378
439
493
543
583
610
632
644
646
639
624
602
571
534
495
446
392
334
271
208
141
74
10
-50
-107
-162
-209
-255
-294
-329
-362
-389
-414
-436
-454
-468
-478
-485
-487
-486
-484
-477
-465
-449
-433
-414
-386
-353
-316
-275
-230
-180
-124
-67
-11
51
111
170
232
289
343
396
444
485
523
552
573
591
599
596
585
564
539
509
469
423
378
327
274
220
165
107
49
-9
-64
-118
-174
-224
-265
-310
-349
-378
-404
-426
-446
-463
-475
-486
-492
-493
-490
-481
-470
-454
-433
-406
-376
-343
-304
-263
-221
-171
-115
-61
-3
61
120
180
237
288
343
392
437
475
507
534
555
570
576
574
562
544
518
484
441
396
349
296
240
181
120
63
5
-53
-109
-164
-214
-263
-310
-347
-382
-413
-438
-458
-474
-483
-487
-489
-484
-480
-473
-463
-446
-427
-404
-377
-344
-308
-270
-229
-182
-134
-85
-32
21
75
129
182
239
292
339
383
428
461
493
519
536
548
552
548
541
523
501
470
434
392
344
291
233
174
112
55
-5
-65
-120
-176
-224
-269
-311
-345
-384
-417
-439
-460
-474
-485
-489
-487
-481
-471
-459
-437
-413
-387
-354
-323
-289
-254
-214
-175
-131
-86
-38
10
57
108
156
203
248
290
328
363
397
423
445
466
471
477
478
465
452
433
405
372
337
298
253
206
155
102
49
-5
-60
-112
-160
-209
-254
-294
-331
-360
-385
-406
-421
-430
-437
-438
-437
-429
-414
-397
-376
-350
-321
-287
-249
-209
-168
-125
-78
-34
7
54
101
143
189
232
271
309
343
371
400
423
441
455
466
466
459
449
434
409
378
346
308
267
223
177
127
78
30
-24
-75
-121
-168
-208
-249
-287
-323
-350
-374
-397
-412
-427
-437
-436
-434
-427
-417
-406
-385
-363
-338
-309
-275
-242
-205
-165
-128
-87
-41
3
50
97
141
185
226
266
299
329
357
378
394
410
418
421
419
411
397
377
350
319
287
250
207
165
118
68
18
-26
-73
-122
-165
-205
-243
-274
-302
-325
-346
-356
-362
-370
-370
-363
-359
-350
-335
-320
-303
-279
-255
-228
-200
-171
-136
-102
-66
-28
10
49
86
123
158
196
231
263
295
325
352
374
395
411
421
430
428
420
417
399
378
353
319
285
248
207
163
115
66
17
-30
-77
-124
-169
-210
-246
-278
-308
-332
-353
-368
-376
-378
-376
-369
-357
-342
-322
-300
-275
-248
-219
-188
-156
-125
-89
-53
-20
16
47
82
115
150
179
208
235
259
284
305
323
336
349
361
362
365
365
358
345
329
306
280
254
220
185
147
105
65
24
-21
-64
-106
-146
-186
-222
-255
-284
-312
-337
-355
-368
-374
-378
-379
-373
-363
-349
-333
-312
-286
-258
-230
-197
-162
-128
-91
-53
-19
18
53
87
122
154
186
216
240
266
287
308
327
341
350
354
357
355
347
339
324
309
289
263
234
205
175
139
99
63
24
-12
-47
-82
-114
-149
-178
-201
-226
-248
-264
-277
-286
-288
-292
-288
-280
-269
-254
-238
-222
-205
-183
-159
-137
-112
-88
-66
-37
-9
16
40
66
91
113
133
153
173
191
210
223
232
241
249
252
252
251
244
236
229
213
198
178
155
133
107
83
54
23
-5
-35
-62
-90
-118
-143
-167
-185
-201
-216
-226
-230
-234
-235
-234
-230
-221
-213
-204
-191
-174
-156
-138
-119
-96
-75
-52
-29
-6
17
37
54
69
85
100
111
126
136
146
155
163
168
169
166
165
158
152
144
130
119
107
91
73
53
34
17
-2
-25
-44
-64
-82
-101
-120
-137
-151
-164
-175
-186
-193
-195
-198
-193
-193
-189
-180
-171
-161
-149
-136
-122
-105
-90
-74
-56
-36
-15
4
24
40
58
73
86
100
114
125
134
141
147
154
158
159
156
151
146
134
125
115
99
86
70
54
36
19
-2
-22
-39
-57
-73
-88
-104
-114
-125
-136
-145
-152
-155
-158
-159
-157
-157
-155
-151
-145
-138
-130
-122
-110
-101
-89
-76
-65
-54
-44
-31
-18
-8
2
15
25
37
47
56
65
75
84
92
100
108
114
119
120
120
119
116
110
100
91
83
71
58
44
30
15
0
-17
-33
-48
-63
-78
-89
-100
-109
-116
-123
-125
-125
-123
-119
-113
-106
-99
-87
-76
-65
-52
-40
-28
-12
-2
8
19
27
36
43
50
55
57
58
59
59
60
58
56
55
52
52
48
45
44
40
36
32
27
25
20
15
12
12
8
3
0
-9
-17
-23
-32
-42
-49
-54
-59
-64
-67
-70
-72
-74
-72
-70
-67
-59
-55
-45
-33
-23
-10
2
16
29
45
58
70
83
94
104
111
119
123
126
129
129
124
121
115
105
96
87
77
67
55
43
32
19
9
-1
-12
-21
-28
-33
-39
-44
-46
-49
-52
-54
-57
-57
-60
-61
-60
-57
-56
-55
-51
-50
-47
-44
-41
-36
-35
-29
-23
-20
-12
-7
2
8
16
24
31
42
48
57
68
75
85
92
98
102
105
108
109
108
106
104
97
90
83
74
66
54
44
36
23
14
3
-9
-18
-25
-31
-38
-45
-47
-51
-55
-56
-57
-56
-57
-58
-52
-48
-44
-38
-35
-31
-24
-20
-14
-7
-4
3
8
13
19
22
29
35
39
46
51
57
63
68
70
71
74
72
73
72
73
74
70
68
64
58
53
47
40
35
25
18
10
1
-8
-16
-27
-37
-46
-52
-58
-65
-69
-71
-74
-74
-73
-73
-70
-67
-66
-62
-56
-53
-49
-45
-39
-34
-31
-25
-18
-14
-7
-2
5
11
11
14
17
19
22
23
24
26
24
25
25
24
23
23
22
20
16
12
9
4
-2
-8
-13
-20
-26
-34
-40
-48
-53
-59
-64
-68
-74
-78
-80
-82
-81
-81
-79
-78
-78
-75
-71
-68
-63
-60
-55
-49
-46
-42
-36
-30
-27
-25
-20
-17
-17
-12
-9
-10
-9
-7
-4
0
0
5
12
15
18
23
27
28
32
34
35
37
38
38
38
38
36
36
32
31
27
22
18
15
11
5
1
-3
-10
-16
-21
-26
-28
-32
-33
-34
-38
-39
-40
-40
-39
-39
-36
-33
-30
-27
-25
-20
-16
-13
-9
-4
1
6
9
17
21
23
29
34
38
44
46
50
58
60
62
68
70
72
75
76
80
78
77
77
77
75
74
72
71
68
64
61
56
49
45
42
38
33
28
26
22
18
12
7
5
0
-3
-6
-5
-7
-11
-10
-14
-15
-14
-16
-15
-15
-16
-14
-13
-8
-7
-6
-4
-2
-1
2
1
3
2
1
3
2
0
1
2
0
-2
-3
-3
-4
-9
-13
-17
-19
-22
-26
-29
-31
-36
-41
-43
-49
-53
-56
-59
-61
-65
-67
-68
-71
-73
-77
-82
-87
-90
-94
-94
-94
-99
-99
-101
-103
-103
-108
-106
-106
-110
-109
-107
-105
-102
-102
-100
-99
-96
-92
-86
-82
-81
-77
-74
-65
-61
-59
-50
-46
-41
-36
-33
-28
-24
-22
-17
-10
-6
0
3
8
10
12
15
17
17
19
22
24
23
24
26
28
27
28
27
27
27
24
23
22
18
19
18
17
17
10
9
10
5
3
3
3
2
2
4
6
8
11
13
14
15
19
22
28
31
36
43
46
52
58
65
77
83
89
93
96
102
107
111
117
121
127
132
137
139
143
145
143
142
139
137
134
132
128
124
119
116
110
106
100
93
89
81
73
68
62
57
54
49
46
45
42
38
35
33
31
32
30
30
33
35
36
40
42
44
48
49
51
53
53
56
59
64
68
70
75
78
80
80
81
83
82
79
80
80
79
75
73
71
67
63
57
49
42
35
26
16
5
-4
-12
-21
-29
-35
-44
-52
-61
-68
-74
-80
-85
-91
-94
-96
-97
-97
-98
-94
-93
-90
-86
-83
-78
-75
-71
-65
-60
-55
-50
-44
-40
-33
-26
-22
-18
-16
-12
-7
-5
0
3
5
8
9
10
9
8
7
7
4
0
-3
-6
-10
-13
-18
-22
-25
-31
-37
-44
-49
-56
-64
-68
-74
-78
-81
-86
-88
-92
-94
-99
-101
-104
-103
-104
-104
-102
-102
-100
-98
-95
-92
-89
-85
-79
-76
-70
-64
-59
-56
-49
-42
-39
-34
-31
-26
-19
-15
-13
-10
-8
-6
-3
0
3
4
6
6
6
5
3
0
-3
-5
-9
-10
-13
-18
-21
-25
-29
-34
-39
-43
-49
-53
-56
-61
-64
-64
-66
-67
-66
-65
-66
-64
-62
-65
-65
-63
-60
-56
-53
-48
-43
-38
-33
-27
-20
-15
-14
-8
-1
5
10
15
21
26
30
35
40
45
47
50
54
54
54
56
58
61
58
56
55
53
51
49
45
44
39
35
31
28
23
20
18
14
11
6
2
0
-4
-7
-8
-10
-10
-11
-11
-10
-10
-7
-4
0
2
5
10
12
14
16
20
21
24
29
31
33
37
41
42
43
48
50
53
56
58
59
62
61
63
64
62
62
60
60
58
56
53
49
45
40
36
30
25
21
17
10
5
0
-4
-9
-13
-17
-22
-26
-28
-29
-33
-39
-41
-44
-47
-46
-49
-46
-46
-46
-45
-47
-46
-45
-43
-40
-40
-38
-35
-35
-32
-29
-29
-27
-28
-26
-23
-24
-22
-20
-19
-15
-12
-12
-13
-11
-13
-13
-14
-16
-16
-17
-16
-17
-17
-17
-21
-23
-26
-28
-29
-31
-33
-33
-34
-34
-34
-35
-35
-35
-34
-31
-30
-29
-27
-24
-22
-18
-14
-12
-7
-1
3
7
11
18
20
24
31
36
43
49
55
62
68
75
80
86
91
94
100
105
109
114
116
122
124
126
131
133
134
134
136
138
138
136
133
135
132
128
127
124
119
117
117
111
108
105
103
100
97
95
92
91
90
90
85
82
81
78
76
75
74
76
75
77
78
76
74
73
76
80
78
79
79
79
81
79
79
79
76
77
75
75
75
70
69
65
63
60
54
49
45
40
37
30
22
18
13
5
-1
-5
-12
-15
-20
-28
-33
-39
-44
-48
-55
-59
-62
-65
-67
-71
-70
-72
-77
-76
-79
-82
-83
-84
-85
-85
-83
-82
-81
-82
-82
-81
-82
-82
-85
-82
-79
-79
-77
-76
-75
-74
-74
-72
-73
-73
-70
-71
-73
-76
-78
-77
-80
-84
-86
-87
-87
-90
-93
-97
-104
-108
-110
-116
-120
-121
-121
-123
-124
-125
-126
-125
-126
-126
-124
-124
-121
-122
-123
-120
-118
-115
-112
-112
-106
-103
-102
-100
-98
-94
-91
-86
-82
-82
-77
-74
-73
-70
-71
-69
-66
-64
-67
-65
-60
-62
-60
-59
-56
-54
-53
-53
-55
-56
-57
-57
-58
-59
-56
-56
-58
-55
-54
-55
-51
-48
-51
-48
-44
-45
-40
-40
-38
-32
-27
-22
-17
-11
-7
-2
2
4
8
11
15
17
24
26
28
35
36
34
34
36
35
34
36
38
38
36
37
38
35
35
34
33
30
30
29
27
28
26
26
27
29
35
36
35
35
36
35
36
37
38
40
39
41
42
43
44
45
47
50
51
53
53
54
56
55
55
58
58
59
59
60
61
61
62
59
60
62
62
60
60
59
57
53
50
46
45
43
39
37
35
32
31
31
28
25
24
23
19
16
16
11
12
12
11
13
14
15
15
15
16
16
14
18
20
20
22
25
24
24
25
24
25
26
27
27
27
27
25
25
26
27
27
26
23
22
21
18
16
19
19
19
18
16
11
9
14
12
11
12
11
8
7
7
5
3
4
4
3
5
3
2
5
5
7
8
9
7
9
10
9
10
15
13
16
18
17
19
21
23
23
24
24
23
24
25
24
26
27
27
29
27
26
25
27
25
25
26
24
22
19
17
15
13
13
12
9
6
6
-2
-4
-4
-5
-6
-5
-8
-12
-15
-17
-16
-14
-13
-10
-10
-11
-8
-6
-6
-3
-2
-3
-1
3
9
9
9
13
15
17
21
19
18
19
19
18
16
14
12
10
7
5
2
1
1
-1
-1
-1
-4
-3
-4
-8
-10
-7
-8
-10
-11
-11
-13
-15
-15
-14
-11
-8
-8
-15
-17
-18
-22
-26
-27
-28
-27
-28
-32
-34
-36
-37
-37
-40
-38
-36
-37
-39
-36
-34
-32
-31
-27
-22
-20
-19
-14
-12
-11
-5
-3
-6
-6
-2
-3
-3
2
1
1
3
3
2
0
-1
-1
-2
-1
-2
-7
-10
-16
-19
-19
-23
-24
-26
-27
-26
-28
-29
-29
-29
-28
-25
-21
-21
-19
-20
-18
-17
-20
-18
-16
-15
-14
-13
-14
-15
-14
-14
-13
-10
-11
-12
-13
-15
-16
-12
-8
-5
-2
-1
4
6
8
12
14
16
18
18
16
16
18
14
13
13
12
12
16
18
17
19
21
18
22
21
15
14
12
14
19
21
22
22
20
20
19
17
15
11
8
7
6
9
9
10
13
15
14
13
14
12
10
7
6
7
7
6
6
7
10
17
21
25
31
32
37
41
38
40
38
31
29
23
13
6
-9
-35
-57
-58
-44
-22
8
35
61
83
98
109
115
111
111
110
97
88
79
69
61
51
43
34
25
18
7
2
1
-3
-5
-5
-7
-3
-3
-3
4
3
2
6
3
1
1
-1
-1
6
8
10
16
16
17
18
19
20
17
17
16
14
12
5
3
1
-2
0
-2
-7
-10
-8
-7
-5
-2
1
1
3
3
3
7
5
2
-1
-2
-1
0
-2
1
7
9
16
19
16
19
20
19
16
11
10
6
4
5
1
1
-1
-6
-4
-1
-2
-1
0
-4
-4
-3
-6
-5
-5
-4
1
6
7
8
12
13
14
15
11
12
12
12
12
12
12
11
13
13
14
15
16
21
26
32
36
43
48
47
51
52
52
52
49
45
46
44
40
38
37
38
40
41
38
36
35
33
33
34
33
33
33
32
30
29
27
19
14
14
12
12
12
9
8
8
7
6
7
6
9
12
13
18
21
23
26
26
27
29
30
33
31
36
38
37
33
32
31
29
25
22
17
13
10
5
0
-6
-11
-15
-19
-21
-22
-24
-26
-26
-27
-28
-29
-33
-37
-41
-43
-46
-47
-51
-52
-50
-51
-48
-49
-48
-47
-50
-48
-53
-58
-63
-66
-64
-66
-67
-69
-71
-72
-73
-74
-75
-77
-79
-82
-83
-81
-82
-82
-81
-84
-84
-84
-88
-85
-84
-83
-83
-83
-83
-80
-80
-80
-81
-78
-75
-73
-72
-74
-76
-78
-85
-88
-86
-84
-83
-80
-82
-79
-76
-78
-76
-77
-77
-78
-78
-77
-75
-71
-67
-62
-59
-55
-52
-51
-54
-59
-57
-57
-57
-55
-51
-44
-40
-35
-29
-22
-18
-12
-8
-6
-1
4
11
16
19
22
22
23
23
23
26
27
28
33
35
41
47
47
47
45
41
39
36
35
34
34
37
37
38
40
42
39
34
31
26
17
13
11
7
6
6
3
2
2
2
1
1
3
5
9
14
11
13
13
13
13
11
11
12
11
11
10
11
12
12
14
13
14
20
20
20
22
22
20
18
14
11
9
9
9
10
9
6
3
-3
-6
-11
-18
-18
-16
-14
-9
-9
-10
-16
-17
-18
-25
-27
-32
-38
-41
-43
-49
-50
-50
-50
-51
-51
-49
-44
-41
-39
-33
-28
-25
-19
-16
-13
-12
-11
-9
-11
-13
-13
-11
-8
-8
-5
0
3
6
8
11
11
10
10
9
13
13
17
20
18
22
24
26
29
31
34
35
38
40
41
41
42
44
46
49
52
54
52
50
48
47
48
48
48
47
49
49
46
47
46
47
46
45
44
47
55
58
61
68
69
72
75
76
79
79
83
86
87
87
88
90
87
91
91
89
90
90
86
83
79
76
70
66
63
60
55
52
51
48
46
43
38
32
30
23
19
19
13
10
7
5
4
5
3
1
0
-4
-4
-6
-7
-8
-7
-6
-6
-5
-4
-5
-3
2
3
6
9
10
10
12
14
13
15
16
13
16
16
15
14
12
6
5
4
1
-1
-1
0
1
0
-5
-7
-9
-14
-15
-17
-22
-23
-23
-24
-28
-32
-34
-40
-45
-50
-53
-57
-61
-63
-66
-72
-74
-79
-84
-84
-86
-86
-83
-81
-80
-76
-75
-70
-66
-63
-58
-54
-49
-46
-44
-39
-39
-38
-36
-33
-32
-28
-26
-24
-19
-18
-18
-18
-18
-18
-17
-17
-18
-21
-23
-26
-28
-34
-37
-40
-41
-41
-42
-42
-43
-45
-49
-50
-49
-49
-49
-50
-49
-49
-52
-52
-53
-54
-54
-54
-49
-44
-42
-40
-36
-33
-33
-31
-30
-27
-23
-18
-15
-9
-4
-2
0
1
1
1
2
6
8
10
12
14
15
16
14
13
15
13
11
12
13
15
17
16
14
14
14
9
9
7
4
0
-2
-2
-5
-8
-10
-16
-17
-18
-23
-26
-29
-30
-33
-34
-36
-37
-36
-35
-31
-29
-30
-29
-25
-25
-22
-18
-16
-14
-11
-8
-6
-3
2
4
5
8
10
8
6
7
8
7
9
10
11
15
16
20
20
15
11
7
5
3
3
4
6
9
10
11
12
11
12
11
13
18
20
23
27
30
29
27
27
22
18
19
19
22
25
26
29
31
33
33
37
40
40
42
40
38
38
36
32
33
31
32
34
36
38
39
39
40
38
35
33
32
33
29
30
32
33
35
33
34
30
31
33
27
28
29
29
29
30
34
34
33
33
36
34
31
32
34
36
38
41
43
43
45
47
47
47
45
44
40
38
40
39
37
35
35
35
32
31
32
30
29
26
26
23
23
24
19
17
17
13
10
9
8
4
0
-4
-9
-13
-14
-15
-14
-13
-12
-6
-4
-1
2
4
8
8
8
9
9
11
10
13
14
15
15
15
17
15
14
10
10
10
5
6
7
5
4
2
1
0
-1
-4
-3
-4
-5
-7
-7
-6
-6
-10
-12
-15
-16
-20
-24
-23
-24
-27
-26
-25
-28
-27
-24
-25
-23
-25
-27
-24
-24
-27
-26
-30
-35
-37
-37
-36
-36
-34
-33
-32
-30
-31
-30
-29
-25
-24
-23
-21
-18
-16
-15
-11
-6
-5
-4
-1
3
6
7
6
4
1
0
-2
1
-2
-1
-3
-3
-2
-4
-7
-8
-11
-18
-23
-27
-28
-30
-31
-33
-37
-38
-39
-41
-42
-45
-43
-42
-44
-44
-43
-45
-43
-39
-43
-40
-34
-32
-30
-26
-23
-21
-19
-15
-12
-8
-5
-4
0
5
3
4
5
1
0
-1
-3
-3
-5
-10
-11
-11
-11
-13
-13
-14
-17
-16
-17
-19
-18
-19
-17
-21
-22
-22
-24
-25
-27
-26
-26
-27
-26
-27
-28
-26
-22
-22
-21
-18
-18
-18
-22
-21
-21
-18
-19
-18
-19
-21
-17
-17
-17
-14
-10
-7
-4
-1
3
5
5
8
6
7
7
8
11
11
9
10
9
7
8
8
3
5
2
-2
-3
-5
-6
-10
-10
-10
-9
-14
-16
-17
-20
-21
-19
-18
-20
-18
-12
-12
-9
-7
-5
-2
0
2
3
6
8
12
14
16
17
21
21
21
22
22
20
21
21
18
19
17
13
12
9
9
7
4
4
4
0
-1
1
2
2
3
6
3
4
6
4
6
5
6
10
13
18
20
23
28
27
27
28
27
28
24
22
23
18
15
15
13
11
10
11
8
7
7
5
4
4
2
3
3
2
3
5
6
6
5
4
6
9
8
10
15
18
20
17
20
23
20
19
18
19
19
19
19
16
14
14
12
11
10
4
1
-3
-5
-7
-8
-9
-10
-6
-8
-8
-3
-2
-2
-1
-1
-2
-2
-1
-2
0
0
2
2
5
7
6
9
10
8
4
1
3
5
3
5
7
3
4
5
1
1
1
-2
-3
-4
-6
-5
-4
-3
-1
-1
-1
-1
0
-3
-2
0
3
4
4
7
7
6
8
9
8
9
11
11
9
10
11
11
11
10
6
4
1
-2
-3
-4
-2
-3
-5
-6
-7
-7
-7
-7
-6
-6
-7
-6
-10
-7
-7
-7
-6
-5
-6
-6
-2
-1
-1
2
1
0
1
3
1
-1
0
-2
-3
-1
2
3
3
5
8
6
5
6
6
9
9
13
14
13
12
12
15
14
17
15
16
16
16
16
13
15
14
14
14
11
13
12
9
11
9
9
10
7
8
9
7
9
8
6
5
5
9
9
9
10
8
9
8
8
7
8
10
11
9
7
8
6
7
9
7
7
10
11
10
10
12
10
6
9
9
6
5
8
5
4
5
5
6
5
7
4
2
3
1
1
3
3
5
6
6
5
5
5
5
4
3
0
3
6
6
6
6
7
6
6
3
3
4
5
5
6
6
6
4
3
3
4
4
3
3
4
3
1
3
4
6
6
6
7
6
6
7
6
6
4
2
3
2
-2
-4
-3
-1
-4
-1
0
-2
-2
-5
-5
-7
-9
-12
-13
-9
-9
-6
-5
-8
-9
-12
-14
-15
-16
-14
-17
-15
-12
-14
-14
-16
-19
-20
-20
-19
-21
-20
-17
-19
-19
-17
-18
-16
-16
-19
-14
-15
-14
-13
-12
-12
-10
-5
-7
-7
-4
-8
-10
-9
-13
-14
-10
-10
-10
-10
-10
-11
-13
-12
-11
-12
-10
-13
-17
-17
-15
-19
-25
-23
-21
-24
-23
-23
-24
-20
-20
-21
-22
-23
-21
-22
-18
-15
-14
-11
-10
-8
-5
-2
-3
0
4
2
3
2
-1
1
-2
-1
0
-1
-3
-5
-5
-6
-10
-10
-10
-11
-11
-15
-14
-12
-14
-15
-10
-5
-3
2
6
9
12
14
15
17
18
22
23
19
18
20
18
17
17
16
13
8
3
0
-3
-9
-14
-13
-17
-20
-21
-23
-24
-24
-24
-23
-24
-27
-28
-23
-21
-23
-22
-19
-15
-11
-6
1
5
10
13
17
20
21
26
28
31
32
35
37
36
35
37
36
33
30
27
24
19
17
16
13
8
6
5
2
-2
-3
-3
-5
-5
-4
-2
2
1
5
11
16
20
22
28
33
34
38
40
39
38
37
35
33
32
31
28
