0
-1
0
1
-1
-1
-1
0
-1
-2
1
3
4
4
5
7
6
6
7
6
4
6
7
7
7
7
8
9
9
9
6
7
7
8
9
7
8
7
6
7
7
5
4
5
4
5
5
2
0
0
2
1
-1
0
-1
-2
-2
-3
-1
-3
-3
-1
-1
-1
-3
-5
-3
-3
0
1
2
2
1
0
-1
1
4
0
0
2
2
3
1
2
3
3
0
1
1
0
1
0
-1
0
1
1
5
4
2
-1
1
0
0
0
-2
-4
-3
-6
-7
-5
-7
-7
-4
-2
-1
-4
-4
-4
-6
-6
-7
-7
-7
-5
-4
-6
-8
-8
-8
-6
-6
-4
-4
-8
-7
-9
-10
-8
-11
-10
-7
-4
-3
-2
-4
-2
2
1
0
3
2
7
5
3
2
3
6
10
10
8
5
5
6
6
5
4
5
5
5
1
2
3
0
1
2
0
1
0
-2
-2
-5
-7
-5
-5
-4
-3
-3
-3
-3
-3
-4
-6
-7
-6
-6
-8
-6
-6
-8
-5
-3
-5
-1
-2
-1
-2
-4
1
0
-5
-4
-1
0
-2
3
2
0
2
4
7
6
5
7
7
6
4
5
4
5
8
6
6
4
4
3
1
2
0
0
-1
-1
-3
-4
-4
-2
0
1
-2
-2
-4
-6
-4
-6
-7
-7
-6
-4
-5
-5
-4
-2
1
-3
-3
-3
-2
-2
-2
-4
-5
-5
-2
-1
-1
0
0
-2
-3
-2
-1
-2
-2
-2
-1
-2
-2
1
0
1
1
2
3
3
5
6
4
5
2
5
6
5
10
10
9
8
10
8
6
6
6
5
5
4
5
6
5
6
5
6
4
3
2
1
0
-1
-2
-4
-3
-3
-2
0
-2
-1
-1
-1
-1
-1
-4
-3
0
-3
-2
-1
-2
-2
-1
3
3
1
0
0
-2
-1
1
1
1
4
3
5
5
5
6
6
7
8
7
7
4
2
5
5
5
4
4
2
2
5
2
0
3
2
1
-2
-2
-1
-4
-4
-5
-6
-3
-5
-5
-6
-6
-7
-5
-5
-7
-4
-4
-4
-1
-1
-1
-3
-1
1
0
0
0
0
1
-1
0
2
1
0
0
0
-2
-2
0
-2
-1
-1
-3
-2
0
0
0
0
3
3
1
0
-1
-2
-3
-4
-4
-7
-5
-4
-3
-3
-3
-3
-2
-1
-2
-3
-5
-3
-4
-3
1
1
-1
0
0
-4
-4
-2
-3
-1
-1
3
1
-1
2
3
4
2
2
3
1
3
0
0
0
-3
-2
-5
-5
-1
-2
3
4
2
2
2
1
0
-1
0
-2
-3
-4
-2
-1
-2
0
0
-1
1
1
2
2
3
3
3
4
4
7
7
5
6
5
5
4
5
4
1
5
4
3
3
-1
0
1
2
-2
-3
-3
-5
-4
-5
-5
-4
-7
-7
-7
-6
-5
-5
-3
-4
-4
-2
-3
-4
-4
-5
-3
-4
-6
-2
-2
-2
-3
0
1
1
1
0
1
0
-1
-1
-2
-3
-4
-4
-2
0
2
2
3
3
4
4
4
1
0
4
3
3
4
4
5
4
5
6
3
3
4
4
1
2
2
1
2
4
4
5
6
6
6
5
3
3
3
5
5
8
9
8
9
8
7
8
8
7
9
11
9
10
9
7
7
7
9
8
7
9
7
5
6
5
3
2
3
5
4
2
2
1
-1
-2
-2
-3
-4
-5
-4
-3
-2
-3
-5
-4
-5
-5
-5
-5
-4
-4
-5
-4
-3
-4
-3
-3
-4
-5
-4
-3
-5
-5
-4
-2
-2
-2
-1
-4
-1
-1
-1
1
-2
-1
-2
-1
2
3
3
4
2
3
3
3
4
4
4
5
5
6
8
8
6
8
8
7
12
15
11
13
11
11
10
8
8
8
8
8
8
7
7
5
5
5
3
0
0
0
-2
-3
-3
-4
-6
-4
-3
-4
-4
-5
-5
-7
-12
-13
-12
-11
-9
-11
-10
-9
-10
-10
-11
-10
-11
-12
-12
-14
-11
-9
-10
-11
-12
-13
-13
-9
-7
-10
-6
-8
-9
-6
-8
-10
-10
-9
-8
-5
-5
-5
-6
-6
-8
-7
-7
-8
-9
-6
-4
-7
-7
-7
-6
-6
-5
-5
-4
-4
-3
-1
0
-2
-1
3
2
5
7
8
10
8
8
9
7
6
8
10
10
9
10
10
9
6
6
7
8
7
8
9
4
5
5
3
3
2
1
1
0
-1
0
-2
-1
-3
-4
-1
-4
-4
-3
-5
-5
-8
-9
-7
-5
-5
-4
-4
-5
-2
-1
-3
-4
-5
-4
-5
-6
-6
-8
-6
-5
-7
-4
-4
-2
0
0
-1
-2
-1
0
1
1
0
1
3
2
3
2
1
1
3
2
2
3
4
5
4
4
6
5
6
6
6
4
4
6
4
2
3
4
6
7
10
10
8
9
7
5
5
3
5
4
2
5
3
2
4
3
4
5
2
3
2
2
3
0
-1
1
2
1
4
3
3
4
1
-1
-2
-3
-5
-5
-6
-6
-5
-4
-4
-3
-3
-4
-5
-4
-5
-6
-8
-9
-7
-9
-7
-5
-4
-2
0
-4
-4
-5
-3
-3
-4
-4
-1
-2
-4
-4
-4
-1
1
0
0
0
1
0
-2
-4
-6
-4
-3
-5
-5
-3
-3
0
1
0
2
1
-2
0
-1
-1
0
-1
0
1
1
1
1
5
5
6
9
8
7
9
8
7
9
10
9
10
9
11
12
10
9
12
10
7
7
5
4
4
5
4
2
4
2
2
2
4
1
-2
-3
-3
-5
-7
-9
-10
-7
-5
-5
-4
-4
-5
-6
-6
-7
-6
-6
-6
-1
-2
-3
-2
1
2
1
0
-1
-1
-2
-2
0
0
0
1
2
0
-1
1
2
1
0
0
0
-4
-3
-3
-4
0
0
-2
1
-1
-3
-2
-2
-2
-2
-4
-3
-4
-4
-4
-3
-2
-2
-1
1
0
1
0
0
1
1
1
0
-1
1
-2
-2
-1
0
0
1
1
0
2
3
1
1
2
4
5
4
4
3
4
4
5
4
3
3
1
2
2
3
2
-1
0
0
-1
0
0
0
-1
-1
1
-1
-2
-3
-2
-3
-3
-2
-3
-1
-3
-3
-1
1
2
3
2
1
1
2
1
1
2
3
6
9
7
7
8
8
8
8
7
6
5
4
5
2
2
1
2
2
2
0
-2
-3
-3
-2
-3
-4
-6
-6
-4
-4
-5
-7
-9
-6
-6
-4
-4
-5
-3
-4
-4
-5
-3
-2
-3
-2
-2
1
0
-4
-3
-2
-2
-2
1
1
0
-1
-1
0
0
-2
-1
0
1
3
0
-3
-2
-3
-2
-1
-3
-3
-4
-7
-5
-6
-6
-5
-9
-6
-5
-4
-4
-5
-3
-3
-3
-3
-5
-8
-8
-6
-6
-4
-3
-3
-2
-1
-1
-3
-1
0
-1
2
1
0
3
0
-3
-2
1
3
4
4
2
2
2
2
0
0
1
0
2
3
2
3
4
3
1
-1
1
3
2
1
2
2
1
1
0
1
4
5
5
7
5
6
3
2
3
5
9
11
11
9
11
12
11
11
12
10
11
13
12
12
11
10
10
12
13
13
11
12
12
12
13
14
13
13
14
13
12
12
11
12
13
13
11
9
11
12
12
14
12
14
16
16
16
15
16
15
13
15
14
13
16
18
18
19
18
17
15
14
15
14
14
17
17
16
18
15
14
15
13
12
13
11
11
11
11
10
8
11
11
10
13
11
12
15
14
13
12
12
12
11
12
14
16
14
13
12
10
8
7
8
9
10
11
9
9
6
2
2
2
2
2
3
1
0
-2
-2
-5
-6
-6
-9
-10
-12
-14
-18
-19
-20
-21
-21
-22
-26
-27
-26
-26
-27
-29
-33
-37
-38
-38
-41
-41
-41
-41
-43
-45
-46
-46
-45
-45
-45
-46
-45
-48
-49
-47
-45
-45
-45
-44
-45
-44
-42
-43
-44
-46
-49
-46
-44
-44
-42
-40
-38
-35
-33
-32
-31
-31
-30
-28
-27
-27
-23
-22
-20
-15
-13
-12
-10
-11
-9
-6
-7
-8
-9
-10
-9
-7
-6
-7
-7
-7
-9
-9
-7
-9
-8
-8
-10
-8
-10
-13
-13
-15
-15
-16
-16
-19
-21
-20
-24
-25
-26
-28
-28
-26
-25
-23
-24
-24
-23
-25
-25
-25
-26
-23
-22
-23
-20
-20
-22
-21
-20
-18
-16
-16
-16
-14
-13
-12
-12
-10
-12
-12
-12
-14
-15
-16
-14
-16
-17
-16
-17
-19
-18
-17
-17
-15
-17
-16
-15
-16
-11
-12
-14
-12
-9
-6
-4
-2
-1
0
3
3
4
6
9
11
13
17
19
18
22
27
30
32
36
37
40
45
47
52
54
55
60
64
66
66
70
73
75
79
80
80
83
83
83
84
82
80
81
79
78
81
79
76
72
70
71
70
67
66
63
58
52
50
47
43
40
37
36
34
32
30
28
27
25
25
25
21
19
18
14
11
8
5
4
5
5
6
4
3
6
5
2
5
5
6
5
4
6
6
5
6
4
4
3
2
0
1
1
-1
-1
-1
-5
-7
-9
-10
-9
-13
-16
-19
-21
-23
-25
-25
-24
-26
-28
-25
-27
-28
-27
-30
-29
-29
-33
-36
-38
-37
-38
-40
-42
-44
-43
-43
-45
-41
-44
-45
-43
-46
-44
-43
-43
-41
-41
-39
-39
-38
-38
-37
-34
-33
-29
-28
-28
-26
-24
-21
-20
-20
-16
-13
-11
-10
-10
-4
-4
-4
-1
2
6
9
9
10
14
16
18
22
21
25
24
23
23
20
21
21
22
21
19
18
14
12
9
5
1
-3
-8
-13
-19
-26
-30
-36
-43
-50
-56
-64
-70
-78
-83
-88
-95
-101
-109
-115
-121
-129
-133
-139
-142
-148
-155
-160
-164
-167
-170
-176
-179
-182
-179
-178
-184
-183
-181
-183
-182
-183
-181
-178
-176
-173
-169
-162
-156
-151
-143
-135
-128
-121
-115
-108
-103
-98
-95
-90
-88
-86
-83
-82
-81
-80
-82
-84
-82
-80
-82
-82
-81
-77
-73
-70
-65
-57
-52
-46
-36
-27
-18
-11
-5
1
5
8
12
16
22
26
28
33
38
44
51
60
74
85
95
111
129
145
165
183
202
219
236
253
269
283
297
310
322
333
343
350
359
368
372
376
380
384
386
387
386
385
386
381
378
374
370
366
356
348
340
327
317
310
299
290
282
273
264
256
246
233
224
213
199
183
169
154
139
128
113
97
86
73
60
51
44
35
29
22
12
5
1
-5
-7
-11
-14
-14
-16
-17
-21
-26
-31
-40
-48
-56
-66
-75
-86
-95
-102
-110
-117
-123
-128
-131
-137
-140
-143
-144
-145
-148
-149
-152
-153
-154
-162
-168
-173
-177
-183
-188
-192
-194
-193
-196
-193
-192
-194
-194
-195
-195
-195
-195
-193
-196
-196
-193
-190
-190
-191
-192
-194
-194
-193
-191
-188
-183
-175
-168
-163
-159
-154
-147
-138
-129
-119
-111
-105
-98
-91
-84
-75
-67
-58
-49
-44
-38
-31
-24
-16
-12
-8
-4
0
5
11
12
16
20
25
30
31
35
39
47
54
58
61
67
75
81
84
84
83
81
78
75
74
73
71
64
54
47
42
36
27
19
9
-1
-11
-19
-27
-34
-42
-51
-53
-55
-61
-64
-67
-68
-69
-72
-73
-79
-96
-108
-113
-113
-122
-128
-133
-143
-155
-163
-169
-174
-181
-185
-186
-174
-159
-146
-133
-121
-108
-89
-70
-50
-26
-6
7
14
25
37
41
40
36
38
38
43
50
56
65
67
74
83
82
86
88
87
89
96
104
115
117
116
116
117
114
110
107
99
96
93
85
70
51
42
32
20
9
-3
-8
-14
-23
-30
-35
-42
-46
-46
-48
-46
-50
-52
-49
-55
-57
-59
-64
-63
-65
-67
-68
-70
-69
-69
-69
-65
-61
-60
-53
-47
-51
-51
-50
-46
-41
-40
-34
-25
-19
-13
-7
-3
1
4
9
7
13
20
25
32
37
42
48
54
59
64
67
64
63
68
75
78
85
92
100
109
116
119
126
134
137
144
147
144
146
145
140
136
135
140
147
148
148
146
141
138
137
137
137
139
142
145
145
140
137
133
131
124
116
112
110
98
80
71
72
71
71
72
69
66
62
58
51
45
41
39
37
32
28
23
20
23
27
28
26
25
25
22
18
14
15
19
19
20
22
18
13
8
4
1
-7
-12
-13
-12
-14
-16
-16
-19
-17
-17
-17
-15
-15
-17
-16
-20
-28
-33
-37
-38
-38
-42
-42
-48
-49
-48
-55
-59
-61
-68
-73
-77
-80
-79
-81
-82
-83
-84
-88
-91
-93
-94
-96
-95
-91
-89
-91
-91
-88
-85
-80
-77
-80
-78
-72
-71
-70
-66
-64
-62
-62
-64
-64
-60
-57
-58
-58
-59
-59
-55
-57
-61
-61
-58
-55
-54
-55
-49
-44
-40
-33
-28
-26
-26
-26
-26
-21
-17
-15
-11
-10
-8
-9
-12
-15
-15
-16
-21
-24
-28
-31
-31
-29
-20
-13
-7
0
3
10
13
16
26
28
30
31
27
26
27
27
26
26
24
18
13
10
5
-2
-4
-6
-5
-6
-10
-11
-11
-14
-16
-15
-14
-15
-16
-14
-14
-16
-15
-15
-14
-14
-13
-13
-14
-18
-20
-17
-16
-15
-14
-18
-19
-20
-21
-22
-21
-20
-16
-11
-10
-9
-2
5
9
12
14
19
22
24
25
26
25
26
26
24
23
24
25
28
28
24
24
24
23
25
26
28
29
26
27
28
32
36
37
35
32
30
32
32
32
28
27
29
23
16
15
16
15
12
9
9
5
0
-1
-2
-2
-3
0
1
-2
0
0
-2
-1
-4
-6
-2
-5
-7
-7
-8
-12
-16
-18
-20
-19
-19
-20
-16
-12
-11
-10
-4
1
5
3
0
4
4
3
5
7
10
11
9
10
10
9
11
9
15
15
15
16
11
12
17
12
11
8
10
14
11
11
8
5
5
4
5
7
9
10
8
4
2
4
5
6
5
-1
-2
-3
-7
-10
-13
-18
-20
-22
-27
-31
-32
-35
-34
-34
-37
-38
-39
-41
-48
-51
-54
-54
-53
-57
-57
-56
-55
-56
-57
-57
-61
-63
-63
-62
-60
-59
-58
-58
-57
-54
-50
-47
-45
-41
-38
-35
-35
-31
-28
-24
-21
-17
-13
-10
-9
-9
-4
3
4
6
9
10
11
9
11
12
14
17
21
23
26
27
25
26
29
29
30
32
36
39
42
42
46
53
53
54
58
61
63
66
66
69
67
70
71
69
72
70
67
64
65
67
61
61
58
55
53
50
46
44
41
36
33
29
25
23
19
11
7
6
2
2
1
-1
-1
-4
-6
-10
-13
-17
-21
-24
-26
-30
-32
-30
-29
-25
-25
-25
-23
-25
-24
-18
-15
-13
-10
-11
-12
-12
-8
-6
0
5
7
8
10
9
10
11
10
9
11
8
7
10
9
10
12
12
14
12
11
15
17
16
15
14
14
15
15
16
18
19
19
17
16
18
17
16
14
15
14
7
6
7
6
1
0
-2
0
0
-5
-4
-2
-3
-1
-1
0
-2
-5
-5
-9
-8
-6
-12
-12
-14
-19
-23
-28
-29
-28
-30
-34
-37
-39
-43
-46
-46
-45
-47
-47
-49
-49
-51
-52
-50
-48
-46
-43
-42
-42
-38
-33
-31
-31
-31
-31
-27
-26
-28
-28
-27
-29
-32
-35
-35
-32
-28
-25
-25
-21
-18
-16
-12
-9
-11
-8
-5
-5
-3
-3
-1
1
4
4
5
7
8
11
9
7
6
7
9
7
4
2
4
2
2
2
2
5
11
10
8
8
10
14
14
13
14
15
17
16
14
17
21
24
26
30
30
26
24
25
24
21
21
19
20
20
22
23
25
29
26
27
28
26
28
28
27
30
34
35
37
40
40
43
43
38
36
35
35
31
28
30
32
28
25
24
25
21
19
17
15
13
11
11
11
11
14
17
19
16
10
10
10
10
13
15
11
7
2
2
4
2
2
3
4
-2
-9
-13
-13
-11
-7
-11
-17
-19
-23
-23
-18
-19
-17
-12
-12
-16
-21
-19
-12
-8
-9
-9
-9
-5
-6
-10
-12
-7
-3
-4
-8
-9
-11
-10
-10
-13
-11
-7
-7
-10
-12
-9
-8
-10
-7
-4
-3
-6
-8
-8
-4
3
2
3
5
5
6
2
1
4
4
4
-3
-10
-10
-15
-19
-21
-25
-26
-27
-31
-42
-43
-37
-38
-40
-40
-40
-37
-40
-41
-40
-36
-29
-28
-26
-18
-15
-18
-19
-15
-10
-6
-7
-8
-7
-7
-7
-6
-2
0
3
2
-2
-4
-5
-4
0
1
3
2
2
4
8
15
19
22
24
26
26
24
23
22
23
25
22
18
15
18
21
19
17
13
11
11
9
4
8
9
8
6
4
6
10
17
22
23
31
33
29
29
31
35
39
43
44
44
43
46
44
41
43
42
39
36
29
25
26
25
24
23
24
20
12
8
10
12
14
14
14
16
16
14
14
19
20
23
24
21
19
19
20
18
18
21
21
20
10
5
1
-1
4
1
-7
-8
-8
-10
-14
-12
-12
-15
-20
-25
-31
-35
-36
-33
-28
-28
-28
-31
-29
-25
-26
-26
-27
-26
-25
-32
-39
-41
-38
-33
-32
-33
-34
-35
-34
-30
-28
-28
-30
-29
-29
-32
-34
-32
-26
-19
-19
-20
-19
-16
-16
-15
-14
-13
-11
-11
-14
-19
-22
-19
-16
-18
-21
-22
-25
-30
-34
-35
-36
-35
-37
-36
-36
-38
-36
-34
-32
-30
-32
-30
-29
-30
-24
-21
-22
-19
-14
-12
-12
-16
-18
-14
-6
-7
-13
-17
-17
-15
-13
-19
-23
-23
-20
-15
-19
-24
-22
-19
-18
-16
-17
-17
-14
-9
-7
-6
-7
-6
-3
2
0
-1
0
4
10
11
7
2
2
8
10
9
7
11
17
18
17
16
20
23
25
26
25
26
28
31
29
27
30
34
36
38
38
40
41
38
36
33
34
41
39
37
35
38
41
40
36
34
36
38
37
30
25
23
26
26
25
26
26
28
26
25
27
30
26
22
19
20
22
19
20
21
24
30
30
28
26
25
23
19
13
7
4
4
3
-3
-10
-9
-5
-1
1
0
-6
-7
-6
-8
-11
-10
-5
1
1
2
3
5
12
20
20
20
16
13
16
15
13
14
19
18
12
6
6
11
15
7
-2
0
4
2
-6
-9
-3
4
5
3
2
2
8
10
6
4
2
3
5
3
-1
-3
-3
-3
-3
-7
-13
-15
-20
-20
-27
-37
-41
-37
-38
-46
-52
-50
-45
-41
-41
-45
-43
-39
-35
-35
-37
-31
-25
-19
-16
-18
-19
-12
-4
-3
-8
-7
-1
5
4
1
2
10
20
22
15
15
26
30
30
28
30
38
45
47
43
43
52
56
58
55
57
64
66
62
55
54
54
56
53
48
44
44
41
34
25
26
26
23
15
4
-2
1
-2
-9
-15
-17
-14
-14
-21
-24
-22
-20
-20
-21
-24
-23
-18
-19
-17
-13
-10
-7
-6
-3
-2
2
7
10
9
6
7
12
15
17
13
11
20
23
20
18
19
30
38
34
30
31
42
50
49
46
45
50
56
56
51
48
47
49
48
43
38
34
30
29
28
26
20
14
14
11
7
3
-1
-2
-1
-7
-15
-16
-8
-1
-6
-14
-18
-11
3
2
-14
-21
-16
-8
-10
-25
-36
-29
-16
-19
-31
-43
-35
-14
-11
-26
-37
-22
9
15
-4
-19
-3
32
47
32
11
22
55
67
48
31
46
80
88
63
42
52
84
91
64
41
55
85
86
59
40
49
76
79
55
37
42
60
64
46
31
34
51
55
36
10
7
26
33
13
-21
-33
-14
1
-19
-56
-71
-50
-32
-50
-87
-99
-72
-49
-68
-103
-108
-76
-56
-87
-126
-117
-68
-44
-81
-125
-112
-50
-28
-69
-115
-99
-36
-15
-61
-105
-83
-19
4
-35
-72
-53
-5
10
-25
-53
-34
3
7
-28
-54
-40
-12
-16
-50
-71
-55
-32
-43
-82
-107
-94
-73
-82
-120
-145
-136
-110
-109
-150
-180
-166
-134
-130
-164
-189
-176
-144
-135
-160
-176
-156
-129
-125
-142
-155
-139
-112
-106
-117
-123
-107
-86
-80
-84
-82
-74
-64
-50
-35
-30
-32
-34
-18
16
35
24
12
27
68
88
70
53
71
114
136
114
87
103
145
164
146
127
143
177
184
157
140
155
179
173
141
123
131
145
131
99
78
83
90
68
30
14
31
45
24
-12
-21
7
28
12
-21
-25
-2
10
-4
-29
-32
-17
-8
-28
-47
-37
-19
-19
-34
-35
-9
11
0
-17
-2
37
62
50
33
55
99
125
111
90
107
148
161
133
115
135
170
173
148
147
178
203
194
175
192
230
238
215
204
236
272
263
223
202
225
248
232
186
159
169
177
149
100
72
78
82
47
-6
-35
-30
-26
-56
-107
-140
-139
-126
-145
-193
-231
-230
-213
-217
-250
-290
-296
-273
-255
-258
-278
-294
-283
-252
-221
-217
-236
-245
-224
-176
-141
-151
-173
-167
-116
-57
-51
-92
-112
-66
14
43
2
-42
-15
76
133
103
49
58
137
197
180
122
114
176
224
209
166
157
182
201
194
178
178
184
169
144
139
151
136
79
34
37
51
21
-60
-121
-120
-104
-137
-223
-287
-279
-257
-286
-364
-413
-396
-363
-376
-432
-463
-430
-391
-404
-443
-448
-409
-388
-402
-415
-391
-344
-321
-328
-333
-301
-250
-210
-190
-178
-160
-132
-91
-46
-23
-28
-30
14
93
136
100
50
75
179
255
225
151
154
243
320
315
257
242
319
406
413
348
305
333
392
413
376
322
299
311
311
271
216
178
169
158
123
76
32
-2
-33
-68
-92
-106
-129
-174
-225
-255
-256
-241
-256
-311
-348
-334
-296
-302
-363
-395
-346
-271
-257
-308
-334
-270
-178
-155
-198
-207
-126
-29
-22
-82
-76
32
133
125
54
64
176
267
247
170
170
273
373
369
291
260
334
438
467
419
383
418
497
539
512
477
480
523
560
542
500
475
473
474
452
415
379
347
307
263
216
171
120
57
-6
-52
-83
-121
-184
-260
-307
-316
-331
-378
-435
-456
-449
-459
-491
-507
-479
-442
-446
-474
-466
-405
-355
-364
-392
-363
-270
-198
-217
-268
-246
-149
-69
-69
-101
-85
-15
47
58
39
42
92
158
198
199
177
167
200
272
325
323
286
277
333
409
436
401
364
389
454
488
451
375
341
370
404
379
289
203
165
155
115
29
-77
-151
-183
-220
-306
-428
-527
-565
-569
-597
-677
-765
-804
-789
-775
-801
-833
-825
-781
-748
-747
-745
-706
-642
-589
-558
-526
-464
-393
-349
-327
-295
-234
-162
-108
-76
-49
-16
26
75
112
133
159
198
235
262
280
306
345
388
424
452
487
523
562
601
640
676
707
733
761
789
806
813
814
810
815
815
798
758
697
640
599
554
484
380
264
171
99
18
-103
-239
-340
-388
-430
-519
-632
-707
-713
-689
-694
-746
-789
-756
-671
-613
-625
-652
-604
-486
-386
-372
-401
-369
-258
-144
-105
-128
-125
-40
82
147
133
114
159
251
311
307
292
326
389
430
433
434
467
507
519
528
570
633
674
670
662
709
791
837
829
814
840
888
905
873
834
815
794
744
665
580
500
410
299
179
66
-49
-177
-308
-424
-513
-605
-710
-804
-867
-906
-945
-991
-1025
-1019
-989
-975
-973
-951
-895
-836
-811
-790
-720
-611
-537
-522
-509
-433
-310
-224
-204
-191
-133
-34
53
77
67
92
153
210
227
213
214
256
308
323
309
314
375
463
510
504
503
570
686
770
775
757
792
886
954
940
885
858
868
857
784
668
569
509
438
315
151
1
-114
-223
-352
-506
-649
-762
-847
-928
-1032
-1142
-1224
-1255
-1244
-1253
-1290
-1308
-1273
-1208
-1173
-1166
-1131
-1032
-918
-863
-853
-807
-696
-574
-505
-476
-419
-326
-238
-182
-148
-106
-35
40
93
130
167
191
198
221
268
332
372
365
354
391
482
573
611
607
627
714
837
904
885
843
867
965
1040
1011
898
805
809
848
818
685
522
431
414
374
234
26
-141
-202
-225
-320
-507
-702
-809
-822
-830
-908
-1034
-1110
-1089
-1019
-996
-1040
-1076
-1024
-911
-838
-836
-839
-780
-674
-593
-561
-545
-493
-404
-322
-280
-258
-215
-148
-74
-17
16
56
111
177
234
261
276
318
384
443
483
511
535
579
649
730
812
877
926
983
1072
1183
1261
1288
1306
1357
1421
1439
1389
1304
1247
1223
1180
1096
972
842
723
602
469
329
193
68
-49
-168
-303
-445
-577
-679
-739
-779
-831
-908
-991
-1047
-1061
-1051
-1040
-1029
-1021
-1027
-1036
-1030
-998
-944
-895
-864
-816
-747
-695
-661
-619
-548
-467
-400
-345
-287
-232
-195
-174
-130
-43
40
80
101
146
215
269
290
329
449
600
661
630
621
733
903
1000
999
993
1084
1238
1312
1266
1208
1239
1329
1360
1267
1128
1053
1036
988
860
712
601
516
415
279
153
66
-18
-112
-204
-282
-357
-428
-467
-467
-472
-519
-587
-610
-574
-539
-560
-612
-624
-593
-575
-603
-643
-638
-591
-560
-579
-617
-630
-606
-577
-581
-614
-631
-593
-520
-481
-511
-566
-550
-421
-267
-210
-260
-277
-168
-10
76
73
69
163
338
455
445
391
415
550
715
814
832
828
862
945
1049
1126
1143
1115
1099
1135
1176
1131
984
813
718
700
657
525
322
131
6
-83
-179
-312
-456
-576
-671
-746
-819
-919
-1018
-1073
-1062
-1021
-1013
-1068
-1138
-1138
-1052
-954
-944
-1011
-1035
-960
-868
-865
-940
-990
-935
-821
-750
-761
-809
-823
-778
-692
-600
-536
-511
-502
-466
-362
-237
-170
-150
-105
9
153
253
291
319
385
481
568
641
710
748
736
716
772
910
1016
1002
937
961
1097
1228
1257
1226
1231
1287
1321
1271
1169
1092
1050
1000
906
777
633
480
333
203
103
15
-101
-240
-383
-512
-609
-681
-731
-773
-820
-857
-869
-859
-857
-881
-896
-858
-783
-730
-751
-815
-855
-853
-832
-815
-802
-807
-843
-891
-898
-850
-804
-799
-799
-755
-675
-628
-630
-613
-528
-399
-317
-307
-284
-186
-53
33
53
69
158
315
448
487
480
527
655
781
848
871
894
954
1046
1149
1234
1279
1286
1307
1387
1478
1504
1443
1353
1304
1291
1252
1149
1000
858
738
623
497
356
210
60
-92
-218
-310
-400
-512
-630
-712
-729
-713
-717
-744
-745
-700
-635
-600
-592
-557
-485
-440
-479
-575
-626
-592
-549
-601
-741
-862
-876
-820
-815
-908
-1012
-1015
-912
-827
-838
-892
-890
-792
-668
-587
-542
-475
-358
-261
-242
-225
-118
45
149
149
137
226
397
515
523
510
594
753
888
957
992
1062
1180
1295
1384
1454
1516
1549
1532
1482
1442
1439
1443
1386
1248
1081
957
885
801
651
458
292
187
106
-24
-208
-368
-439
-442
-457
-535
-639
-680
-641
-577
-565
-624
-683
-676
-613
-586
-661
-804
-918
-942
-933
-998
-1169
-1363
-1470
-1478
-1485
-1575
-1714
-1804
-1799
-1750
-1733
-1776
-1818
-1799
-1714
-1601
-1526
-1508
-1481
-1380
-1204
-1021
-905
-853
-772
-588
-352
-151
1
140
304
519
761
979
1147
1280
1419
1617
1864
2080
2200
2267
2377
2539
2666
2682
2625
2602
2645
2675
2595
2422
2260
2152
2047
1884
1660
1454
1314
1181
995
759
539
405
352
317
264
196
137
113
118
146
185
232
282
305
274
207
121
33
-53
-167
-317
-484
-648
-806
-974
-1149
-1309
-1430
-1494
-1509
-1524
-1584
-1677
-1728
-1651
-1464
-1284
-1190
-1133
-981
-697
-401
-233
-195
-153
-4
185
242
122
-53
-114
-6
159
217
126
30
124
390
625
683
622
623
802
1068
1201
1112
946
899
1017
1144
1119
950
791
757
791
769
637
458
335
305
311
243
59
-166
-303
-293
-216
-223
-357
-514
-546
-412
-248
-191
-248
-299
-238
-133
-150
-373
-726
-1032
-1184
-1237
-1322
-1515
-1737
-1850
-1803
-1672
-1564
-1517
-1468
-1338
-1141
-974
-911
-937
-953
-881
-738
-628
-669
-829
-947
-905
-767
-706
-806
-943
-938
-803
-736
-884
-1126
-1203
-1048
-870
-877
-1043
-1161
-1088
-876
-684
-582
-521
-446
-365
-324
-337
-374
-373
-278
-104
81
206
293
430
677
1022
1406
1771
2104
2394
2622
2771
2876
2996
3148
3303
3411
3438
3390
3308
3257
3306
3477
3725
3963
4142
4278
4405
4499
4471
4248
3846
3349
2806
2199
1510
797
168
-328
-747
-1163
-1575
-1897
-2094
-2246
-2442
-2658
-2790
-2791
-2733
-2725
-2760
-2753
-2657
-2521
-2435
-2449
-2530
-2625
-2726
-2822
-2864
-2826
-2729
-2615
-2495
-2348
-2202
-2124
-2119
-2076
-1871
-1562
-1373
-1412
-1491
-1334
-831
-95
670
1390
2088
2770
3356
3743
3909
3909
3815
3635
3296
2706
1860
893
13
-589
-827
-685
-153
731
1825
2902
3711
4105
4086
3785
3343
2845
2338
1834
1343
883
470
128
-125
-298
-416
-522
-665
-879
-1154
-1460
-1758
-2018
-2226
-2404
-2592
-2820
-3081
-3326
-3505
-3598
-3642
-3710
-3821
-3923
-3958
-3899
-3756
-3552
-3270
-2874
-2369
-1785
-1143
-468
216
900
1578
2198
2667
2914
2952
2857
2690
2464
2161
1790
1419
1126
903
673
386
106
-50
-61
-29
-67
-213
-437
-722
-1116
-1608
-2071
-2314
-2171
-1613
-774
104
781
1190
1412
1549
1648
1679
1604
1406
1089
673
159
-487
-1297
-2218
-3106
-3774
-4120
-4213
-4248
-4430
-4866
-5538
-6316
-6978
-7303
-7177
-6603
-5663
-4441
-3014
-1443
229
1990
3825
5661
7366
8799
9907
10756
11456
12090
12653
13022
13015
12503
11495
10151
8628
7004
5315
3629
2083
803
-192
-989
-1672
-2224
-2561
-2660
-2593
-2454
-2283
-2079
-1844
-1571
-1254
-888
-479
-80
204
235
-120
-866
-1846
-2802
-3539
-4071
-4534
-4974
-5273
-5169
-4375
-2823
-703
1666
4020
6222
8198
9874
11197
12187
12888
13297
13349
12938
12042
10743
9187
7525
5850
4211
2635
1150
-234
-1547
-2840
-4116
-5327
-6413
-7343
-8114
-8733
-9181
-9475
-9651
-9716
-9671
-9521
-9295
-9020
-8700
-8345
-7997
-7664
-7316
-6930
-6523
-6151
-5834
-5524
-5190
-4874
-4654
-4523
-4389
-4133
-3713
-3210
-2745
-2366
-2032
-1689
-1391
-1301
-1484
-1808
-2059
-2184
-2369
-2790
-3427
-4100
-4625
-4948
-5084
-5040
-4804
-4356
-3741
-3101
-2570
-2163
-1742
-1136
-330
547
1387
2139
2787
3293
3603
3713
3707
3648
3557
3479
3469
3537
3657
3815
4026
4325
4735
5206
5642
5962
6125
6156
6099
5971
5757
5406
4867
4136
3310
2573
2080
1867
1848
1887
1953
2078
2281
2550
2839
3122
3351
3470
3468
3380
3243
3109
3036
3074
3230
3417
3519
3495
3400
3304
3179
2920
2430
1709
870
51
-673
-1347
-2076
-2913
-3825
-4746
-5656
-6519
-7242
-7721
-7964
-8103
-8266
-8458
-8553
-8415
-8017
-7416
-6716
-5997
-5308
-4673
-4070
-3456
-2812
-2159
-1544
-1045
-716
-554
-531
-587
-695
-872
-1157
-1577
-2121
-2758
-3463
-4199
-4856
-5306
-5510
-5533
-5481
-5401
-5261
-5006
-4614
-4118
-3534
-2850
-2055
-1156
-181
840
1899
2988
4072
5094
5998
6746
7369
7934
8476
8962
9319
9520
9635
9757
9892
9899
9541
8715
7552
6321
5244
4320
3390
2324
1124
-115
-1313
-2422
-3365
-4038
-4409
-4574
-4710
-4906
-5108
-5164
-4937
-4403
-3670
-2907
-2220
-1609
-1017
-382
273
904
1490
1974
2270
2272
1977
1498
963
417
-231
-1054
-2005
-2973
-3860
-4659
-5373
-5971
-6403
-6634
-6693
-6630
-6450
-6128
-5630
-4956
-4168
-3336
-2512
-1693
-846
26
877
1637
2269
2803
3257
3650
3984
4263
4490
4686
4882
5092
5326
5598
5943
6346
6619
6500
5883
4968
4107
3478
2932
2208
1201
33
-1088
-2053
-2823
-3376
-3660
-3694
-3602
-3522
-3520
-3478
-3170
-2461
-1434
-353
544
1203
1764
2369
3022
3644
4146
4483
4613
4490
4111
3543
2899
2267
1649
996
271
-510
-1270
-1917
-2384
-2651
-2724
-2648
-2472
-2204
-1849
-1405
-865
-234
469
1198
1890
2501
3032
3521
3979
4382
4695
4893
4979
4993
4986
4993
4991
4955
4901
4895
4988
5183
5470
5788
5967
5775
5097
4119
3193
2519
1978
1274
244
-999
-2216
-3218
-3943
-4399
-4639
-4753
-4838
-4958
-5071
-5059
-4773
-4133
-3233
-2298
-1545
-1014
-546
22
716
1399
1913
2161
2140
1887
1446
865
194
-524
-1272
-2063
-2935
-3899
-4859
-5647
-6141
-6365
-6433
-6437
-6358
-6135
-5743
-5202
-4551
-3821
-3056
-2299
-1597
-968
-388
163
691
1163
1530
1757
1865
1931
2044
2223
2414
2575
2736
2988
3388
3919
4505
5014
5246
5037
4403
3575
2815
2209
1608
808
-244
-1432
-2569
-3493
-4091
-4354
-4396
-4369
-4377
-4407
-4353
-4056
-3412
-2475
-1443
-550
120
652
1201
1829
2468
3005
3339
3413
3200
2722
2072
1371
695
8
-771
-1695
-2730
-3725
-4499
-4956
-5136
-5168
-5136
-5030
-4789
-4377
-3811
-3133
-2367
-1553
-775
-118
402
865
1348
1837
2248
2505
2585
2538
2465
2454
2540
2686
2824
2960
3187
3575
4135
4800
5504
6134
6434
6183
5431
4520
3784
3253
2663
1756
513
-860
-2116
-3079
-3672
-3956
-4056
-4104
-4174
-4242
-4220
-3946
-3284
-2276
-1176
-271
354
833
1365
2000
2643
3144
3373
3265
2848
2233
1544
866
209
-486
-1268
-2153
-3077
-3889
-4430
-4625
-4542
-4325
-4097
-3852
-3491
-2936
-2194
-1357
-528
200
774
1201
1531
1848
2174
2458
2628
2633
2495
2297
2134
2092
2198
2405
2625
2811
3008
3348
3962
4861
5860
6557
6582
5907
4928
4130
3651
3206
2407
1152
-330
-1730
-2860
-3669
-4150
-4348
-4386
-4432
-4584
-4731
-4632
-4078
-3090
-1947
-995
-368
90
613
1289
1989
2528
2800
2772
2457
1879
1130
369
-290
-871
-1523
-2360
-3327
-4203
-4733
-4842
-4661
-4397
-4157
-3898
-3510
-2915
-2149
-1291
-449
290
862
1235
1454
1626
1840
2064
2184
2099
1818
1479
1226
1134
1199
1356
1541
1735
1964
2293
2802
3543
4520
5614
6524
6861
6435
5504
4579
3998
3608
2952
1742
90
-1591
-2934
-3796
-4270
-4525
-4683
-4818
-4942
-4991
-4821
-4253
-3249
-2025
-929
-184
298
792
1453
2187
2751
2967
2793
2307
1625
863
109
-596
-1277
-2009
-2852
-3754
-4526
-4956
-4986
-4752
-4436
-4123
-3764
-3275
-2619
-1825
-965
-147
513
953
1201
1335
1427
1508
1546
1466
1212
835
466
220
126
157
290
520
840
1238
1736
2387
3223
4230
5338
6378
7046
7062
6405
5423
4530
3822
3066
1965
460
-1244
-2826
-4047
-4818
-5198
-5336
-5355
-5323
-5230
-4969
-4398
-3418
-2156
-900
98
797
1352
1897
2438
2867
3056
2905
2383
1576
640
-256
-1046
-1776
-2528
-3353
-4187
-4870
-5246
-5250
-4948
-4491
-3988
-3465
-2890
-2206
-1380
-465
409
1070
1436
1540
1497
1422
1344
1233
1013
644
174
-271
-568
-663
-571
-332
27
481
1003
1604
2323
3216
4283
5453
6531
7191
7148
6407
5327
4337
3564
2755
1570
-53
-1850
-3439
-4561
-5178
-5409
-5425
-5337
-5187
-4945
-4511
-3769
-2669
-1352
-121
781
1353
1789
2263
2763
3104
3097
2684
1944
1033
91
-800
-1609
-2350
-3063
-3773
-4439
-4905
-5015
-4736
-4192
-3571
-2984
-2420
-1795
-1048
-208
616
1277
1672
1807
1761
1607
1406
1161
859
486
42
-413
-792
-988
-955
-731
-379
56
584
1236
2028
2932
3874
4799
5702
6626
7504
8010
7780
6768
5376
4116
3124
2125
771
-973
-2776
-4226
-5109
-5474
-5475
-5247
-4846
-4335
-3777
-3137
-2255
-1037
345
1532
2252
2549
2701
2916
3151
3169
2779
1984
975
-33
-951
-1779
-2533
-3200
-3760
-4219
-4541
-4625
-4376
-3794
-3047
-2324
-1713
-1155
-515
252
1030
1633
1932
1944
1770
1494
1167
810
433
37
-400
-852
-1225
-1398
-1302
-969
-498
43
655
1350
2117
2936
3767
4588
5411
6248
7024
7480
7277
6301
4867
3479
2359
1328
80
-1480
-3154
-4610
-5587
-5992
-5884
-5422
-4776
-4102
-3490
-2856
-2001
-800
583
1762
2445
2670
2686
2696
2696
2520
2029
1213
184
-877
-1835
-2629
-3269
-3791
-4200
-4500
-4656
-4575
-4183
-3493
-2650
-1839
-1177
-629
-77
535
1149
1608
1781
1664
1341
935
528
144
-229
-611
-996
-1346
-1582
-1607
-1374
-921
-341
295
965
1667
2416
3238
4109
4947
5643
6184
6663
7046
7043
6344
4999
3439
2052
859
-381
-1819
-3319
-4600
-5447
-5809
-5757
-5365
-4679
-3785
-2851
-2014
-1227
-324
743
1766
2471
2742
2682
2478
2217
1855
1311
548
-361
-1277
-2119
-2855
-3452
-3863
-4071
-4134
-4098
-3928
-3535
-2876
-2049
-1238
-583
-84
340
763
1165
1437
1493
1318
970
532
68
-359
-717
-998
-1227
-1416
-1512
-1423
-1104
-589
54
775
1553
2362
3152
3889
4573
5231
5868
6477
6986
7162
6704
5527
3944
2441
1231
128
-1144
-2614
-4050
-5156
-5731
-5739
-5279
-4528
-3660
-2799
-2007
-1231
-358
654
1673
2434
2769
2738
2517
2224
1860
1363
699
-116
-1021
-1920
-2717
-3325
-3703
-3867
-3896
-3872
-3771
-3484
-2920
-2141
-1318
-610
-74
328
661
947
1179
1302
1247
983
548
49
-413
-774
-1027
-1218
-1387
-1496
-1463
-1214
-738
-113
577
1288
2022
2779
3529
4249
4910
5480
5965
6399
6750
6789
6199
4910
3260
1718
492
-562
-1688
-2947
-4176
-5118
-5549
-5390
-4744
-3839
-2894
-2041
-1303
-598
193
1093
1949
2521
2678
2488
2118
1689
1247
738
79
-764
-1697
-2522
-3100
-3427
-3600
-3689
-3711
-3617
-3331
-2820
-2140
-1414
-770
-261
132
450
710
921
1049
1027
806
411
-67
-498
-803
-997
-1138
-1255
-1320
-1260
-1017
-596
-43
581
1250
1948
2668
3376
4032
4617
5119
5561
6001
6421
6621
6255
5143
3534
1965
786
-121
-1114
-2370
-3692
-4715
-5190
-5097
-4569
-3777
-2871
-1978
-1194
-525
143
928
1763
2403
2616
2379
1900
1400
961
514
-54
-808
-1678
-2495
-3100
-3433
-3545
-3527
-3440
-3302
-3076
-2711
-2160
-1463
-763
-195
170
362
478
590
706
749
623
295
-167
-629
-975
-1176
-1276
-1328
-1347
-1283
-1072
-684
-140
489
1148
1822
2492
3153
3778
4348
4828
5227
5597
5955
6158
5894
4944
3464
1905
640
-330
-1270
-2371
-3543
-4505
-5013
-4992
-4530
-3782
-2897
-1996
-1184
-506
99
743
1437
2012
2256
2081
1623
1099
613
144
-407
-1079
-1812
-2488
-3017
-3363
-3528
-3529
-3384
-3134
-2818
-2443
-1982
-1413
-799
-264
110
329
469
575
632
582
392
83
-281
-631
-913
-1099
-1206
-1251
-1223
-1091
-817
-391
151
743
1339
1925
2513
3114
3699
4208
4599
4898
5187
5509
5716
5461
4516
3053
1567
438
-369
-1186
-2231
-3377
-4293
-4721
-4611
-4085
-3311
-2436
-1592
-885
-316
226
852
1536
2079
2248
1985
1443
863
389
-19
-510
-1162
-1899
-2558
-3025
-3278
-3352
-3288
-3106
-2843
-2534
-2180
-1743
-1208
-640
-154
153
288
346
408
464
436
269
-21
-363
-675
-911
-1054
-1105
-1080
-992
-828
-567
-194
296
873
1486
2083
2640
3162
3656
4114
4506
4830
5137
5441
5598
5311
4388
3001
1582
466
-386
-1230
-2224
-3266
-4096
-4501
-4404
-3885
-3100
-2225
-1403
-708
-129
422
1018
1611
2042
2139
1866
1363
810
311
-146
-641
-1231
-1875
-2454
-2874
-3095
-3132
-3021
-2814
-2569
-2307
-1993
-1561
-1013
-462
-39
190
275
318
371
398
339
166
-98
-398
-680
-906
-1031
-1034
-928
-752
-543
-283
82
576
1184
1831
2433
2962
3419
3834
4225
4592
4941
5274
5495
5360
4649
3405
2012
875
57
-709
-1681
-2805
-3772
-4276
-4233
-3770
-3082
-2340
-1649
-1048
-491
122
822
1511
1986
2086
1829
1419
1041
720
346
-195
-889
-1612
-2218
-2627
-2843
-2909
-2873
-2763
-2599
-2386
-2076
-1622
-1038
-461
-49
147
198
230
310
396
393
229
-73
-439
-769
-983
-1074
-1068
-1023
-966
-866
-664
-305
210
815
1411
1928
2376
2805
3249
3695
4084
4389
4656
4923
5108
4958
4251
3062
1762
710
-49
-779
-1703
-2751
-3628
-4072
-4020
-3595
-2982
-2317
-1676
-1085
-522
50
664
1276
1737
1884
1675
1245
803
442
86
-388
-1009
-1671
-2227
-2589
-2764
-2803
-2765
-2665
-2513
-2295
-1991
-1574
-1061
-559
-193
-23
8
43
154
293
337
186
-128
-477
-738
-873
-914
-924
-921
-871
-723
-435
-11
518
1095
1668
2207
2705
3176
3615
4009
4382
4752
5112
5336
5193
4505
3342
2041
954
154
-584
-1515
-2628
-3646
-4240
-4279
-3879
-3254
-2592
-1974
-1394
-809
-175
503
1152
1621
1784
1609
1213
791
437
84
-386
-1010
-1674
-2237
-2626
-2839
-2918
-2890
-2788
-2631
-2417
-2121
-1716
-1231
-751
-383
-163
-34
87
239
357
348
181
-85
-366
-602
-777
-895
-964
-977
-920
-756
-458
-30
487
1062
1670
2283
2871
3407
3878
4281
4637
4991
5326
5471
5163
4272
3014
1776
800
8
-860
-1919
-3040
-3922
-4316
-4195
-3707
-3074
-2428
-1803
-1197
-585
76
804
1483
1904
1921
1592
1138
747
432
61
-486
-1192
-1900
-2446
-2777
-2943
-2996
-2950
-2804
-2569
-2275
-1922
-1486
-992
-528
-187
15
152
285
413
465
385
191
-58
-302
-499
-642
-737
-786
-787
-720
-540
-208
287
886
1518
2135
2721
3281
3805
4299
4797
5302
5685
5676
5068
3964
2725
1673
820
-56
-1131
-2334
-3407
-4113
-4368
-4225
-3779
-3137
-2421
-1744
-1138
-511
243
1081
1798
2160
2097
1760
1374
1049
709
217
-452
-1183
-1823
-2316
-2676
-2920
-3018
-2967
-2797
-2543
-2227
-1839
-1370
-860
-379
9
287
494
665
783
784
642
409
146
-111
-360
-586
-764
-865
-868
-755
-520
-166
302
883
1552
2260
2939
3529
4046
4542
5071
5618
5995
5912
5178
3939
2621
1577
789
-52
-1188
-2509
-3670
-4367
-4508
-4213
-3691
-3114
-2546
-1979
-1370
-656
183
1054
1737
2022
1874
1522
1222
1047
836
377
-355
-1193
-1904
-2381
-2664
-2835
-2952
-3011
-2969
-2805
-2512
-2085
-1541
-965
-482
-146
91
333
610
821
854
695
413
110
-157
-375
-558
-709
-824
-878
-821
-602
-210
329
949
1584
2205
2823
3452
4080
4693
5275
5752
5901
5490
4522
3307
2227
1371
502
-636
-2029
-3364
-4271
-4581
-4409
-4033
-3651
-3252
-2708
-1956
-1072
-185
598
1221
1609
1724
1623
1425
1217
963
559
-57
-820
-1566
-2155
-2553
-2821
-3025
-3175
-3233
-3154
-2937
-2579
-2103
-1565
-1039
-575
-173
189
518
786
959
995
892
685
424
167
-77
-318
-542
-712
-771
-665
-377
71
623
1233
1868
2506
3128
3768
4486
5268
5884
5954
5290
4140
3020
2244
1649
815
-483
-2045
-3403
-4202
-4400
-4228
-3948
-3678
-3394
-3007
-2414
-1561
-504
524
1222
1452
1379
1307
1379
1466
1316
811
62
-711
-1347
-1811
-2160
-2459
-2750
-3021
-3228
-3284
-3107
-2702
-2177
-1683
-1287
-919
-474
70
608
1002
1189
1198
1111
990
832
627
376
102
-144
-321
-392
-301
-8
445
968
1490
1997
2559
3244
4072
4936
5588
5720
5212
4299
3396
2740
2168
1314
22
-1475
-2747
-3517
-3814
-3851
-3797
-3675
-3439
-3061
-2531
-1815
-926
4
735
1095
1164
1196
1360
1556
1539
1153
486
-213
-767
-1178
-1554
-1971
-2411
-2792
-3047
-3142
-3042
-2759
-2376
-1981
-1615
-1228
-757
-203
358
812
1092
1205
1213
1188
1145
1054
873
602
308
87
23
134
377
681
1023
1427
1928
2562
3325
4159
4904
5286
5110
4450
3632
2960
2429
1752
678
-719
-2077
-3042
-3498
-3607
-3605
-3594
-3518
-3261
-2786
-2133
-1365
-582
104
583
843
978
1101
1232
1284
1161
820
304
-274
-797
-1202
-1525
-1857
-2254
-2675
-2997
-3107
-2974
-2669
-2311
-1964
-1616
-1207
-703
-133
430
899
1208
1354
1388
1378
1362
1318
1196
999
791
675
733
964
1280
1582
1842
2155
2686
3498
4429
5061
5015
4325
3454
2877
2622
2272
1409
37
-1423
-2517
-3075
-3233
-3256
-3301
-3371
-3356
-3136
-2640
-1893
-1053
-339
85
247
365
611
948
1194
1179
881
412
-74
-479
-786
-1057
-1387
-1819
-2305
-2716
-2920
-2877
-2691
-2498
-2357
-2184
-1870
-1379
-783
-213
249
578
810
990
1145
1267
1307
1239
1078
898
797
849
1048
1298
1511
1674
1874
2257
2912
3743
4439
4623
4170
3380
2730
2409
2152
1544
448
-856
-1950
-2625
-2947
-3112
-3246
-3346
-3344
-3181
-2849
-2352
-1723
-1076
-558
-246
-47
203
534
826
928
796
515
193
-105
-379
-660
-1010
-1448
-1906
-2288
-2511
-2575
-2550
-2491
-2403
-2240
-1950
-1529
-1033
-534
-92
285
608
887
1113
1276
1372
1401
1382
1333
1297
1336
1469
1668
1871
2047
2240
2565
3118
3840
4436
4529
4014
3194
2547
2263
2055
1456
323
-1023
-2094
-2634
-2770
-2817
-2964
-3164
-3238
-3062
-2635
-2035
-1395
-863
-530
-354
-172
143
544
848
910
719
398
104
-76
-186
-363
-712
-1216
-1728
-2089
-2253
-2290
-2293
-2308
-2302
-2189
-1900
-1438
-892
-375
38
357
659
994
1324
1572
1681
1659
1576
1532
1607
1802
2037
2200
2259
2330
2590
3146
3903
4506
4547
3946
3094
2500
2297
2123
1507
349
-1001
-2085
-2666
-2844
-2911
-3077
-3323
-3460
-3329
-2925
-2353
-1748
-1232
-878
-669
-465
-150
236
530
589
434
179
-58
-202
-275
-394
-697
-1194
-1721
-2084
-2227
-2248
-2298
-2416
-2520
-2479
-2211
-1759
-1265
-834
-468
-106
287
681
1023
1280
1451
1532
1562
1622
1765
1980
2185
2315
2393
2529
2858
3433
4085
4424
4152
3376
2576
2158
2030
1715
852
-446
-1709
-2535
-2847
-2900
-3008
-3271
-3540
-3580
-3289
-2748
-2112
-1542
-1162
-980
-851
-557
-61
423
626
478
165
-78
-148
-125
-193
-496
-1023
-1585
-1968
-2129
-2187
-2270
-2415
-2555
-2574
-2385
-1996
-1519
-1079
-715
-375
5
438
867
1228
1479
1615
1708
1867
2143
2478
2756
2909
2984
3139
3539
4180
4743
4768
4090
3083
2339
2064
1899
1313
147
-1247
-2368
-2939
-3081
-3120
-3280
-3537
-3689
-3575
-3186
-2615
-1995
-1459
-1101
-884
-627
-200
317
692
761
580
348
229
240
237
44
-391
-946
-1419
-1694
-1821
-1932
-2093
-2284
-2418
-2385
-2125
-1687
-1208
-804
-466
-103
341
830
1280
1631
1873
2042
2205
2428
2731
3065
3330
3467
3577
3884
4485
5122
5276
4676
3646
2833
2542
2414
1847
637
-840
-2019
-2635
-2827
-2921
-3147
-3481
-3716
-3668
-3295
-2698
-2041
-1489
-1137
-943
-729
-309
280
768
925
760
521
451
556
645
495
50
-531
-1011
-1280
-1422
-1587
-1837
-2120
-2311
-2299
-2058
-1649
-1204
-818
-478
-101
357
874
1375
1779
2059
2259
2475
2793
3200
3564
3772
3876
4099
4607
5222
5460
4971
3974
3087
2682
2494
1930
733
-765
-2020
-2746
-3053
-3259
-3580
-3983
-4255
-4214
-3854
-3307
-2734
-2230
-1823
-1496
-1145
-652
-36
494
725
663
534
541
673
723
503
-2
-618
-1138
-1477
-1726
-2023
-2399
-2759
-2980
-2991
-2796
-2462
-2065
-1662
-1254
-796
-244
376
973
1468
1837
2136
2481
2927
3411
3784
3971
4109
4449
5043
5538
5434
4605
3522
2810
2570
2296
1432
-31
-1551
-2586
-3028
-3195
-3462
-3929
-4383
-4535
-4279
-3756
-3178
-2677
-2271
-1921
-1576
-1146
-588
-1
424
571
513
442
497
657
735
542
53
-560
-1041
-1301
-1487
-1786
-2234
-2674
-2920
-2909
-2702
-2417
-2127
-1840
-1501
-1038
-454
180
779
1280
1701
2106
2558
3076
3595
4010
4294
4590
5057
5613
5864
5456
4520
3617
3141
2898
2324
1126
-407
-1734
-2566
-3007
-3341
-3765
-4265
-4670
-4796
-4574
-4080
-3491
-2972
-2582
-2265
-1886
-1313
-576
102
480
532
472
544
774
971
921
574
54
-438
-785
-1029
-1302
-1689
-2145
-2525
-2706
-2672
-2479
-2231
-1984
-1731
-1389
-884
-246
425
1020
1517
2007
2577
3227
3851
4352
4795
5327
5959
6369
6174
5419
4621
4223
4062
3532
2303
697
-679
-1523
-2036
-2574
-3283
-4034
-4586
-4804
-4724
-4483
-4190
-3874
-3528
-3138
-2685
-2107
-1365
-585
10
331
521
796
1197
1544
1618
1375
956
545
231
-45
-419
-951
-1559
-2077
-2391
-2513
-2541
-2540
-2503
-2386
-2135
-1711
-1139
-499
121
704
1328
2069
2887
3660
4327
4989
5739
6420
6667
6292
5599
5105
4942
4678
3789
2296
745
-373
-1059
-1666
-2450
-3364
-4173
-4688
-4880
-4827
-4654
-4458
-4244
-3986
-3633
-3129
-2452
-1670
-962
-480
-186
125
601
1155
1534
1566
1331
1039
839
706
511
159
-342
-888
-1351
-1663
-1839
-1959
-2083
-2194
-2222
-2087
-1761
-1278
-715
-159
380
975
1689
2500
3324
4118
4908
5595
5940
5804
5397
5145
5160
5056
4369
3110
1801
884
314
-272
-1102
-2087
-3004
-3698
-4125
-4314
-4354
-4384
-4468
-4519
-4396
-4023
-3442
-2783
-2189
-1735
-1374
-961
-370
329
882
1127
1116
1061
1088
1131
1061
811
429
8
-380
-679
-897
-1087
-1304
-1541
-1706
-1710
-1537
-1241
-909
-579
-226
217
790
1451
2122
2768
3411
3994
4333
4321
4109
4018
4149
4209
3824
2988
2088
1488
1159
797
202
-544
-1232
-1757
-2154
-2473
-2713
-2895
-3077
-3274
-3415
-3378
-3124
-2773
-2473
-2257
-2038
-1712
-1259
-745
-276
68
269
387
515
687
836
866
741
532
338
203
99
-27
-191
-375
-538
-626
-622
-536
-418
-314
-205
-37
232
577
931
1286
1689
2141
2508
2620
2489
2362
2465
2726
2800
2453
1836
1341
1174
1143
929
431
-159
-604
-883
-1122
-1398
-1659
-1842
-2005
-2227
-2474
-2596
-2510
-2313
-2185
-2195
-2219
-2078
-1739
-1321
-978
-759
-606
-439
-217
37
256
370
353
249
144
93
91
73
-19
-170
-314
-381
-359
-285
-201
-135
-71
21
180
406
649
855
1021
1195
1424
1650
1768
1739
1653
1653
1765
1866
1809
1587
1343
1210
1178
1125
964
719
478
283
101
-94
-271
-397
-515
-694
-942
-1167
-1262
-1243
-1219
-1277
-1394
-1452
-1363
-1150
-908
-715
-590
-497
-380
-230
-79
25
39
-34
-131
-189
-200
-198
-229
-297
-375
-434
-457
-438
-390
-348
-327
-310
-256
-139
3
124
196
254
341
467
606
715
783
802
803
830
899
986
1032
999
920
842
796
775
746
682
586
479
390
335
302
261
203
129
44
-30
-74
-90
-97
-122
-147
-125
-30
108
224
278
281
284
322
385
447
480
473
440
403
381
373
362
335
283
212
136
78
42
22
-3
-43
-86
-118
-138
-151
-166
-189
-222
-269
-303
-312
-312
-315
-323
-326
-320
-318
-321
-320
-320
-324
-335
-343
-341
-329
-308
-293
-282
-267
-243
-214
-187
-177
-174
-163
-138
-107
-92
-103
-139
-179
-216
-256
-312
-382
-453
-525
-594
-654
-706
-750
-790
-826
-850
-863
-868
-874
-872
-857
-832
-794
-748
-697
-642
-583
-521
-454
-385
-324
-274
-225
-172
-119
-78
-52
-33
-22
-3
29
66
102
126
139
152
172
205
237
259
275
284
287
282
278
276
278
271
248
218
182
158
141
117
79
24
-31
-72
-107
-147
-206
-276
-341
-403
-463
-523
-578
-627
-682
-742
-797
-833
-839
-829
-824
-829
-824
-787
-720
-634
-557
-488
-416
-321
-210
-98
8
103
193
281
365
442
502
549
582
605
622
637
657
676
695
710
728
751
780
820
857
887
912
937
963
977
977
960
932
897
848
781
699
611
521
425
334
246
162
73
-25
-113
-191
-257
-307
-356
-413
-480
-543
-588
-611
-617
-624
-646
-669
-680
-675
-651
-622
-597
-571
-540
-496
-438
-365
-290
-216
-147
-79
-4
75
147
205
251
277
298
324
350
373
380
379
380
381
391
406
423
443
462
476
492
519
549
570
576
567
544
521
494
464
424
372
303
229
159
85
4
-81
-173
-267
-352
-427
-494
-543
-583
-614
-631
-629
-615
-599
-581
-562
-538
-509
-479
-450
-415
-378
-347
-311
-267
-217
-166
-123
-79
-31
12
62
109
146
178
206
237
266
293
314
329
344
354
364
373
390
413
430
438
438
442
449
452
444
425
396
362
320
283
250
215
174
126
77
30
-22
-84
-148
-205
-269
-333
-390
-435
-472
-502
-527
-547
-560
-561
-553
-533
-506
-485
-468
-440
-402
-359
-317
-277
-233
-195
-158
-116
-70
-27
10
48
91
137
179
211
242
275
309
339
360
372
384
398
409
417
436
457
469
473
477
482
481
471
445
412
389
362
330
290
243
194
143
98
59
11
-37
-85
-130
-172
-217
-259
-296
-322
-339
-357
-372
-382
-384
-381
-378
-369
-355
-338
-319
-306
-292
-269
-236
-200
-165
-136
-112
-87
-51
-6
40
86
122
153
186
226
270
311
333
344
356
375
403
428
440
436
431
430
437
444
436
421
396
364
337
309
279
249
212
170
126
81
38
-1
-33
-68
-108
-149
-186
-219
-246
-273
-300
-323
-341
-363
-381
-393
-401
-408
-413
-415
-411
-397
-375
-350
-322
-296
-266
-227
-183
-140
-102
-64
-36
-9
22
55
90
122
145
160
177
194
214
229
234
237
239
241
246
247
244
237
234
236
234
229
218
198
174
153
125
92
54
12
-31
-77
-126
-165
-197
-231
-257
-280
-299
-310
-319
-324
-324
-319
-316
-312
-309
-304
-297
-298
-296
-286
-274
-259
-242
-224
-208
-190
-164
-132
-96
-64
-34
-1
38
78
117
150
175
195
215
226
231
227
219
211
203
194
183
171
162
156
155
156
156
156
160
166
171
172
163
153
142
126
105
83
56
27
-6
-50
-91
-121
-146
-175
-207
-234
-248
-250
-248
-244
-238
-233
-221
-203
-184
-165
-148
-136
-125
-112
-99
-87
-78
-73
-69
-63
-48
-29
-8
8
20
31
45
65
86
104
118
130
139
151
159
170
184
192
193
192
190
189
188
183
174
163
153
148
143
136
125
114
103
92
86
77
61
43
13
-19
-47
-72
-99
-130
-161
-189
-213
-227
-238
-245
-246
-247
-238
-223
-211
-199
-182
-158
-134
-114
-96
-78
-57
-37
-15
6
21
34
49
58
62
68
70
71
73
69
67
73
81
94
104
116
133
158
186
207
221
227
230
230
226
217
205
187
165
141
116
95
69
46
26
1
-23
-43
-66
-82
-101
-117
-132
-149
-162
-170
-173
-175
-179
-177
-172
-160
-144
-130
-120
-111
-99
-81
-59
-39
-23
-9
7
19
32
44
55
60
57
54
51
52
51
44
37
31
24
24
30
41
54
67
79
93
105
118
127
137
145
153
154
153
149
138
127
112
93
73
49
25
7
-16
-37
-54
-70
-77
-84
-91
-94
-96
-97
-94
-92
-89
-79
-70
-60
-47
-35
-20
-2
16
33
42
54
63
65
62
58
49
39
28
12
-4
-14
-22
-30
-38
-42
-46
-49
-47
-45
-43
-35
-26
-17
-5
6
15
23
35
49
57
60
59
53
47
39
26
11
-6
-25
-42
-54
-60
-67
-74
-82
-88
-91
-91
-87
-82
-78
-78
-81
-78
-69
-55
-41
-30
-22
-9
8
29
49
62
73
80
82
84
85
88
87
81
69
58
50
45
36
26
17
11
4
-1
-5
-11
-11
-11
-12
-8
-2
6
13
20
23
22
23
26
24
20
13
4
-8
-21
-33
-48
-66
-86
-102
-116
-125
-131
-135
-140
-136
-130
-122
-109
-97
-87
-75
-68
-59
-44
-31
-20
-14
-12
-9
-2
6
13
23
26
29
32
35
39
46
57
64
61
59
62
67
68
67
64
58
54
50
45
35
23
13
5
-2
-5
-9
-14
-19
-22
-23
-23
-18
-15
-18
-20
-27
-34
-42
-51
-60
-68
-77
-88
-100
-105
-104
-100
-94
-85
-77
-67
-54
-36
-21
-7
7
18
25
31
36
38
39
36
29
20
12
7
3
4
3
4
4
3
9
22
30
33
40
48
53
58
62
66
66
57
52
47
39
34
30
26
23
18
13
9
6
6
-2
-10
-15
-23
-29
-36
-40
-43
-50
-53
-55
-55
-52
-44
-36
-28
-19
-7
0
6
20
33
41
45
51
54
51
50
45
38
28
15
7
-4
-16
-26
-32
-35
-40
-42
-45
-42
-36
-29
-19
-4
9
19
28
38
49
59
65
71
76
76
74
71
64
60
52
43
34
19
12
7
0
-8
-18
-25
-33
-38
-40
-42
-44
-45
-43
-40
-32
-21
-8
0
9
19
28
41
54
60
60
55
50
46
40
30
20
10
-1
-13
-24
-35
-45
-49
-58
-73
-81
-79
-75
-70
-64
-56
-45
-30
-10
13
27
40
56
67
77
81
85
84
78
69
52
36
22
11
-2
-15
-31
-49
-65
-80
-83
-83
-84
-82
-80
-74
-65
-50
-36
-23
-10
1
14
28
36
41
47
53
55
48
36
30
27
22
14
5
4
9
10
8
-2
-13
-17
-20
-19
-21
-27
-27
-29
-30
-22
-15
-4
2
8
15
25
38
46
52
49
48
50
48
46
34
19
4
-12
-24
-34
-42
-48
-57
-60
-63
-60
-51
-44
-38
-35
-23
-12
-6
2
9
21
36
43
43
37
38
48
52
49
39
36
31
22
12
-4
-15
-21
-21
-26
-35
-37
-39
-37
-36
-30
-21
-11
0
16
34
57
73
76
70
67
69
65
52
31
7
-16
-28
-36
-43
-50
-58
-67
-67
-58
-50
-41
-34
-32
-26
-13
0
8
16
20
22
28
41
49
49
46
38
28
19
8
-2
-6
-8
-6
-5
-8
-12
-11
-9
-2
4
4
5
9
14
16
14
10
8
6
10
21
26
29
27
14
10
13
18
23
20
15
12
5
-2
-12
-21
-26
-24
-27
-32
-32
-33
-39
-44
-41
-34
-29
-30
-35
-37
-33
-22
-10
-4
1
0
-3
-8
-20
-32
-38
-32
-16
0
10
20
36
53
61
62
60
61
61
48
32
20
12
5
-10
-23
-33
-42
-51
-58
-63
-65
-70
-74
-68
-52
-29
-7
12
26
44
67
76
30
-116
-360
-614
-744
-687
-516
-370
-316
-282
-162
44
242
343
362
360
362
342
312
290
231
46
-262
-539
-614
-490
-339
-300
-332
-289
-142
10
83
113
164
227
243
195
157
178
234
255
221
180
177
209
226
220
214
201
94
-231
-740
-1171
-1284
-1144
-1012
-1018
-1020
-823
-444
-63
219
439
614
678
621
574
644
763
762
579
342
192
147
143
115
46
-90
-284
-455
-512
-447
-342
-273
-259
-272
-273
-244
-188
-134
-114
-145
-208
-248
-232
-164
-64
34
114
171
219
254
265
296
373
456
483
457
435
448
449
396
316
243
157
30
-105
-196
-225
-258
-316
-350
-329
-293
-269
-221
-137
-61
-19
23
97
175
217
248
299
337
299
195
125
108
70
-25
-120
-151
-142
-167
-190
-128
-13
73
103
125
167
191
190
196
218
226
201
181
177
156
93
39
55
103
90
2
-71
-74
-47
-30
-7
24
30
-2
-28
-3
45
54
31
31
43
19
-27
-44
-22
-4
-21
-52
-66
-63
-54
-20
31
41
-6
-44
-35
-8
-11
-37
-51
-69
-118
-169
-178
-139
-102
-112
-149
-182
-198
-178
-111
-34
-12
-64
-124
-114
-31
62
122
131
102
49
10
24
79
118
90
9
-89
-166
-181
-139
-79
-65
-145
-260
-316
-287
-204
-123
-82
-89
-152
-220
-215
-127
-12
59
49
-15
-80
-97
-34
78
148
118
6
-108
-162
-152
-96
-45
-50
-128
-233
-280
-235
-142
-66
-45
-76
-136
-181
-161
-77
16
58
39
-7
-48
-55
-5
82
148
144
72
-8
-43
-38
-16
-2
-13
-53
-111
-147
-140
-103
-59
-43
-61
-101
-133
-124
-63
24
90
117
118
114
127
158
197
220
208
160
93
39
20
34
60
68
47
9
-14
-3
41
107
164
190
182
156
148
190
264
329
352
333
316
329
375
452
523
562
566
546
536
549
580
622
644
619
559
494
460
458
449
412
351
282
227
198
194
204
221
234
253
291
337
392
455
511
557
592
620
646
673
694
710
729
744
753
752
751
757
759
744
712
676
662
684
729
786
849
920
1002
1083
1155
1216
1274
1338
1393
1426
1442
1448
1453
1459
1460
1437
1394
1353
1326
1306
1261
1180
1075
967
860
739
598
462
351
260
183
116
65
30
7
-11
-32
-52
-68
-76
-75
-76
-90
-108
-110
-92
-69
-61
-77
-119
-174
-234
-300
-371
-441
-496
-510
-465
-370
-261
-178
-133
-125
-148
-195
-265
-358
-461
-550
-604
-612
-582
-521
-422
-302
-170
-32
111
259
400
517
602
665
697
693
640
556
463
370
273
173
70
-33
-129
-201
-240
-265
-308
-381
-476
-588
-700
-812
-922
-1005
-1060
-1093
-1119
-1156
-1197
-1237
-1266
-1278
-1280
-1285
-1301
-1322
-1341
-1343
-1328
-1307
-1292
-1285
-1279
-1269
-1252
-1230
-1214
-1200
-1182
-1152
-1124
-1116
-1124
-1135
-1135
-1127
-1142
-1184
-1242
-1309
-1362
-1393
-1414
-1431
-1442
-1430
-1395
-1354
-1316
-1288
-1250
-1194
-1128
-1059
-982
-898
-808
-712
-612
-522
-437
-357
-282
-220
-176
-154
-142
-131
-125
-135
-165
-200
-226
-247
-269
-307
-350
-379
-388
-384
-384
-384
-372
-347
-318
-295
-289
-299
-302
-291
-269
-249
-249
-262
-273
-276
-266
-252
-254
-277
-305
-338
-372
-408
-425
-425
-429
-445
-473
-495
-507
-505
-499
-495
-490
-488
-490
-501
-505
-504
-491
-463
-443
-438
-448
-454
-439
-415
-388
-363
-344
-327
-315
-300
-278
-256
-234
-211
-196
-191
-191
-185
-163
-124
-81
-58
-55
-52
-37
-3
43
78
95
101
110
133
165
195
221
250
280
307
323
337
352
375
398
416
425
430
435
446
461
474
482
488
498
509
521
536
556
573
579
572
567
568
578
594
599
595
581
561
549
543
547
547
538
528
525
529
543
558
574
583
588
597
609
626
636
630
612
592
577
568
555
529
489
453
425
402
381
356
321
279
243
211
187
173
166
164
153
130
102
86
88
101
112
115
112
105
101
96
92
103
116
128
131
128
126
137
162
196
235
256
265
273
285
311
341
368
383
380
368
362
361
373
387
392
384
365
340
319
303
293
284
272
250
218
183
155
143
138
132
112
84
60
44
38
34
29
22
15
7
-2
-14
-16
-1
22
40
44
36
27
37
63
92
106
103
85
64
53
50
54
56
46
26
4
-17
-34
-43
-46
-51
-58
-72
-85
-88
-76
-52
-26
-11
-12
-16
-15
-10
-3
9
18
16
7
-6
-14
-10
8
34
58
79
102
127
156
197
239
283
330
371
407
446
489
535
581
624
656
680
691
699
707
713
716
712
699
677
651
628
606
590
575
558
540
523
501
474
449
418
388
363
333
299
258
213
177
149
127
109
87
71
61
53
45
44
49
55
57
48
33
25
26
31
25
3
-24
-53
-73
-93
-120
-146
-173
-208
-239
-265
-287
-293
-293
-293
-291
-295
-295
-287
-271
-251
-233
-220
-216
-219
-224
-229
-230
-226
-225
-227
-234
-243
-246
-242
-234
-218
-207
-205
-210
-216
-213
-206
-198
-195
-200
-206
-219
-233
-243
-246
-247
-254
-271
-292
-317
-340
-354
-362
-368
-375
-379
-381
-375
-364
-351
-336
-323
-313
-300
-290
-282
-269
-250
-229
-211
-200
-200
-205
-204
-203
-202
-205
-210
-212
-215
-217
-218
-215
-208
-196
-185
-181
-177
-170
-167
-163
-155
-145
-135
-121
-107
-97
-89
-83
-75
-66
-58
-48
-47
-47
-46
-42
-35
-31
-21
-15
-10
-3
-3
0
5
9
8
9
8
8
6
2
-6
-12
-13
-13
-15
-16
-16
-14
-11
-11
-9
-8
-5
3
9
14
14
7
3
-1
-7
-7
-7
-7
-6
-9
-9
-9
-10
-7
-1
6
9
10
14
24
35
43
50
58
64
71
78
81
87
91
91
89
81
66
53
46
43
38
27
12
5
4
8
14
15
16
19
17
18
21
24
24
29
31
30
32
35
38
45
49
50
52
51
51
54
62
69
79
97
113
133
150
159
172
187
199
212
223
230
234
235
232
228
226
225
223
219
206
189
174
158
146
137
121
110
97
84
73
57
46
33
23
16
2
-15
-30
-44
-53
-56
-62
-72
-84
-93
-100
-105
-112
-117
-117
-114
-113
-110
-109
-105
-98
-88
-79
-65
-50
-36
-26
-19
-5
12
30
43
52
63
72
77
81
84
87
88
93
96
98
93
82
75
73
65
62
61
59
59
59
58
60
61
62
62
56
55
55
53
56
55
55
60
59
61
59
58
62
67
69
67
58
53
54
52
53
51
46
44
39
36
34
31
32
34
38
43
40
38
38
37
43
52
55
55
53
49
50
51
44
36
27
22
18
13
4
-7
-14
-16
-14
-11
-8
-11
-16
-19
-20
-16
-4
2
3
5
2
5
9
17
23
24
23
18
18
20
17
13
12
12
13
7
1
1
-4
-7
-5
-10
-12
-10
-11
-9
-7
-4
-1
-1
0
3
1
1
0
-1
-2
2
6
9
9
6
4
4
0
-4
-8
-10
-11
-16
-24
-32
-37
-40
-44
-51
-57
-62
-65
-66
-66
-66
-71
-75
-79
-85
-87
-87
-88
-90
-94
-96
-96
-101
-102
-107
-112
-114
-119
-124
-128
-134
-139
-139
-141
-140
-134
-133
-132
-127
-126
-120
-115
-110
-104
-97
-90
-87
-83
-79
-75
-68
-61
-54
-45
-39
-33
-26
-20
-14
-12
-6
-5
-5
-2
-2
-1
4
5
6
6
5
3
-1
-5
-4
-4
-7
-7
-10
-10
-10
-9
-8
-3
-2
-4
-4
-2
-5
-6
-4
-2
-3
-4
-5
-5
-2
1
4
9
16
19
27
35
42
54
68
76
84
91
102
110
120
130
136
142
145
150
154
154
158
160
159
160
161
159
159
158
156
153
149
149
149
147
146
142
140
137
132
131
129
122
121
116
112
105
98
99
96
91
93
90
85
84
84
82
81
80
75
69
64
61
59
59
56
54
52
47
45
41
37
33
29
25
23
19
14
14
16
20
27
30
30
34
36
39
40
36
36
36
34
33
27
17
10
7
-1
-6
-11
-21
-24
-24
-26
-25
-22
-15
-5
7
18
29
38
47
57
67
75
80
80
78
74
74
74
74
72
66
59
53
48
39
32
26
20
13
1
-11
-20
-28
-35
-44
-52
-58
-64
-72
-83
-92
-98
-103
-111
-119
-128
-138
-143
-149
-152
-156
-165
-170
-178
-184
-187
-191
-192
-193
-198
-203
-204
-205
-210
-218
-222
-225
-227
-224
-222
-225
-221
-220
-217
-210
-206
-199
-192
-186
-181
-177
-174
-171
-166
-163
-159
-152
-145
-138
-130
-122
-116
-111
-104
-101
-97
-95
-95
-95
-94
-94
-88
-86
-86
-81
-74
-69
-63
-62
-60
-53
-50
-44
-41
-43
-39
-36
-35
-34
-33
-28
-24
-23
-22
-25
-24
-24
-24
-27
-31
-33
-39
-40
-40
-41
-42
-43
-41
-41
-39
-36
-35
-31
-23
-11
-1
7
12
15
21
27
34
41
48
57
65
71
79
81
83
93
98
103
108
108
110
112
116
120
120
117
114
112
107
105
102
98
98
97
94
92
88
84
83
85
87
86
86
85
86
85
82
79
78
73
71
70
67
70
69
66
67
70
69
70
69
68
68
66
65
65
63
65
67
65
63
62
62
62
61
61
61
57
57
54
52
54
55
58
60
62
64
64
65
63
64
64
60
53
48
46
44
43
41
42
41
33
30
28
22
19
16
14
13
9
4
2
2
0
-1
-2
-6
-8
-10
-12
-13
-13
-13
-15
-18
-23
-26
-29
-29
-32
-34
-32
-32
-31
-32
-29
-26
-22
-16
-13
-12
-11
-6
-2
0
4
5
6
10
13
15
16
15
17
20
23
26
24
22
21
22
22
26
28
26
29
30
29
34
33
30
30
30
33
32
28
25
23
21
20
17
10
9
7
3
-1
-4
-5
-4
-10
-13
-13
-15
-14
-15
-18
-19
-19
-20
-19
-21
-23
-24
-27
-27
-24
-24
-24
-25
-25
-25
-19
-15
-14
-11
-12
-15
-14
-15
-12
-10
-8
-6
-4
-3
-1
0
0
2
7
11
8
7
5
3
2
2
4
6
5
5
4
4
6
5
6
3
2
-1
-4
-5
-9
-8
-8
-8
-4
-2
0
-2
-2
-4
-6
-7
-8
-9
-10
-11
-10
-9
-10
-10
-12
-14
-17
-19
-16
-18
-19
-21
-19
-18
-20
-21
-22
-24
-24
-25
-26
-24
-23
-20
-21
-20
-17
-19
-14
-12
-13
-12
-12
-11
-10
-10
-10
-12
-13
-14
-13
-11
-9
-9
-7
-6
-5
-3
-5
-7
-6
-7
-10
-11
-10
-11
-10
-9
-7
-4
-4
-6
-6
-4
-3
-2
-2
-4
-3
-4
-4
-2
-2
0
-2
-5
-7
-9
-10
-8
-6
-5
-5
-6
-8
-8
-6
-2
0
3
2
6
5
4
2
1
0
0
2
0
0
4
6
7
7
7
5
1
0
-3
-3
-2
-4
-3
0
0
0
-2
-2
-3
-6
-5
-7
-6
-3
0
3
6
7
10
12
13
14
19
23
22
24
25
24
26
26
25
29
32
32
33
31
27
31
31
31
34
33
29
28
24
24
23
16
16
16
14
14
17
18
16
17
14
13
10
10
11
11
11
14
9
10
9
4
2
-3
-6
-8
-10
-10
-11
-11
-11
-8
-5
-5
-5
-8
-6
-7
-4
0
-2
-3
-1
-1
0
6
8
9
11
13
12
9
8
7
7
3
2
0
-1
2
2
5
8
12
12
14
16
16
19
19
22
23
21
19
17
15
16
16
16
14
13
12
15
16
15
14
15
15
13
10
8
3
-1
-3
-6
-7
-6
-7
-7
-5
-2
0
4
7
6
7
7
5
5
8
10
9
11
9
8
8
8
6
6
4
0
1
1
-2
-2
-3
-9
-13
-17
-22
-24
-28
-30
-28
-31
-31
-27
-24
-23
-21
-18
-17
-18
-20
-20
-18
-13
-12
-10
-8
-6
-4
-5
-7
-5
-7
-10
-14
-15
-16
-18
-18
-17
-16
-13
-10
-10
-9
-5
-3
-4
-1
1
6
6
6
8
11
14
14
11
11
11
11
10
9
7
7
7
3
3
2
2
2
-1
-1
-1
-2
0
2
5
5
7
8
9
13
16
15
15
12
16
15
14
18
17
18
18
19
21
14
11
5
0
-3
-6
-10
-13
-14
-14
-16
-13
-12
-12
-10
-10
-12
-10
-8
-9
-9
-10
-11
-11
-11
-13
-17
-16
-15
-15
-14
-14
-15
-16
-20
-17
-16
-16
-11
-15
-17
-18
-17
-17
-19
-18
-17
-17
-12
-6
-5
0
4
3
6
10
11
9
9
8
10
11
9
8
8
5
4
6
1
-1
-2
-6
-6
-9
-12
-14
-14
-17
-17
-18
-20
-17
-13
-14
-14
-14
-11
-7
-5
-5
-3
2
7
5
8
8
5
3
3
-1
-5
-4
-9
-12
-10
-9
-9
-8
-8
-8
-10
-7
-7
-4
0
2
2
0
2
5
1
2
2
0
-1
-1
-3
-2
1
0
1
3
1
2
4
0
-4
-4
-6
-7
-9
-8
-6
-6
-4
-5
-7
-6
-8
-7
-4
-2
-4
-5
-6
-8
-10
-12
-13
-12
-13
-11
-10
-11
-8
-8
-7
-4
-4
-1
-1
-4
-5
-5
-5
-4
-4
-3
2
6
7
8
11
13
15
17
16
16
15
15
12
11
8
8
7
5
7
5
2
1
0
1
3
5
8
10
11
11
8
4
3
2
-2
0
2
-1
1
1
1
5
5
5
6
6
6
2
1
0
1
1
2
2
1
1
1
-1
-2
-1
3
4
7
11
12
14
17
19
20
22
23
19
14
10
6
5
6
6
7
5
0
-1
-6
-9
-12
-14
-14
-14
-14
-14
-12
-9
-8
-6
-8
-6
-2
-2
-5
-6
-7
-7
-7
-6
-5
2
4
1
2
1
0
0
0
2
3
3
3
3
4
6
11
12
13
15
16
15
15
14
14
15
18
18
18
18
13
11
11
6
6
6
3
1
-1
-7
-10
-12
-15
-18
-20
-23
-23
-23
-25
-25
-25
-26
-25
-22
-22
-21
-20
-19
-18
-16
-17
-18
-19
-16
-19
-18
-17
-16
-14
-11
-6
-3
0
2
1
2
2
-2
-2
0
-2
-3
-4
-4
-4
-3
-1
1
6
5
2
1
-2
0
2
3
6
7
7
8
7
6
6
6
7
7
5
1
-2
-5
-6
-7
-6
-6
-4
-2
0
-3
-3
-1
-3
-2
1
-1
0
-2
-6
-6
-7
-6
-6
-6
-1
0
2
6
7
6
7
7
6
5
3
2
1
0
-2
-3
-4
-6
-7
-5
-4
-2
-4
-5
-5
-5
-4
-7
-9
-10
-9
-8
-8
-8
-7
-8
-8
-8
-9
-10
-9
-6
-7
-6
-2
-1
-2
-4
-4
-5
-5
-2
0
-1
0
3
2
4
5
4
5
8
9
10
11
13
16
19
16
15
14
15
16
14
15
12
10
12
15
14
14
13
10
7
5
4
2
-3
-5
-6
-9
-11
-11
-12
-13
-15
-17
-21
-24
-24
-25
-27
-26
-27
-25
-24
-21
-20
-19
-17
-13
-8
-2
-1
1
5
8
7
10
14
13
16
14
13
16
18
19
20
19
19
22
23
26
28
27
26
22
18
14
10
6
1
-2
-5
-10
-13
-14
-13
-12
-8
-6
-6
-5
-6
-7
-7
-7
-10
-12
-14
-17
-19
-22
-26
-27
-27
-28
-29
-28
-27
-23
-20
-16
-12
-11
-8
-7
-6
-5
-4
-2
-2
-1
1
0
0
3
4
6
9
13
16
22
24
24
25
26
25
24
20
17
16
14
13
12
11
13
13
12
16
16
16
15
13
11
10
7
5
5
2
-1
-4
-5
-6
-6
-5
-6
-2
1
3
4
3
4
3
1
0
0
-2
-4
-5
-8
-10
-9
-10
-12
-12
-13
-11
-10
-11
-7
-4
-4
-1
0
1
1
4
6
7
9
12
16
15
14
16
17
20
21
20
21
20
20
20
19
18
13
12
9
7
7
3
2
3
6
5
3
5
5
6
6
4
4
3
5
8
7
8
10
11
8
9
10
5
4
6
1
-2
-1
0
1
2
1
1
0
-1
1
2
1
4
6
6
4
2
1
0
-1
-2
-9
-8
-6
-9
-11
-13
-12
-9
-10
-7
-6
-6
-4
-3
-4
-5
-6
-5
-5
-4
-5
-6
-5
-7
-6
-4
-4
-3
-1
1
2
1
2
3
4
3
0
0
-3
-2
2
2
2
2
1
5
4
5
5
6
9
9
8
8
8
3
2
0
-3
-4
-8
-10
-11
-11
-10
-9
-11
-11
-9
-8
-7
-4
-2
0
-1
-2
-1
0
0
0
1
-2
-4
-3
-4
-2
-2
-2
-2
-2
-2
-5
-7
-8
-12
-11
-11
-10
-6
-3
-4
-1
2
3
6
8
7
7
10
11
9
10
8
6
7
4
4
0
-1
2
1
1
1
2
4
4
2
2
-1
0
0
0
1
0
-2
0
1
-1
1
1
4
6
4
4
3
4
7
6
5
4
0
-3
-2
-6
-8
-8
-8
-7
-6
-4
2
1
2
3
0
4
5
5
5
4
3
2
3
2
3
5
4
6
4
5
5
4
5
6
4
3
1
2
2
-1
0
2
1
1
1
3
2
3
4
1
1
3
3
6
7
4
6
5
3
6
6
5
4
3
2
3
3
4
7
6
8
8
5
3
2
1
2
1
1
1
2
2
1
1
2
0
-2
-1
1
1
0
-3
-6
-6
-8
-9
-11
-12
-12
-12
-10
-10
-6
-1
0
0
5
3
4
5
2
3
4
4
5
2
1
3
1
3
4
4
6
5
5
7
8
10
12
13
