3
2
2
3
4
2
2
-2
-2
-1
-3
-1
-2
0
3
4
5
1
0
0
-4
-3
1
1
1
1
1
2
4
4
5
5
7
7
7
10
9
8
7
4
5
4
0
-1
-1
-2
-5
-5
-9
-11
-10
-13
-15
-15
-17
-20
-23
-24
-25
-25
-25
-25
-23
-24
-23
-23
-22
-20
-18
-17
-18
-15
-13
-13
-12
-12
-8
-7
-5
-7
-6
-2
-5
-5
-4
-5
-1
-3
-4
-4
-7
-9
-10
-9
-7
-7
-7
-9
-8
-9
-10
-9
-8
-4
0
2
4
6
10
12
13
14
13
15
20
20
18
23
25
26
27
28
29
26
26
25
20
21
19
16
15
13
9
7
5
2
1
-1
-6
-8
-10
-11
-14
-13
-11
-14
-16
-15
-16
-15
-15
-14
-10
-9
-6
-6
-6
-7
-6
-5
-3
-3
0
2
1
1
4
3
3
6
6
5
4
3
3
3
4
2
3
4
4
3
2
2
-1
-1
1
4
4
3
3
2
3
3
3
0
0
0
0
0
0
1
0
1
2
1
-1
0
-1
-2
1
2
0
0
2
4
1
2
4
7
5
7
10
9
10
12
14
16
12
12
13
12
10
11
10
9
8
10
11
8
5
3
1
2
0
-3
-2
-2
-2
-3
-6
-7
-6
-8
-10
-11
-10
-11
-11
-9
-8
-7
-8
-7
-8
-9
-5
-6
-5
-3
-4
-3
-2
-3
-1
-1
-1
-2
-3
-4
-5
-4
-5
-6
-6
-7
-11
-10
-8
-11
-12
-9
-8
-6
-7
-7
-5
-9
-6
-7
-7
-5
-7
-5
-4
-3
-3
-1
-1
0
1
1
0
0
2
7
6
6
7
3
2
1
-3
0
-1
-3
-2
-3
-3
-2
-4
-7
-8
-7
-8
-10
-9
-10
-10
-8
-5
-3
-5
-4
-6
-5
-5
-3
1
0
1
5
7
7
8
12
14
12
14
16
15
14
16
17
17
16
16
18
19
18
17
13
10
12
11
10
11
11
12
12
11
12
10
6
5
4
1
1
3
3
2
4
3
5
4
5
5
3
3
4
3
3
0
2
0
-3
-2
-3
-2
-3
-2
-1
-2
1
-3
-3
-3
-7
-1
1
-2
1
1
1
0
0
-2
-1
-1
1
0
0
5
7
6
7
10
9
8
6
8
6
6
5
5
5
3
5
4
2
1
1
-2
-3
-2
-6
-7
-8
-11
-8
-7
-9
-10
-8
-8
-7
-9
-10
-10
-12
-13
-16
-15
-11
-11
-10
-7
-8
-8
-7
-4
-1
-2
1
4
3
3
2
3
2
1
5
6
7
9
10
7
7
6
5
7
8
7
6
5
6
7
8
7
6
7
6
4
6
6
2
2
1
-2
-1
-2
-4
-5
-5
-5
-5
-4
-5
-8
-9
-11
-14
-12
-12
-13
-14
-13
-16
-17
-18
-17
-16
-15
-13
-11
-8
-7
-8
-7
-8
-9
-7
-7
-5
-4
-3
1
4
5
5
8
6
7
8
5
7
6
6
7
6
5
3
2
2
0
-2
-3
-2
-1
-4
-6
-6
-11
-12
-9
-9
-7
-8
-9
-9
-10
-8
-5
-8
-9
-8
-5
-5
-5
-2
-2
-4
-2
2
5
5
5
4
5
9
9
11
10
11
11
10
9
10
12
11
8
8
8
7
9
7
9
10
8
9
8
5
5
4
3
2
1
3
3
-1
-3
-3
1
-1
-3
-4
-4
-4
-5
-7
-7
-7
-7
-9
-8
-10
-11
-10
-11
-12
-12
-10
-5
-4
-5
-5
-5
-5
-3
-2
-4
-1
0
0
1
2
5
5
7
7
6
8
9
10
9
7
9
9
8
7
5
4
5
6
6
6
6
8
5
5
5
3
3
2
2
3
-1
-1
0
-2
-1
1
-1
-3
-4
-1
0
2
3
6
8
9
9
9
11
9
7
7
8
10
11
10
8
10
11
10
10
10
9
7
7
3
2
2
3
2
1
2
2
3
3
0
0
-1
-1
0
-1
-1
-2
-3
-2
-1
2
3
2
2
-3
-3
-4
-4
-4
-7
-7
-10
-9
-7
-8
-9
-10
-12
-10
-11
-12
-12
-14
-16
-16
-14
-10
-8
-10
-12
-10
-9
-8
-7
-5
-6
-7
-8
-8
-9
-7
-3
-2
0
2
3
4
5
4
4
3
4
6
8
8
11
9
8
10
10
12
11
9
7
5
6
5
5
4
1
0
-1
-1
-1
-4
-5
-8
-10
-12
-9
-9
-11
-11
-10
-9
-9
-6
-6
-8
-9
-7
-2
-5
-5
-1
-3
-1
3
3
6
7
6
8
9
9
9
9
9
8
8
8
9
11
11
10
9
9
10
9
11
11
11
8
7
8
5
4
2
0
-3
-3
-4
-9
-10
-10
-9
-6
-8
-9
-8
-8
-9
-10
-8
-9
-7
-8
-10
-9
-9
-8
-7
-6
-2
-2
0
2
2
3
5
6
5
5
8
8
6
6
6
6
5
5
2
5
7
6
6
5
6
3
4
4
4
5
5
2
2
2
1
-2
-1
0
1
1
1
1
1
1
1
-2
-5
-4
-7
-6
-6
-7
-7
-7
-6
-6
-7
-8
-12
-12
-13
-14
-13
-13
-12
-10
-8
-6
-7
-8
-6
-6
-6
-3
-3
-1
1
2
2
1
3
4
4
8
11
9
7
9
10
9
12
12
10
9
9
8
5
3
-1
-1
-1
-1
-4
-5
-5
-7
-7
-7
-11
-12
-11
-14
-18
-19
-16
-15
-12
-12
-10
-8
-8
-9
-11
-10
-8
-10
-8
-7
-4
0
1
3
6
7
8
9
9
9
9
8
9
8
8
10
10
9
10
8
9
8
10
9
7
7
8
7
5
4
2
0
-2
-5
-5
-7
-8
-7
-8
-5
-3
-3
-1
-2
-4
-4
-3
-2
-2
-2
-4
-3
0
4
3
5
7
7
6
6
5
5
6
6
5
4
4
5
5
4
5
3
3
2
3
4
4
5
6
5
4
6
8
7
7
8
7
7
6
2
3
1
0
1
1
-1
-2
-3
-4
-5
-3
-3
-4
-7
-7
-7
-9
-9
-9
-7
-7
-6
-5
-8
-9
-8
-8
-9
-7
-4
-4
-3
-2
-1
-1
0
2
2
1
1
-1
-3
-3
-3
-2
0
0
-1
1
0
1
4
4
4
4
4
3
1
3
1
1
2
5
6
6
8
8
10
9
10
11
10
7
3
2
1
-2
0
0
-1
2
1
-1
-3
-3
-2
-3
-2
-3
-5
-7
-4
-1
-2
2
3
2
2
2
1
1
1
0
3
3
2
2
1
-1
-2
1
2
1
1
-2
-3
-2
-2
-1
0
-1
-1
0
2
1
0
2
0
-1
1
3
1
1
2
2
3
3
2
2
-1
-2
-5
-9
-10
-10
-10
-10
-9
-9
-10
-11
-11
-10
-10
-7
-8
-9
-4
-3
-2
-1
-2
-1
-2
-2
0
-1
0
-1
0
1
1
3
4
4
3
2
1
0
-2
-2
-1
-2
-3
-3
-2
-1
0
0
1
0
0
2
1
1
3
6
5
5
5
3
4
5
3
2
2
4
2
2
2
2
3
3
3
3
2
0
0
-1
-2
2
3
1
4
5
5
6
3
4
5
5
7
8
8
7
7
8
7
7
8
9
7
4
5
3
3
2
2
2
0
-1
1
1
0
1
0
3
3
2
5
3
2
5
4
3
3
2
4
4
3
5
4
5
6
5
3
1
-1
-2
-3
-2
-3
-4
-3
-3
-1
-1
-1
0
-3
-3
-2
-3
-5
-3
-1
0
0
0
0
0
1
0
2
-1
1
2
-1
0
0
-3
-2
0
-2
-1
-1
-6
-4
-4
-3
-3
-2
-1
0
-2
-4
-3
-2
-3
-6
-8
-8
-8
-8
-9
-10
-8
-7
-4
-1
-1
0
-1
0
1
-1
-1
-3
-2
1
3
2
3
4
3
3
3
3
0
1
1
4
4
0
-1
0
0
1
-2
-4
-5
-6
-7
-8
-7
-5
-7
-8
-8
-8
-7
-8
-7
-8
-5
-4
-5
-4
-1
-2
-3
-2
-4
-4
-6
-6
-5
-5
-2
0
0
0
3
3
2
2
4
3
5
4
4
4
4
6
4
4
2
3
1
-1
-2
-1
-1
-5
-4
-4
-6
-5
-9
-11
-9
-11
-13
-13
-13
-9
-7
-8
-8
-5
-5
-4
-4
-4
-5
-5
-3
-2
1
2
3
2
4
6
7
8
9
10
12
14
14
14
14
15
15
15
18
15
14
13
13
14
15
14
11
8
6
5
6
3
1
-1
0
1
-4
-4
-4
-6
-5
-4
-7
-4
-5
-6
-6
-5
-3
-2
-1
-2
2
2
1
3
3
6
6
5
5
4
4
3
5
4
6
5
3
4
6
3
3
5
3
3
3
3
2
4
5
5
6
6
6
6
5
3
3
6
5
6
4
2
1
-1
0
-1
-3
-3
-5
-6
-8
-10
-10
-10
-9
-11
-14
-15
-14
-15
-17
-16
-11
-11
-10
-8
-7
-6
-6
-5
-3
-4
-3
-3
-3
-2
-1
0
-1
1
-1
0
3
3
5
8
6
8
8
7
7
8
7
7
10
13
12
14
14
14
12
11
9
9
9
6
7
9
4
2
1
2
0
-2
-4
-8
-10
-9
-10
-11
-9
-9
-9
-12
-15
-14
-15
-15
-14
-14
-13
-12
-14
-12
-14
-14
-13
-15
-13
-9
-7
-8
-6
-6
-6
-3
-3
-4
-3
0
0
0
6
9
10
10
13
13
11
12
13
16
16
15
16
16
15
15
12
11
9
6
4
-1
-1
-1
-4
-5
-5
-6
-10
-13
-16
-17
-20
-19
-19
-20
-18
-18
-18
-14
-17
-19
-19
-17
-15
-14
-14
-13
-11
-10
-7
-5
-5
-4
-2
2
2
4
5
9
14
13
18
18
19
24
27
30
37
41
45
46
48
50
52
54
52
53
52
49
47
45
45
42
37
31
24
16
9
-1
-5
-6
-14
-19
-23
-29
-36
-42
-46
-51
-52
-53
-56
-54
-54
-54
-51
-49
-50
-48
-43
-42
-39
-38
-36
-32
-30
-24
-19
-15
-10
-8
-2
1
5
11
17
22
26
33
40
46
53
58
61
63
66
64
64
65
65
62
60
58
53
48
40
31
24
16
5
-6
-16
-26
-34
-43
-54
-61
-67
-73
-80
-86
-90
-91
-90
-94
-95
-94
-94
-92
-91
-87
-82
-75
-67
-62
-56
-47
-37
-31
-26
-20
-10
-3
5
15
26
39
48
57
69
80
91
102
112
122
133
141
152
161
166
172
175
173
172
168
159
152
143
129
116
100
82
63
42
18
-3
-25
-50
-74
-100
-120
-140
-161
-178
-195
-209
-221
-229
-237
-240
-240
-237
-235
-226
-218
-210
-198
-187
-174
-160
-144
-129
-117
-98
-81
-64
-45
-27
-9
11
32
54
78
101
125
149
174
200
226
249
272
294
312
330
343
351
356
358
356
347
332
313
290
261
229
192
152
115
72
27
-14
-56
-96
-133
-169
-202
-230
-257
-277
-296
-308
-317
-325
-330
-333
-334
-331
-327
-319
-312
-305
-296
-287
-281
-272
-260
-250
-238
-223
-206
-191
-171
-147
-120
-91
-55
-18
21
64
109
157
206
255
302
346
387
425
458
485
503
516
522
520
508
489
467
439
405
365
322
276
230
184
137
92
51
16
-18
-46
-72
-96
-115
-129
-139
-151
-161
-169
-176
-183
-191
-203
-214
-228
-244
-260
-277
-298
-317
-338
-355
-371
-384
-393
-403
-408
-408
-405
-396
-387
-373
-353
-328
-300
-272
-238
-201
-160
-123
-83
-40
2
44
84
129
174
217
261
304
346
385
423
461
494
521
549
573
589
599
602
599
588
572
546
515
481
438
391
339
286
229
168
109
51
-7
-61
-114
-165
-209
-251
-288
-319
-350
-374
-392
-409
-421
-432
-439
-444
-447
-446
-444
-440
-439
-438
-434
-431
-424
-414
-407
-396
-385
-372
-353
-336
-318
-293
-268
-238
-205
-171
-129
-89
-46
4
57
115
168
226
285
344
405
464
519
569
612
655
684
708
724
729
726
711
691
661
619
571
515
455
392
324
255
189
121
57
-3
-59
-112
-158
-196
-226
-254
-277
-293
-307
-312
-315
-317
-316
-315
-315
-315
-317
-323
-329
-339
-348
-356
-367
-379
-392
-409
-420
-433
-440
-443
-442
-436
-428
-413
-397
-377
-354
-328
-294
-261
-224
-187
-147
-102
-60
-18
27
71
117
159
204
248
292
339
383
427
472
511
550
588
625
656
681
699
712
716
713
698
673
645
607
565
516
458
403
334
264
198
125
56
-10
-72
-129
-183
-227
-270
-305
-333
-359
-378
-392
-402
-407
-409
-411
-411
-410
-406
-403
-405
-402
-404
-408
-408
-412
-419
-423
-429
-434
-438
-439
-437
-433
-425
-410
-391
-374
-353
-329
-302
-272
-241
-203
-166
-123
-74
-28
22
76
130
189
247
303
362
423
479
533
584
634
679
716
749
772
789
798
792
780
761
730
691
643
586
526
456
379
304
226
147
70
-3
-74
-139
-196
-248
-293
-328
-357
-379
-394
-404
-408
-404
-400
-390
-379
-369
-357
-349
-344
-339
-338
-339
-342
-346
-354
-362
-372
-383
-393
-405
-414
-419
-423
-420
-416
-410
-397
-379
-358
-334
-307
-274
-237
-195
-156
-110
-61
-13
36
90
143
194
250
306
362
419
470
524
574
618
663
701
731
756
775
785
789
781
763
737
702
658
606
545
479
409
335
258
181
102
25
-50
-120
-183
-243
-294
-334
-371
-401
-419
-435
-440
-439
-433
-418
-402
-387
-370
-352
-338
-323
-312
-303
-294
-291
-293
-295
-299
-309
-320
-333
-344
-352
-361
-369
-372
-370
-368
-358
-348
-333
-312
-286
-258
-225
-190
-149
-105
-59
-13
36
88
138
189
239
287
341
390
436
484
529
567
605
639
670
694
710
720
719
709
690
665
632
594
548
495
439
377
312
240
164
91
19
-51
-115
-178
-236
-285
-327
-363
-391
-414
-423
-427
-426
-419
-410
-395
-379
-361
-341
-326
-311
-298
-290
-281
-279
-278
-281
-286
-293
-301
-310
-319
-328
-337
-340
-343
-342
-333
-324
-308
-289
-272
-247
-218
-186
-151
-111
-74
-36
4
45
89
130
173
218
264
311
354
393
435
479
523
562
596
630
657
682
697
702
701
690
671
647
610
567
518
462
403
336
264
195
118
46
-26
-96
-159
-219
-271
-314
-353
-383
-407
-418
-424
-425
-418
-407
-393
-375
-356
-336
-317
-302
-287
-275
-267
-265
-266
-267
-273
-279
-289
-303
-316
-324
-331
-338
-338
-335
-333
-327
-318
-303
-284
-262
-233
-199
-165
-132
-98
-63
-27
10
52
94
135
178
217
258
300
342
384
425
462
494
530
563
591
618
637
653
659
659
650
634
607
573
536
491
440
384
319
253
187
120
53
-14
-81
-137
-190
-239
-279
-314
-340
-360
-371
-375
-374
-368
-354
-339
-321
-300
-281
-263
-246
-238
-233
-229
-229
-237
-246
-262
-279
-294
-309
-323
-336
-347
-357
-363
-368
-371
-367
-358
-344
-325
-307
-282
-257
-231
-200
-165
-131
-92
-56
-22
18
58
99
138
176
215
254
297
339
379
421
464
505
546
582
612
636
654
666
666
657
646
623
590
552
509
457
399
341
276
204
136
68
2
-61
-117
-167
-209
-241
-266
-282
-293
-302
-301
-293
-284
-270
-256
-245
-229
-218
-209
-206
-206
-210
-220
-235
-254
-278
-299
-320
-341
-358
-377
-389
-401
-410
-411
-413
-406
-394
-381
-360
-334
-303
-270
-236
-201
-167
-128
-92
-60
-25
12
46
80
115
148
184
219
253
295
331
370
410
450
492
529
563
594
614
627
635
636
630
612
588
558
518
474
429
376
319
256
192
129
65
5
-52
-106
-153
-195
-226
-249
-267
-280
-285
-287
-286
-279
-272
-262
-250
-241
-232
-225
-227
-232
-242
-256
-276
-291
-311
-328
-342
-357
-368
-375
-381
-380
-376
-373
-367
-355
-339
-320
-294
-267
-240
-208
-180
-149
-117
-90
-59
-25
2
28
56
86
116
149
181
216
254
290
330
373
413
451
485
520
557
586
613
630
635
634
621
599
574
537
498
453
401
351
293
233
172
111
50
-10
-71
-123
-165
-201
-234
-255
-266
-277
-282
-284
-281
-273
-271
-265
-260
-256
-252
-252
-254
-261
-272
-286
-304
-321
-340
-357
-369
-383
-393
-393
-392
-393
-386
-378
-368
-353
-341
-319
-291
-260
-225
-185
-147
-111
-77
-42
-7
24
55
89
121
154
188
220
250
277
311
341
369
398
425
455
482
505
527
549
566
573
578
575
562
545
518
486
447
407
367
319
271
218
161
106
44
-11
-61
-113
-155
-193
-221
-241
-257
-269
-276
-284
-288
-291
-297
-301
-303
-301
-302
-303
-304
-312
-317
-324
-333
-338
-346
-350
-353
-351
-346
-344
-337
-329
-323
-314
-303
-285
-265
-250
-225
-202
-178
-147
-121
-90
-56
-29
6
42
72
107
143
174
202
235
268
300
331
359
385
409
434
460
484
505
525
543
554
559
555
541
520
490
454
408
359
309
258
209
157
102
48
-7
-62
-111
-162
-206
-240
-268
-287
-296
-301
-301
-302
-296
-289
-287
-285
-285
-280
-274
-271
-269
-267
-267
-271
-280
-293
-304
-320
-328
-330
-331
-325
-316
-303
-286
-266
-245
-230
-208
-185
-165
-137
-110
-83
-48
-14
20
54
84
113
142
170
196
223
247
272
293
312
330
346
366
387
411
430
448
468
484
501
513
520
514
498
477
441
401
359
313
269
227
183
138
90
36
-18
-73
-132
-185
-233
-275
-306
-331
-353
-368
-378
-386
-395
-401
-401
-393
-382
-364
-342
-326
-314
-300
-290
-286
-285
-285
-286
-290
-289
-281
-269
-252
-235
-217
-196
-184
-175
-163
-151
-134
-113
-90
-65
-38
-10
23
53
80
110
139
170
199
228
256
284
312
339
361
382
400
414
431
450
463
476
488
498
502
497
486
465
434
396
351
298
241
186
136
88
40
-13
-62
-113
-164
-208
-251
-289
-318
-339
-349
-352
-351
-345
-338
-331
-325
-321
-319
-315
-310
-305
-295
-290
-287
-280
-278
-278
-279
-279
-275
-263
-246
-229
-206
-181
-153
-122
-98
-74
-56
-39
-21
-13
-1
14
30
50
73
102
125
145
167
191
215
243
277
315
355
397
436
472
499
518
533
542
545
541
534
521
500
472
432
382
323
256
189
115
44
-18
-77
-131
-178
-225
-271
-314
-355
-394
-429
-453
-467
-472
-463
-442
-420
-394
-367
-345
-328
-315
-305
-295
-282
-267
-249
-227
-208
-193
-179
-173
-171
-163
-154
-142
-129
-113
-95
-81
-67
-59
-60
-61
-64
-63
-54
-40
-16
19
62
115
167
219
267
305
341
374
409
448
483
520
551
582
609
631
656
673
676
662
627
575
507
425
344
260
179
109
42
-23
-90
-151
-212
-274
-326
-381
-427
-460
-490
-504
-514
-521
-524
-521
-514
-505
-494
-480
-459
-435
-410
-383
-362
-347
-341
-340
-340
-336
-330
-327
-315
-294
-269
-230
-190
-145
-101
-59
-26
-9
-2
-9
-22
-29
-27
-6
29
79
138
198
260
323
391
461
535
609
674
734
787
831
867
897
919
932
940
938
913
867
794
698
582
448
304
155
9
-125
-241
-334
-412
-475
-529
-576
-623
-673
-714
-753
-780
-788
-776
-739
-694
-643
-592
-545
-504
-470
-438
-410
-385
-361
-343
-329
-329
-340
-365
-401
-449
-506
-554
-592
-609
-605
-581
-541
-495
-444
-392
-341
-289
-237
-168
-87
7
111
224
350
485
639
803
963
1124
1272
1412
1550
1694
1858
2045
2257
2466
2623
2673
2576
2319
1915
1394
804
198
-376
-877
-1275
-1566
-1769
-1904
-2004
-2066
-2099
-2096
-2033
-1899
-1679
-1377
-998
-567
-124
291
625
857
975
991
930
811
662
488
297
88
-151
-427
-747
-1100
-1454
-1775
-2025
-2176
-2214
-2143
-1969
-1718
-1424
-1107
-797
-510
-245
1
227
437
632
807
953
1069
1147
1187
1199
1201
1217
1259
1342
1467
1635
1853
2126
2457
2827
3166
3374
3355
3080
2566
1871
1089
293
-449
-1083
-1579
-1929
-2151
-2294
-2396
-2465
-2491
-2450
-2319
-2077
-1721
-1267
-743
-193
340
802
1154
1384
1475
1434
1289
1070
804
496
150
-232
-642
-1064
-1496
-1906
-2259
-2517
-2648
-2642
-2496
-2237
-1898
-1513
-1114
-733
-388
-86
175
406
608
770
881
921
883
779
631
461
299
182
140
203
385
672
1037
1441
1856
2281
2738
3242
3753
4165
4336
4163
3630
2792
1755
632
-474
-1471
-2281
-2862
-3207
-3343
-3332
-3224
-3032
-2758
-2392
-1928
-1370
-744
-85
565
1160
1659
2006
2159
2113
1881
1498
1017
486
-56
-596
-1116
-1593
-2011
-2360
-2623
-2785
-2817
-2703
-2448
-2065
-1587
-1071
-560
-99
283
572
756
835
826
752
621
440
221
-32
-306
-564
-767
-880
-882
-760
-502
-102
433
1064
1740
2397
2992
3534
4060
4571
5006
5200
4992
4319
3221
1826
312
-1153
-2436
-3437
-4094
-4383
-4343
-4050
-3602
-3066
-2459
-1785
-1051
-272
507
1227
1838
2304
2588
2662
2500
2103
1523
820
68
-660
-1321
-1879
-2320
-2638
-2825
-2879
-2805
-2607
-2290
-1852
-1321
-744
-177
317
685
899
965
908
745
511
230
-67
-363
-647
-913
-1151
-1340
-1455
-1463
-1338
-1072
-667
-145
459
1123
1824
2516
3151
3677
4078
4389
4665
4928
5080
4932
4300
3136
1548
-251
-1993
-3448
-4483
-5030
-5090
-4719
-4022
-3150
-2241
-1363
-534
253
1001
1688
2252
2625
2775
2688
2364
1824
1094
242
-627
-1415
-2053
-2501
-2755
-2835
-2767
-2569
-2262
-1874
-1430
-953
-447
73
559
949
1175
1193
1006
666
233
-222
-647
-1001
-1267
-1439
-1533
-1578
-1583
-1533
-1406
-1171
-820
-359
189
774
1343
1857
2284
2618
2872
3066
3211
3307
3382
3494
3683
3879
3877
3426
2406
911
-796
-2386
-3582
-4255
-4397
-4078
-3398
-2502
-1553
-691
1
545
1005
1423
1795
2042
2075
1857
1406
783
62
-686
-1387
-1946
-2273
-2350
-2224
-1978
-1685
-1400
-1134
-869
-600
-327
-65
173
391
554
614
527
268
-119
-560
-969
-1274
-1448
-1494
-1440
-1312
-1150
-989
-848
-719
-550
-306
16
395
786
1134
1395
1566
1661
1704
1744
1822
1965
2162
2369
2588
2859
3220
3617
3828
3576
2715
1333
-289
-1811
-2961
-3625
-3810
-3577
-3018
-2242
-1396
-634
-34
430
824
1180
1478
1638
1576
1274
785
195
-421
-1010
-1503
-1831
-1934
-1820
-1566
-1263
-992
-783
-626
-493
-365
-250
-153
-74
-17
10
-40
-200
-467
-787
-1075
-1261
-1313
-1247
-1110
-949
-793
-655
-557
-492
-429
-323
-135
127
423
702
926
1090
1197
1265
1327
1417
1575
1811
2100
2399
2700
3064
3541
4036
4277
3941
2890
1266
-585
-2260
-3462
-4092
-4178
-3805
-3082
-2141
-1156
-289
382
882
1286
1629
1870
1916
1684
1175
471
-311
-1059
-1701
-2163
-2375
-2298
-1974
-1514
-1040
-654
-396
-247
-159
-100
-61
-44
-51
-88
-166
-317
-557
-862
-1154
-1349
-1399
-1297
-1096
-860
-644
-485
-388
-346
-345
-333
-256
-87
165
452
726
942
1087
1179
1229
1263
1331
1470
1700
1989
2291
2595
2964
3455
3998
4308
4014
2935
1209
-756
-2504
-3706
-4256
-4215
-3701
-2838
-1784
-720
174
803
1202
1468
1661
1754
1655
1290
666
-114
-916
-1617
-2138
-2420
-2420
-2122
-1602
-998
-455
-76
117
164
126
45
-51
-148
-245
-346
-449
-585
-776
-998
-1191
-1288
-1249
-1076
-824
-567
-364
-245
-212
-238
-283
-290
-210
-29
226
497
722
870
952
996
1024
1061
1137
1278
1498
1777
2056
2320
2636
3105
3739
4313
4410
3682
2105
23
-2040
-3624
-4488
-4626
-4156
-3236
-2045
-804
266
1010
1422
1611
1692
1712
1602
1278
709
-51
-873
-1622
-2195
-2519
-2549
-2261
-1700
-990
-303
212
490
532
398
175
-73
-309
-512
-678
-804
-900
-991
-1086
-1169
-1198
-1133
-960
-713
-452
-242
-130
-127
-203
-300
-366
-353
-229
-9
268
543
756
895
963
988
1004
1031
1109
1262
1496
1774
2055
2353
2758
3372
4122
4657
4495
3364
1409
-885
-2938
-4308
-4855
-4650
-3856
-2681
-1348
-87
885
1466
1721
1785
1761
1649
1376
870
140
-704
-1516
-2160
-2549
-2643
-2413
-1878
-1140
-353
299
681
749
560
219
-168
-513
-766
-927
-1004
-1017
-1003
-997
-1012
-1022
-973
-830
-605
-343
-125
-14
-36
-163
-334
-486
-550
-489
-296
9
361
676
893
1003
1029
1008
975
963
1013
1150
1384
1666
1955
2291
2784
3520
4340
4791
4373
2908
694
-1678
-3613
-4762
-5063
-4622
-3626
-2279
-819
480
1403
1875
2001
1943
1790
1528
1091
454
-333
-1149
-1858
-2352
-2576
-2504
-2120
-1462
-645
137
694
916
797
436
-34
-493
-844
-1051
-1119
-1073
-951
-807
-701
-662
-660
-646
-578
-449
-299
-196
-188
-278
-433
-595
-689
-664
-508
-219
155
535
842
1030
1100
1077
1010
946
932
1007
1189
1466
1789
2127
2536
3136
3955
4712
4869
3994
2091
-369
-2720
-4417
-5209
-5123
-4324
-3023
-1465
67
1295
2033
2275
2189
1940
1606
1169
583
-151
-957
-1713
-2297
-2624
-2667
-2413
-1861
-1082
-224
514
956
1025
758
278
-264
-734
-1053
-1202
-1194
-1060
-849
-641
-521
-511
-570
-627
-629
-560
-458
-387
-385
-464
-588
-689
-716
-616
-379
-30
382
768
1042
1176
1176
1080
955
854
818
891
1090
1389
1733
2094
2541
3197
4045
4751
4769
3716
1692
-780
-3027
-4545
-5148
-4890
-3954
-2574
-1005
460
1557
2133
2230
2023
1680
1286
819
238
-449
-1180
-1840
-2319
-2545
-2485
-2126
-1495
-689
122
743
1037
959
577
37
-501
-915
-1152
-1209
-1110
-898
-645
-433
-334
-358
-450
-540
-573
-534
-453
-384
-370
-413
-477
-511
-474
-354
-149
135
448
732
922
982
925
793
648
553
549
682
960
1344
1760
2180
2691
3423
4326
4987
4837
3549
1313
-1255
-3462
-4843
-5268
-4845
-3770
-2283
-662
791
1818
2293
2281
1984
1582
1146
646
53
-615
-1283
-1860
-2263
-2420
-2301
-1895
-1238
-450
301
828
1001
791
295
-311
-847
-1203
-1339
-1270
-1048
-750
-453
-240
-164
-217
-347
-474
-537
-535
-501
-493
-540
-618
-669
-644
-526
-320
-48
267
585
845
995
1009
911
758
621
547
577
743
1043
1438
1862
2312
2899
3727
4646
5149
4666
3009
543
-2047
-4086
-5211
-5386
-4738
-3485
-1875
-210
1198
2119
2480
2398
2075
1661
1193
615
-91
-862
-1604
-2213
-2594
-2685
-2450
-1900
-1110
-243
513
992
1106
866
370
-215
-740
-1110
-1275
-1237
-1035
-746
-456
-245
-165
-219
-360
-505
-593
-603
-569
-554
-582
-632
-664
-632
-516
-305
-5
348
691
951
1072
1044
915
762
649
617
696
905
1239
1650
2093
2604
3294
4182
4946
4988
3878
1699
-962
-3348
-4905
-5455
-5103
-4061
-2577
-929
591
1716
2298
2381
2142
1783
1388
923
320
-427
-1221
-1939
-2466
-2715
-2636
-2210
-1483
-587
280
915
1196
1094
682
109
-467
-902
-1139
-1177
-1048
-818
-573
-381
-292
-318
-420
-543
-622
-630
-588
-551
-559
-608
-649
-636
-547
-372
-103
237
593
891
1053
1051
927
760
616
534
531
641
889
1257
1691
2150
2695
3455
4379
5042
4842
3431
1050
-1609
-3821
-5123
-5426
-4878
-3708
-2175
-560
842
1803
2234
2227
1991
1686
1348
896
258
-542
-1395
-2143
-2653
-2837
-2654
-2114
-1281
-318
545
1116
1279
1044
542
-49
-564
-910
-1076
-1077
-955
-763
-569
-436
-388
-409
-462
-504
-506
-473
-427
-413
-456
-523
-561
-534
-430
-245
17
326
627
854
957
940
831
694
590
552
608
782
1092
1503
1930
2368
2935
3748
4657
5117
4527
2730
166
-2405
-4304
-5223
-5199
-4417
-3127
-1599
-109
1088
1824
2090
2045
1874
1655
1347
847
105
-803
-1715
-2461
-2897
-2949
-2606
-1911
-987
-32
728
1130
1126
785
280
-214
-592
-829
-940
-960
-903
-794
-675
-576
-512
-477
-463
-448
-424
-402
-406
-462
-559
-641
-662
-606
-466
-249
31
355
662
878
968
943
847
735
654
632
701
903
1236
1641
2050
2522
3225
4191
5055
5152
4015
1775
-905
-3235
-4694
-5165
-4803
-3827
-2485
-1044
244
1169
1660
1819
1830
1810
1720
1433
835
-68
-1115
-2085
-2782
-3075
-2921
-2357
-1481
-483
388
942
1102
893
462
-2
-368
-598
-725
-800
-839
-855
-856
-847
-819
-752
-641
-499
-344
-219
-177
-245
-406
-582
-686
-688
-590
-399
-135
177
486
722
848
873
836
781
738
733
799
964
1233
1550
1864
2223
2790
3691
4691
5149
4461
2557
-23
-2466
-4143
-4861
-4738
-3995
-2867
-1595
-415
487
1047
1353
1583
1825
2005
1938
1468
599
-519
-1628
-2494
-2957
-2950
-2515
-1759
-865
-59
494
716
641
386
100
-111
-227
-305
-402
-544
-712
-857
-943
-951
-882
-744
-569
-395
-259
-209
-268
-415
-583
-693
-694
-590
-410
-186
62
297
485
614
697
769
843
911
965
1023
1134
1329
1583
1863
2215
2792
3694
4706
5202
4555
2665
77
-2358
-3988
-4626
-4455
-3772
-2819
-1788
-841
-91
443
874
1354
1900
2350
2445
2000
1048
-204
-1442
-2383
-2865
-2858
-2445
-1774
-1027
-380
40
201
164
46
-50
-65
-24
-22
-141
-381
-668
-909
-1039
-1048
-956
-788
-587
-395
-266
-242
-336
-503
-650
-707
-648
-504
-339
-174
3
192
377
541
691
836
966
1063
1114
1150
1227
1382
1592
1813
2107
2636
3518
4533
5054
4461
2654
194
-2099
-3610
-4177
-4022
-3454
-2710
-1945
-1259
-702
-237
287
1005
1849
2545
2770
2347
1346
54
-1186
-2103
-2566
-2600
-2317
-1856
-1361
-945
-660
-488
-367
-217
-8
237
425
455
282
-49
-421
-717
-883
-924
-879
-789
-683
-596
-546
-533
-549
-572
-575
-537
-470
-397
-333
-252
-115
83
309
532
754
975
1170
1297
1352
1375
1436
1558
1707
1873
2164
2736
3611
4454
4639
3704
1777
-490
-2350
-3378
-3618
-3376
-2936
-2457
-2005
-1597
-1205
-731
-7
996
2041
2750
2815
2171
1045
-194
-1212
-1851
-2121
-2124
-1991
-1803
-1621
-1455
-1248
-956
-573
-132
278
559
644
504
196
-157
-439
-603
-666
-692
-729
-781
-827
-838
-805
-731
-634
-536
-462
-425
-414
-417
-388
-289
-98
166
450
715
935
1120
1280
1407
1515
1631
1757
1863
1916
1987
2263
2888
3743
4316
4027
2711
775
-1091
-2355
-2878
-2883
-2678
-2443
-2230
-2031
-1807
-1477
-883
75
1247
2254
2703
2442
1615
571
-336
-924
-1224
-1371
-1491
-1653
-1846
-2002
-2009
-1777
-1297
-665
-58
359
507
403
166
-67
-212
-254
-256
-297
-432
-641
-865
-1034
-1084
-1006
-833
-638
-495
-448
-482
-528
-519
-406
-169
149
472
742
930
1057
1156
1260
1391
1560
1745
1885
1940
1931
2000
2355
3059
3811
4021
3291
1757
6
-1362
-2084
-2280
-2261
-2255
-2305
-2349
-2319
-2139
-1690
-862
280
1425
2157
2242
1757
999
302
-144
-368
-536
-794
-1182
-1639
-2051
-2287
-2217
-1818
-1202
-564
-94
105
65
-83
-184
-149
-20
95
89
-72
-340
-627
-838
-928
-882
-727
-559
-465
-490
-597
-699
-708
-589
-350
-46
257
513
723
921
1129
1360
1607
1856
2072
2204
2211
2130
2099
2301
2821
3453
3697
3139
1830
263
-991
-1652
-1837
-1841
-1909
-2106
-2338
-2467
-2376
-1983
-1235
-195
843
1523
1663
1342
838
456
307
282
168
-182
-753
-1408
-1969
-2299
-2316
-2012
-1498
-947
-547
-390
-417
-461
-373
-145
116
269
236
35
-238
-472
-601
-628
-580
-502
-452
-487
-623
-779
-849
-785
-621
-424
-240
-69
112
358
697
1084
1461
1789
2058
2255
2366
2381
2341
2358
2554
2974
3442
3537
2927
1677
258
-810
-1330
-1444
-1478
-1674
-2049
-2445
-2674
-2588
-2124
-1307
-310
570
1064
1100
849
586
517
637
766
672
252
-413
-1131
-1698
-2002
-2027
-1841
-1547
-1267
-1081
-999
-955
-832
-576
-246
25
132
75
-70
-201
-252
-246
-234
-245
-295
-380
-512
-665
-775
-792
-714
-598
-495
-413
-318
-150
136
532
983
1414
1779
2065
2275
2413
2486
2532
2623
2849
3232
3569
3505
2805
1595
325
-589
-1037
-1205
-1385
-1732
-2186
-2583
-2768
-2637
-2155
-1378
-499
208
551
553
433
430
638
927
1081
944
506
-101
-696
-1136
-1373
-1456
-1467
-1486
-1540
-1601
-1604
-1466
-1181
-797
-435
-217
-171
-219
-244
-177
-37
96
138
63
-91
-276
-458
-592
-646
-627
-589
-591
-646
-688
-644
-460
-124
305
758
1178
1545
1868
2162
2436
2681
2895
3098
3335
3609
3766
3533
2775
1666
573
-215
-685
-1044
-1486
-2042
-2568
-2893
-2946
-2717
-2225
-1537
-814
-264
29
145
258
503
847
1122
1176
982
624
217
-155
-464
-708
-911
-1114
-1345
-1580
-1756
-1802
-1683
-1438
-1155
-926
-782
-677
-540
-334
-84
151
313
370
336
245
123
-5
-141
-270
-381
-494
-610
-713
-764
-724
-574
-319
3
361
733
1121
1522
1919
2281
2595
2877
3181
3554
3931
4087
3779
2965
1906
959
297
-192
-737
-1452
-2227
-2831
-3137
-3164
-2970
-2582
-2027
-1434
-956
-642
-387
-32
437
888
1143
1141
977
786
623
448
213
-73
-377
-690
-1030
-1385
-1677
-1831
-1842
-1769
-1697
-1640
-1540
-1346
-1047
-698
-360
-66
180
378
515
594
616
574
470
307
101
-110
-288
-415
-494
-519
-470
-328
-103
185
509
853
1217
1601
1988
2371
2793
3289
3805
4159
4109
3584
2772
1982
1376
865
240
-613
-1578
-2393
-2893
-3092
-3091
-2972
-2733
-2392
-2015
-1650
-1270
-800
-237
304
673
818
835
862
925
942
834
617
368
131
-135
-492
-917
-1313
-1609
-1807
-1963
-2094
-2145
-2057
-1839
-1559
-1269
-960
-598
-188
200
498
689
804
858
843
753
609
455
309
172
36
-74
-102
-20
146
338
524
716
942
1224
1588
2043
2575
3115
3491
3535
3248
2801
2402
2101
1752
1178
339
-602
-1408
-1953
-2273
-2480
-2624
-2681
-2626
-2474
-2248
-1938
-1524
-1027
-536
-148
123
337
546
741
845
825
742
672
622
525
315
-10
-380
-728
-1054
-1380
-1684
-1912
-2021
-2031
-1990
-1909
-1750
-1485
-1123
-713
-323
17
316
566
743
827
840
831
807
757
677
590
540
551
603
673
757
857
987
1175
1446
1806
2206
2529
2634
2478
2196
1985
1911
1836
1559
995
271
-387
-864
-1204
-1508
-1812
-2052
-2164
-2154
-2073
-1960
-1799
-1558
-1243
-903
-583
-281
12
273
454
517
509
503
520
513
437
288
103
-92
-308
-574
-879
-1169
-1392
-1535
-1629
-1692
-1713
-1657
-1520
-1316
-1066
-787
-488
-183
94
313
484
630
752
842
894
920
945
989
1058
1138
1206
1255
1314
1413
1588
1849
2153
2389
2410
2187
1847
1582
1469
1400
1200
784
237
-267
-624
-894
-1197
-1554
-1865
-2028
-2038
-1973
-1898
-1806
-1643
-1408
-1151
-896
-638
-341
-23
241
405
491
552
602
600
498
307
115
-19
-129
-298
-553
-834
-1053
-1181
-1264
-1360
-1456
-1497
-1447
-1330
-1192
-1046
-875
-658
-408
-162
63
274
467
644
795
914
1017
1117
1222
1337
1452
1554
1643
1743
1896
2120
2369
2511
2438
2176
1879
1676
1544
1324
899
344
-151
-452
-620
-820
-1143
-1509
-1760
-1843
-1840
-1849
-1878
-1853
-1713
-1483
-1240
-1029
-834
-608
-347
-99
115
302
481
620
661
590
442
286
142
-35
-273
-539
-763
-917
-1026
-1137
-1262
-1357
-1376
-1322
-1237
-1159
-1081
-968
-807
-615
-418
-220
-18
207
449
689
908
1096
1262
1424
1579
1721
1851
1991
2167
2381
2578
2653
2524
2256
2006
1872
1791
1589
1148
543
-27
-407
-625
-843
-1157
-1493
-1711
-1751
-1701
-1687
-1753
-1818
-1773
-1600
-1361
-1146
-975
-803
-594
-360
-140
54
223
362
468
526
529
481
374
206
-13
-242
-451
-639
-819
-998
-1159
-1266
-1312
-1305
-1271
-1225
-1148
-1035
-890
-733
-584
-442
-292
-111
112
371
645
914
1166
1395
1596
1770
1940
2144
2395
2654
2821
2793
2578
2309
2124
2026
1879
1550
1042
510
98
-206
-514
-920
-1369
-1704
-1847
-1866
-1889
-1964
-2019
-1947
-1745
-1506
-1330
-1222
-1093
-883
-618
-359
-158
3
158
309
429
493
501
470
406
300
156
-10
-179
-343
-526
-724
-910
-1056
-1145
-1193
-1221
-1227
-1193
-1102
-972
-823
-664
-492
-286
-60
157
360
572
832
1135
1424
1668
1885
2139
2462
2773
2923
2842
2623
2446
2394
2351
2129
1666
1097
628
335
91
-273
-777
-1265
-1580
-1739
-1870
-2070
-2289
-2393
-2303
-2097
-1911
-1780
-1632
-1378
-1033
-696
-452
-280
-98
132
372
540
602
586
552
525
477
385
254
106
-43
-204
-380
-554
-698
-805
-887
-959
-1019
-1056
-1059
-1036
-988
-909
-776
-579
-331
-69
186
453
733
1009
1271
1520
1795
2127
2464
2685
2713
2616
2528
2508
2481
2294
1892
1398
993
721
463
80
-418
-879
-1174
-1337
-1499
-1749
-2024
-2181
-2164
-2060
-2008
-2023
-1987
-1799
-1481
-1145
-878
-659
-411
-95
219
428
511
546
594
640
629
529
361
195
59
-71
-218
-377
-508
-606
-694
-789
-890
-956
-960
-926
-875
-815
-724
-593
-432
-259
-70
168
459
774
1074
1369
1691
2025
2291
2405
2394
2381
2447
2524
2459
2172
1750
1368
1115
894
552
76
-403
-740
-943
-1141
-1425
-1740
-1951
-1989
-1938
-1920
-1966
-1981
-1860
-1623
-1386
-1223
-1106
-934
-659
-346
-89
86
224
369
509
594
595
536
461
391
299
153
-36
-225
-385
-515
-624
-723
-803
-856
-884
-888
-865
-806
-709
-581
-404
-165
110
384
626
849
1114
1455
1818
2088
2193
2213
2285
2441
2560
2486
2205
1860
1612
1464
1267
891
394
-40
-311
-498
-757
-1130
-1501
-1724
-1774
-1778
-1854
-1977
-2015
-1893
-1673
-1480
-1365
-1253
-1041
-728
-420
-227
-144
-73
56
221
337
360
331
312
327
333
281
175
58
-41
-126
-230
-364
-506
-630
-719
-772
-794
-781
-716
-599
-444
-260
-53
166
399
672
1007
1385
1721
1921
1999
2049
2159
2297
2332
2180
1903
1654
1515
1396
1141
721
282
-23
-194
-378
-689
-1076
-1372
-1480
-1484
-1545
-1713
-1873
-1884
-1740
-1569
-1476
-1438
-1342
-1108
-806
-561
-418
-324
-186
6
180
276
288
267
255
247
211
136
38
-47
-107
-153
-204
-280
-372
-455
-516
-542
-537
-518
-499
-475
-406
-267
-76
134
350
605
916
1242
1498
1642
1730
1861
2050
2200
2193
2023
1811
1667
1571
1401
1070
650
291
56
-129
-381
-727
-1060
-1268
-1346
-1404
-1533
-1700
-1792
-1740
-1600
-1482
-1430
-1383
-1260
-1051
-826
-656
-542
-419
-254
-75
60
129
164
190
227
255
241
192
128
73
18
-58
-156
-270
-372
-435
-457
-448
-420
-378
-311
-214
-82
70
226
393
599
854
1125
1335
1452
1523
1633
1800
1934
1933
1792
1614
1498
1432
1304
1039
697
408
231
90
-127
-454
-791
-1015
-1121
-1204
-1350
-1541
-1667
-1660
-1572
-1502
-1491
-1476
-1374
-1185
-981
-833
-728
-605
-431
-238
-97
-33
3
62
155
234
253
217
162
124
103
71
12
-66
-135
-185
-219
-253
-279
-291
-281
-239
-158
-40
107
284
497
756
1030
1258
1400
1477
1567
1707
1848
1886
1781
1609
1465
1375
1253
1006
669
350
135
-16
-214
-513
-839
-1062
-1143
-1178
-1273
-1431
-1543
-1532
-1439
-1371
-1377
-1398
-1332
-1159
-963
-836
-772
-694
-554
-377
-242
-177
-135
-54
65
165
196
172
148
160
191
192
146
76
19
-12
-32
-54
-81
-79
-39
30
118
212
319
458
649
873
1071
1195
1259
1338
1478
1632
1710
1660
1537
1425
1364
1279
1092
815
540
355
228
54
-229
-559
-815
-941
-1014
-1150
-1363
-1562
-1639
-1604
-1550
-1554
-1580
-1523
-1341
-1110
-943
-868
-806
-672
-469
-292
-196
-168
-133
-38
71
129
111
73
79
127
166
148
79
22
14
44
59
34
3
20
96
194
273
331
423
593
823
1025
1136
1182
1256
1409
1584
1665
1603
1466
1365
1328
1268
1083
792
513
343
241
86
-188
-517
-760
-864
-916
-1026
-1216
-1387
-1446
-1407
-1367
-1400
-1463
-1458
-1343
-1180
-1076
-1042
-1005
-889
-700
-511
-384
-312
-229
-95
53
151
173
169
188
228
254
225
153
95
76
82
84
60
48
80
164
268
353
436
557
740
951
1102
1167
1200
1286
1434
1557
1572
1464
1336
1284
1279
1208
998
720
499
379
276
70
-244
-549
-740
-829
-928
-1113
-1327
-1459
-1466
-1415
-1417
-1481
-1516
-1434
-1262
-1107
-1031
-1001
-927
-776
-611
-503
-458
-426
-351
-248
-173
-152
-141
-89
5
93
130
131
142
190
249
277
262
248
276
341
409
452
498
601
778
969
1094
1147
1197
1316
1483
1594
1585
1478
1370
1326
1293
1172
937
667
462
346
219
-4
-295
-556
-697
-755
-852
-1027
-1219
-1329
-1328
-1300
-1331
-1422
-1482
-1432
-1299
-1180
-1132
-1113
-1040
-889
-712
-587
-520
-449
-327
-180
-70
-26
-10
33
108
173
185
149
115
118
138
147
154
182
256
360
462
561
690
869
1077
1247
1334
1373
1440
1556
1656
1652
1537
1392
1310
1281
1199
993
714
488
363
261
75
-208
-490
-664
-736
-824
-1014
-1247
-1397
-1412
-1369
-1382
-1478
-1569
-1534
-1387
-1241
-1174
-1160
-1093
-944
-772
-663
-632
-602
-508
-361
-245
-200
-183
-137
-39
73
144
173
196
245
308
353
384
417
472
549
616
679
766
897
1041
1135
1174
1219
1326
1473
1568
1549
1454
1390
1392
1383
1263
1015
748
561
436
265
-18
-352
-603
-723
-793
-935
-1161
-1356
-1416
-1368
-1329
-1373
-1459
-1476
-1377
-1240
-1164
-1156
-1139
-1037
-866
-726
-664
-642
-582
-454
-315
-232
-194
-156
-86
1
66
91
106
140
191
235
275
334
419
517
609
702
832
1007
1176
1276
1301
1339
1444
1575
1627
1540
1382
1271
1248
1227
1074
792
520
368
307
201
-36
-331
-536
-600
-627
-749
-975
-1182
-1258
-1231
-1230
-1327
-1458
-1500
-1407
-1271
-1204
-1212
-1192
-1065
-867
-709
-641
-603
-515
-369
-238
-180
-173
-150
-76
14
46
27
21
64
137
184
201
232
321
452
578
684
802
966
1133
1232
1269
1319
1433
1567
1617
1537
1398
1314
1312
1286
1121
845
603
466
365
193
-88
-384
-571
-647
-738
-939
-1186
-1338
-1344
-1291
-1301
-1393
-1456
-1389
-1221
-1077
-1037
-1036
-965
-807
-646
-566
-550
-518
-422
-295
-218
-204
-194
-134
-37
38
58
58
93
156
215
255
284
339
422
512
607
726
879
1028
1107
1129
1183
1313
1451
1487
1402
1291
1251
1283
1261
1077
804
596
512
445
256
-60
-356
-498
-525
-600
-813
-1084
-1243
-1231
-1181
-1232
-1378
-1474
-1421
-1271
-1170
-1180
-1206
-1126
-935
-751
-672
-658
-592
-428
-241
-132
-106
-78
11
130
205
206
178
193
249
291
299
296
323
390
474
573
704
854
977
1042
1084
1180
1340
1460
1449
1332
1236
1235
1260
1172
928
652
494
448
359
111
-216
-442
-497
-504
-626
-869
-1083
-1137
-1081
-1080
-1213
-1376
-1412
-1305
-1191
-1184
-1249
-1243
-1100
-905
-787
-766
-737
-616
-426
-279
-228
-206
-138
-12
97
140
148
176
243
314
363
398
449
523
587
642
726
861
993
1042
1024
1030
1132
1269
1303
1192
1045
1003
1064
1084
937
673
481
442
452
337
72
-197
-323
-321
-364
-551
-801
-954
-956
-926
-996
-1150
-1258
-1224
-1112
-1044
-1058
-1074
-992
-831
-690
-620
-586
-510
-377
-253
-189
-164
-122
-45
34
70
75
97
152
206
225
223
248
308
367
393
403
454
561
669
701
674
686
791
927
971
889
781
758
817
837
731
544
404
371
367
276
98
-69
-143
-149
-184
-293
-423
-492
-495
-486
-518
-573
-592
-562
-525
-518
-527
-515
-472
-425
-414
-425
-421
-393
-366
-366
-386
-377
-330
-281
-263
-267
-261
-219
-167
-138
-133
-131
-115
-89
-71
-50
-17
30
81
122
168
224
290
349
386
421
471
525
562
568
552
536
534
536
520
482
432
393
365
326
266
202
151
116
85
40
-17
-60
-85
-99
-118
-150
-179
-196
-207
-225
-254
-285
-312
-332
-347
-359
-365
-363
-357
-352
-349
-344
-326
-309
-299
-298
-302
-300
-288
-274
-263
-251
-220
-172
-123
-72
-25
22
78
130
174
209
237
268
299
318
331
344
360
374
384
394
405
412
405
381
347
317
289
256
214
164
122
92
64
35
6
-25
-45
-57
-71
-92
-120
-145
-169
-186
-208
-231
-248
-255
-255
-254
-259
-265
-263
-250
-239
-234
-237
-240
-241
-234
-222
-204
-178
-149
-118
-86
-49
-3
46
79
100
115
142
179
204
217
223
236
264
289
300
301
303
317
326
317
287
252
226
207
177
137
92
56
38
21
-4
-28
-48
-62
-76
-99
-119
-135
-142
-149
-163
-172
-171
-159
-142
-132
-132
-127
-120
-116
-121
-134
-146
-154
-155
-158
-165
-172
-172
-162
-144
-129
-116
-98
-74
-49
-33
-24
-9
11
40
74
106
129
156
185
207
222
238
250
256
255
240
220
200
175
155
134
106
84
67
54
42
24
5
-11
-26
-35
-45
-64
-82
-92
-100
-99
-98
-97
-92
-82
-71
-64
-62
-67
-77
-82
-84
-91
-99
-109
-121
-128
-124
-116
-114
-115
-115
-111
-102
-94
-92
-89
-82
-67
-44
-22
-2
20
44
74
102
121
132
141
149
157
154
146
138
137
141
137
129
117
103
98
86
63
38
16
-10
-36
-67
-96
-117
-133
-138
-146
-151
-145
-136
-123
-106
-89
-73
-56
-42
-35
-25
-15
-7
-2
4
12
14
19
27
24
17
9
4
-5
-16
-27
-39
-44
-43
-36
-24
-11
5
23
39
54
67
77
86
93
101
104
104
106
112
118
128
134
136
135
124
114
99
78
62
44
29
13
-2
-8
-13
-17
-20
-29
-39
-50
-64
-75
-93
-115
-135
-153
-171
-183
-182
-180
-171
-162
-149
-133
-116
-93
-73
-62
-51
-41
-33
-31
-30
-28
-26
-20
-15
-8
-1
8
20
28
32
36
41
50
65
79
93
105
115
132
153
164
178
190
197
200
197
194
185
173
164
153
140
128
116
101
86
71
47
20
-10
-38
-67
-92
-111
-129
-142
-151
-157
-155
-150
-147
-147
-149
-148
-147
-148
-154
-158
-160
-155
-146
-138
-129
-117
-100
-80
-60
-37
-20
-3
10
21
30
32
32
37
44
46
43
44
47
56
66
70
66
67
72
76
86
97
104
120
132
144
156
165
177
180
183
183
167
148
126
101
77
49
25
-2
-30
-55
-79
-101
-121
-146
-169
-185
-196
-200
-203
-206
-204
-190
-167
-145
-120
-95
-72
-46
-26
-14
-8
-3
-1
-1
-2
-9
-17
-25
-23
-18
-11
-4
2
14
24
31
35
35
37
38
32
29
28
30
32
32
34
45
55
63
69
72
76
85
90
89
85
80
77
76
68
59
46
32
19
5
-11
-35
-57
-76
-97
-113
-128
-142
-142
-140
-139
-136
-132
-124
-114
-101
-88
-76
-59
-43
-24
-6
10
30
48
62
74
82
85
85
81
71
59
50
45
35
25
18
15
20
24
31
36
39
55
68
73
72
71
72
73
72
67
60
54
47
42
41
40
36
30
29
27
21
13
-1
-16
-28
-39
-51
-64
-71
-75
-79
-77
-75
-74
-75
-76
-76
-76
-78
-79
-78
-72
-65
-55
-45
-39
-34
-28
-24
-19
-11
-6
2
13
23
34
40
43
53
63
68
69
64
61
58
56
56
47
41
40
41
41
39
44
48
50
56
59
57
52
46
43
35
27
18
10
-1
-11
-15
-18
-22
-24
-28
-27
-22
-15
-10
-13
-14
-10
-5
-3
-5
-6
-9
-10
-11
-11
-14
-18
-24
-27
-31
-37
-42
-45
-46
-46
-49
-49
-51
-54
-53
-56
-58
-56
-51
-43
-32
-25
-17
-7
2
8
18
26
29
29
30
29
24
21
17
10
6
5
0
-2
0
-1
-2
1
3
5
0
-7
-9
-11
-13
-16
-20
-19
-18
-15
-13
-10
-3
4
11
21
28
41
51
55
59
63
66
62
54
47
41
34
24
13
3
-4
-11
-16
-21
-28
-36
-41
-41
-43
-50
-56
-58
-61
-63
-62
-66
-62
-50
-46
-39
-28
-21
-12
-2
4
5
3
7
5
6
5
0
-4
-9
-8
-10
-12
-13
-11
-2
0
3
7
11
17
20
20
21
24
29
34
38
44
50
58
64
72
81
87
91
95
98
94
90
82
70
58
47
32
18
7
-4
-16
-24
-26
-29
-34
-41
-45
-43
-43
-43
-44
-47
-44
-42
-42
-41
-42
-38
-34
-32
-29
-28
-26
-24
-24
-28
-30
-31
-32
-32
-34
-40
-45
-47
-48
-51
-54
-62
-60
-53
-52
-48
-41
-30
-19
-4
9
22
39
57
74
86
93
101
111
123
129
132
133
132
133
132
126
120
111
103
90
71
53
31
9
-12
-35
-56
-75
-86
-99
-108
-112
-118
-120
-118
-117
-115
-114
-109
-104
-99
-93
-87
-77
-65
-57
-46
-39
-29
-17
-12
-7
-2
-1
-1
-1
-3
-5
-8
-12
-11
-12
-7
-8
-11
-13
-11
-3
6
12
18
21
28
37
44
54
58
66
79
85
92
99
99
100
99
96
89
79
69
56
45
31
14
0
-6
-13
-23
-34
-45
-58
-67
-78
-89
-93
-100
-102
-100
-98
-92
-85
-76
-68
-57
-45
-34
-24
-14
-7
2
9
13
16
19
22
22
25
27
24
26
27
25
22
20
17
16
19
21
21
20
25
32
40
44
47
54
56
62
63
64
66
67
69
64
61
62
55
50
40
28
17
6
-8
-25
-37
-53
-63
-74
-86
-94
-99
-102
-105
-104
-103
-102
-94
-86
-79
-70
-57
-46
-34
-18
-2
8
22
39
50
58
66
73
77
80
79
75
71
64
57
50
37
25
17
9
-2
-8
-15
-19
-17
-14
-14
-11
-8
-5
-1
8
13
17
25
27
31
33
32
37
41
45
48
46
43
38
27
16
5
-5
-17
-31
-43
-55
-66
-77
-85
-91
-95
-92
-87
-82
-74
-67
-63
-52
-41
-32
-19
-6
6
21
34
44
54
66
75
83
88
90
89
89
85
74
65
57
44
37
22
9
1
-11
-20
-26
-32
-35
-38
-42
-44
-43
-40
-42
-35
-29
-24
-20
-17
-14
-13
-6
-3
-1
6
4
6
9
9
10
5
0
-1
-5
-7
-12
-16
-21
-20
-18
-21
-21
-18
-14
-8
-2
2
7
12
18
28
31
32
35
35
40
45
42
43
46
46
45
43
41
36
35
33
27
21
13
7
3
1
-2
-6
-12
-18
-20
-19
-19
-17
-18
-20
-17
-15
-18
-19
-22
-25
-21
-23
-25
-26
-27
-25
-25
-23
-24
-22
-17
-13
-8
-6
-6
-5
-5
0
5
7
11
16
24
34
38
41
45
49
52
53
53
51
51
50
45
40
36
30
28
26
20
16
12
5
-2
-5
-11
-17
-20
-26
-31
-33
-38
-40
-44
-47
-51
-53
-56
-61
-63
-64
-64
-62
-62
-55
-52
-49
-42
-39
-34
-30
-23
-18
-11
-4
-1
7
15
22
30
39
46
52
60
63
65
67
67
69
69
65
61
57
55
55
55
53
53
49
41
39
36
32
29
21
14
8
6
3
-1
-1
-4
-4
-8
-12
-10
-15
-17
-20
-25
-32
-41
-43
-43
-43
-49
-57
-57
-59
-59
-56
-59
-62
-61
-59
-57
-50
-45
-42
-36
-29
-27
-20
-15
-10
-4
4
12
18
24
33
41
48
55
57
56
58
60
57
55
54
52
51
51
49
44
40
36
32
27
22
14
6
-5
-14
-20
-26
-30
-36
-44
-52
-57
-63
-68
-72
-75
-75
-75
-78
-83
-84
-81
-76
-71
-67
-62
-52
-40
-30
-17
-10
0
12
22
33
38
42
52
57
62
64
65
66
70
73
77
81
83
84
85
85
81
79
77
72
67
63
56
47
42
34
25
20
16
12
9
1
-6
-12
-16
-21
-29
-34
-38
-42
-48
-58
-62
-67
-72
-69
-71
-71
-71
-73
-70
-69
-67
-62
-52
-43
-35
-26
-20
-12
0
9
18
26
29
33
37
42
44
46
48
48
47
47
50
54
53
53
51
48
47
43
39
37
36
35
32
30
25
20
18
15
8
2
-5
-7
-10
-16
-19
-23
-26
-30
-31
-34
-40
-44
-49
-55
-59
-66
-66
-69
-74
-74
-76
-78
-79
-76
-69
-62
-56
-53
-46
-35
-27
-18
-7
4
13
24
32
40
46
52
58
62
62
62
61
57
55
51
45
40
33
27
21
16
10
2
-4
-9
-13
-18
-21
-26
-33
-38
-43
-45
-47
-46
-45
-43
-40
-34
-32
-28
-23
-19
-14
-10
-7
-1
5
7
7
4
1
2
1
0
-1
-2
-3
-4
-3
-4
-6
-5
-6
-5
-3
-4
-2
-1
0
3
6
8
11
15
21
25
27
28
34
38
41
46
45
44
45
46
48
49
47
43
38
30
24
18
11
7
2
-2
-6
-9
-15
-21
-23
-26
-29
-32
-36
-41
-39
-38
-36
-34
-34
-31
-24
-23
-22
-19
-19
-15
-12
-9
-7
-5
0
2
8
14
18
24
29
34
38
39
37
38
36
33
33
34
30
28
27
25
22
19
18
14
10
7
5
2
0
-1
-3
-8
-12
-14
-16
-18
-20
-23
-25
-26
-29
-29
-26
-26
-26
-28
-27
-28
-26
-23
-22
-19
-17
-16
-15
-15
-15
-14
-15
-15
-17
-18
-18
-18
-15
-13
-10
-7
-5
-8
-9
-5
-3
-1
-1
0
2
4
6
9
10
8
10
10
8
7
8
8
9
9
7
6
6
6
7
9
9
6
6
4
1
-1
-3
-6
-8
-12
-12
-11
-15
-17
-17
-20
-20
-19
-22
-21
-21
-21
-23
-23
-25
-26
-26
-27
-25
-22
-20
-15
-10
-2
1
8
12
16
21
24
26
31
40
46
50
51
53
57
60
62
61
58
59
58
54
49
43
37
31
23
17
9
4
-2
-5
-9
-20
-25
-31
-35
-38
-40
-43
-45
-43
-42
-42
-37
-33
-31
-24
-18
-16
-12
-7
1
6
9
16
21
23
25
27
29
26
28
26
21
21
17
13
10
7
6
6
0
-2
-5
-7
-7
-7
-8
-10
-8
-6
-5
-6
-6
-4
-2
2
6
12
16
19
24
24
24
28
30
27
25
22
19
16
14
11
6
0
-7
-12
-18
-24
-30
-36
-40
-44
-48
-51
-54
-54
-52
-53
-51
-49
-46
-39
-34
-29
-22
-17
-10
-4
3
10
17
21
29
34
37
41
43
48
52
51
48
46
42
38
34
28
24
20
14
11
7
2
0
-8
-12
-19
-23
-23
-27
-27
-28
-30
-27
-23
-19
-19
-17
-13
-8
-6
-4
-4
-1
2
6
7
6
9
8
7
6
5
2
-4
-6
-8
-12
-16
-20
-19
-21
-22
-21
-21
-19
-19
-17
-16
-17
-14
-14
-10
-7
-4
0
2
6
9
12
15
20
22
23
25
22
21
25
24
24
22
19
16
16
18
19
19
17
12
10
11
13
13
9
8
3
2
-2
-7
-4
-5
-10
-13
-17
-18
-21
-26
-28
-30
-33
-32
-34
-31
-25
-26
-26
-24
-24
-21
-18
-13
-8
-5
-2
6
12
15
22
26
28
35
37
36
38
35
32
29
24
21
19
17
16
16
11
7
0
-5
-11
-16
-19
-24
-30
-31
-32
-34
-34
-31
-30
-28
-27
-26
-20
-13
-12
-6
-2
-1
5
8
11
16
18
19
17
16
13
11
13
13
11
6
1
-2
-6
-8
-12
-17
-18
-23
-29
-28
-26
-27
-26
-24
-23
-15
-14
-11
-2
2
3
5
5
6
10
14
16
21
23
27
29
29
28
28
29
30
24
22
21
20
23
23
20
16
11
5
5
0
-7
-13
-19
-25
-30
-35
-36
-36
-37
-35
-33
-31
-23
-19
-14
-9
-8
-8
-8
-7
-2
2
1
3
9
12
15
17
17
20
23
24
26
19
15
12
10
11
9
3
0
2
3
5
5
6
5
3
1
-9
-13
-12
-12
-10
-8
-10
-6
-1
3
9
10
10
16
21
22
21
16
12
11
15
24
31
34
35
40
47
55
52
43
32
21
19
15
8
0
-7
-9
-14
-19
-23
-21
-16
-16
-21
-24
-20
-11
-10
-10
-14
-23
-26
-22
-16
-12
-13
-14
-11
-7
-4
-3
0
2
-8
-22
-32
-35
-27
-13
-4
-6
-12
-14
-13
-11
-11
-2
2
-11
-28
-42
-39
-22
-7
1
2
-5
-12
-20
-25
-12
-7
-42
-138
-256
-308
-266
-198
-172
-189
-197
-163
-94
-21
29
61
81
86
61
26
18
40
62
49
7
-46
-90
-116
-124
-113
-97
-103
-136
-176
-192
-166
-112
-67
-54
-59
-63
-59
-33
6
42
72
65
10
-47
-52
-3
43
45
15
-31
-51
-30
13
49
57
45
25
13
14
34
71
101
101
73
38
26
55
97
126
130
106
73
42
16
-6
-21
-42
-82
-131
-168
-171
-136
-73
-15
22
43
68
98
139
188
229
254
239
192
154
151
173
186
169
125
72
35
27
30
34
38
24
-15
-55
-60
-23
40
86
90
70
51
60
91
122
140
139
118
87
59
52
69
92
99
80
44
5
-9
2
10
6
-13
-40
-69
-89
-81
-47
-13
3
1
-6
-7
11
52
88
96
79
53
39
40
49
58
50
25
-15
-43
-46
-33
-20
-26
-48
-69
-74
-55
-32
-18
-13
-17
-16
-7
3
22
44
55
56
48
44
48
58
67
59
46
41
33
25
20
18
14
10
2
-15
-32
-45
-49
-49
-56
-71
-81
-92
-97
-91
-80
-68
-65
-67
-70
-59
-43
-32
-22
-14
2
19
35
49
56
63
74
84
84
80
72
60
46
39
45
51
49
33
13
1
-4
3
12
13
8
0
-10
-15
-7
9
22
24
11
-4
-12
-10
3
10
-1
-14
-23
-31
-39
-34
-22
-18
-22
-33
-45
-40
-28
-11
3
8
6
0
-4
-3
3
15
22
19
4
-11
-10
6
28
38
35
29
17
13
22
38
49
47
29
4
-8
-2
7
11
-2
-26
-42
-45
-34
-19
-7
-4
-12
-19
-22
-14
-1
10
6
-11
-27
-32
-21
-10
-4
-1
-4
-14
-27
-34
-25
-14
-12
-23
-50
-75
-81
-73
-59
-52
-60
-75
-97
-111
-107
-87
-68
-65
-70
-76
-71
-47
-18
7
11
7
2
-1
-2
2
13
20
12
-2
-11
-16
-13
-9
-8
-10
-14
-16
-21
-27
-33
-37
-41
-46
-54
-61
-70
-70
-63
-62
-70
-78
-78
-76
-75
-73
-71
-66
-56
-49
-43
-42
-41
-41
-39
-33
-27
-16
-10
-8
-12
-20
-21
-19
-6
4
8
9
9
9
9
14
22
27
24
16
14
15
20
26
37
44
41
34
20
13
7
4
4
-1
-8
-19
-22
-20
-10
6
21
28
25
22
17
16
21
33
39
36
28
17
16
22
36
45
43
37
32
28
30
37
43
46
45
40
31
27
30
32
41
38
31
27
23
25
34
45
50
46
39
33
31
35
45
50
48
46
43
39
38
44
49
52
53
51
55
61
68
71
71
72
73
72
71
64
60
56
52
49
48
42
36
34
31
33
36
32
31
35
37
39
43
46
53
62
66
75
80
83
87
87
83
78
76
74
73
67
61
60
58
54
49
44
43
43
46
49
50
50
54
56
54
60
63
64
64
60
57
53
48
46
47
43
40
33
27
28
29
27
26
27
32
38
38
42
45
52
60
65
65
64
63
60
56
49
40
32
22
15
12
10
7
2
-6
-11
-13
-12
-10
-9
-6
-8
-13
-15
-13
-10
-12
-15
-16
-23
-28
-29
-30
-32
-38
-43
-42
-42
-42
-41
-36
-33
-33
-31
-35
-34
-30
-26
-25
-27
-26
-28
-31
-32
-36
-40
-43
-53
-62
-71
-83
-89
-91
-93
-95
-99
-104
-107
-102
-97
-90
-81
-77
-74
-73
-73
-71
-69
-70
-66
-63
-65
-67
-65
-62
-58
-53
-49
-51
-59
-60
-68
-80
-87
-91
-98
-107
-115
-121
-124
-123
-121
-115
-110
-108
-107
-101
-89
-83
-74
-66
-64
-62
-62
-64
-68
-73
-80
-94
-106
-119
-125
-123
-115
-99
-76
-56
-35
-15
7
24
37
44
40
34
25
8
-7
-20
-33
-42
-50
-58
-62
-61
-60
-59
-52
-52
-54
-56
-58
-51
-49
-47
-47
-48
-44
-45
-40
-28
-20
-15
-10
-8
-8
-6
-2
6
13
14
14
14
18
24
24
27
25
20
18
14
13
15
17
23
28
32
36
38
41
39
39
36
27
22
18
12
8
-1
-4
-7
-8
-6
-5
-9
-12
-13
-14
-14
-15
-7
0
2
5
7
8
13
18
21
17
11
2
-3
-9
-15
-21
-24
-28
-38
-41
-40
-39
-35
-31
-32
-34
-35
-35
-28
-21
-18
-11
-6
-2
2
8
13
21
28
30
26
24
18
14
12
8
3
-2
-9
-16
-13
-8
-5
2
3
3
-2
-4
-4
-7
-9
-10
-13
-14
-18
-15
-9
-7
-7
-10
-6
-3
-5
-4
-9
-13
-16
-17
-15
-10
-6
-2
1
3
2
1
6
10
16
20
13
10
10
9
11
19
20
23
22
17
13
14
16
18
17
13
8
2
1
3
8
13
15
15
10
1
-3
-4
-4
-6
-12
-17
-21
-22
-20
-16
-15
-13
-12
-17
-21
-23
-27
-27
-29
-31
-31
-31
-28
-20
-14
-8
0
4
2
1
3
0
-3
-7
-14
-24
-34
-43
-44
-46
-51
-49
-44
-42
-38
-32
-24
-20
-20
-21
-23
-23
-18
-19
-17
-14
-10
-3
-1
0
-4
-8
-13
-22
-26
-27
-21
-12
-16
-18
-26
-31
-31
-29
-27
-29
-32
-34
-38
-39
-36
-32
-22
-11
-3
6
16
27
26
16
-4
-41
-90
-140
-183
-208
-220
-220
-205
-183
-160
-132
-105
-75
-45
-22
3
28
45
59
72
77
79
77
79
78
77
80
81
84
89
90
84
74
66
62
61
63
65
70
74
82
87
90
90
86
82
77
70
69
72
74
71
64
61
58
55
56
60
68
73
82
88
92
99
105
108
105
103
101
100
102
102
99
94
92
82
71
64
62
58
53
46
45
40
24
13
7
3
-6
-16
-16
-14
-10
0
11
32
53
73
98
118
134
148
159
173
186
184
167
145
122
106
94
87
82
76
68
57
45
28
13
0
-12
-25
-35
-42
-50
-54
-52
-36
-18
-3
7
14
17
13
-1
-17
-37
-55
-65
-67
-58
-45
-27
0
31
61
88
117
146
171
195
215
227
223
209
206
203
203
197
190
184
170
157
138
125
111
87
65
41
21
12
9
20
35
36
24
6
-11
-19
-22
-18
-4
9
12
11
6
-7
-16
-18
-9
9
30
53
64
71
77
72
57
32
17
14
9
4
9
23
41
57
64
68
68
68
66
66
67
76
77
78
72
51
43
24
17
13
5
8
14
20
16
-1
-25
-47
-79
-107
-122
-128
-126
-126
-127
-133
-142
-129
-113
-96
-76
-64
-55
-62
-80
-95
-113
-130
-135
-136
-145
-157
-161
-156
-149
-143
-145
-156
-180
-210
-223
-224
-228
-235
-239
-228
-202
-178
-164
-159
-158
-157
-133
-98
-73
-52
-45
-40
-24
-21
-28
-17
-2
10
24
47
65
65
58
46
36
31
22
14
6
-1
-2
1
9
14
23
27
26
23
9
4
5
10
8
-2
-8
-11
-15
-10
4
10
4
-12
-29
-38
-38
-21
1
8
10
3
-9
-17
-19
8
50
78
88
83
81
75
75
81
81
83
79
65
46
26
18
21
27
26
22
6
-20
-43
-57
-54
-43
-40
-43
-51
-51
-43
-37
-27
-12
6
18
25
15
-3
-15
-27
-20
2
20
36
38
31
20
9
9
15
17
15
12
0
-8
-1
5
5
-5
-18
-27
-29
-20
-21
-33
-56
-87
-114
-121
-106
-77
-35
15
55
80
96
97
88
69
17
-56
-168
-302
-290
-131
91
326
482
568
581
548
494
432
381
339
301
257
212
164
116
76
46
30
18
7
-4
-16
-21
-22
-18
-12
-27
-52
-85
-137
-183
-219
-236
-237
-240
-252
-269
-281
-277
-269
-251
-221
-197
-182
-187
-211
-240
-261
-256
-223
-173
-128
-97
-91
-103
-123
-155
-191
-217
-211
-157
-84
-17
32
53
59
57
42
16
-17
-55
-94
-118
-125
-117
-107
-99
-75
-50
-33
-21
-17
-15
-19
-25
-30
-31
-19
-6
5
8
1
7
27
60
99
118
110
77
42
17
2
4
2
-8
-13
-23
-44
-67
-75
-65
-39
-14
7
20
28
42
58
71
85
88
86
97
102
99
105
108
113
120
107
70
19
-55
-125
-151
-139
-94
-32
21
63
90
108
116
109
95
78
69
71
73
74
73
70
62
67
77
82
78
63
43
14
-12
-26
-32
-35
-45
-52
-44
-29
-10
7
17
24
30
36
40
44
49
53
56
63
61
45
21
-8
-32
-52
-64
-70
-70
-71
-74
-79
-95
-106
-115
-108
-84
-68
-62
-70
-88
-97
-97
-83
-64
-42
-21
-3
27
59
83
100
108
114
119
121
122
122
122
122
118
112
109
104
93
84
75
67
63
58
62
63
61
60
47
32
25
23
24
28
30
27
26
18
9
7
-3
-1
8
11
10
7
10
10
13
16
19
24
20
17
27
35
44
54
59
59
51
43
43
42
42
43
41
40
41
42
46
51
51
48
38
25
16
15
16
19
18
12
7
6
2
0
3
1
2
4
6
15
20
24
31
31
29
31
32
34
35
35
36
43
47
53
56
59
64
69
71
70
66
64
62
60
58
56
60
59
63
67
67
63
55
54
55
57
62
62
62
63
59
56
44
31
24
16
19
25
30
32
24
17
11
8
6
5
-3
-4
0
1
2
2
-1
-9
-9
-8
-7
-2
0
-1
4
5
2
0
-4
-7
-4
-3
1
7
15
19
19
22
22
22
26
30
28
27
30
25
15
15
19
28
35
36
35
34
32
31
32
30
26
26
26
25
24
14
-1
-13
-18
-13
-3
3
5
5
3
-2
-10
-18
-25
-31
-39
-43
-44
-41
-39
-34
-35
-37
-36
-39
-42
-39
-36
-31
-30
-33
-36
-39
-40
-39
-40
-37
-36
-39
-33
-27
-22
-21
-23
-23
-23
-29
-32
-33
-35
-33
-33
-35
-38
-40
-31
-21
-16
-11
-17
-21
-27
-30
-28
-23
-22
-23
-27
-32
-39
-47
-47
-48
-47
-45
-42
-41
-40
-42
-48
-53
-56
-65
-73
-74
-71
-62
-52
-46
-48
-55
-57
-59
-57
-53
-51
-52
-47
-46
-45
-42
-43
-42
-46
-52
-51
-47
-44
-41
-35
-29
-26
-25
-24
-29
-27
-24
-23
-18
-14
-16
-17
-16
-17
-18
-18
-14
-14
-15
-13
-18
-22
-27
-26
-25
-27
-29
-31
-38
-43
-43
-46
-41
-44
-48
-45
-45
-44
-41
-41
-43
-46
-43
-41
-41
-39
-43
-45
-44
-42
-44
-47
-47
-49
-50
-49
-48
-48
-50
-47
-47
-47
-45
-40
-33
-28
-25
-22
-15
-8
-6
-2
4
6
9
7
10
17
19
15
11
11
14
18
22
27
30
29
30
26
24
22
16
11
11
14
16
18
19
16
17
17
17
20
18
18
15
17
17
14
12
9
10
8
5
9
5
3
4
2
2
2
0
1
0
1
0
-4
-5
-6
-13
-19
-19
-18
-15
-16
-17
-12
-11
-14
-19
-22
-21
-18
-19
-21
-20
-16
-14
-13
-11
-9
-11
-8
-7
-7
-3
-8
-8
-4
-3
2
3
2
8
7
5
5
2
6
6
10
15
13
16
20
21
20
17
16
16
15
16
21
22
26
28
28
31
30
30
31
29
29
32
31
34
36
35
37
35
32
29
26
28
31
25
29
32
30
33
31
30
26
21
17
15
18
17
15
16
16
14
13
14
18
22
21
20
19
18
18
16
13
12
11
12
13
16
17
16
17
9
10
11
8
11
10
4
5
4
1
3
1
-1
2
2
6
8
10
11
13
11
13
14
12
14
13
13
17
19
17
13
10
7
6
4
4
4
2
0
-5
-10
-13
-15
-16
-16
-16
-14
-15
-15
-16
-17
-21
-25
-22
-22
-29
-33
-33
-33
-28
-23
-17
-13
-14
-15
-18
-20
-23
-23
-20
-19
-19
-18
-20
-18
-17
-21
-19
-15
-16
-17
-15
-12
-10
-5
-3
-1
0
-6
-5
-2
-3
2
5
3
10
14
17
17
16
19
18
15
16
15
16
17
18
19
18
19
18
17
20
21
20
19
16
14
10
8
11
12
8
6
8
5
3
3
-3
-8
-8
-8
-8
-5
-8
-10
-9
-9
-6
-5
-2
1
0
1
-1
0
5
3
6
7
3
6
6
8
13
13
16
21
20
20
22
20
21
24
24
25
25
21
20
25
25
26
25
21
23
25
22
19
17
16
20
20
21
22
22
23
22
19
12
5
4
2
2
3
3
10
13
18
18
15
13
8
1
1
-1
-6
-1
0
-3
-1
-4
-7
-6
-8
-8
-7
-8
-7
-11
-15
-14
-14
-13
-14
-16
-12
-12
-15
-15
-15
-15
-16
-15
-17
-19
-17
-11
-6
-3
3
2
-2
-5
-11
-14
-20
-37
-31
-5
15
20
22
33
46
47
21
-18
-50
-68
-62
-32
12
49
69
68
52
25
-4
-28
-45
-48
-40
-28
-12
4
16
25
29
24
17
7
-5
-14
-15
-14
-11
-4
-1
4
10
10
3
-5
-11
-17
-22
-23
-19
-16
-18
-17
-13
-11
-7
-3
-2
4
11
13
19
18
12
8
2
-1
-3
-7
-6
-3
0
6
13
14
10
5
-2
-9
-10
-12
-11
-8
-8
-2
4
4
7
9
11
14
16
14
9
6
2
2
4
6
9
7
5
5
7
8
8
4
-2
-5
-7
-11
-12
-13
-13
-12
-12
-13
-16
-16
-16
-16
-18
-20
-17
-14
-15
-12
-12
-11
-11
-13
-11
-10
-10
-7
-9
-11
-11
-13
-12
-10
-7
-3
-2
-3
-4
-5
-10
-16
-17
-17
-13
-9
-6
-3
-3
-7
-8
-7
-8
-8
-9
-7
-7
-4
-1
0
0
-2
-4
-6
-8
-9
-10
-9
-5
-5
-5
-5
-9
-16
-17
-11
-4
-1
1
-1
-2
-1
0
-1
-1
-1
-2
-1
2
2
5
7
7
9
13
11
7
6
2
-2
-2
-3
0
4
6
5
6
5
3
0
1
5
10
12
14
16
14
14
10
9
11
10
11
10
13
14
11
13
13
11
11
8
5
7
9
10
10
8
4
4
1
4
10
15
20
20
21
19
12
9
9
8
8
10
12
16
20
16
12
12
9
5
2
4
7
8
10
11
12
9
6
2
-6
-5
-7
-9
-8
-6
-3
0
1
3
4
4
0
1
0
-5
-10
-15
-11
-11
-7
0
3
6
3
1
0
-4
-7
-12
-14
-8
-5
3
10
12
12
9
6
4
2
0
-2
0
5
7
12
15
17
17
10
5
-1
-7
-13
-17
-16
-12
-9
-4
-3
-3
-6
-11
-12
-13
-17
-16
-18
-13
-9
-5
0
1
6
7
7
7
4
1
-2
-2
-3
-5
-1
-2
-2
2
1
-4
-11
-11
-11
-12
-17
-23
-25
-21
-15
-12
-9
-6
-4
-3
0
-1
2
6
5
5
7
6
7
6
7
8
10
13
16
16
13
8
4
3
4
3
3
0
1
3
1
0
1
2
3
4
6
10
11
8
12
13
9
7
3
3
4
7
10
10
11
13
10
5
5
2
-3
-3
-2
-1
-2
-4
-5
-8
-12
-14
-11
-6
-4
0
2
2
5
3
4
4
7
11
12
12
11
10
8
10
10
7
7
7
7
8
9
7
5
4
0
-3
-4
-5
-6
-7
-8
-1
2
1
2
0
-2
-3
-6
-2
0
2
4
3
2
1
-1
-3
-5
-5
-3
-7
-8
-8
-12
-15
-13
-10
-7
-8
-10
-10
-13
-12
-13
-11
-11
-11
-9
-8
-6
-6
-8
-8
-7
-9
-11
-13
-15
-17
-17
-15
-12
-11
-10
-10
-10
-15
-21
-22
-24
-25
-22
-19
-16
-14
-9
-5
-2
3
4
2
0
-1
-4
-3
-5
-5
-1
0
4
6
7
6
2
-1
-5
-6
-9
-13
-11
-9
-4
-2
1
4
3
6
6
7
6
5
6
4
8
10
9
11
15
16
15
14
14
13
12
9
7
3
1
2
4
6
8
6
5
3
3
3
1
3
4
5
7
6
6
8
10
13
15
16
13
13
12
11
12
9
7
6
8
10
7
7
8
8
10
9
11
11
12
13
11
11
9
9
14
14
17
20
20
19
16
16
15
13
10
10
11
10
10
7
4
4
6
7
1
-2
0
-2
-3
-3
-3
-5
-4
0
1
3
2
4
8
8
8
6
1
0
-2
-1
-3
-4
-2
0
1
-2
-5
-10
-15
-16
-16
-15
-17
-18
-16
-16
-15
-14
-12
-7
-8
-9
-10
-12
-13
-12
-12
-10
-5
-1
4
6
5
4
0
-9
-9
-10
-15
-10
-8
-9
-10
-11
-9
-9
-10
-10
-9
-12
-13
-13
-14
-11
-10
-9
-5
-4
2
0
-3
-3
-4
-4
-3
-3
1
0
1
3
8
7
3
4
0
-3
-6
-10
-11
-8
-2
0
1
5
5
1
-1
-4
-7
-6
-3
0
0
1
0
-1
-2
1
-1
-2
-1
-1
-3
-5
-6
-6
-9
-6
-2
-1
0
0
0
3
5
2
-1
-1
-1
2
6
6
8
9
9
9
8
4
1
3
3
4
3
0
1
4
6
4
2
2
3
1
-2
-3
1
4
8
10
12
13
12
10
10
9
5
4
5
7
9
8
8
7
5
2
-2
-5
-5
-4
-3
-3
-1
-2
-3
-5
-4
-3
-4
-5
-4
-3
-1
0
1
1
-1
-1
1
0
4
3
5
3
3
5
2
1
2
1
1
-1
1
0
-3
-2
-3
-2
-2
-2
1
2
3
3
4
5
5
4
1
0
1
2
3
4
4
2
1
0
0
-2
-2
-5
-6
-5
-4
-5
-5
-5
-5
-4
-5
-7
-5
-4
-3
-4
-3
-2
-1
-1
-2
-2
-1
1
3
5
5
5
4
4
5
3
2
1
1
-2
0
-1
-2
0
2
1
-2
-4
-7
-11
-8
-9
-8
-5
-1
1
2
-1
-3
-1
-1
-3
-3
-2
0
4
5
4
3
2
1
2
1
0
-1
-1
-3
-4
-6
-4
-1
-1
2
4
5
6
5
6
3
3
4
3
-3
-2
0
3
6
5
3
5
3
0
1
-4
-6
-7
-7
-5
-4
-6
-9
-8
-6
-2
-3
-4
-1
0
1
2
4
4
4
4
3
2
2
-1
-2
1
1
1
0
-1
-1
-3
-6
-6
-4
0
2
0
-1
-6
-8
-8
-10
-10
-6
-1
4
8
10
9
4
4
1
3
5
5
7
5
6
6
5
4
2
1
0
-1
-2
-3
-4
-5
-7
-7
-11
-14
-12
-15
-14
-16
-19
-20
-18
-15
-14
-15
-18
-19
-19
-19
-19
-17
-15
-12
-10
-10
-10
-12
-12
-11
-11
-11
-11
-9
-9
-7
-3
-5
-4
-4
-2
2
-1
3
3
3
5
3
7
5
6
8
8
10
9
9
9
12
9
4
1
3
4
4
7
6
5
3
-1
-2
-4
-6
-5
-5
-4
-4
-1
-1
-1
0
1
4
5
6
6
1
2
5
3
4
5
1
5
3
1
3
-1
1
-1
-3
-2
-5
-4
-4
-6
-7
-8
-9
-8
-5
-1
-1
-2
-2
-6
-6
-3
0
1
0
5
3
2
6
4
1
2
1
1
1
2
2
2
0
2
2
2
0
1
2
3
6
5
4
7
4
6
8
8
14
15
15
16
15
15
17
17
19
18
18
18
18
17
15
14
15
13
13
13
12
12
9
4
1
-2
-2
-1
2
4
3
2
0
-3
-6
-5
-5
-7
-9
-7
-8
-8
-9
-11
-11
-9
-9
-11
-13
-14
-16
-16
-14
-14
-14
-13
-13
-9
-5
-2
0
-2
-3
1
1
6
8
11
12
14
15
15
14
16
15
16
19
19
18
16
13
7
6
8
7
10
11
10
7
7
3
3
2
2
4
4
5
4
2
4
3
3
1
0
0
0
-1
2
2
3
2
1
0
0
-2
-4
-2
-2
-5
-7
-8
-11
-14
-15
-14
-12
-12
-14
-15
-19
-20
-20
-21
-21
-22
-23
-22
-21
-17
-17
-17
-16
-15
-11
-15
-16
-16
-17
-16
-17
-17
-17
-17
-17
-16
-17
-16
-15
-16
-14
-12
-12
-12
-15
-16
-14
-14
-13
-8
-9
-10
-9
-8
-6
-4
-3
-3
-4
-2
-3
-2
0
3
2
-1
0
3
3
3
2
2
1
3
4
4
4
4
4
7
7
4
2
1
1
1
2
1
2
3
3
3
2
1
0
1
0
-1
-2
-2
-2
-2
-1
0
-2
-3
-3
-4
-3
-2
-1
0
-1
0
-2
-2
0
1
0
1
5
6
7
4
1
0
-2
0
1
3
5
4
3
3
2
1
1
-2
-2
-2
-4
-3
-2
-3
-3
1
0
-1
0
1
2
6
8
9
6
7
9
9
11
16
19
20
18
19
19
21
21
21
23
27
28
28
28
27
27
26
27
29
30
32
31
31
32
30
27
24
24
21
18
20
21
19
17
18
17
14
9
7
4
1
1
-2
-3
-4
-3
-2
-3
-5
-6
-6
-7
-7
-9
-10
-10
-10
-8
-6
-4
-6
-5
-7
-6
-7
-9
-7
-7
-6
-7
-8
-8
-8
-8
-10
-7
-9
-9
-7
-7
-8
-8
-6
-5
-7
-6
-6
-5
-5
-4
-4
-3
-2
-3
-3
-5
-3
-2
-3
-2
-3
-1
0
1
3
4
4
0
-1
-1
-2
-2
-2
-1
-3
-1
1
0
2
1
-2
-1
-3
-4
-5
-2
-3
-3
0
0
-1
0
2
-1
-1
-1
0
3
3
2
3
3
2
4
4
4
4
3
6
6
6
5
3
4
3
5
9
6
6
