-6
-6
-5
-5
-4
-4
-3
-1
1
3
6
6
7
8
6
7
8
9
9
9
10
9
11
11
11
11
9
7
2
3
5
4
2
0
2
3
3
1
-5
-4
-5
-7
-7
-8
-9
-9
-7
-6
-7
-8
-10
-11
-10
-8
-6
-6
-7
-8
-8
-7
-7
-9
-9
-6
-6
-4
-2
-1
-2
-4
-3
-2
-3
-2
-2
-3
-2
0
0
-3
-3
-5
-4
-3
-3
-2
-1
-3
-3
-3
-1
-2
-4
-2
1
3
4
3
4
3
3
4
2
1
2
1
1
0
-1
-1
0
1
2
2
4
3
4
5
5
5
6
6
3
2
1
1
1
-2
-2
-3
-4
-5
-10
-12
-15
-15
-15
-16
-13
-15
-15
-14
-16
-15
-14
-11
-10
-10
-7
-4
-5
-2
-1
2
3
3
3
4
3
4
6
6
10
10
10
11
11
12
14
13
13
13
12
13
12
12
10
8
10
9
5
5
2
0
1
0
0
-3
-4
-2
-4
-7
-7
-7
-4
-3
-2
-2
-4
-2
-1
0
0
3
5
5
8
8
7
9
8
7
6
6
7
6
7
6
6
7
5
6
8
6
6
8
8
7
8
7
6
2
1
1
1
2
5
6
3
0
3
-1
-3
-2
-4
-7
-4
-4
-4
-3
-5
-5
-5
-2
-1
-1
0
1
-1
1
0
-2
-1
-3
-4
-6
-5
-4
-7
-6
-6
-7
-8
-11
-11
-10
-8
-9
-10
-13
-12
-10
-9
-9
-7
-5
-5
-3
-2
-4
-4
-5
-6
-4
-2
-4
-4
-4
-4
-2
-3
-3
-2
-1
2
1
1
1
2
4
6
5
3
3
5
6
7
3
2
0
-1
-2
-2
-3
-7
-10
-10
-12
-9
-9
-12
-11
-14
-13
-11
-12
-13
-13
-12
-12
-13
-12
-10
-9
-9
-8
-9
-8
-6
-5
-7
-1
-3
-3
3
4
5
9
6
6
8
11
12
14
15
15
16
17
15
18
18
16
15
15
15
14
16
12
10
13
13
13
15
15
14
14
13
11
10
8
8
9
5
5
7
6
6
2
2
2
-3
-4
-5
-5
-4
-5
-8
-11
-10
-8
-6
-7
-9
-8
-9
-8
-8
-12
-11
-9
-7
-5
-7
-6
-4
-5
-7
-6
-6
-7
-9
-7
-5
-8
-7
-5
-5
-4
-3
-2
-1
0
1
1
2
2
3
3
-1
3
4
3
6
5
5
6
6
6
4
3
3
3
6
7
7
8
8
9
9
10
11
14
16
13
14
15
12
12
13
12
12
12
12
10
8
6
6
5
3
4
3
2
0
-1
0
-2
-4
-3
-4
-2
-1
-3
-6
-4
-5
-5
-4
-5
-6
-5
-7
-5
-6
-7
-8
-10
-9
-11
-10
-8
-8
-8
-6
-6
-9
-8
-7
-9
-8
-8
-7
-5
-6
-6
-7
-6
-4
-5
-3
-5
-6
-4
-6
-5
-4
-4
-2
-3
-4
-2
-1
-2
-3
-1
-4
-5
-5
-5
-6
-6
-7
-8
-8
-7
-6
-8
-7
-7
-7
-8
-7
-6
-4
-4
-3
-2
0
2
3
5
5
2
5
6
7
8
9
10
14
15
16
14
14
13
13
15
13
11
8
10
9
9
10
8
7
7
7
6
5
3
0
-2
-6
-5
-4
-6
-8
-7
-7
-10
-11
-8
-11
-11
-9
-10
-9
-10
-11
-10
-8
-7
-3
-2
-4
-2
0
-1
-1
2
3
1
-1
-2
-2
1
0
2
3
0
1
1
1
4
7
6
8
9
11
11
11
8
8
6
8
9
7
5
8
8
7
6
6
5
3
2
-2
-4
-4
-6
-6
-8
-8
-6
-6
-8
-7
-8
-7
-7
-8
-9
-10
-11
-11
-11
-12
-10
-9
-9
-6
-4
1
3
2
3
5
7
7
7
8
10
12
13
16
19
21
20
20
17
14
17
16
14
11
10
8
7
7
6
6
5
4
4
2
0
-1
-4
-4
-4
-5
-5
-5
-5
-4
-5
-7
-9
-8
-8
-10
-12
-10
-11
-10
-9
-8
-6
-4
-6
-6
-3
-3
-3
-4
0
0
-2
2
4
1
1
2
3
1
0
1
3
4
5
1
0
0
0
-1
-2
-2
1
3
1
2
4
2
-1
0
2
-1
1
4
0
-2
-3
-3
-5
-7
-4
-2
0
-2
-2
1
-4
-2
-2
-3
2
1
3
4
3
3
4
3
3
4
3
4
3
1
2
2
0
1
2
0
1
-1
0
2
-1
0
-1
0
3
3
4
1
0
1
3
2
2
4
4
2
0
-3
-4
-6
-8
-7
-3
-1
-1
-1
-2
-5
-2
-4
-6
-5
-4
-3
-3
-4
-2
-1
-2
-2
-1
-1
-2
-4
-2
-2
-1
-1
-2
-3
-4
-3
-4
-4
-3
-3
-2
1
2
4
4
3
4
4
5
7
5
7
7
4
6
6
6
7
6
6
9
10
10
8
6
5
3
3
4
3
0
0
2
1
-1
-1
-4
-6
-6
-7
-6
-5
-5
-8
-10
-10
-13
-14
-14
-14
-12
-12
-14
-13
-13
-11
-10
-10
-10
-8
-8
-10
-9
-8
-9
-7
-6
-6
-3
-1
-3
-2
0
-1
1
2
2
5
6
4
5
7
4
5
5
6
10
9
10
10
8
11
10
11
10
10
12
9
9
7
5
6
3
3
4
4
5
5
2
0
-1
-2
0
1
-1
-2
0
-2
-5
-3
-5
-5
-4
-5
-5
-4
-6
-6
-7
-9
-9
-7
-8
-8
-8
-9
-7
-5
-5
-4
-3
-3
0
4
2
2
2
2
3
3
4
3
4
6
4
5
4
5
5
0
0
2
1
2
1
0
1
1
1
4
1
2
3
2
2
3
3
3
3
4
3
4
3
2
1
2
2
1
1
1
1
2
0
-2
-1
-2
-1
-2
-3
-1
0
-2
-3
-4
-4
-3
-4
-3
-4
-4
-3
-2
0
1
1
2
4
5
4
3
2
5
5
5
6
5
6
5
5
5
8
5
5
3
3
2
1
-2
-1
2
0
0
0
2
1
-2
1
2
1
2
3
3
2
4
2
0
3
5
6
5
7
7
4
6
5
1
1
0
0
0
1
1
-1
-2
-3
-3
-1
0
2
1
-1
-1
-2
-4
-4
-4
-1
2
2
2
1
1
2
0
1
2
0
2
0
2
1
1
1
1
2
1
0
2
0
0
0
3
-2
-2
2
0
-4
-3
-2
-5
-4
-2
-4
-3
-2
-1
1
-1
0
-1
-3
-1
-1
-2
0
-1
-2
0
-3
-7
-4
-3
-4
-2
-1
-3
-4
-4
-7
-6
-6
-3
-5
-4
0
-1
2
2
2
4
4
4
2
2
2
3
1
3
5
5
5
3
2
1
-1
1
0
1
0
0
0
-5
-4
-4
-5
-2
-1
0
0
-3
0
-1
-2
-3
-7
-6
-4
-7
-8
-6
-5
-8
-7
-6
-7
-10
-10
-11
-10
-10
-7
-7
-7
-3
-3
-3
-2
-4
-3
-2
-1
0
-1
-1
-2
-2
0
-2
-3
-1
-1
-2
-2
-2
-2
-1
1
-1
-3
-1
1
0
1
3
0
3
4
3
3
2
-1
1
3
5
5
7
8
4
3
4
5
5
5
6
6
6
7
6
5
4
5
7
4
3
2
1
1
1
1
-1
-2
-3
-4
-4
-6
-4
-6
-6
-5
-8
-9
-10
-10
-6
-4
-5
-5
-4
-2
-2
-2
-3
-4
-3
1
1
0
3
1
1
4
4
6
5
7
8
6
5
5
7
9
11
10
10
13
12
12
14
11
12
12
12
12
10
10
11
13
13
12
10
9
10
7
4
4
3
4
2
-3
-2
-4
-2
-2
-5
-4
-5
-6
-6
-9
-9
-9
-7
-8
-8
-7
-5
-3
-4
-4
-4
-6
-8
-7
-8
-10
-8
-7
-6
-5
-3
-3
-1
0
-1
-1
-2
-3
-3
-1
0
2
2
-1
2
2
-2
-2
-1
-3
-2
0
0
-2
-1
-1
0
1
2
2
1
-1
-3
-3
-3
-5
-3
-1
1
1
2
3
4
4
4
4
6
6
5
7
8
7
7
7
6
8
10
10
11
8
7
6
4
3
3
2
1
2
3
0
0
1
1
1
1
-2
-1
0
-2
-3
-3
-4
-4
-3
-4
-2
-1
-2
-5
-5
-6
-5
-4
-3
-2
-2
-3
-5
-3
-3
-4
-6
-4
-5
-6
-3
-3
-5
-5
-6
-5
-7
-6
-5
-6
-6
-8
-7
-6
-6
-7
-8
-7
-5
-5
-4
0
-3
-1
-1
-2
0
0
0
-1
1
-2
1
4
4
6
8
8
7
9
10
8
6
5
6
7
7
8
8
6
5
5
5
5
4
4
2
0
0
0
-2
0
-3
-6
-6
-6
-6
-7
-9
-11
-12
-12
-10
-10
-11
-9
-7
-5
-5
-7
-7
-5
-5
-5
-4
-6
-5
-1
0
-1
0
1
3
4
4
7
8
9
10
7
4
5
4
4
3
5
9
8
7
7
5
5
3
0
0
-2
0
0
1
3
2
-1
0
-1
-3
-2
-5
-3
-1
-2
1
0
-3
-1
-2
-1
-2
-1
1
1
3
3
4
4
3
5
7
5
8
10
7
8
6
6
7
6
8
6
6
5
7
8
9
10
11
9
8
6
5
3
1
-1
1
-1
-2
0
-3
-5
-6
-8
-9
-7
-6
-6
-4
-7
-4
-5
-8
-8
-10
-12
-13
-11
-9
-9
-11
-13
-12
-13
-11
-10
-12
-11
-9
-12
-14
-11
-11
-10
-7
-6
-4
-4
-3
-1
-1
-1
1
4
6
8
8
8
10
7
9
9
8
11
13
14
14
13
13
10
9
7
8
8
6
8
6
2
3
0
-1
1
1
0
-1
0
-1
-1
-2
-1
1
1
-1
-1
-1
-2
-4
-3
-3
-2
0
-1
0
1
1
1
1
1
1
0
1
-1
-3
-3
-2
-3
-2
-4
-5
-6
-8
-8
-6
-8
-7
-8
-8
-9
-10
-11
-10
-10
-14
-12
-9
-9
-8
-8
-10
-10
-9
-7
-5
-6
-4
-4
-3
-1
2
3
5
5
4
6
8
9
10
12
14
13
15
17
18
17
15
14
11
10
12
9
5
7
6
6
7
4
3
3
0
-2
1
-1
-3
-6
-6
-7
-9
-8
-10
-8
-7
-10
-9
-9
-9
-8
-10
-10
-9
-12
-11
-9
-10
-8
-9
-9
-6
-6
-5
-7
-7
-5
-1
-1
0
0
1
3
6
9
9
9
11
9
11
11
9
11
10
12
13
12
12
11
8
10
7
7
8
8
8
6
3
1
-2
-1
-1
-3
-5
-5
-6
-6
-9
-8
-8
-11
-10
-11
-11
-10
-9
-7
-7
-6
-5
-6
-4
-5
-5
-7
-6
-5
-4
-2
-1
1
3
2
1
2
0
0
0
2
6
8
9
8
9
9
10
10
11
13
14
14
12
10
10
10
11
9
9
12
10
10
9
7
7
7
5
5
3
0
1
0
-3
-3
-6
-6
-5
-4
-7
-8
-9
-12
-14
-14
-11
-11
-10
-10
-11
-14
-13
-15
-18
-16
-14
-15
-12
-11
-10
-5
-2
-4
-3
-2
0
0
0
2
4
5
7
9
10
13
14
13
15
16
14
14
16
14
15
14
13
12
12
13
13
9
10
11
7
7
7
4
4
3
2
3
3
2
-1
-1
-1
-2
-3
-7
-9
-8
-7
-6
-4
-5
-4
-4
-6
-7
-9
-12
-13
-13
-14
-14
-14
-13
-11
-11
-9
-8
-7
-5
-7
-7
-5
-4
-4
-1
1
2
5
6
7
7
8
7
10
10
11
13
13
14
14
15
16
15
13
12
12
12
9
7
5
3
2
2
1
-1
-4
-7
-9
-13
-15
-19
-20
-19
-21
-23
-23
-25
-28
-28
-26
-27
-25
-22
-22
-21
-23
-24
-23
-21
-16
-12
-10
-5
0
-1
2
5
6
11
14
18
22
26
30
31
32
34
35
36
36
37
37
35
36
35
36
36
31
30
29
25
22
18
14
12
7
4
0
-1
-4
-8
-10
-15
-17
-22
-26
-28
-30
-33
-37
-38
-41
-44
-43
-45
-46
-48
-49
-50
-51
-52
-51
-49
-47
-43
-40
-37
-32
-28
-23
-16
-8
-2
5
14
22
30
40
47
54
61
67
73
78
85
88
91
94
95
96
95
94
93
90
86
82
77
72
66
57
49
40
30
21
10
-1
-14
-26
-36
-50
-62
-71
-83
-94
-103
-112
-121
-126
-132
-137
-142
-144
-142
-141
-140
-136
-130
-125
-115
-104
-94
-84
-74
-61
-48
-36
-22
-10
6
23
38
53
64
79
92
104
116
127
137
146
152
155
160
161
163
163
163
160
156
148
139
130
118
104
91
77
63
45
27
9
-10
-26
-44
-60
-77
-93
-107
-121
-135
-145
-155
-162
-169
-176
-179
-182
-186
-187
-187
-186
-180
-176
-174
-165
-155
-147
-134
-124
-109
-90
-73
-52
-30
-6
18
41
66
91
115
138
163
185
208
228
245
262
273
278
280
279
277
271
262
248
236
223
204
188
165
141
121
97
74
49
24
-1
-27
-52
-79
-104
-126
-149
-171
-192
-212
-231
-248
-262
-277
-290
-302
-310
-314
-316
-314
-312
-308
-298
-285
-271
-255
-233
-212
-190
-164
-134
-105
-76
-43
-9
24
59
92
126
160
195
227
255
284
310
331
350
363
370
374
377
376
373
363
352
338
321
303
283
261
235
211
187
159
135
107
75
46
18
-10
-40
-72
-102
-132
-161
-188
-215
-243
-271
-296
-323
-343
-361
-375
-385
-393
-401
-405
-405
-403
-398
-391
-379
-364
-344
-324
-300
-277
-252
-221
-190
-154
-118
-79
-38
5
50
94
141
187
229
275
319
356
391
422
444
463
480
489
495
493
482
468
448
425
401
373
341
311
281
250
217
185
149
115
79
43
13
-16
-48
-78
-108
-137
-166
-194
-222
-246
-269
-290
-309
-329
-348
-362
-373
-379
-383
-383
-379
-376
-370
-363
-353
-342
-330
-317
-300
-279
-260
-235
-209
-183
-151
-116
-81
-41
-1
38
77
119
159
201
242
279
314
348
378
404
422
440
448
448
446
438
426
407
384
360
334
308
280
252
220
190
160
129
101
73
48
21
-3
-23
-46
-69
-90
-112
-135
-155
-178
-201
-223
-248
-269
-289
-308
-324
-337
-351
-363
-371
-377
-383
-379
-375
-371
-360
-347
-330
-310
-290
-267
-241
-212
-179
-146
-110
-73
-35
7
48
89
130
172
210
248
284
318
347
375
397
414
426
431
433
429
416
403
383
362
339
310
282
254
225
198
171
145
121
96
72
50
27
5
-13
-32
-52
-73
-90
-108
-129
-149
-169
-191
-212
-232
-250
-270
-289
-304
-317
-331
-341
-350
-354
-358
-359
-358
-355
-349
-339
-328
-314
-295
-273
-251
-223
-191
-158
-123
-85
-43
3
49
97
147
194
241
288
332
374
415
448
473
494
507
515
515
510
498
478
453
425
392
356
320
284
244
207
171
137
105
73
44
20
-7
-33
-53
-74
-95
-116
-134
-157
-180
-201
-225
-248
-271
-296
-318
-341
-362
-381
-397
-410
-421
-428
-435
-438
-433
-431
-424
-412
-398
-383
-366
-342
-318
-290
-260
-227
-191
-153
-111
-67
-24
21
72
120
172
225
275
325
372
411
449
478
503
522
532
539
533
522
508
484
460
429
394
359
324
289
251
219
188
156
127
105
82
62
41
20
0
-25
-48
-70
-97
-124
-153
-187
-220
-251
-286
-319
-350
-382
-408
-435
-454
-471
-489
-498
-501
-502
-501
-495
-484
-470
-449
-429
-406
-375
-345
-309
-269
-226
-179
-130
-82
-31
24
80
137
195
249
301
354
400
443
482
515
543
567
579
584
584
574
559
539
513
487
456
424
389
350
314
280
246
211
177
147
116
86
55
27
3
-23
-49
-76
-107
-137
-169
-203
-235
-267
-301
-332
-359
-383
-411
-432
-450
-467
-481
-488
-491
-492
-492
-489
-480
-469
-455
-436
-416
-388
-361
-328
-288
-246
-201
-150
-99
-44
13
72
132
195
258
314
371
426
473
516
552
580
601
616
620
618
610
593
568
541
510
475
438
397
353
308
268
227
186
148
109
74
39
6
-26
-59
-87
-117
-148
-177
-206
-235
-264
-296
-323
-351
-377
-404
-426
-447
-467
-480
-490
-500
-506
-510
-509
-503
-497
-487
-470
-455
-436
-410
-384
-354
-319
-283
-243
-196
-152
-106
-52
3
55
112
172
232
288
344
399
449
492
531
566
594
613
629
634
630
622
606
584
556
526
490
451
413
369
330
289
247
208
168
130
96
62
28
-5
-37
-71
-101
-131
-159
-192
-224
-257
-292
-324
-356
-386
-413
-440
-463
-482
-501
-514
-525
-533
-537
-538
-532
-525
-516
-500
-479
-455
-429
-396
-362
-323
-278
-231
-179
-128
-77
-22
34
93
150
210
266
321
376
426
476
518
555
591
618
638
649
654
651
645
632
611
586
556
520
479
443
399
351
306
259
212
166
118
77
35
-6
-47
-85
-119
-157
-193
-228
-260
-292
-326
-357
-389
-421
-446
-472
-495
-514
-531
-544
-552
-557
-556
-552
-544
-534
-519
-501
-482
-458
-431
-400
-368
-332
-295
-254
-214
-172
-126
-79
-31
16
62
108
154
203
249
296
341
385
427
463
495
524
548
568
580
586
587
582
570
553
535
512
485
455
424
391
353
316
279
241
200
159
121
79
39
0
-39
-75
-112
-149
-182
-217
-249
-281
-313
-345
-373
-398
-422
-440
-454
-465
-473
-478
-482
-481
-478
-471
-460
-449
-439
-423
-403
-385
-365
-341
-314
-285
-252
-217
-182
-144
-105
-68
-24
15
56
97
134
175
215
256
296
335
371
404
432
459
481
500
513
524
531
531
527
517
503
492
473
452
430
403
372
342
309
274
239
202
161
123
85
48
11
-25
-61
-95
-129
-162
-190
-220
-249
-280
-311
-340
-368
-394
-417
-439
-457
-473
-488
-498
-506
-508
-507
-505
-497
-486
-473
-455
-434
-411
-382
-350
-317
-280
-244
-206
-164
-123
-81
-37
3
46
89
131
174
213
253
292
332
371
407
439
465
492
513
527
541
549
551
551
544
533
516
496
472
444
419
390
355
321
286
252
216
178
141
102
65
28
-9
-45
-82
-118
-151
-184
-219
-257
-291
-323
-356
-383
-408
-432
-451
-466
-481
-492
-498
-501
-498
-493
-486
-473
-456
-438
-417
-394
-370
-345
-316
-284
-253
-217
-181
-147
-115
-77
-40
-3
36
75
118
156
193
232
268
302
334
363
393
422
446
465
480
491
498
501
499
493
484
467
447
428
404
379
351
323
294
258
224
189
154
119
82
46
12
-20
-54
-87
-114
-142
-164
-188
-213
-237
-265
-289
-314
-339
-361
-384
-402
-415
-429
-435
-440
-438
-432
-424
-409
-392
-375
-359
-341
-320
-299
-278
-261
-239
-217
-193
-165
-137
-108
-77
-45
-10
25
59
98
134
168
202
237
269
297
323
348
370
389
404
419
430
437
443
446
444
441
434
426
412
394
376
352
328
300
264
229
193
158
120
85
52
20
-9
-40
-68
-96
-126
-153
-184
-215
-247
-278
-306
-336
-360
-380
-396
-406
-416
-422
-421
-417
-409
-404
-394
-383
-369
-353
-338
-319
-296
-274
-251
-230
-214
-200
-190
-180
-170
-162
-148
-127
-97
-56
-2
64
136
214
292
366
428
480
515
533
538
528
507
480
453
428
410
401
402
412
423
438
451
454
445
421
384
329
259
183
100
18
-58
-124
-179
-218
-242
-258
-263
-259
-254
-250
-252
-262
-284
-317
-360
-415
-472
-527
-578
-611
-626
-618
-584
-525
-446
-349
-242
-137
-43
30
75
88
69
17
-62
-151
-243
-322
-378
-400
-379
-313
-209
-78
78
238
389
522
624
687
712
707
675
626
572
524
492
480
486
514
553
590
622
633
617
572
495
391
270
137
8
-112
-213
-288
-337
-362
-366
-357
-344
-334
-332
-344
-371
-410
-453
-498
-535
-558
-564
-550
-514
-457
-391
-324
-260
-207
-168
-155
-164
-192
-235
-282
-327
-363
-384
-386
-363
-323
-264
-196
-121
-44
22
80
127
159
184
204
222
245
274
314
366
432
502
579
654
720
777
818
846
854
846
824
787
742
687
626
563
494
425
350
267
179
84
-16
-122
-233
-342
-445
-537
-620
-686
-733
-757
-762
-748
-717
-674
-626
-570
-518
-470
-428
-394
-365
-342
-330
-315
-302
-287
-268
-251
-229
-208
-189
-174
-166
-167
-174
-187
-208
-229
-247
-259
-260
-248
-221
-177
-115
-37
48
144
246
350
450
545
631
712
787
854
918
974
1021
1065
1096
1111
1114
1094
1053
985
892
775
636
477
306
135
-40
-210
-363
-501
-618
-715
-789
-841
-873
-889
-886
-870
-842
-802
-755
-697
-632
-566
-491
-417
-344
-274
-210
-155
-110
-78
-62
-58
-69
-90
-121
-161
-208
-256
-303
-347
-387
-418
-438
-447
-442
-422
-387
-333
-266
-183
-87
20
137
257
383
511
639
766
888
1004
1112
1208
1291
1357
1398
1411
1395
1346
1266
1155
1016
852
666
469
263
58
-139
-327
-495
-641
-770
-873
-950
-1006
-1037
-1048
-1042
-1013
-967
-903
-820
-724
-613
-494
-370
-245
-133
-30
57
119
153
162
145
103
39
-38
-124
-222
-317
-409
-495
-568
-632
-681
-712
-727
-723
-702
-662
-602
-520
-415
-291
-150
9
182
365
558
751
941
1123
1289
1441
1571
1670
1737
1773
1768
1722
1636
1511
1348
1150
924
675
414
147
-119
-370
-603
-813
-989
-1133
-1241
-1313
-1357
-1365
-1342
-1293
-1216
-1119
-998
-857
-702
-534
-359
-184
-16
138
273
382
455
494
495
459
386
283
153
9
-149
-311
-468
-615
-745
-858
-946
-1003
-1035
-1036
-1003
-946
-858
-740
-599
-432
-246
-40
181
406
635
870
1097
1314
1516
1703
1864
1988
2082
2133
2128
2072
1953
1778
1549
1264
943
592
223
-144
-496
-820
-1107
-1346
-1523
-1647
-1718
-1734
-1703
-1638
-1537
-1411
-1268
-1102
-924
-735
-534
-328
-121
85
282
460
615
735
810
839
819
748
624
460
261
36
-202
-437
-660
-858
-1026
-1155
-1237
-1275
-1268
-1217
-1125
-1000
-848
-668
-472
-263
-34
202
447
704
960
1215
1468
1709
1934
2131
2286
2393
2443
2423
2328
2156
1910
1593
1222
809
376
-60
-479
-866
-1203
-1475
-1684
-1830
-1909
-1932
-1906
-1836
-1732
-1603
-1453
-1281
-1096
-898
-683
-459
-225
11
243
463
656
816
931
986
987
931
811
637
418
163
-109
-384
-650
-889
-1091
-1249
-1355
-1408
-1410
-1360
-1265
-1130
-964
-772
-556
-327
-89
160
416
679
948
1217
1491
1761
2013
2242
2433
2576
2651
2649
2569
2399
2137
1800
1395
942
462
-27
-494
-917
-1291
-1593
-1816
-1964
-2039
-2048
-2003
-1916
-1793
-1645
-1480
-1301
-1106
-893
-668
-429
-182
73
328
569
783
961
1089
1159
1159
1084
942
737
477
180
-137
-457
-764
-1040
-1270
-1451
-1573
-1633
-1637
-1583
-1481
-1341
-1163
-961
-736
-489
-233
36
316
605
905
1209
1509
1806
2087
2335
2545
2699
2783
2784
2692
2505
2228
1865
1432
947
433
-85
-580
-1029
-1416
-1727
-1953
-2098
-2162
-2155
-2090
-1973
-1822
-1646
-1455
-1251
-1031
-802
-562
-307
-45
221
487
740
963
1144
1272
1333
1323
1235
1071
839
547
219
-132
-489
-828
-1132
-1388
-1581
-1710
-1769
-1761
-1690
-1567
-1397
-1190
-958
-705
-437
-162
120
402
691
988
1281
1572
1858
2126
2372
2580
2733
2818
2829
2743
2562
2283
1910
1461
950
405
-148
-686
-1176
-1597
-1935
-2175
-2319
-2371
-2337
-2235
-2078
-1885
-1667
-1435
-1197
-954
-710
-462
-212
45
305
557
804
1027
1215
1352
1427
1431
1357
1202
972
679
335
-40
-422
-794
-1133
-1423
-1647
-1804
-1879
-1880
-1815
-1682
-1499
-1275
-1020
-748
-463
-175
116
406
690
976
1262
1547
1827
2098
2348
2564
2739
2847
2878
2816
2651
2380
2008
1546
1012
430
-164
-747
-1282
-1744
-2114
-2380
-2538
-2584
-2536
-2408
-2214
-1983
-1728
-1460
-1192
-928
-670
-418
-169
83
336
588
833
1058
1256
1411
1499
1520
1459
1309
1085
788
431
39
-370
-772
-1143
-1464
-1719
-1896
-1990
-1997
-1929
-1790
-1590
-1344
-1064
-761
-451
-140
170
477
775
1066
1350
1630
1904
2166
2413
2626
2791
2901
2932
2872
2707
2436
2061
1590
1045
446
-171
-776
-1336
-1824
-2218
-2501
-2668
-2719
-2665
-2525
-2318
-2064
-1781
-1488
-1195
-908
-631
-361
-95
167
427
687
937
1165
1364
1516
1608
1627
1565
1417
1183
876
510
103
-326
-743
-1135
-1478
-1749
-1944
-2050
-2071
-2008
-1866
-1666
-1415
-1126
-813
-490
-165
154
466
774
1072
1361
1648
1928
2199
2452
2673
2852
2964
2994
2936
2771
2488
2098
1608
1039
420
-224
-855
-1440
-1948
-2358
-2649
-2817
-2867
-2804
-2651
-2426
-2155
-1854
-1539
-1223
-916
-621
-332
-50
228
506
776
1037
1276
1478
1634
1723
1735
1663
1502
1254
928
540
112
-334
-776
-1185
-1542
-1831
-2030
-2140
-2161
-2094
-1948
-1735
-1470
-1169
-844
-509
-170
163
488
806
1114
1416
1709
1995
2269
2524
2743
2916
3022
3041
2965
2776
2472
2056
1539
949
307
-348
-986
-1571
-2071
-2463
-2736
-2882
-2902
-2820
-2649
-2407
-2120
-1811
-1496
-1180
-871
-572
-279
10
298
584
870
1144
1396
1609
1769
1858
1859
1771
1584
1306
949
523
61
-412
-875
-1295
-1658
-1941
-2133
-2230
-2232
-2148
-1985
-1762
-1493
-1189
-867
-536
-203
124
446
769
1088
1408
1726
2042
2349
2635
2881
3073
3187
3207
3116
2905
2571
2120
1571
943
276
-406
-1062
-1653
-2157
-2548
-2816
-2957
-2979
-2897
-2729
-2497
-2221
-1922
-1614
-1303
-992
-687
-381
-65
253
577
903
1210
1492
1731
1906
1999
1995
1892
1682
1375
989
543
58
-433
-902
-1327
-1684
-1959
-2142
-2227
-2222
-2132
-1972
-1756
-1495
-1205
-897
-577
-251
78
408
746
1086
1431
1775
2116
2440
2736
2985
3166
3264
3258
3131
2884
2515
2037
1463
821
146
-529
-1168
-1741
-2220
-2589
-2838
-2965
-2982
-2903
-2741
-2520
-2263
-1978
-1679
-1372
-1055
-731
-398
-57
298
659
1009
1338
1626
1858
2016
2079
2035
1887
1634
1288
873
409
-79
-561
-1008
-1402
-1723
-1957
-2103
-2163
-2139
-2043
-1885
-1676
-1431
-1156
-855
-540
-210
132
486
850
1223
1602
1975
2336
2672
2965
3196
3344
3392
3326
3137
2828
2400
1863
1247
582
-103
-774
-1393
-1936
-2382
-2710
-2922
-3022
-3014
-2917
-2749
-2532
-2279
-1997
-1701
-1389
-1065
-723
-360
17
411
799
1176
1523
1813
2030
2153
2163
2065
1851
1534
1132
669
176
-323
-795
-1221
-1582
-1857
-2048
-2155
-2181
-2133
-2024
-1862
-1658
-1422
-1156
-862
-543
-201
166
553
955
1367
1781
2185
2564
2902
3181
3384
3495
3495
3377
3134
2771
2299
1733
1100
431
-248
-899
-1492
-2007
-2419
-2726
-2921
-3009
-3001
-2910
-2754
-2546
-2296
-2017
-1713
-1383
-1030
-656
-260
153
574
982
1365
1701
1965
2140
2210
2165
2004
1735
1375
946
471
-23
-501
-943
-1331
-1651
-1894
-2059
-2150
-2171
-2129
-2033
-1891
-1706
-1479
-1211
-905
-563
-183
227
662
1110
1560
1996
2407
2776
3085
3323
3474
3523
3467
3296
3011
2618
2128
1558
932
274
-387
-1023
-1606
-2112
-2523
-2831
-3031
-3126
-3123
-3037
-2878
-2660
-2393
-2084
-1741
-1365
-962
-537
-92
362
809
1238
1629
1955
2197
2338
2369
2279
2076
1771
1378
920
427
-66
-545
-984
-1362
-1674
-1915
-2083
-2178
-2210
-2185
-2105
-1975
-1798
-1571
-1295
-970
-604
-198
243
704
1175
1634
2070
2473
2822
3108
3321
3448
3478
3407
3231
2946
2558
2075
1514
892
238
-422
-1058
-1646
-2157
-2572
-2882
-3084
-3176
-3170
-3078
-2904
-2667
-2384
-2058
-1694
-1302
-881
-437
18
478
926
1342
1714
2016
2227
2337
2331
2213
1987
1663
1256
796
311
-175
-641
-1065
-1432
-1733
-1967
-2133
-2231
-2264
-2241
-2159
-2019
-1820
-1566
-1259
-899
-489
-47
418
898
1373
1834
2260
2644
2978
3245
3439
3552
3572
3490
3303
3006
2603
2102
1516
866
182
-503
-1164
-1766
-2277
-2687
-2985
-3165
-3237
-3209
-3093
-2908
-2667
-2380
-2052
-1685
-1291
-865
-412
52
523
982
1410
1782
2073
2266
2343
2301
2140
1870
1507
1072
596
103
-378
-822
-1222
-1561
-1831
-2037
-2179
-2265
-2290
-2257
-2166
-2016
-1806
-1534
-1198
-805
-368
103
598
1093
1574
2027
2439
2803
3110
3349
3517
3604
3600
3503
3300
2988
2572
2053
1449
783
83
-615
-1280
-1879
-2392
-2793
-3074
-3240
-3292
-3246
-3116
-2917
-2663
-2366
-2033
-1658
-1250
-808
-338
146
637
1107
1537
1904
2183
2348
2390
2307
2100
1787
1387
928
436
-56
-529
-963
-1342
-1661
-1924
-2122
-2259
-2345
-2372
-2337
-2241
-2073
-1832
-1520
-1140
-703
-221
290
809
1315
1794
2235
2624
2959
3235
3444
3588
3655
3632
3512
3287
2947
2495
1936
1286
578
-154
-874
-1547
-2139
-2621
-2979
-3210
-3323
-3325
-3235
-3076
-2857
-2594
-2296
-1954
-1576
-1157
-693
-197
321
837
1326
1761
2116
2362
2483
2470
2322
2055
1691
1258
780
291
-189
-637
-1042
-1400
-1706
-1962
-2171
-2328
-2433
-2475
-2447
-2340
-2150
-1872
-1510
-1080
-594
-73
459
983
1481
1934
2338
2693
2994
3247
3449
3590
3666
3649
3529
3295
2936
2453
1858
1172
433
-318
-1039
-1692
-2244
-2679
-2986
-3169
-3246
-3235
-3148
-3006
-2820
-2583
-2302
-1964
-1568
-1116
-609
-61
500
1043
1542
1955
2261
2445
2492
2409
2208
1904
1527
1107
661
211
-229
-651
-1047
-1409
-1737
-2026
-2271
-2460
-2579
-2617
-2567
-2420
-2176
-1845
-1433
-961
-459
56
566
1053
1508
1924
2301
2639
2946
3219
3449
3624
3726
3730
3617
3369
2983
2465
1834
1120
367
-378
-1075
-1689
-2196
-2591
-2872
-3050
-3139
-3157
-3116
-3022
-2874
-2663
-2376
-2013
-1575
-1067
-506
78
655
1191
1650
2009
2249
2367
2370
2261
2061
1786
1453
1082
681
261
-165
-593
-1017
-1419
-1784
-2103
-2362
-2543
-2639
-2640
-2545
-2361
-2093
-1754
-1359
-922
-458
16
488
948
1393
1816
2215
2581
2912
3205
3441
3609
3693
3668
3524
3253
2851
2337
1730
1054
352
-337
-979
-1551
-2035
-2426
-2722
-2929
-3056
-3106
-3091
-3015
-2865
-2635
-2325
-1936
-1476
-960
-410
146
682
1169
1581
1900
2119
2231
2241
2160
1994
1751
1445
1085
681
245
-204
-658
-1099
-1506
-1863
-2160
-2387
-2536
-2600
-2580
-2479
-2302
-2053
-1741
-1370
-956
-502
-23
460
945
1412
1850
2253
2617
2932
3197
3404
3545
3610
3580
3442
3186
2815
2334
1758
1117
439
-234
-868
-1436
-1921
-2310
-2608
-2821
-2956
-3016
-3008
-2933
-2789
-2576
-2283
-1913
-1476
-985
-469
53
555
1013
1407
1716
1934
2057
2090
2028
1891
1683
1404
1069
687
275
-156
-588
-1006
-1391
-1730
-2010
-2224
-2372
-2443
-2441
-2367
-2224
-2012
-1735
-1402
-1014
-584
-123
351
824
1281
1710
2104
2454
2757
3011
3213
3359
3432
3425
3317
3097
2767
2335
1810
1220
599
-20
-607
-1128
-1579
-1950
-2240
-2464
-2620
-2714
-2748
-2715
-2613
-2439
-2188
-1862
-1474
-1039
-579
-121
321
726
1074
1364
1585
1731
1804
1803
1725
1576
1358
1079
747
376
-13
-403
-783
-1128
-1429
-1680
-1874
-2019
-2107
-2144
-2123
-2040
-1899
-1699
-1432
-1109
-743
-343
77
496
904
1285
1636
1955
2239
2489
2699
2868
2985
3028
2984
2842
2589
2236
1805
1314
789
269
-224
-664
-1047
-1369
-1632
-1852
-2025
-2154
-2236
-2262
-2226
-2124
-1953
-1714
-1426
-1101
-758
-410
-76
228
502
739
930
1078
1180
1226
1217
1146
1024
848
632
386
125
-139
-391
-628
-840
-1020
-1175
-1304
-1400
-1466
-1492
-1474
-1412
-1300
-1140
-933
-689
-419
-127
171
462
741
1005
1252
1477
1684
1868
2023
2145
2223
2242
2192
2070
1880
1630
1335
1010
679
354
50
-227
-481
-703
-900
-1076
-1220
-1332
-1407
-1435
-1418
-1355
-1255
-1130
-984
-828
-674
-515
-362
-223
-82
48
162
260
328
365
368
333
273
187
88
-16
-123
-229
-329
-424
-516
-602
-687
-767
-836
-884
-906
-901
-864
-793
-695
-568
-421
-256
-81
91
266
438
606
775
948
1117
1283
1439
1577
1689
1759
1776
1742
1657
1527
1362
1173
973
765
562
363
169
-18
-201
-381
-548
-696
-821
-910
-959
-976
-965
-934
-885
-830
-773
-717
-658
-597
-532
-468
-404
-348
-300
-265
-247
-241
-244
-255
-268
-282
-298
-311
-327
-346
-369
-395
-423
-450
-471
-486
-493
-489
-473
-438
-388
-316
-223
-122
-7
119
250
390
539
691
855
1023
1192
1356
1497
1606
1667
1676
1633
1543
1423
1272
1103
928
743
554
361
157
-47
-247
-442
-616
-758
-867
-935
-968
-971
-953
-918
-876
-828
-774
-712
-643
-571
-493
-415
-352
-300
-263
-240
-224
-219
-217
-217
-221
-225
-239
-262
-288
-324
-366
-410
-455
-493
-522
-548
-562
-563
-548
-520
-476
-410
-322
-215
-92
43
191
345
506
678
852
1037
1227
1398
1544
1655
1711
1713
1667
1572
1441
1293
1124
946
766
579
384
184
-27
-236
-436
-619
-770
-883
-958
-999
-1009
-999
-972
-928
-875
-811
-738
-656
-573
-488
-409
-340
-283
-238
-205
-179
-162
-151
-139
-137
-143
-159
-189
-223
-266
-311
-356
-403
-450
-492
-535
-571
-591
-590
-566
-522
-455
-367
-260
-142
-19
109
246
394
555
740
935
1139
1334
1501
1625
1695
1707
1667
1586
1471
1344
1199
1043
879
701
511
308
94
-122
-333
-524
-687
-816
-909
-968
-997
-1002
-988
-958
-908
-850
-779
-702
-625
-551
-485
-428
-375
-331
-291
-247
-205
-164
-123
-96
-79
-77
-97
-127
-170
-218
-266
-321
-378
-432
-483
-524
-552
-560
-552
-523
-475
-413
-333
-242
-140
-27
102
252
417
606
808
1015
1215
1389
1523
1611
1648
1642
1599
1527
1437
1328
1200
1050
878
688
484
263
42
-173
-368
-540
-687
-802
-892
-958
-997
-1019
-1026
-1007
-971
-924
-863
-798
-731
-663
-599
-537
-476
-416
-349
-280
-208
-139
-79
-35
-6
-1
-16
-42
-77
-121
-171
-223
-277
-334
-387
-433
-467
-481
-484
-468
-434
-386
-319
-233
-134
-17
120
282
461
654
858
1060
1242
1394
1503
1563
1583
1569
1531
1469
1386
1281
1149
986
800
596
382
162
-55
-261
-449
-610
-742
-844
-920
-976
-1013
-1032
-1039
-1032
-1008
-972
-922
-862
-789
-706
-620
-530
-442
-357
-276
-202
-131
-74
-28
5
20
18
1
-27
-60
-103
-150
-200
-258
-318
-370
-413
-438
-449
-447
-428
-397
-349
-287
-207
-106
12
148
305
480
670
867
1058
1225
1356
1452
1510
1536
1537
1514
1467
1391
1283
1145
980
796
598
391
181
-25
-217
-389
-538
-663
-766
-850
-914
-967
-1001
-1018
-1022
-1008
-977
-926
-863
-785
-698
-609
-521
-437
-356
-279
-205
-137
-75
-30
-5
0
-17
-45
-79
-115
-153
-203
-259
-321
-381
-435
-475
-502
-520
-521
-513
-487
-437
-364
-270
-157
-28
121
292
480
681
887
1082
1257
1398
1498
1562
1596
1600
1580
1533
1450
1329
1180
1006
811
609
400
188
-22
-222
-404
-566
-701
-811
-901
-969
-1018
-1049
-1057
-1050
-1029
-989
-928
-852
-755
-646
-535
-429
-330
-242
-160
-84
-20
33
65
73
58
27
-14
-58
-109
-170
-238
-317
-396
-467
-524
-565
-592
-609
-612
-604
-576
-524
-447
-340
-209
-61
107
291
490
705
925
1134
1316
1456
1553
1612
1648
1659
1641
1590
1496
1361
1196
1008
806
597
384
166
-50
-262
-457
-627
-769
-883
-978
-1047
-1095
-1128
-1136
-1119
-1075
-1008
-917
-808
-687
-561
-439
-325
-222
-131
-49
23
80
123
143
133
102
54
-3
-63
-125
-199
-284
-376
-467
-549
-606
-644
-667
-676
-677
-666
-632
-570
-479
-360
-219
-62
109
299
508
734
960
1173
1353
1487
1577
1629
1653
1650
1620
1560
1461
1325
1159
976
790
594
390
182
-35
-247
-441
-610
-752
-863
-950
-1015
-1063
-1091
-1092
-1067
-1019
-949
-864
-761
-651
-537
-421
-314
-218
-138
-70
-11
35
67
81
70
39
-5
-54
-108
-165
-226
-303
-389
-472
-542
-589
-616
-628
-632
-633
-617
-583
-520
-425
-308
-172
-25
134
314
515
730
952
1156
1322
1442
1515
1554
1569
1564
1540
1487
1394
1266
1112
947
779
601
410
207
-4
-213
-403
-567
-700
-808
-895
-961
-1008
-1027
-1017
-980
-924
-851
-768
-685
-595
-501
-408
-315
-228
-154
-93
-42
-2
24
32
14
-24
-74
-128
-183
-238
-296
-366
-443
-514
-575
-614
-639
-654
-661
-659
-642
-604
-532
-434
-317
-182
-42
105
270
456
655
858
1046
1203
1317
1391
1440
1477
1497
1496
1462
1390
1277
1139
985
825
664
495
315
128
-59
-231
-378
-495
-590
-674
-739
-786
-812
-809
-782
-737
-686
-629
-571
-513
-447
-376
-313
-263
-227
-205
-186
-170
-159
-157
-170
-196
-232
-272
-308
-344
-384
-430
-487
-542
-591
-623
-636
-633
-621
-606
-576
-531
-460
-364
-251
-126
5
138
280
435
608
785
956
1105
1215
1289
1338
1372
1392
1396
1370
1303
1199
1063
918
768
620
475
320
160
1
-150
-274
-376
-460
-531
-595
-648
-685
-698
-682
-650
-611
-569
-529
-493
-450
-409
-374
-347
-335
-329
-327
-322
-310
-303
-302
-313
-336
-359
-382
-403
-422
-450
-487
-526
-558
-576
-571
-554
-528
-501
-470
-426
-367
-282
-184
-80
31
144
260
394
545
706
866
1003
1109
1182
1227
1257
1281
1290
1278
1231
1148
1043
924
804
687
566
443
310
168
35
-79
-174
-250
-316
-384
-446
-497
-532
-547
-544
-534
-529
-525
-520
-516
-500
-482
-468
-462
-461
-460
-457
-446
-432
-428
-431
-445
-464
-476
-479
-474
-479
-488
-503
-515
-515
-503
-475
-444
-415
-383
-347
-298
-232
-154
-63
28
120
214
321
447
590
735
867
972
1049
1105
1146
1184
1212
1219
1198
1143
1063
966
865
767
666
560
442
316
194
80
-18
-99
-173
-247
-318
-381
-435
-472
-494
-513
-531
-552
-574
-587
-590
-579
-565
-553
-542
-537
-531
-511
-492
-476
-467
-467
-469
-464
-451
-436
-425
-418
-421
-428
-429
-420
-405
-385
-369
-360
-346
-324
-289
-232
-164
-95
-19
60
147
252
375
511
643
757
851
928
990
1045
1097
1135
1147
1129
1084
1017
941
864
784
700
600
489
375
268
172
90
16
-63
-143
-225
-300
-364
-414
-454
-494
-535
-573
-601
-617
-616
-602
-586
-575
-572
-564
-553
-536
-513
-492
-474
-462
-454
-438
-414
-393
-376
-365
-365
-369
-366
-356
-340
-324
-310
-295
-280
-257
-220
-163
-98
-31
36
105
184
276
382
494
603
701
782
849
907
959
1007
1038
1044
1023
980
924
862
798
734
658
570
474
376
279
200
129
61
-11
-92
-168
-238
-301
-348
-384
-417
-450
-480
-502
-508
-505
-498
-489
-493
-502
-510
-511
-504
-496
-490
-487
-491
-494
-493
-487
-480
-476
-480
-492
-500
-506
-499
-482
-461
-437
-413
-384
-346
-298
-234
-165
-96
-22
49
131
228
331
442
550
648
736
810
874
930
977
1008
1023
1015
990
953
907
858
801
736
662
579
491
399
313
233
156
74
-4
-78
-147
-204
-255
-295
-328
-364
-397
-423
-440
-457
-472
-485
-502
-518
-528
-533
-536
-537
-535
-537
-539
-541
-546
-546
-546
-550
-549
-551
-549
-541
-526
-502
-474
-445
-412
-375
-336
-294
-243
-189
-130
-58
12
87
171
257
350
440
526
611
688
757
816
866
909
938
955
955
942
917
882
838
783
721
649
574
495
412
334
265
198
131
67
2
-59
-113
-164
-211
-251
-291
-332
-367
-402
-426
-444
-459
-473
-487
-500
-512
-520
-527
-531
-533
-541
-542
-545
-547
-545
-541
-531
-524
-516
-504
-487
-466
-441
-409
-380
-348
-310
-273
-230
-182
-129
-74
-13
49
115
185
261
345
428
507
580
643
700
750
796
830
851
859
851
833
807
774
738
697
646
586
523
458
395
335
275
214
152
86
26
-34
-89
-137
-185
-231
-275
-318
-355
-387
-410
-428
-446
-465
-483
-500
-514
-523
-530
-535
-544
-554
-557
-559
-555
-546
-535
-515
-499
-483
-460
-437
-406
-372
-340
-312
-283
-254
-219
-177
-134
-90
-41
7
59
111
168
231
295
354
410
465
512
558
604
640
671
694
707
713
712
704
693
678
652
618
579
535
495
447
393
342
284
226
169
107
53
3
-51
-103
-152
-198
-237
-271
-303
-331
-363
-394
-418
-442
-464
-480
-496
-511
-526
-539
-549
-549
-545
-540
-526
-515
-504
-485
-465
-442
-414
-385
-356
-327
-300
-273
-238
-201
-165
-130
-92
-54
-17
26
70
112
159
202
244
289
333
382
435
482
525
565
598
630
658
674
682
683
677
665
641
614
582
540
496
446
392
338
284
236
186
137
87
35
-11
-49
-84
-117
-145
-178
-208
-234
-260
-282
-307
-332
-355
-382
-406
-429
-450
-465
-482
-494
-502
-514
-521
-519
-514
-503
-488
-473
-454
-432
-410
-384
-361
-335
-311
-290
-267
-248
-228
-206
-179
-148
-116
-79
-37
7
64
122
182
250
316
376
438
495
545
594
632
660
682
691
693
692
684
666
645
614
577
543
504
465
427
384
339
297
257
218
178
139
99
62
25
-16
-53
-89
-132
-173
-215
-262
-300
-339
-378
-412
-450
-484
-511
-535
-551
-559
-561
-556
-553
-545
-535
-522
-506
-491
-473
-465
-468
-475
-477
-471
-452
-423
-393
-359
-326
-285
-230
-165
-99
-33
35
100
166
232
294
353
406
452
499
537
565
589
610
628
644
654
657
656
654
644
634
623
601
576
544
512
480
444
403
358
315
271
226
183
138
86
35
-15
-68
-120
-168
-216
-261
-308
-357
-398
-440
-475
-502
-524
-542
-556
-569
-574
-571
-565
-555
-544
-532
-527
-522
-521
-519
-509
-496
-480
-459
-429
-400
-361
-317
-269
-216
-162
-108
-57
-6
45
94
148
200
247
289
324
357
390
420
451
481
503
525
547
565
585
596
604
611
608
601
590
574
557
535
505
470
431
386
342
297
252
202
146
94
42
-7
-55
-103
-147
-190
-233
-268
-304
-338
-368
-393
-413
-434
-454
-471
-485
-497
-503
-508
-518
-521
-518
-515
-509
-498
-485
-469
-446
-419
-392
-362
-329
-295
-260
-224
-189
-153
-120
-86
-46
-15
15
45
75
112
154
192
233
270
307
346
384
427
466
500
529
550
565
578
586
589
591
581
565
536
501
468
428
387
344
298
250
198
144
93
50
10
-34
-79
-122
-161
-194
-223
-255
-282
-310
-335
-352
-359
-371
-385
-400
-410
-412
-413
-413
-413
-417
-419
-421
-418
-409
-396
-382
-365
-350
-332
-308
-286
-260
-236
-207
-173
-142
-112
-81
-50
-11
29
71
117
155
198
244
289
337
376
410
442
471
499
523
538
550
559
559
552
538
516
492
463
429
392
353
311
267
230
192
153
118
77
38
-1
-39
-70
-99
-127
-149
-172
-193
-218
-241
-261
-285
-314
-347
-391
-449
-506
-548
-574
-573
-564
-554
-538
-509
-453
-384
-321
-275
-247
-220
-187
-157
-130
-122
-130
-133
-123
-106
-85
-66
-43
-11
27
74
124
169
216
262
307
348
377
402
420
433
449
459
469
472
467
461
448
430
417
402
384
361
333
306
277
244
210
176
142
104
63
23
-18
-56
-93
-124
-147
-171
-194
-217
-243
-271
-294
-311
-330
-344
-351
-360
-366
-370
-373
-375
-372
-368
-361
-347
-330
-315
-305
-301
-298
-293
-284
-268
-261
-279
-327
-381
-403
-370
-290
-205
-144
-102
-52
29
138
247
340
402
450
501
552
596
635
674
709
737
750
741
713
674
632
591
547
490
431
371
313
251
185
112
30
-44
-103
-157
-212
-267
-320
-369
-406
-432
-444
-443
-430
-410
-388
-367
-352
-341
-332
-324
-317
-309
-306
-307
-314
-323
-329
-331
-325
-311
-299
-308
-348
-431
-535
-620
-655
-644
-617
-600
-585
-555
-470
-311
-100
122
319
493
656
826
1003
1183
1356
1505
1627
1724
1789
1820
1798
1718
1596
1443
1268
1062
817
541
238
-62
-351
-626
-881
-1115
-1324
-1499
-1630
-1720
-1764
-1749
-1664
-1508
-1308
-1079
-826
-550
-249
64
368
636
843
971
1023
1010
941
814
633
392
108
-207
-533
-840
-1118
-1365
-1579
-1763
-1898
-1971
-1964
-1873
-1717
-1508
-1255
-955
-604
-219
189
602
1011
1423
1820
2193
2531
2826
3089
3319
3503
3610
3587
3415
3120
2730
2263
1716
1091
410
-293
-980
-1618
-2195
-2687
-3071
-3330
-3458
-3461
-3354
-3140
-2815
-2375
-1844
-1264
-666
-70
513
1078
1596
2039
2375
2591
2688
2662
2504
2203
1760
1199
569
-96
-759
-1402
-2007
-2552
-3011
-3350
-3549
-3609
-3540
-3356
-3072
-2690
-2228
-1694
-1105
-486
138
739
1295
1792
2224
2593
2900
3144
3320
3418
3441
3409
3353
3282
3174
2968
2614
2118
1537
937
350
-235
-836
-1439
-2007
-2485
-2836
-3049
-3127
-3076
-2906
-2634
-2283
-1876
-1413
-884
-308
282
829
1295
1671
1960
2177
2310
2333
2232
2003
1650
1195
653
53
-567
-1166
-1720
-2221
-2658
-3014
-3256
-3363
-3328
-3167
-2915
-2588
-2197
-1745
-1235
-693
-147
377
865
1306
1685
2003
2266
2478
2644
2754
2797
2780
2733
2694
2676
2655
2553
2310
1929
1468
991
516
29
-485
-1014
-1512
-1934
-2248
-2454
-2553
-2538
-2412
-2191
-1910
-1589
-1221
-791
-306
197
661
1045
1350
1589
1778
1903
1921
1804
1566
1233
824
362
-145
-680
-1205
-1694
-2123
-2479
-2756
-2931
-2989
-2930
-2766
-2523
-2210
-1832
-1393
-903
-404
82
534
948
1323
1654
1937
2158
2338
2483
2577
2626
2629
2626
2646
2679
2676
2549
2259
1842
1372
903
434
-54
-585
-1131
-1629
-2029
-2308
-2477
-2543
-2495
-2344
-2113
-1832
-1503
-1119
-668
-160
343
784
1136
1411
1629
1795
1884
1861
1712
1436
1057
604
99
-430
-955
-1446
-1891
-2284
-2607
-2830
-2925
-2886
-2733
-2497
-2204
-1857
-1450
-984
-498
-22
418
811
1164
1472
1727
1923
2068
2183
2266
2314
2316
2286
2269
2291
2343
2352
2227
1943
1545
1115
696
278
-171
-659
-1154
-1599
-1944
-2178
-2304
-2327
-2261
-2105
-1884
-1621
-1306
-932
-497
-28
416
798
1111
1358
1549
1681
1719
1645
1461
1181
828
404
-75
-576
-1066
-1509
-1889
-2205
-2444
-2586
-2615
-2534
-2362
-2128
-1834
-1479
-1068
-626
-184
223
584
918
1220
1474
1674
1809
1905
1981
2034
2065
2063
2053
2069
2128
2206
2204
2050
1746
1357
951
545
126
-324
-804
-1269
-1669
-1972
-2177
-2279
-2274
-2168
-1985
-1761
-1507
-1209
-842
-408
49
474
822
1090
1302
1469
1576
1591
1497
1290
991
620
186
-289
-770
-1222
-1622
-1964
-2234
-2422
-2504
-2466
-2329
-2115
-1847
-1525
-1146
-726
-291
118
484
814
1118
1387
1602
1746
1837
1905
1967
2011
2023
2014
2026
2088
2195
2262
2181
1925
1548
1132
731
322
-127
-617
-1110
-1543
-1879
-2122
-2273
-2321
-2256
-2092
-1864
-1609
-1329
-997
-598
-144
302
680
972
1195
1367
1479
1507
1431
1259
1005
682
293
-158
-631
-1078
-1466
-1785
-2040
-2227
-2324
-2308
-2184
-1984
-1732
-1428
-1067
-660
-242
149
489
789
1066
1320
1530
1668
1743
1795
1842
1880
1899
1896
1904
1959
2063
2161
2150
1968
1644
1256
858
459
33
-436
-926
-1388
-1775
-2067
-2269
-2366
-2343
-2212
-2007
-1779
-1529
-1232
-865
-429
20
427
759
1017
1215
1349
1400
1356
1222
1010
725
369
-59
-521
-966
-1352
-1664
-1909
-2085
-2185
-2187
-2093
-1921
-1692
-1410
-1070
-675
-265
119
446
729
996
1250
1471
1639
1752
1830
1894
1943
1979
2010
2060
2148
2255
2324
2263
2044
1704
1301
882
441
-32
-538
-1041
-1494
-1864
-2136
-2304
-2363
-2310
-2151
-1932
-1689
-1419
-1100
-717
-287
144
524
834
1072
1247
1350
1364
1280
1098
829
489
87
-365
-836
-1277
-1658
-1964
-2189
-2326
-2368
-2305
-2150
-1923
-1639
-1304
-922
-501
-73
324
674
979
1246
1468
1637
1759
1845
1920
1992
2037
2052
2059
2099
2194
2306
2349
2241
1966
1578
1157
732
287
-184
-677
-1149
-1557
-1879
-2108
-2240
-2258
-2159
-1974
-1751
-1513
-1249
-934
-559
-152
236
569
836
1033
1163
1208
1154
1015
806
530
187
-226
-677
-1123
-1525
-1850
-2098
-2262
-2327
-2289
-2159
-1954
-1697
-1387
-1020
-607
-175
234
595
906
1181
1418
1598
1713
1772
1806
1839
1865
1874
1876
1899
1975
2111
2240
2259
2107
1802
1412
1005
583
138
-330
-807
-1240
-1596
-1867
-2046
-2119
-2079
-1931
-1716
-1482
-1238
-967
-652
-292
79
417
696
910
1055
1114
1076
948
754
517
228
-129
-549
-995
-1411
-1755
-2016
-2200
-2291
-2288
-2187
-2010
-1780
-1499
-1163
-770
-340
78
452
767
1033
1264
1458
1602
1690
1742
1784
1818
1831
1825
1838
1905
2031
2179
2233
2121
1854
1491
1093
683
254
-201
-665
-1099
-1464
-1751
-1954
-2047
-2014
-1867
-1655
-1422
-1184
-928
-626
-272
92
427
701
908
1049
1107
1068
938
736
483
184
-173
-575
-998
-1396
-1724
-1973
-2137
-2216
-2206
-2106
-1933
-1706
-1431
-1107
-731
-325
74
432
733
988
1208
1396
1541
1637
1699
1746
1780
1797
1805
1830
1907
2039
2169
2198
2062
1772
1399
1004
598
175
-269
-719
-1136
-1489
-1764
-1950
-2026
-1978
-1818
-1593
-1349
-1101
-835
-528
-177
177
497
750
933
1039
1062
992
847
638
379
71
-294
-700
-1110
-1482
-1780
-1993
-2122
-2160
-2108
-1970
-1770
-1527
-1241
-912
-547
-169
186
480
718
910
1069
1203
1302
1375
1438
1495
1546
1578
1601
1663
1787
1966
2133
2173
2043
1759
1396
1013
626
229
-185
-585
-947
-1245
-1468
-1600
-1609
-1498
-1294
-1056
-838
-637
-432
-198
57
304
512
665
741
730
638
472
262
35
-216
-501
-826
-1173
-1487
-1727
-1882
-1952
-1953
-1889
-1759
-1581
-1375
-1149
-901
-635
-355
-80
153
331
473
597
717
820
909
997
1100
1212
1328
1451
1580
1750
1968
2196
2339
2323
2135
1827
1453
1045
624
193
-233
-625
-959
-1219
-1393
-1457
-1404
-1241
-1019
-790
-569
-356
-129
113
342
532
669
746
738
649
479
248
-6
-269
-545
-845
-1161
-1454
-1682
-1827
-1889
-1875
-1799
-1669
-1498
-1307
-1111
-914
-700
-470
-252
-66
68
167
250
337
431
516
605
718
857
1012
1174
1346
1556
1818
2108
2347
2451
2379
2153
1838
1467
1065
644
213
-197
-565
-866
-1098
-1235
-1256
-1165
-993
-800
-610
-428
-239
-35
171
359
500
581
598
536
397
203
-15
-242
-483
-741
-1013
-1280
-1502
-1657
-1734
-1738
-1681
-1573
-1431
-1282
-1128
-969
-794
-603
-403
-230
-105
-12
70
146
227
310
397
506
646
812
990
1180
1403
1672
1974
2249
2410
2410
2250
1980
1642
1260
858
449
53
-309
-617
-861
-1020
-1084
-1051
-934
-782
-631
-473
-308
-133
54
226
363
447
459
405
283
102
-99
-308
-519
-742
-976
-1198
-1386
-1512
-1566
-1555
-1488
-1380
-1241
-1092
-951
-822
-690
-542
-394
-259
-165
-106
-55
-6
61
142
229
342
485
650
827
1017
1240
1510
1822
2122
2323
2372
2258
2023
1716
1367
996
615
240
-112
-415
-654
-815
-873
-835
-727
-595
-479
-371
-256
-130
8
147
254
312
310
242
117
-45
-225
-406
-590
-789
-998
-1201
-1377
-1490
-1530
-1501
-1421
-1302
-1165
-1028
-893
-769
-642
-511
-389
-289
-222
-180
-146
-101
-44
27
122
242
399
577
764
972
1209
1491
1805
2103
2308
2364
2271
2067
1793
1465
1107
741
380
36
-268
-518
-699
-778
-754
-656
-534
-430
-343
-257
-157
-49
54
137
173
161
96
-32
-195
-365
-530
-693
-869
-1057
-1239
-1392
-1489
-1521
-1492
-1413
-1292
-1150
-1012
-880
-761
-641
-510
-384
-278
-208
-170
-142
-106
-43
37
143
281
444
629
820
1018
1251
1527
1827
2100
2261
2275
2157
1953
1699
1414
1101
769
441
124
-152
-371
-522
-578
-543
-452
-352
-271
-206
-142
-69
10
79
119
110
48
-64
-219
-384
-539
-688
-842
-1016
-1196
-1364
-1490
-1559
-1565
-1514
-1421
-1301
-1166
-1027
-887
-744
-592
-435
-296
-190
-121
-85
-59
-26
29
109
209
341
497
673
866
1078
1324
1606
1887
2099
2180
2114
1942
1715
1456
1177
889
596
309
47
-169
-325
-398
-386
-308
-206
-121
-58
-3
57
116
168
194
178
116
-3
-172
-364
-552
-728
-895
-1067
-1246
-1415
-1555
-1644
-1666
-1623
-1532
-1405
-1263
-1115
-966
-818
-665
-504
-353
-229
-141
-85
-47
-10
34
96
178
286
413
559
726
910
1126
1377
1644
1876
2004
1994
1872
1677
1443
1192
934
674
416
171
-37
-187
-261
-252
-176
-78
8
71
113
160
208
254
276
257
187
64
-92
-262
-432
-591
-757
-941
-1127
-1313
-1477
-1596
-1661
-1664
-1617
-1525
-1410
-1282
-1145
-998
-835
-666
-501
-357
-241
-152
-84
-15
59
149
255
376
513
658
810
974
1167
1393
1634
1832
1923
1886
1749
1553
1328
1092
849
602
365
140
-51
-188
-239
-202
-99
24
127
199
259
318
379
432
454
427
345
207
23
-183
-374
-542
-705
-889
-1087
-1281
-1451
-1577
-1653
-1674
-1650
-1590
-1501
-1400
-1289
-1160
-1009
-841
-668
-518
-401
-305
-222
-127
-19
102
235
379
539
708
882
1064
1268
1498
1728
1893
1938
1860
1694
1490
1266
1029
787
543
314
103
-73
-199
-253
-223
-134
-27
60
125
186
258
330
388
422
411
348
231
73
-100
-269
-431
-594
-767
-957
-1143
-1300
-1424
-1504
-1537
-1533
-1509
-1468
-1415
-1339
-1234
-1111
-974
-825
-686
-562
-453
-346
-224
-84
75
246
417
594
777
970
1171
1384
1613
1825
1967
1990
1892
1713
1492
1259
1015
771
531
299
88
-91
-215
-269
-248
-176
-90
-18
40
98
165
243
316
367
383
345
249
117
-28
-174
-324
-487
-666
-850
-1024
-1181
-1307
-1390
-1429
-1437
-1429
-1415
-1388
-1338
-1264
-1168
-1057
-944
-829
-718
-612
-495
-363
-207
-34
151
344
541
741
950
1166
1389
1623
1823
1941
1945
1844
1679
1484
1271
1050
832
616
409
214
43
-78
-139
-135
-91
-40
-7
19
53
93
135
177
208
211
175
101
-3
-118
-235
-351
-469
-589
-711
-828
-933
-1016
-1069
-1089
-1098
-1109
-1115
-1110
-1087
-1049
-1003
-948
-880
-803
-719
-630
-530
-415
-278
-128
26
183
347
516
684
853
1019
1189
1344
1448
1476
1432
1336
1208
1065
920
783
654
526
395
268
162
96
67
64
75
82
84
83
77
68
56
53
47
27
-13
-65
-121
-184
-253
-327
-396
-458
-510
-553
-594
-631
-662
-689
-715
-739
-752
-759
-765
-777
-791
-797
-793
-768
-722
-661
-588
-509
-426
-334
-231
-111
25
165
309
451
593
731
854
948
1000
1020
1008
977
941
904
860
799
720
629
540
463
399
352
306
264
228
191
160
126
92
59
22
-15
-57
-93
-127
-161
-203
-256
-310
-361
-397
-423
-442
-458
-488
-527
-564
-606
-636
-653
-672
-697
-730
-769
-799
-807
-799
-769
-716
-654
-577
-495
-404
-292
-170
-35
108
260
413
567
717
837
928
983
1013
1032
1041
1037
1016
971
904
821
733
648
575
508
450
398
348
302
256
214
173
134
94
47
3
-45
-94
-144
-202
-264
-325
-376
-415
-444
-467
-495
-527
-568
-613
-652
-680
-698
-712
-735
-766
-803
-833
-846
-844
-823
-789
-739
-676
-606
-525
-437
-333
-214
-85
58
214
372
521
648
749
828
888
945
990
1018
1021
1001
961
905
846
791
738
687
630
572
513
453
398
348
298
250
197
131
70
8
-55
-120
-191
-266
-340
-401
-451
-494
-529
-564
-598
-635
-669
-696
-716
-723
-726
-735
-750
-762
-771
-773
-765
-750
-721
-682
-630
-564
-491
-404
-303
-191
-68
66
211
356
487
594
682
752
816
875
921
955
962
946
917
875
828
783
738
691
638
576
510
449
395
347
299
246
188
126
59
-8
-80
-159
-236
-310
-376
-434
-477
-508
-535
-565
-599
-632
-662
-681
-690
-699
-706
-715
-725
-728
-725
-720
-702
-678
-653
-618
-573
-516
-443
-350
-244
-125
4
140
274
392
491
574
642
708
765
810
843
857
849
834
808
786
771
747
718
681
630
571
518
470
427
389
341
285
218
143
67
-13
-97
-181
-265
-344
-416
-477
-530
-569
-599
-627
-649
-671
-693
-710
-725
-738
-746
-745
-739
-721
-696
-666
-632
-593
-546
-492
-427
-347
-251
-143
-29
91
210
330
436
524
595
654
702
740
759
765
755
734
706
675
656
642
631
618
595
562
522
484
449
420
389
355
317
261
199
135
63
-12
-93
-172
-256
-343
-426
-501
-565
-615
-652
-681
-706
-727
-746
-760
-771
-783
-786
-778
-761
-735
-703
-662
-611
-553
-486
-404
-309
-206
-91
29
155
278
391
494
579
644
695
737
767
773
757
728
690
646
603
564
535
509
490
472
450
430
406
383
361
337
307
271
226
171
110
48
-19
-82
-155
-232
-311
-390
-464
-532
-586
-628
-656
-677
-693
-706
-718
-720
-715
-704
-691
-671
-646
-616
-575
-524
-464
-389
-306
-213
-110
-2
109
220
324
420
505
573
631
675
701
713
707
681
649
609
567
527
488
449
414
380
351
327
309
293
275
254
230
198
157
113
60
9
-42
-90
-135
-185
-236
-290
-351
-406
-456
-497
-527
-550
-570
-589
-608
-622
-624
-613
-591
-562
-530
-492
-447
-397
-338
-268
-197
-116
-27
64
157
242
318
383
437
486
528
564
584
595
587
566
541
511
488
466
444
417
384
351
319
289
262
244
226
194
158
113
62
13
-38
-89
-141
-197
-250
-300
-347
-390
-431
-469
-500
-527
-548
-561
-569
-574
-574
-566
-548
-521
-485
-439
-386
-328
-262
-185
-101
-15
72
157
234
298
355
400
436
464
478
481
470
454
434
409
388
367
343
318
294
273
252
235
218
200
185
167
149
131
108
80
47
5
-37
-78
-125
-166
-212
-266
-314
-355
-391
-419
-440
-456
-471
-484
-490
-484
-469
-445
-415
-385
-354
-315
-268
-212
-151
-87
-14
61
136
214
284
344
402
445
480
500
504
499
477
448
407
362
317
274
238
204
175
150
126
112
99
91
85
79
70
54
36
16
-6
-27
-48
-74
-106
-138
-173
-210
-248
-282
-314
-345
-375
-398
-415
-423
-424
-416
-403
-381
-355
-318
-269
-215
-162
-105
-41
28
99
171
234
285
331
368
395
419
435
439
434
417
391
357
321
285
241
202
157
112
70
32
2
-21
-35
-49
-62
-75
-86
-96
-111
-122
-135
-152
-166
-180
-197
-215
-231
-244
-259
-273
-286
-300
-311
-320
-332
-335
-331
-320
-300
-272
-237
-196
-147
-85
-20
47
118
188
252
316
374
423
462
490
509
512
504
484
452
412
373
328
281
235
188
137
87
40
-8
-50
-85
-117
-152
-180
-203
-227
-243
-257
-266
-273
-278
-283
-289
-294
-300
-306
-307
-305
-299
-290
-282
-271
-256
-237
-211
-184
-154
-123
-93
-55
-15
27
75
128
182
235
282
330
374
413
447
474
495
505
506
496
479
457
426
389
348
304
257
206
156
102
48
1
-46
-90
-133
-176
-217
-257
-296
-332
-356
-375
-395
-409
-423
-433
-437
-438
-435
-430
-421
-409
-395
-373
-350
-322
-287
-248
-202
-150
-94
-35
28
91
156
217
277
332
380
419
447
468
481
485
484
475
459
435
408
375
342
309
272
236
197
157
116
79
44
12
-24
-56
-86
-117
-146
-180
-209
-235
-262
-288
-312
-339
-363
-382
-401
-413
-421
-426
-429
-428
-417
-402
-386
-363
-337
-302
-264
-222
-170
-114
-50
22
93
165
235
304
370
426
474
514
545
564
566
562
544
516
487
447
406
362
315
262
207
156
104
60
22
-17
-56
-94
-128
-163
-191
-218
-240
-259
-280
-301
-317
-334
-348
-356
-365
-370
-375
-381
-384
-383
-378
-370
-353
-328
-299
-266
-228
-186
-140
-88
-32
27
88
148
212
274
326
376
425
467
499
522
539
546
542
526
506
479
442
397
347
294
239
182
126
69
13
-40
-88
-133
-176
-215
-248
-280
-305
-327
-348
-363
-372
-378
-380
-381
-380
-377
-372
-360
-345
-331
-316
-297
-276
-251
-225
-194
-155
-116
-78
-36
10
53
97
147
196
241
284
320
351
382
409
432
449
457
459
455
446
433
413
391
366
331
289
240
188
133
78
26
-27
-79
-131
-183
-229
-272
-315
-349
-375
-394
-407
-421
-433
-442
-447
-443
-433
-416
-394
-374
-350
-321
-291
-255
-210
-158
-109
-58
-9
40
87
130
180
228
272
312
340
365
383
391
400
405
401
395
386
373
355
334
310
282
258
230
199
174
142
106
66
27
-11
-50
-88
-123
-162
-201
-241
-277
-304
-325
-342
-356
-365
-370
-374
-372
-365
-354
-341
-320
-298
-274
-246
-212
-176
-137
-91
-46
3
51
99
144
186
227
257
287
314
330
345
351
354
354
344
333
319
300
280
254
227
200
172
144
115
83
50
14
-16
-46
-76
-100
-127
-158
-182
-209
-232
-248
-267
-283
-294
-302
-309
-313
-315
-314
-306
-294
-277
-256
-230
-199
-165
-129
-90
-49
-7
37
85
136
180
224
264
296
326
348
365
376
379
370
359
344
319
293
262
231
197
163
128
94
64
33
-2
-35
-68
-104
-135
-164
-195
-222
-245
-266
-283
-297
-310
-315
-319
-318
-312
-304
-289
-275
-262
-246
-224
-200
-174
-143
-112
-80
-46
-14
20
58
94
134
174
209
238
266
294
315
332
347
359
366
365
356
340
320
295
265
230
197
160
117
78
36
-8
-47
-84
-116
-144
-171
-193
-214
-235
-249
-263
-273
-279
-286
-287
-289
-290
-287
-282
-273
-262
-248
-232
-211
-190
-162
-131
-102
-71
-36
-4
31
71
109
143
178
213
242
269
295
317
331
346
354
358
359
352
339
320
298
273
244
212
178
138
97
56
11
-32
-76
-120
-159
-196
-229
-260
-284
-301
-316
-327
-332
-330
-326
-317
-306
-290
-273
-257
-236
-216
-192
-167
-142
-111
-82
-49
-15
16
52
85
120
155
190
222
248
272
293
306
316
320
319
313
305
289
270
249
222
194
165
132
102
72
39
8
-21
-51
-75
-103
-129
-151
-173
-189
-207
-225
-240
-252
-267
-275
-277
-278
-274
-268
-257
-241
-223
-203
-180
-156
-132
-109
-85
-58
-33
-6
22
51
78
107
139
168
196
222
246
268
285
298
309
314
313
307
293
272
247
221
191
159
122
87
52
14
-25
-59
-89
-116
-137
-157
-174
-187
-202
-211
-221
-227
-234
-236
-234
-234
-235
-235
-230
-228
-220
-208
-199
-185
-166
-145
-119
-96
-71
-43
-12
17
47
77
109
140
169
196
221
239
260
282
298
306
313
322
320
313
305
288
268
244
216
183
148
107
65
24
-20
-66
-103
-139
-172
-204
-229
-250
-267
-278
-284
-283
-282
-277
-268
-258
-244
-231
-217
-200
-185
-169
-150
-134
-115
-98
-80
-60
-40
-19
2
24
47
71
93
116
140
161
183
200
221
237
244
253
258
262
264
258
254
246
232
218
198
178
154
126
100
69
38
5
-32
-65
-102
-139
-170
-203
-229
-253
-275
-290
-303
-313
-314
-311
-304
-293
-276
-256
-233
-207
-178
-149
-121
-91
-61
-33
-4
22
47
69
86
108
128
144
160
177
191
202
214
225
232
235
235
231
224
210
197
184
165
143
119
93
65
38
15
-11
-36
-58
-76
-95
-112
-130
-144
-155
-167
-179
-189
-199
-209
-216
-222
-226
-231
-232
-228
-222
-211
-199
-183
-161
-138
-113
-80
-48
-18
14
45
74
103
129
152
173
191
203
216
228
232
236
239
237
233
227
219
211
201
186
168
148
125
99
75
46
16
-13
-43
-69
-92
-114
-132
-147
-160
-166
-168
-168
-167
-163
-160
-156
-147
-142
-139
-131
-127
-123
-122
-123
-117
-112
-103
-91
-77
-62
-44
-24
0
21
47
73
95
118
139
156
170
178
183
185
183
176
168
159
147
132
115
96
77
59
42
22
-1
-24
-48
-74
-101
-127
-151
-174
-199
-221
-238
-252
-262
-269
-274
-273
-269
-260
-248
-235
-222
-208
-193
-178
-160
-145
-132
-119
-109
-99
-90
-83
-73
-63
-55
-44
-34
-24
-13
-2
12
23
35
49
58
66
70
76
80
81
78
72
65
58
45
31
19
4
-13
-29
-40
-52
-65
-79
-88
-99
-107
-114
-119
-120
-124
-124
-123
-122
-119
-111
-102
-94
-84
-68
-54
-35
-14
4
22
41
63
80
96
116
133
145
155
167
178
188
198
207
213
222
230
241
251
263
273
283
294
304
312
319
324
325
330
330
325
319
311
301
288
275
261
247
237
227
214
206
196
185
179
173
168
167
162
158
156
156
158
157
159
164
166
171
174
182
198
211
223
237
251
268
283
296
306
317
327
334
339
341
340
336
329
321
310
300
289
277
270
260
252
240
228
217
209
199
185
173
161
146
131
112
93
76
59
42
25
8
-5
-14
-23
-32
-37
-40
-42
-41
-40
-39
-43
-42
-41
-42
-41
-40
-37
-32
-30
-24
-20
-17
-9
0
10
15
21
31
35
37
36
31
28
22
12
1
-12
-28
-43
-56
-68
-78
-89
-99
-108
-114
-119
-122
-125
-132
-139
-143
-150
-159
-168
-177
-189
-199
-209
-222
-234
-241
-248
-255
-258
-265
-268
-271
-271
-273
-274
-274
-276
-278
-279
-279
-281
-282
-282
-281
-277
-274
-269
-262
-257
-253
-246
-236
-226
-221
-218
-214
-214
-214
-216
-221
-226
-233
-243
-252
-260
-272
-276
-284
-292
-297
-302
-305
-310
-315
-316
-318
-321
-324
-328
-331
-331
-334
-339
-339
-340
-342
-342
-340
-338
-335
-331
-326
-320
-311
-301
-291
-282
-273
-262
-251
-241
-229
-219
-209
-198
-187
-176
-161
-148
-132
-117
-100
-87
-74
-57
-43
-27
-11
2
15
29
40
47
59
70
80
89
94
102
107
111
118
124
130
136
143
150
154
159
164
168
174
177
178
183
185
188
190
194
196
200
203
208
214
217
223
231
241
249
256
263
270
277
286
292
296
300
302
305
302
298
294
289
286
278
274
268
260
257
253
246
242
236
231
227
217
211
204
193
185
177
168
157
146
137
126
114
102
94
84
76
70
62
56
49
44
37
27
21
15
9
-1
-10
-13
-18
-24
-26
-31
-33
-31
-30
-30
-26
-25
-23
-20
-22
-24
-27
-31
-36
-39
-48
-59
-67
-79
-90
-99
-108
-118
-127
-133
-139
-149
-154
-156
-155
-159
-164
-167
-172
-175
-176
-178
-178
-179
-179
-178
-176
-172
-166
-161
-155
-145
-137
-128
-118
-109
-96
-87
-79
-71
-62
-55
-49
-45
-39
-33
-26
-19
-14
-13
-11
-5
2
8
12
18
23
28
30
35
36
35
38
41
39
38
34
32
32
32
33
35
39
42
44
48
50
56
61
65
68
75
81
85
90
90
89
92
90
91
94
93
93
93
92
93
94
91
91
92
90
89
87
83
83
77
71
70
59
52
47
38
28
16
11
4
-5
-13
-21
-28
-38
-43
-44
-47
-52
-55
-61
-66
-71
-79
-88
-95
-97
-103
-108
-114
-122
-126
-128
-134
-135
-135
-138
-140
-139
-140
-143
-143
-142
-143
-145
-148
-151
-158
-161
-166
-169
-170
-171
-168
-164
-163
-159
-156
-147
-142
-138
-134
-129
-124
-118
-112
-113
-109
-107
-108
-108
-108
-109
-106
-104
-102
-98
-93
-92
-88
-82
-80
-75
-69
-66
-61
-54
-53
-52
-49
-47
-45
-43
-37
-32
-30
-23
-14
-9
-3
3
10
19
26
36
46
50
55
61
66
71
75
81
88
95
102
108
116
125
133
146
154
163
175
183
191
196
203
208
211
215
217
217
217
214
212
208
204
200
194
190
184
178
171
165
158
151
145
137
131
123
119
114
109
107
104
101
101
97
95
95
95
97
100
104
108
109
113
117
118
122
123
125
128
127
127
129
128
128
126
126
125
125
126
124
120
117
116
115
114
111
110
109
105
103
103
97
95
90
86
82
76
69
62
54
49
43
40
40
37
35
35
33
36
38
40
45
44
47
50
56
62
66
73
80
87
92
98
107
114
124
131
138
146
153
160
162
165
167
166
169
166
161
156
149
142
135
127
124
117
108
102
95
87
78
67
59
50
41
30
16
3
-11
-24
-35
-49
-61
-73
-88
-100
-112
-126
-135
-147
-160
-169
-179
-186
-192
-201
-211
-218
-230
-238
-244
-252
-258
-266
-271
-274
-281
-287
-291
-293
-298
-302
-304
-308
-312
-316
-321
-328
-335
-342
-350
-358
-368
-375
-380
-386
-391
-395
-399
-404
-407
-409
-411
-410
-411
-408
-406
-406
-402
-398
-394
-393
-388
-382
-375
-366
-359
-350
-342
-331
-320
-310
-298
-289
-277
-263
-254
-243
-235
-226
-215
-208
-196
-189
-185
-177
-169
-161
-152
-145
-136
-130
-123
-116
-110
-106
-97
-93
-87
-80
-78
-73
-67
-61
-58
-55
-51
-48
-46
-45
-46
-45
-44
-45
-43
-42
-42
-43
-43
-44
-43
-44
-49
-50
-49
-51
-54
-57
-58
-58
-62
-64
-68
-71
-75
-80
-86
-90
-93
-95
-99
-103
-102
-102
-104
-103
-102
-100
-100
-101
-99
-99
-94
-92
-89
-81
-78
-69
-59
-51
-41
-29
-20
-12
-5
2
9
13
18
21
21
22
16
11
6
-1
-6
-15
-20
-23
-28
-30
-33
-33
-33
-32
-30
-26
-23
-24
-20
-18
-14
-9
-5
0
8
15
25
36
47
62
76
89
105
117
131
143
150
159
163
163
165
165
163
159
153
148
143
139
132
130
125
122
121
119
119
119
119
120
122
125
128
132
135
140
147
152
159
170
184
200
217
239
262
287
311
337
365
393
417
439
463
485
503
525
538
552
566
576
587
596
604
611
613
619
625
627
626
626
626
627
623
616
608
598
586
576
563
545
531
518
503
488
478
467
455
447
442
434
429
422
420
418
411
405
399
394
388
383
377
368
362
361
359
353
350
347
345
345
340
335
332
329
321
315
305
293
285
273
260
251
240
228
215
202
192
179
167
158
147
138
127
122
115
106
97
89
79
66
54
41
27
14
2
-10
-18
-27
-38
-48
-62
-73
-83
-93
-104
-115
-126
-140
-150
-160
-172
-183
-194
-203
-214
-230
-242
-255
-267
-280
-293
-303
-315
-329
-339
-350
-366
-381
-395
-408
-423
-442
-455
-469
-484
-498
-512
-524
-533
-547
-556
-563
-571
-573
-578
-584
-587
-589
-590
-592
-593
-590
-588
-584
-580
-579
-572
-567
-564
-557
-552
-544
-532
-520
-510
-497
-484
-469
-453
-436
-416
-398
-378
-358
-342
-322
-300
-281
-257
-238
-217
-192
-170
-147
-125
-103
-83
-61
-40
-21
-1
15
33
46
56
67
77
86
94
103
114
121
127
133
133
135
139
142
145
147
151
156
157
162
165
169
169
167
168
171
173
176
177
180
185
190
192
193
195
199
202
201
203
203
203
203
200
198
199
200
199
197
192
186
184
180
173
167
164
158
153
149
141
136
130
125
118
110
103
97
91
85
78
74
69
62
58
56
55
56
55
54
54
57
57
61
64
65
68
71
71
73
73
75
77
76
76
76
78
77
76
73
72
70
67
64
59
54
51
48
42
35
30
24
16
7
-1
-9
-14
-19
-27
-31
-34
-41
-43
-47
-53
-57
-66
-72
-79
-86
-95
-106
-114
-123
-133
-142
-152
-162
-175
-190
-201
-208
-219
-228
-234
-243
-252
-263
-274
-283
-293
-299
-310
-319
-329
-335
-342
-349
-355
-359
-362
-361
-364
-365
-362
-359
-355
-350
-346
-340
-333
-328
-321
-316
-307
-299
-293
-285
-274
-261
-252
-240
-231
-219
-208
-198
-184
-173
-160
-148
-134
-120
-107
-94
-85
-75
-65
-58
-50
-40
-30
-23
-10
-2
6
16
25
34
43
53
62
69
80
87
92
95
97
98
102
101
101
103
101
101
101
98
94
90
86
81
76
71
63
55
49
42
33
22
11
3
-8
-19
-30
-40
-51
-58
-66
-75
-82
-89
-97
-103
-111
-118
-126
-137
-147
-156
-166
-177
-187
-201
-211
-222
-236
-251
-266
-280
-291
-307
-321
-335
-348
-361
-375
-387
-400
-413
-420
-428
-435
-443
-447
-447
-444
-436
-429
-420
-405
-389
-366
-343
-318
-289
-255
-219
-186
-149
-109
-69
-26
17
60
102
142
182
221
261
302
339
373
408
442
471
497
520
542
562
579
594
607
617
629
639
643
646
648
651
654
652
652
650
648
648
647
646
643
642
639
633
630
626
621
614
607
601
594
584
573
560
549
536
517
500
485
465
444
425
407
385
367
347
326
305
286
266
252
239
227
216
208
203
198
198
197
198
206
211
220
232
243
255
268
284
300
316
332
350
366
382
398
410
420
429
434
439
441
439
436
430
423
416
405
391
375
356
338
317
290
266
239
213
190
163
137
111
87
60
34
8
-15
-33
-54
-71
-85
-102
-116
-127
-138
-145
-151
-159
-164
-164
-168
-173
-176
-178
-177
-176
-175
-174
-173
-168
-165
-162
-158
-158
-155
-152
-153
-153
-153
-152
-156
-159
-160
-166
-175
-183
-190
-199
-209
-219
-230
-245
-258
-270
-283
-299
-315
-332
-348
-360
-377
-394
-412
-428
-444
-462
-477
-489
-502
-513
-522
-534
-545
-550
-555
-557
-558
-556
-555
-555
-553
-549
-546
-541
-534
-526
-516
-508
-497
-486
-475
-460
-445
-431
-416
-400
-383
-365
-346
-329
-314
-297
-278
-260
-244
-227
-208
-188
-172
-154
-136
-118
-100
-83
-66
-50
-32
-18
0
16
27
40
50
59
67
70
77
83
84
86
89
89
89
88
85
82
81
75
70
62
57
51
39
28
17
7
-4
-13
-24
-37
-46
-55
-69
-78
-87
-98
-106
-115
-121
-129
-142
-148
-156
-163
-169
-172
-174
-177
-178
-180
-181
-179
-176
-171
-166
-160
-149
-140
-129
-118
-104
-90
-74
-55
-41
-22
-1
18
40
61
82
102
122
144
163
183
200
219
235
250
264
278
289
301
310
318
324
327
331
330
333
335
334
332
328
326
323
322
323
321
320
321
322
321
322
323
322
325
328
333
335
337
341
345
349
354
358
362
365
369
372
372
375
375
376
374
370
366
361
355
347
337
328
318
307
297
285
273
259
246
235
220
206
193
177
163
150
135
122
110
97
86
77
65
54
46
37
32
26
20
14
10
6
1
-4
-9
-14
-16
-20
-19
-19
-23
-23
-23
-24
-26
-26
-24
-27
-24
-22
-22
-21
-22
-21
-20
-17
-19
-19
-20
-22
-23
-27
-29
-32
-36
-39
-44
-46
-51
-57
-61
-70
-77
-80
-85
-94
-101
-108
-115
-122
-129
-137
-144
-153
-164
-172
-181
-187
-194
-203
-208
-212
-217
-224
-227
-230
-234
-236
-239
-241
-242
-242
-242
-246
-247
-246
-246
-248
-251
-251
-253
-252
-251
-251
-250
-248
-244
-238
-235
-231
-226
-221
-216
-211
-204
-199
-191
-180
-173
-165
-155
-145
-137
-128
-118
-106
-96
-86
-75
-66
-56
-43
-31
-19
-9
4
16
27
39
52
63
75
92
108
122
136
152
170
187
204
220
241
263
287
308
329
350
370
394
412
431
451
469
487
503
514
523
529
538
540
537
537
531
523
510
496
480
458
436
415
384
355
325
291
256
219
185
151
113
81
48
12
-20
-53
-83
-113
-140
-163
-189
-211
-232
-250
-267
-286
-296
-305
-316
-320
-327
-332
-332
-332
-329
-328
-325
-316
-311
-305
-298
-292
-287
-283
-273
-264
-258
-252
-247
-239
-232
-226
-220
-213
-204
-194
-188
-180
-174
-169
-158
-154
-150
-140
-136
-125
-120
-117
-110
-108
-99
-95
-92
-83
-79
-72
-66
-62
-54
-49
-42
-31
-27
-21
-15
-9
-4
1
5
3
4
5
3
1
-1
-5
-7
-8
-12
-14
-20
-27
-27
-32
-38
-43
-51
-56
-63
-68
-75
-81
-87
-95
-101
-108
-114
-121
-124
-129
-132
-134
-137
-138
-139
-139
-141
-139
-140
-142
-137
-137
-134
-132
-133
-127
-123
-121
-116
-113
-109
-104
-100
-101
-99
-97
-96
-94
-91
-89
-87
-87
-86
-88
-86
-88
-91
-93
-94
-96
-101
-105
-108
-114
-120
-127
-132
-137
-141
-147
-154
-159
-170
-180
-183
-191
-197
-199
-205
-209
-210
-218
-222
-225
-225
-226
-228
-228
-230
-229
-230
-232
-231
-231
-232
-230
-229
-229
-227
-227
-229
-228
-229
-227
-226
-222
-220
-219
-216
-218
-218
-218
-218
-216
-216
-214
-211
-208
-205
-203
-198
-192
-188
-183
-175
-166
-156
-148
-136
-126
-115
-101
-92
-77
-61
-45
-27
-10
5
22
38
50
64
81
97
110
125
138
149
161
172
182
190
199
211
219
225
233
236
242
250
256
259
264
269
272
275
277
277
279
278
279
279
278
275
274
270
265
261
256
252
244
240
231
221
213
202
193
185
172
163
152
138
127
116
104
93
85
76
67
57
49
44
40
37
40
43
42
46
51
54
62
71
78
92
105
116
129
144
160
177
194
212
231
249
265
281
295
312
330
345
357
370
383
392
400
409
415
423
429
430
433
433
433
436
435
432
431
428
421
418
411
403
397
389
382
376
369
361
356
347
340
333
325
320
318
312
306
303
298
292
289
289
287
284
280
276
271
266
263
262
261
255
251
246
243
239
231
228
225
220
214
205
200
196
189
181
176
168
158
151
141
132
122
116
109
100
93
83
77
71
59
54
46
36
32
27
23
16
8
1
-6
-10
-17
-27
-34
-40
-46
-52
-59
-63
-70
-77
-84
-95
-103
-111
-120
-127
-135
-142
-150
-158
-168
-177
-183
-192
-199
-207
-214
-220
-227
-234
-239
-244
-247
-252
-257
-261
-265
-273
-278
-281
-286
-292
-295
-298
-305
-307
-311
-316
-318
-322
-325
-325
-331
-335
-336
-339
-342
-343
-346
-349
-350
-353
-356
-356
-358
-358
-357
-357
-354
-353
-351
-346
-342
-339
-334
-328
-324
-319
-310
-306
-303
-297
-289
-283
-275
-271
-265
-257
-253
-249
-243
-242
-233
-226
-222
-218
-215
-211
-208
-209
-209
-209
-210
-213
-215
-221
-225
-227
-233
-240
-240
-246
-252
-256
-259
-262
-267
-269
-273
-275
-277
-279
-278
-280
-278
-276
-273
-272
-267
-262
-262
-256
-249
-242
-233
-229
-220
-209
-206
-199
-190
-183
-174
-165
-157
-154
-145
-141
-137
-133
-130
-126
-122
-120
-120
-118
-120
-121
-120
-123
-125
-125
-127
-127
-128
-130
-130
-133
-132
-135
-139
-139
-138
-140
-138
-136
-133
-133
-130
-125
-122
-117
-111
-107
-96
-88
-80
-70
-63
-52
-42
-32
-24
-14
-1
9
22
33
43
58
68
76
88
100
109
119
127
136
145
153
159
167
175
182
187
193
196
203
206
209
212
215
218
221
224
228
230
230
232
234
236
237
238
236
239
238
238
241
242
241
244
247
247
251
253
255
259
263
265
270
274
278
283
286
291
297
302
308
316
321
327
335
342
351
359
366
375
382
389
396
405
412
416
422
429
434
437
441
445
448
449
451
448
446
446
445
439
436
432
426
419
411
404
394
386
375
368
359
343
333
323
311
302
289
278
266
253
243
230
219
211
199
190
182
173
165
157
150
142
136
133
124
120
118
112
111
105
102
99
92
90
86
83
79
75
73
69
63
59
49
45
39
30
24
14
7
1
-9
-20
-29
-39
-51
-62
-71
-81
-91
-98
-111
-122
-129
-140
-147
-155
-165
-170
-177
-184
-189
-192
-198
-203
-204
-207
-209
-211
-213
-211
-212
-211
-209
-212
-209
-207
-206
-204
-200
-199
-197
-196
-196
-195
-191
-187
-189
-186
-186
-187
-186
-189
-189
-191
-192
-191
-191
-191
-195
-196
-199
-202
-203
-206
-207
-209
-209
-207
-209
-209
-207
-211
-215
-211
-210
-210
-208
-205
-202
-199
-198
-195
-192
-189
-186
-182
-180
-176
-169
-167
-163
-161
-159
-155
-152
-150
-145
-140
-138
-136
-135
-136
-131
-131
-130
-130
-129
-127
-128
-126
-127
-128
-127
-128
-129
-127
-127
-124
-122
-121
-123
-123
-121
-118
-117
-117
-112
-108
-106
-102
-97
-97
-92
-85
-81
-75
-70
-66
-60
-54
-49
-42
-37
-32
-26
-19
-14
-7
-2
2
9
16
21
24
31
39
43
46
51
56
59
62
65
69
73
73
75
77
76
78
77
77
78
78
77
74
72
70
66
61
58
53
48
43
39
33
25
19
14
5
-4
-9
-16
-24
-31
-34
-40
-46
-50
-58
-64
-67
-75
-77
-80
-84
-84
-87
-90
-91
-94
-96
-98
-97
-96
-97
-100
-98
-100
-100
-99
-102
-103
-104
-104
-103
-104
-107
-107
-108
-112
-112
-113
-115
-114
-116
-116
-118
-121
-120
-122
-122
-121
-119
-118
-119
-116
-114
-112
-109
-102
-99
-96
-91
-85
-80
-73
-63
-56
-49
-38
-30
-19
-10
-2
8
16
25
36
50
57
68
78
87
96
104
113
122
129
137
142
148
155
161
167
172
177
182
185
185
189
193
196
198
200
203
203
204
204
202
202
200
197
199
198
199
199
198
197
191
186
185
180
177
174
172
168
163
156
149
141
138
136
129
126
121
113
112
108
103
100
93
87
80
75
69
63
61
59
54
49
47
43
38
34
33
31
28
27
26
23
19
15
13
10
8
4
3
3
-1
-5
-9
-16
-19
-21
-28
-33
-33
-37
-45
-51
-59
-68
-75
-83
-91
-98
-110
-120
-127
-139
-147
-156
-166
-176
-186
-195
-201
-209
-216
-221
-226
-229
-231
-235
-237
-235
-235
-233
-229
-224
-216
-209
-202
-192
-185
-176
-165
-154
-138
-125
-111
-95
-82
-67
-53
-40
-27
-11
4
18
29
43
56
67
82
92
105
115
122
134
144
152
158
164
170
174
182
190
196
204
207
210
214
217
220
225
229
230
233
235
237
237
237
239
239
239
239
239
240
238
235
234
230
225
223
221
214
210
206
202
197
189
183
178
172
166
161
156
147
142
136
130
125
117
111
104
99
95
86
81
78
73
66
61
58
53
52
47
42
40
35
31
26
23
17
11
7
2
-1
-7
-12
-14
-19
-22
-27
-32
-35
-38
-44
-47
-50
-53
-57
-63
-64
-66
-73
-73
-76
-79
-80
-82
-83
-81
-80
-81
-83
-81
-82
-83
-83
-81
-77
-78
-82
-83
-81
-84
-84
-79
-82
-83
-83
-86
-83
-86
-89
-91
-94
-96
-98
-101
-100
-101
-106
-110
-110
-111
-114
-114
-115
-117
-118
-121
-121
-117
-118
-115
-112
-110
-104
-105
-101
-96
-93
-89
-83
-77
-71
-66
-61
-53
-47
-43
-37
-34
-27
-19
-16
-9
-3
1
7
7
10
14
19
23
25
30
29
28
28
27
28
29
28
29
30
29
30
30
27
27
23
22
21
21
23
23
23
23
23
24
24
26
27
29
31
34
37
41
42
42
45
52
54
56
58
59
61
64
67
68
70
68
68
69
70
70
66
66
64
63
63
60
57
57
57
54
50
49
46
43
42
43
41
40
41
40
39
39
36
37
35
35
37
36
39
38
41
42
43
43
43
46
46
46
51
51
51
51
52
50
50
51
47
47
50
50
51
51
52
52
52
54
53
54
54
53
55
56
58
57
57
60
59
57
59
59
56
56
56
57
58
56
57
57
57
61
58
55
55
53
52
49
47
46
42
42
41
40
38
37
32
31
29
25
24
21
19
18
16
16
13
11
6
0
-3
-6
-10
-15
-18
-21
-22
-26
-28
-33
-37
-40
-48
-51
-56
-60
-62
-69
-71
-76
-79
-82
-89
-92
-99
-103
-104
-111
-114
-116
-126
-129
-130
-136
-139
-144
-148
-151
-152
-157
-161
-163
-165
-167
-169
-171
-174
-178
-181
-182
-182
-184
-184
-187
-191
-190
-191
-194
-194
-196
-197
-197
-196
-198
-198
-199
-199
-196
-199
-200
-198
-201
-201
-202
-201
-199
-201
-201
-198
-199
-197
-197
-198
-196
-195
-194
-192
-192
-188
-186
-183
-181
-178
-170
-167
-163
-157
-155
-148
-141
-138
-130
-123
-118
-110
-103
-95
-85
-81
-74
-66
-59
-50
-42
-34
-28
-20
-14
-10
-1
6
12
19
25
31
38
43
49
57
58
61
68
70
74
80
83
88
93
99
100
103
111
114
119
127
133
136
143
149
155
159
163
165
171
177
182
186
188
192
196
195
194
192
195
197
195
198
199
196
193
193
190
186
182
179
178
176
170
166
164
161
156
154
150
145
139
133
130
128
123
117
116
113
108
106
100
96
94
88
83
82
76
73
71
66
60
55
50
46
40
37
31
26
19
15
10
2
-1
-8
-15
-17
-20
-23
-28
-32
-39
-44
-49
-54
-56
-59
-62
-65
-70
-73
-74
-75
-77
-79
-79
-80
-81
-83
-80
-79
-81
-78
-77
-77
-74
-72
-71
-69
-66
-66
-64
-56
-55
-52
-47
-43
-40
-40
-35
-31
-27
-23
-20
-16
-12
-9
-3
2
5
9
15
20
22
29
35
35
39
46
47
54
58
59
64
67
68
67
72
77
77
78
81
83
84
84
85
85
83
80
78
79
81
78
76
73
70
67
64
65
61
59
60
58
53
52
49
44
44
43
41
42
42
40
40
41
39
40
40
40
43
46
45
48
50
48
51
53
51
55
56
56
57
55
55
58
58
56
58
56
56
57
54
53
52
51
49
48
44
41
41
38
37
33
30
25
22
22
21
19
15
10
5
2
2
0
-5
-7
-10
-14
-14
-17
-21
-26
-27
-28
-29
-30
-33
-34
-36
-38
-39
-45
-44
-44
-46
-47
-48
-51
-52
-51
-53
-51
-50
-50
-49
-48
-51
-50
-49
-48
-49
-46
-47
-47
-43
-43
-42
-39
-40
-39
-35
-32
-32
-33
-32
-31
-31
-29
-28
-30
-26
-23
-25
-25
-23
-23
-21
-21
-19
-19
-20
-19
-19
-20
-21
-22
-22
-20
-19
-21
-22
-20
-22
-23
-22
-25
-24
-22
-24
-23
-21
-24
-25
-26
-26
-24
-22
-22
-20
-17
-17
-17
-16
-17
-17
-15
-13
-10
-11
-12
-11
-12
-9
-11
-11
-10
-7
-4
-3
-2
0
4
5
5
9
6
1
4
3
1
0
-2
-2
1
0
-3
-3
-5
-5
-5
-6
-8
-9
-10
-10
-8
-12
-18
-21
-20
-24
-26
-25
-30
-29
-28
-31
-31
-35
-38
-38
-41
-44
-46
-47
-44
-44
-45
-42
-44
-45
-46
-47
-47
-49
-47
-50
-51
-49
-47
-47
-50
-48
-48
-51
-51
-51
-51
-47
-48
-47
-46
-48
-48
-47
-46
-48
-48
-47
-47
-45
-43
-43
-40
-40
-40
-41
-41
-38
-39
-37
-35
-34
-34
-35
-33
-30
-29
-29
-31
-29
-29
-28
-27
-27
-25
-26
-25
-25
-26
-26
-25
-23
-21
-22
-22
-21
-21
-19
-21
-21
-17
-15
-12
-12
-12
-8
-8
-11
-7
-5
-3
-2
-2
-1
0
3
4
5
7
9
10
12
17
19
22
25
27
31
29
29
32
34
36
35
36
41
42
44
45
48
51
51
53
52
53
53
51
53
57
57
54
55
57
55
54
52
48
47
47
46
45
42
41
42
41
40
36
35
35
31
31
29
27
26
26
25
27
25
22
21
21
20
19
20
19
21
23
23
26
28
26
26
28
25
26
28
30
32
33
35
33
34
34
34
32
29
28
27
27
27
24
22
21
17
16
14
11
10
8
7
4
2
2
-3
-5
-7
-12
-14
-15
-17
-17
-18
-20
-18
-18
-17
-18
-20
-21
-19
-21
-20
-18
-21
-22
-20
-20
-18
-18
-17
-16
-15
-16
-17
-15
-16
-17
-15
-18
-21
-22
-22
-21
-21
-22
-23
-23
-24
-27
-28
-31
-30
-30
-32
-29
-31
-30
-29
-29
-30
-33
-33
-31
-31
-28
-27
-25
-23
-22
-22
-23
-23
-21
-20
-18
-15
-10
-7
-6
-4
-2
-1
1
1
0
0
1
3
5
7
8
7
8
8
10
9
9
9
7
7
6
5
6
7
5
5
3
0
0
0
1
2
2
1
3
4
2
-1
-1
0
0
-1
1
-2
-1
0
-2
1
-1
2
6
5
5
4
2
4
5
3
5
4
3
4
5
5
5
6
5
5
3
3
3
4
4
1
1
1
1
0
-1
0
1
0
1
0
2
2
-3
-2
2
0
0
-2
-3
-4
-2
-4
-3
-2
-5
-3
-3
-6
-5
-7
-7
-8
-11
-9
-8
-9
-12
-15
-15
-17
-17
-16
-18
-18
-17
-21
-23
-24
-24
-27
-26
-29
-28
-27
-27
-25
-27
-28
-29
-30
-34
-32
-29
-31
-33
-34
-33
-33
-33
-33
-31
-30
-30
-30
-31
-32
-31
-29
-29
-29
-29
-29
-28
-25
-25
-26
-24
-24
-23
-22
-21
-19
-19
-20
-21
-19
-17
-19
-16
-16
-17
-17
-16
-15
-15
-16
-16
-17
-16
-14
-15
-16
-14
-18
-19
-16
-16
-17
-15
-15
-14
-15
-17
-16
-16
-18
-16
-15
-14
-11
-13
-12
-11
-13
-10
-10
-10
-6
-4
-5
0
1
0
3
3
3
7
7
10
14
14
16
17
18
19
21
27
26
25
23
26
28
28
29
29
28
28
28
25
27
29
26
26
28
25
26
24
23
25
26
21
21
22
20
20
21
21
18
19
19
19
18
14
16
18
17
19
21
20
25
24
22
24
26
27
29
32
33
33
34
36
40
40
39
42
41
41
40
42
45
44
44
45
47
46
44
45
43
45
43
42
44
43
45
43
43
45
44
45
43
45
48
46
47
46
48
47
44
44
46
45
44
47
46
46
45
44
44
42
43
42
42
43
42
44
43
39
42
40
39
38
36
37
35
34
37
34
33
34
33
33
30
29
28
27
27
26
26
27
24
25
25
22
23
22
18
20
20
21
22
22
22
18
21
22
20
21
21
21
21
19
18
17
17
15
13
12
14
12
11
12
10
11
9
9
9
9
7
4
3
2
0
-3
-2
-3
-5
-5
-7
-8
-10
-11
-12
-14
-14
-15
-16
-16
-16
-14
-16
-16
-17
-19
-18
-17
-19
-14
-13
-12
-13
-14
-15
-15
-15
-16
-17
-17
-15
-15
-16
-17
-16
-16
-19
-19
-21
-24
-23
-23
-24
-25
-27
-29
-30
-31
-31
-31
-32
-32
-31
-29
-29
-30
-26
-26
-25
-24
-23
-24
-23
-23
-21
-20
-22
-19
-18
-16
-15
-16
-17
-21
-20
-19
-21
-20
-20
-20
-21
-22
-19
-20
-19
-17
-17
-16
-19
-20
-15
-18
-17
-16
-14
-11
-12
-12
-14
-13
-13
-15
-12
-10
-7
-9
-9
-6
-6
-8
-9
-8
-8
-10
-9
-8
-10
-8
-8
-7
-8
-12
-12
-11
-11
-11
-14
-13
-13
-15
-14
-13
-16
-13
-15
-15
-11
-15
-14
-15
-15
-14
-14
-13
-15
-13
-14
-14
-13
-11
-9
-10
-8
-7
-10
-10
-12
-12
-12
-12
-13
-15
-15
-15
-15
-15
-15
-18
-15
-14
-16
-15
-14
-16
-15
-15
-16
-13
-13
-12
-9
-11
-11
-8
-7
-9
-7
-5
-4
-4
0
3
2
5
6
5
8
8
9
8
9
9
8
7
8
9
6
2
2
1
1
1
3
1
-1
0
-1
0
2
1
2
0
-1
-3
-4
0
-3
-5
-4
-5
-4
-2
-3
-2
-3
-6
-4
-4
-5
-3
-5
-6
-2
-2
-3
-4
-4
-5
-7
-7
-7
-9
-11
-15
-16
-18
-16
-15
-12
-11
-12
-11
-9
-9
-9
-10
-9
-8
-5
-4
-3
-3
-4
-4
-4
-3
1
5
3
4
5
4
5
5
5
3
1
2
5
5
7
8
5
1
1
1
2
3
2
-2
-2
0
-1
-1
1
2
1
2
5
7
6
3
5
7
6
8
10
8
9
11
10
10
10
13
14
15
15
16
14
13
14
11
11
12
14
12
10
12
11
10
8
9
11
10
12
10
6
9
8
5
7
8
5
4
3
3
4
4
2
3
2
1
2
0
-2
-1
-2
-4
-3
-3
-3
-5
-5
-7
-8
-10
-12
-9
-10
-12
-13
-12
-9
-10
-8
-7
-8
-8
-6
-4
-5
-5
-3
-3
-1
2
2
2
2
1
0
3
4
6
5
4
6
4
3
3
1
0
0
1
2
3
0
0
-2
-5
-8
-7
-7
-8
-8
-9
-9
-7
-6
-8
-8
-7
-6
-5
-6
-6
-4
-5
-4
-3
-2
1
-1
-2
-1
0
-2
-5
-3
-4
-4
-3
-3
-4
-5
-6
-7
-9
-8
-8
-10
-8
-9
-9
-11
-13
-15
-17
-15
-17
-17
-18
-17
-14
-19
-22
-22
-19
-18
-19
-20
-18
-17
-16
-15
-17
-18
-16
-15
-17
-15
-14
-16
-17
-17
-18
-18
-17
-19
-20
-18
-18
-16
-17
-20
-21
-21
-20
-19
-20
-19
-18
-17
-20
-22
-19
-22
-20
-20
-21
-18
-19
-17
-16
-17
-14
-12
-14
-15
-12
-11
-14
-13
-11
-12
-10
-9
-10
-7
-8
-9
-8
-10
-13
-12
-13
-11
-9
-10
-10
-11
-12
-14
-15
-14
-14
-13
-14
-12
-12
-12
-11
-9
-9
-9
-9
-8
-6
-6
-6
-4
-2
-2
-1
-1
-3
-5
-1
-1
-1
2
0
2
3
2
3
2
1
2
2
2
3
4
4
3
4
6
10
10
10
12
11
10
12
12
13
17
21
21
23
24
22
24
24
22
26
28
29
31
31
31
30
31
30
29
29
30
30
31
30
30
27
29
27
28
28
27
28
30
27
27
28
27
28
29
29
30
30
30
31
30
29
30
30
33
34
33
30
32
32
32
30
30
32
28
28
28
27
27
26
27
26
26
24
26
27
27
27
27
27
27
27
26
26
25
27
30
27
28
33
30
28
31
30
28
27
27
29
28
29
30
30
34
31
28
30
27
28
29
27
27
26
26
28
27
20
16
16
13
15
13
9
10
7
7
6
5
3
0
-5
-6
-7
-10
-12
-12
-12
-14
-14
-19
-21
-20
-23
-28
-27
-27
-26
-28
-26
-24
-28
-29
-29
-27
-27
-29
-28
-31
-32
-31
-30
-31
-29
-28
-29
-29
-29
-29
-28
-29
-29
-28
-25
-23
-21
-22
-23
-22
-24
-23
-23
-22
-21
-21
-20
-20
-21
-22
-22
-26
-25
-25
-25
-27
-29
-26
-26
-29
-27
-25
-27
-26
-26
-29
-28
-29
-28
-23
-21
-23
-22
-18
-16
-13
-13
