6
9
9
11
10
8
12
13
12
13
15
13
12
14
12
9
9
8
8
9
8
7
8
9
8
7
6
6
7
6
5
4
3
4
4
3
1
2
2
4
7
4
4
4
1
0
0
0
2
3
5
3
4
3
4
4
2
3
3
1
3
-2
-3
-3
-4
-3
-4
-4
-4
-2
-3
-5
-5
-4
-1
-3
-3
-1
-2
-2
-3
-3
-1
-3
1
1
1
-1
-2
-3
-6
-4
-2
-3
0
-1
-3
-4
-4
-6
-7
-6
-5
-5
-6
-7
-7
-6
-7
-5
-4
-2
-2
-2
0
0
-2
-3
0
0
-1
2
-1
-2
0
3
2
-2
0
1
-1
-1
-1
1
-1
1
1
0
-5
-5
-3
-3
-3
-2
-1
0
-2
-1
-1
-3
-1
0
2
1
2
5
4
3
7
5
3
4
2
3
2
2
4
3
2
2
2
0
0
1
-2
-3
-3
-1
-4
-3
-3
-5
-6
-8
-9
-9
-7
-8
-5
-4
-4
-4
-3
-2
-2
0
4
4
6
11
10
7
8
10
8
10
11
12
12
9
9
9
9
9
7
7
6
7
5
4
5
2
2
-1
0
0
-2
-1
-3
-4
-4
-6
-5
-5
-6
-6
-7
-5
-4
-5
-6
-6
-3
-3
-2
-2
-3
-1
-2
-1
-1
0
-1
-1
-1
0
-1
-3
-3
0
-1
-1
-1
-2
-3
-3
-3
-3
0
-1
0
0
-1
-3
-4
-3
-4
-4
-4
-5
-6
-8
-6
-5
-4
-3
-6
-7
-4
-2
-3
-3
0
2
-1
0
-3
-3
2
3
5
3
3
6
4
3
1
4
5
3
6
7
7
6
9
10
9
12
11
10
9
5
6
5
3
4
5
3
4
1
1
1
-2
-1
-2
-3
0
-1
1
0
-1
-1
-5
-6
-6
-6
-3
-2
-2
-4
-2
-2
-5
-5
-3
0
-1
-4
-2
-2
-3
-2
-2
-1
-2
-3
-5
-6
-5
-7
-5
-5
-7
-4
-9
-9
-11
-12
-9
-9
-8
-8
-8
-8
-8
-5
-4
-4
-2
-3
-3
-1
0
2
2
3
2
3
4
4
3
4
5
6
5
4
3
3
3
2
5
5
0
2
-1
-3
-4
-2
-1
-3
-1
-2
-4
-1
-1
0
1
3
4
5
7
6
8
10
11
11
11
9
8
8
7
6
9
9
8
5
4
4
4
7
7
1
3
2
1
2
0
0
-1
-3
-2
-4
-4
-1
-1
0
1
0
0
-1
-4
-3
-2
-1
1
3
6
6
7
6
5
4
5
4
4
5
4
4
5
4
2
-2
-2
-5
-7
-6
-7
-6
-8
-9
-9
-10
-8
-9
-8
-9
-12
-13
-14
-12
-12
-12
-11
-11
-10
-8
-7
-6
-7
-6
-5
-9
-6
-5
-3
-3
-1
2
-3
-3
-2
0
3
3
5
5
7
11
8
6
5
2
4
3
1
2
3
0
2
4
3
2
0
-1
-2
-4
-4
-2
-2
-2
-3
-3
-2
-1
-3
-2
-2
-1
3
5
5
8
6
6
7
5
4
7
8
9
10
10
9
8
9
8
8
10
9
10
12
12
11
10
10
8
9
7
7
7
6
4
2
3
4
2
2
3
1
-2
-2
-2
-3
-5
-3
-4
-4
-3
-2
-3
-6
-5
-6
-8
-6
-7
-6
-6
-5
-3
-5
-5
-6
-5
-3
-4
-4
-3
-4
-4
0
2
2
2
4
3
4
4
4
7
5
5
6
4
4
3
0
0
-1
-4
-2
-1
-2
-2
-5
-4
-3
-4
-6
-10
-12
-12
-11
-10
-11
-9
-9
-11
-6
-8
-6
-5
-4
-2
-1
2
1
1
5
5
6
6
6
4
5
7
8
5
6
8
6
7
7
6
5
5
5
3
-1
0
-2
-2
-1
-5
-6
-6
-7
-7
-8
-8
-9
-8
-7
-7
-7
-7
-9
-9
-7
-8
-7
-6
-6
-6
-6
-4
-4
-3
0
-1
-1
-2
-2
-3
-2
2
2
2
1
2
0
-1
0
0
0
0
1
2
1
4
5
4
4
3
4
1
0
1
2
2
3
1
-1
-1
0
1
1
1
0
1
0
0
0
-1
-2
-3
-2
-2
-4
-3
-2
-2
-3
-2
1
-3
-3
-2
-2
-1
-2
1
0
-3
1
3
0
2
0
0
-1
0
3
1
2
3
7
6
4
6
5
4
4
7
8
7
8
8
8
10
7
6
7
8
8
10
11
10
9
8
7
6
4
1
1
-1
-4
-3
-2
-2
-3
-3
-2
-3
-5
-6
-8
-9
-10
-8
-8
-9
-6
-6
-5
-4
-4
-2
-3
-1
-1
-4
-1
0
4
2
2
5
1
2
3
4
5
2
6
4
2
3
0
0
1
1
0
0
0
-1
0
-1
-5
-6
-9
-11
-8
-9
-10
-8
-8
-9
-6
-3
-6
-6
-5
-5
-5
-4
-2
0
1
4
5
6
9
9
7
6
6
6
6
5
6
9
8
9
9
7
7
9
9
10
11
12
13
12
11
11
8
7
8
8
7
7
7
5
4
3
4
1
1
1
-1
-2
-4
-6
-4
-6
-8
-9
-12
-15
-14
-13
-16
-15
-12
-12
-9
-10
-10
-10
-12
-9
-10
-6
-6
-6
-3
-3
0
2
1
2
3
4
6
5
6
5
5
8
9
9
10
10
8
6
7
7
8
6
4
4
3
2
1
0
-2
-3
-7
-8
-8
-7
-7
-9
-7
-5
-6
-6
-6
-8
-9
-6
-5
-3
0
-1
-1
0
-1
-3
-2
-3
-2
0
-2
-4
-2
-2
-2
0
3
2
-1
-3
-3
-4
-5
-5
-4
-4
-4
-4
-1
-3
-5
-3
-1
-2
1
1
0
3
2
2
4
5
7
6
7
5
7
8
7
9
9
9
6
5
5
3
5
6
6
5
4
5
6
5
5
5
4
4
4
1
2
3
1
1
-1
0
0
-2
1
-1
0
2
1
1
2
1
0
1
0
0
1
1
3
5
4
4
2
2
2
1
3
4
5
6
5
4
3
4
2
1
3
2
3
3
5
5
6
8
6
6
5
4
3
2
4
3
4
1
2
4
-1
-2
-2
-6
-7
-7
-7
-10
-10
-10
-11
-7
-8
-12
-11
-14
-13
-10
-9
-10
-10
-8
-10
-6
-3
-2
0
0
3
6
4
3
4
4
5
7
11
10
10
11
10
9
10
10
8
10
9
8
9
10
9
8
5
4
2
1
-1
-6
-8
-8
-9
-8
-7
-8
-9
-10
-11
-12
-14
-14
-15
-13
-11
-11
-13
-13
-11
-8
-7
-8
-7
-6
-8
-7
-4
-5
-5
-1
-2
1
3
-1
0
0
0
0
-1
0
4
6
5
5
6
5
6
6
5
4
6
6
7
9
4
1
3
4
2
2
5
3
3
4
4
2
-2
-4
-3
-5
-4
-4
-4
-5
-4
-3
-7
-7
-9
-10
-10
-12
-10
-9
-9
-8
-11
-11
-10
-11
-9
-9
-10
-9
-8
-5
-2
-3
-3
0
2
4
6
7
7
9
13
14
13
14
12
14
16
19
19
18
20
22
22
20
20
18
18
19
13
11
11
9
8
5
3
1
-1
-2
-6
-9
-12
-14
-15
-14
-15
-15
-15
-15
-14
-16
-19
-20
-23
-23
-24
-26
-24
-24
-23
-22
-20
-18
-17
-15
-12
-12
-10
-8
-6
-4
0
5
9
15
20
23
24
27
28
29
31
34
35
38
39
42
43
39
39
39
40
38
37
35
31
31
27
24
22
19
15
11
5
-1
-8
-13
-19
-24
-29
-34
-41
-46
-48
-51
-56
-60
-64
-67
-70
-74
-75
-74
-73
-71
-69
-67
-64
-60
-54
-49
-44
-35
-29
-22
-9
-3
7
18
26
35
42
51
55
64
73
79
88
92
95
99
101
105
105
102
100
102
98
94
87
77
70
64
56
43
31
18
6
-10
-27
-41
-54
-68
-83
-95
-108
-118
-126
-136
-142
-151
-154
-155
-159
-155
-155
-151
-144
-140
-129
-123
-114
-106
-97
-85
-73
-60
-47
-35
-22
-7
7
20
35
54
72
89
105
120
137
153
167
184
200
213
223
232
241
247
250
246
241
233
222
212
197
177
157
134
109
80
51
21
-9
-37
-70
-99
-124
-149
-172
-193
-214
-230
-242
-251
-260
-263
-264
-263
-259
-255
-246
-234
-225
-212
-197
-182
-166
-149
-134
-117
-96
-75
-58
-36
-16
9
33
55
82
107
136
165
192
219
249
274
298
321
339
358
371
378
379
376
371
357
337
315
284
254
218
177
140
99
61
18
-25
-59
-94
-126
-154
-182
-200
-215
-230
-242
-251
-261
-267
-270
-276
-279
-283
-285
-289
-295
-296
-298
-303
-308
-310
-312
-312
-309
-305
-298
-288
-269
-246
-226
-195
-163
-129
-89
-48
-7
34
80
126
174
222
267
312
356
393
431
463
489
507
517
521
517
506
484
455
427
393
355
316
272
230
182
134
89
43
0
-40
-73
-103
-128
-146
-161
-174
-182
-191
-199
-204
-211
-220
-231
-245
-254
-264
-278
-294
-310
-330
-349
-369
-387
-403
-412
-419
-421
-416
-406
-391
-371
-349
-324
-295
-262
-229
-187
-143
-102
-53
-6
42
93
137
185
226
266
311
351
395
439
478
518
559
593
619
635
641
639
625
606
574
536
497
452
404
351
294
233
172
110
47
-14
-70
-118
-160
-191
-214
-234
-247
-256
-264
-268
-274
-279
-282
-286
-293
-298
-302
-307
-320
-334
-349
-369
-387
-407
-426
-435
-446
-451
-448
-443
-428
-410
-390
-365
-337
-306
-270
-229
-187
-141
-92
-39
16
69
125
182
235
287
335
382
432
479
525
568
609
649
683
706
717
713
699
670
629
588
541
486
430
369
306
238
167
97
27
-45
-109
-167
-217
-257
-283
-299
-310
-313
-311
-310
-306
-301
-299
-296
-294
-293
-292
-290
-293
-301
-312
-329
-347
-372
-394
-411
-430
-443
-453
-452
-442
-431
-411
-389
-369
-341
-310
-278
-242
-202
-160
-115
-65
-15
36
87
135
182
225
269
310
355
401
447
497
548
602
652
696
727
745
747
737
716
682
643
600
548
495
440
378
312
237
156
74
-5
-83
-155
-207
-249
-277
-295
-305
-305
-304
-300
-297
-294
-293
-291
-287
-288
-286
-286
-291
-298
-313
-336
-361
-391
-422
-452
-477
-495
-505
-504
-497
-488
-473
-451
-427
-399
-366
-328
-288
-244
-191
-140
-88
-33
19
72
125
171
216
259
300
342
387
438
492
552
612
668
723
764
793
805
803
790
761
722
680
629
573
511
444
371
289
202
110
18
-71
-153
-226
-281
-326
-355
-371
-378
-375
-370
-359
-349
-342
-329
-320
-313
-303
-295
-289
-289
-298
-309
-325
-348
-377
-407
-431
-456
-474
-481
-486
-485
-474
-456
-436
-415
-388
-357
-324
-288
-248
-205
-159
-112
-60
-9
39
86
131
176
223
270
320
375
430
491
551
615
675
729
784
819
839
851
839
818
784
739
687
627
564
492
414
332
240
149
56
-37
-123
-202
-271
-326
-365
-392
-406
-409
-402
-395
-385
-373
-363
-348
-339
-328
-317
-312
-309
-312
-318
-329
-346
-367
-397
-424
-450
-474
-489
-497
-498
-492
-478
-457
-432
-401
-373
-343
-308
-276
-239
-193
-148
-102
-51
0
50
99
149
200
247
294
341
387
441
499
557
625
692
755
815
863
896
915
914
897
865
825
773
714
648
578
500
414
323
226
124
18
-83
-177
-260
-332
-387
-423
-448
-458
-456
-455
-446
-434
-427
-413
-405
-396
-386
-378
-365
-358
-355
-361
-376
-394
-421
-450
-475
-496
-513
-516
-511
-500
-480
-451
-422
-394
-361
-330
-294
-256
-218
-176
-132
-83
-33
18
70
117
167
212
253
293
335
377
422
478
535
591
654
716
774
827
867
890
893
883
861
820
766
706
644
574
497
417
328
233
136
36
-66
-163
-251
-330
-391
-434
-465
-483
-487
-484
-472
-456
-444
-435
-422
-413
-402
-389
-376
-366
-357
-355
-360
-371
-388
-406
-426
-444
-454
-463
-457
-444
-429
-407
-386
-363
-335
-309
-283
-256
-223
-188
-152
-112
-72
-30
14
59
104
147
189
232
275
320
365
415
466
521
584
643
700
753
799
834
859
869
861
836
801
750
690
625
554
477
396
313
226
131
36
-59
-149
-235
-313
-378
-424
-458
-478
-483
-485
-477
-464
-452
-439
-426
-411
-400
-388
-373
-361
-351
-342
-336
-334
-341
-349
-359
-371
-378
-382
-381
-371
-356
-335
-312
-287
-263
-240
-219
-198
-174
-149
-122
-91
-58
-23
10
47
84
122
160
193
226
265
302
346
390
435
490
539
588
639
683
718
742
759
758
737
715
678
630
575
514
447
375
302
224
138
53
-33
-117
-197
-268
-330
-382
-422
-449
-464
-469
-470
-463
-452
-443
-432
-419
-405
-385
-363
-344
-327
-312
-304
-301
-303
-313
-319
-322
-327
-321
-309
-295
-278
-260
-239
-222
-203
-186
-166
-140
-119
-92
-64
-35
-2
27
57
86
112
145
172
197
225
256
289
321
355
389
423
460
491
525
560
588
614
631
639
639
620
592
552
503
449
385
320
253
185
117
49
-21
-92
-158
-220
-274
-326
-367
-398
-419
-430
-431
-428
-418
-405
-386
-367
-348
-329
-310
-291
-277
-263
-254
-248
-245
-248
-249
-249
-253
-254
-251
-248
-240
-231
-220
-205
-191
-179
-168
-153
-138
-124
-106
-86
-65
-41
-15
12
39
69
100
131
165
197
229
259
289
322
353
382
412
442
469
496
522
543
556
561
552
535
507
470
431
382
330
277
225
170
116
58
2
-54
-110
-160
-210
-252
-286
-313
-332
-345
-347
-342
-334
-322
-309
-296
-283
-267
-254
-243
-235
-228
-224
-224
-226
-229
-233
-236
-237
-236
-235
-230
-228
-226
-219
-214
-204
-194
-185
-170
-151
-131
-112
-93
-71
-48
-21
5
31
59
87
111
138
163
187
210
231
257
277
303
330
356
382
413
441
464
484
492
489
478
458
429
394
356
314
269
222
174
127
78
26
-24
-75
-122
-165
-207
-244
-271
-291
-304
-310
-308
-304
-296
-284
-269
-253
-239
-226
-215
-206
-200
-196
-195
-194
-196
-198
-198
-197
-195
-191
-190
-184
-178
-174
-167
-162
-155
-144
-133
-121
-104
-82
-63
-43
-22
-2
14
34
53
72
94
117
138
163
183
203
224
246
267
290
312
336
358
381
399
415
429
432
425
411
388
357
323
284
239
194
152
105
64
24
-21
-63
-104
-147
-187
-223
-253
-278
-296
-303
-306
-303
-294
-284
-276
-264
-255
-248
-244
-238
-231
-225
-221
-220
-216
-210
-204
-199
-195
-191
-190
-185
-181
-173
-163
-149
-132
-119
-102
-82
-61
-41
-25
-1
18
37
62
83
105
129
156
182
205
228
250
267
284
298
314
334
355
376
397
414
424
433
436
424
408
385
352
315
274
230
186
139
95
46
-3
-53
-100
-145
-188
-227
-261
-292
-318
-334
-344
-349
-347
-338
-329
-319
-305
-291
-276
-263
-252
-242
-233
-224
-219
-214
-210
-208
-201
-195
-191
-183
-172
-160
-146
-129
-115
-99
-81
-64
-47
-32
-14
7
29
51
77
104
129
153
179
200
221
239
259
280
298
321
346
367
388
409
425
435
445
446
442
430
411
387
354
313
272
224
174
122
67
11
-42
-92
-141
-187
-226
-268
-303
-333
-360
-378
-395
-407
-413
-412
-403
-392
-371
-347
-325
-299
-274
-253
-235
-218
-200
-185
-167
-147
-125
-99
-74
-52
-27
-8
8
24
38
46
50
57
62
69
80
92
105
116
125
136
148
160
176
197
221
244
265
283
301
317
332
345
355
364
366
363
353
334
308
275
237
198
152
101
47
-11
-71
-131
-186
-236
-281
-319
-348
-369
-381
-392
-398
-401
-398
-389
-381
-364
-341
-312
-279
-245
-214
-187
-158
-134
-111
-90
-71
-52
-35
-18
-6
3
12
21
25
29
35
41
49
64
86
111
135
161
181
199
217
230
239
254
270
287
303
321
339
356
372
386
393
393
389
384
370
349
321
282
239
192
135
72
1
-72
-141
-209
-272
-324
-369
-405
-432
-454
-473
-484
-496
-501
-497
-489
-472
-444
-411
-371
-327
-282
-238
-207
-188
-181
-181
-182
-179
-173
-159
-141
-116
-91
-70
-42
-14
15
49
85
126
165
204
241
273
301
328
356
382
405
426
441
448
454
455
449
446
444
447
455
464
476
488
493
491
473
436
380
299
201
90
-31
-153
-268
-372
-465
-545
-611
-670
-719
-756
-785
-800
-801
-784
-751
-697
-630
-554
-473
-394
-315
-243
-178
-124
-84
-52
-30
-21
-21
-31
-46
-70
-104
-133
-165
-193
-211
-210
-186
-144
-77
6
99
201
311
426
547
669
790
904
1013
1113
1200
1274
1333
1380
1409
1420
1406
1357
1261
1106
895
629
320
-7
-344
-657
-931
-1153
-1308
-1393
-1418
-1396
-1337
-1254
-1153
-1039
-912
-778
-629
-464
-291
-116
48
179
274
322
319
277
193
78
-55
-202
-350
-491
-627
-748
-854
-942
-994
-1007
-981
-905
-783
-622
-426
-215
2
213
410
590
756
902
1038
1165
1271
1361
1436
1485
1516
1537
1550
1567
1584
1595
1589
1549
1450
1269
1004
664
272
-142
-545
-896
-1173
-1357
-1446
-1453
-1401
-1323
-1231
-1133
-1038
-935
-821
-681
-512
-320
-116
73
229
335
377
351
262
125
-47
-229
-400
-558
-692
-809
-918
-1014
-1104
-1181
-1231
-1242
-1199
-1099
-945
-742
-507
-264
-34
172
340
469
563
620
655
679
699
728
760
793
813
820
829
851
910
1020
1190
1422
1695
1970
2189
2280
2191
1921
1499
975
413
-123
-588
-943
-1179
-1315
-1383
-1420
-1454
-1489
-1514
-1508
-1451
-1326
-1132
-856
-519
-168
165
433
608
684
666
570
422
246
51
-152
-357
-574
-805
-1047
-1282
-1487
-1644
-1734
-1733
-1642
-1466
-1220
-936
-644
-367
-126
77
244
380
487
574
643
697
720
706
664
603
542
496
468
466
498
575
710
913
1186
1515
1885
2253
2564
2740
2705
2443
1988
1397
746
107
-463
-920
-1248
-1453
-1568
-1629
-1668
-1697
-1697
-1652
-1532
-1337
-1068
-728
-340
57
411
683
844
887
825
678
476
245
3
-237
-468
-698
-936
-1190
-1436
-1642
-1783
-1835
-1790
-1644
-1407
-1100
-758
-416
-104
145
333
465
547
589
598
580
546
488
408
305
189
88
19
3
47
150
306
508
762
1071
1432
1834
2263
2687
3031
3197
3111
2747
2153
1407
602
-177
-862
-1397
-1752
-1936
-1983
-1955
-1892
-1812
-1691
-1510
-1258
-942
-579
-177
239
625
932
1110
1145
1050
845
582
285
-24
-323
-602
-854
-1092
-1331
-1560
-1764
-1905
-1945
-1866
-1666
-1369
-1010
-627
-263
59
309
469
542
553
528
482
421
343
243
120
-19
-158
-278
-358
-368
-295
-139
88
367
669
986
1310
1644
1996
2381
2780
3145
3365
3318
2948
2279
1405
446
-478
-1269
-1861
-2210
-2323
-2241
-2046
-1817
-1598
-1374
-1114
-797
-436
-51
339
713
1029
1231
1280
1165
906
562
185
-184
-515
-799
-1028
-1201
-1332
-1449
-1553
-1634
-1666
-1608
-1436
-1168
-835
-484
-162
104
294
392
404
357
280
196
120
54
-24
-123
-244
-376
-499
-589
-620
-555
-378
-99
238
590
920
1213
1472
1708
1944
2204
2504
2838
3149
3305
3161
2649
1807
781
-263
-1183
-1880
-2305
-2436
-2311
-2007
-1624
-1262
-966
-721
-469
-186
129
452
740
963
1090
1079
919
631
254
-145
-500
-778
-975
-1104
-1183
-1227
-1258
-1290
-1316
-1317
-1261
-1125
-906
-632
-349
-100
80
173
183
132
44
-52
-128
-185
-224
-260
-315
-395
-490
-577
-630
-613
-503
-301
-18
308
625
898
1104
1251
1369
1504
1687
1946
2288
2683
3052
3256
3125
2573
1666
576
-489
-1355
-1929
-2190
-2164
-1921
-1565
-1197
-895
-682
-515
-329
-81
216
508
741
863
850
695
419
64
-310
-633
-857
-972
-1003
-992
-977
-985
-1016
-1065
-1112
-1117
-1054
-911
-697
-448
-211
-35
52
46
-25
-125
-226
-307
-351
-354
-342
-344
-372
-434
-509
-564
-572
-506
-361
-152
101
367
621
841
1019
1162
1275
1384
1518
1689
1916
2199
2515
2808
2964
2825
2301
1440
408
-576
-1352
-1844
-2045
-2003
-1772
-1429
-1064
-749
-519
-347
-165
62
322
565
718
760
692
513
246
-71
-389
-650
-821
-883
-871
-835
-814
-835
-882
-933
-968
-960
-890
-754
-560
-349
-176
-70
-50
-102
-192
-296
-384
-439
-457
-443
-421
-405
-415
-445
-471
-465
-410
-296
-127
69
278
482
668
824
943
1033
1105
1194
1325
1503
1731
2013
2338
2658
2876
2833
2398
1587
564
-443
-1248
-1762
-1979
-1946
-1721
-1378
-998
-653
-400
-216
-34
188
444
667
783
769
632
401
96
-248
-577
-842
-1004
-1052
-1014
-944
-884
-854
-840
-830
-816
-782
-718
-617
-488
-353
-242
-182
-189
-245
-327
-412
-483
-541
-575
-578
-554
-517
-483
-464
-441
-405
-344
-241
-105
60
239
419
595
746
867
959
1020
1066
1134
1246
1409
1631
1917
2267
2623
2871
2841
2408
1603
604
-376
-1163
-1673
-1900
-1859
-1609
-1233
-828
-492
-273
-134
5
183
386
554
626
587
443
210
-100
-456
-789
-1033
-1138
-1107
-995
-869
-772
-716
-701
-716
-739
-742
-701
-612
-474
-313
-174
-100
-106
-177
-280
-385
-459
-498
-508
-499
-470
-428
-384
-341
-314
-284
-234
-151
-38
80
190
292
380
459
549
646
747
853
968
1114
1293
1515
1796
2136
2514
2840
2951
2697
2038
1075
22
-918
-1599
-1970
-2046
-1866
-1507
-1069
-657
-345
-144
1
149
329
520
646
670
579
364
62
-283
-624
-894
-1051
-1081
-997
-865
-750
-682
-669
-677
-689
-688
-659
-596
-482
-331
-185
-91
-84
-154
-261
-364
-441
-496
-530
-534
-502
-448
-396
-363
-350
-329
-275
-184
-70
48
151
238
329
420
517
613
711
818
933
1062
1213
1397
1634
1934
2290
2656
2891
2814
2309
1414
324
-721
-1525
-1995
-2139
-1998
-1643
-1179
-713
-341
-103
43
177
350
546
694
725
621
395
80
-285
-650
-954
-1134
-1161
-1054
-880
-727
-628
-585
-573
-567
-562
-558
-542
-492
-385
-240
-109
-35
-46
-120
-206
-288
-354
-401
-430
-435
-411
-381
-354
-340
-327
-292
-227
-130
-21
81
171
252
330
425
536
656
780
898
1017
1148
1295
1463
1668
1937
2280
2621
2796
2609
1961
956
-173
-1173
-1873
-2231
-2257
-1997
-1537
-986
-475
-104
106
217
318
454
596
662
601
412
119
-240
-615
-950
-1179
-1258
-1173
-970
-735
-543
-438
-409
-425
-465
-505
-528
-505
-412
-258
-74
75
131
91
-20
-154
-270
-361
-417
-438
-437
-429
-429
-442
-453
-438
-381
-283
-162
-28
95
187
249
293
341
414
517
646
783
925
1070
1231
1419
1654
1954
2298
2612
2741
2515
1864
889
-187
-1128
-1776
-2078
-2062
-1785
-1337
-818
-339
14
219
328
420
531
630
651
548
326
16
-333
-671
-954
-1133
-1178
-1083
-882
-646
-457
-350
-322
-348
-393
-440
-468
-454
-382
-250
-92
34
74
12
-118
-264
-388
-473
-522
-543
-541
-521
-496
-460
-419
-364
-285
-192
-90
15
108
189
252
298
350
426
528
653
777
889
996
1106
1255
1461
1745
2102
2461
2680
2574
2027
1098
0
-1008
-1735
-2105
-2133
-1886
-1457
-946
-472
-128
69
164
237
346
471
542
504
341
89
-206
-504
-766
-959
-1046
-1010
-867
-674
-499
-386
-339
-327
-323
-326
-328
-324
-288
-200
-83
17
54
5
-105
-228
-337
-428
-494
-525
-517
-475
-413
-345
-277
-204
-129
-55
11
66
122
179
233
291
360
450
572
700
807
886
947
1019
1132
1306
1559
1889
2243
2500
2456
1962
1058
-46
-1063
-1773
-2106
-2096
-1834
-1413
-935
-502
-203
-55
2
71
210
394
537
557
430
198
-94
-396
-667
-880
-990
-963
-815
-608
-424
-316
-284
-298
-318
-326
-324
-311
-262
-163
-38
69
103
53
-54
-181
-287
-361
-408
-429
-427
-407
-378
-347
-319
-280
-228
-166
-96
-17
66
142
211
266
313
372
448
532
622
707
794
897
1020
1184
1417
1734
2115
2439
2500
2118
1287
195
-874
-1671
-2092
-2150
-1916
-1484
-971
-503
-174
-11
43
103
248
461
654
722
622
368
15
-365
-713
-967
-1065
-995
-795
-549
-350
-259
-265
-326
-383
-401
-379
-317
-224
-112
-1
76
93
44
-47
-146
-217
-263
-302
-341
-378
-401
-412
-407
-378
-318
-223
-108
5
99
161
198
218
226
232
252
311
413
536
656
753
827
905
1024
1225
1540
1959
2387
2615
2428
1742
687
-450
-1398
-1993
-2205
-2097
-1753
-1268
-764
-358
-110
10
105
267
498
713
806
710
452
89
-319
-701
-990
-1126
-1079
-887
-639
-436
-334
-321
-343
-352
-323
-272
-213
-142
-63
17
69
66
4
-91
-184
-247
-279
-315
-366
-423
-467
-487
-481
-435
-347
-211
-48
100
194
227
219
196
182
192
236
322
446
584
698
773
827
879
971
1153
1442
1832
2234
2451
2274
1618
606
-484
-1372
-1899
-2064
-1935
-1600
-1151
-698
-343
-137
-40
59
244
508
751
848
748
470
82
-331
-708
-982
-1103
-1052
-860
-620
-419
-307
-274
-272
-262
-223
-173
-133
-97
-62
-28
-14
-38
-105
-197
-273
-315
-327
-331
-348
-374
-396
-397
-379
-347
-286
-191
-72
41
115
133
114
96
90
102
141
211
311
428
539
628
698
778
904
1117
1428
1837
2267
2543
2462
1901
941
-157
-1104
-1709
-1940
-1869
-1594
-1210
-811
-482
-267
-138
-3
216
520
803
937
855
570
161
-269
-641
-899
-1013
-981
-840
-657
-498
-402
-363
-351
-317
-256
-184
-121
-87
-76
-76
-82
-96
-125
-167
-211
-239
-257
-280
-320
-366
-391
-387
-364
-334
-298
-241
-160
-76
-18
5
8
11
35
76
129
200
297
425
555
657
726
778
862
1024
1296
1680
2116
2454
2483
2053
1200
143
-823
-1488
-1793
-1795
-1594
-1282
-943
-650
-432
-268
-79
203
556
883
1048
965
666
238
-211
-588
-840
-945
-910
-778
-620
-494
-435
-432
-433
-401
-319
-210
-118
-68
-59
-77
-108
-146
-188
-226
-252
-260
-260
-279
-330
-390
-440
-458
-448
-417
-363
-281
-182
-93
-41
-31
-34
-15
43
135
245
356
462
557
624
667
710
796
967
1240
1603
2005
2356
2505
2279
1616
638
-380
-1164
-1582
-1661
-1519
-1283
-1029
-795
-600
-440
-265
-10
347
734
1011
1055
840
439
-22
-426
-714
-864
-884
-811
-700
-604
-560
-558
-553
-501
-386
-240
-120
-71
-95
-158
-206
-213
-188
-149
-125
-122
-147
-218
-335
-469
-563
-586
-545
-466
-389
-313
-229
-143
-59
-9
14
38
79
142
198
235
278
347
449
559
650
721
793
905
1086
1360
1727
2131
2440
2461
2051
1244
257
-639
-1248
-1532
-1572
-1466
-1287
-1078
-868
-667
-448
-161
214
627
956
1076
940
599
175
-224
-529
-712
-793
-803
-770
-733
-714
-705
-674
-587
-431
-240
-81
-7
-21
-77
-133
-156
-155
-162
-191
-234
-285
-341
-408
-480
-531
-536
-495
-424
-348
-284
-217
-149
-90
-49
-27
-5
41
116
204
294
383
471
552
614
655
706
798
961
1206
1530
1894
2217
2356
2149
1551
691
-191
-865
-1237
-1348
-1310
-1219
-1115
-999
-864
-684
-420
-60
373
775
1010
988
722
329
-53
-339
-511
-600
-647
-678
-706
-734
-761
-750
-669
-512
-307
-125
-26
-29
-96
-158
-168
-127
-77
-59
-109
-209
-324
-434
-516
-549
-533
-479
-412
-353
-306
-265
-216
-151
-85
-24
27
66
106
142
187
261
364
485
587
655
711
785
912
1117
1396
1728
2057
2256
2170
1714
947
91
-615
-1045
-1220
-1249
-1233
-1209
-1162
-1066
-889
-621
-256
182
600
879
933
759
459
154
-68
-199
-284
-374
-490
-618
-741
-832
-859
-794
-637
-426
-229
-114
-95
-137
-171
-153
-89
-18
-1
-51
-152
-269
-372
-439
-459
-439
-396
-363
-353
-354
-340
-291
-208
-109
-21
49
103
139
161
178
212
295
421
564
692
787
870
978
1145
1387
1692
2000
2194
2131
1719
1017
220
-448
-863
-1053
-1130
-1186
-1246
-1281
-1239
-1077
-794
-401
54
467
731
791
666
463
277
156
83
-7
-147
-342
-567
-764
-895
-930
-858
-706
-538
-418
-376
-386
-376
-303
-163
1
118
141
69
-65
-211
-328
-392
-398
-369
-340
-349
-400
-446
-448
-393
-294
-195
-116
-47
14
73
124
168
236
341
478
616
718
796
889
1025
1219
1469
1743
1991
2119
2003
1579
911
189
-379
-710
-863
-963
-1098
-1258
-1355
-1319
-1130
-801
-393
28
375
557
562
447
328
276
280
265
161
-47
-320
-589
-796
-915
-934
-873
-765
-652
-585
-562
-539
-455
-284
-58
144
251
244
149
18
-94
-171
-213
-234
-258
-305
-384
-478
-545
-535
-452
-331
-226
-158
-110
-55
21
101
188
281
395
533
657
762
857
968
1120
1316
1542
1781
1990
2083
1947
1542
936
309
-173
-465
-635
-804
-1028
-1251
-1384
-1362
-1177
-864
-482
-104
187
336
353
306
299
373
475
497
372
121
-176
-441
-641
-766
-829
-844
-831
-821
-832
-843
-805
-671
-444
-191
1
97
115
105
99
87
59
8
-64
-156
-265
-381
-479
-529
-513
-457
-410
-388
-375
-328
-218
-75
70
200
328
464
602
721
825
937
1084
1279
1497
1715
1912
2036
2011
1762
1289
715
202
-168
-425
-665
-951
-1249
-1464
-1515
-1395
-1150
-834
-490
-179
49
183
249
316
428
555
625
569
384
132
-112
-308
-466
-604
-729
-833
-914
-977
-1015
-995
-900
-734
-536
-352
-208
-99
5
109
203
252
233
157
40
-93
-219
-318
-380
-415
-442
-487
-538
-558
-516
-404
-245
-73
101
268
434
598
743
884
1040
1225
1433
1638
1833
2006
2131
2133
1924
1497
948
430
43
-244
-527
-864
-1224
-1498
-1614
-1562
-1392
-1156
-867
-558
-277
-61
93
242
429
627
750
734
594
403
231
73
-104
-315
-548
-760
-927
-1050
-1142
-1182
-1134
-1004
-836
-678
-545
-399
-207
15
212
326
351
320
259
178
82
-24
-126
-224
-330
-449
-574
-660
-656
-562
-421
-273
-122
39
223
422
611
784
955
1156
1390
1633
1860
2051
2184
2207
2060
1722
1253
775
364
17
-335
-740
-1163
-1512
-1698
-1719
-1618
-1450
-1239
-982
-707
-437
-185
66
328
573
750
809
760
661
560
462
320
107
-162
-445
-699
-911
-1083
-1204
-1256
-1230
-1155
-1063
-954
-801
-575
-302
-34
171
289
346
377
392
382
338
264
161
31
-121
-275
-399
-472
-490
-468
-408
-296
-131
59
242
400
569
785
1071
1387
1681
1923
2100
2201
2191
2042
1774
1444
1105
755
345
-140
-654
-1102
-1411
-1578
-1653
-1683
-1666
-1576
-1395
-1143
-855
-547
-229
82
349
542
660
730
775
788
735
599
385
132
-135
-406
-677
-933
-1139
-1269
-1337
-1366
-1359
-1297
-1162
-952
-702
-451
-219
-11
175
333
448
519
547
535
478
375
241
96
-37
-144
-234
-295
-314
-273
-177
-60
57
194
380
637
944
1262
1557
1800
1977
2049
1998
1839
1633
1426
1204
916
512
19
-469
-862
-1129
-1312
-1459
-1585
-1663
-1655
-1556
-1379
-1146
-869
-561
-259
5
229
422
590
729
812
820
749
620
447
231
-27
-299
-552
-772
-958
-1116
-1241
-1314
-1320
-1261
-1156
-1006
-813
-588
-350
-126
72
238
375
495
580
614
593
522
422
317
222
149
106
87
81
79
102
174
321
532
776
1022
1246
1435
1562
1597
1539
1425
1303
1176
1006
757
429
77
-244
-512
-748
-966
-1156
-1292
-1357
-1372
-1351
-1299
-1196
-1027
-812
-584
-360
-156
40
222
370
475
532
555
545
481
355
185
-4
-189
-375
-565
-754
-904
-1000
-1051
-1071
-1066
-1021
-927
-774
-576
-369
-170
10
166
298
409
500
569
606
607
573
520
473
442
424
413
413
447
529
654
809
984
1160
1318
1412
1406
1321
1209
1106
992
813
552
242
-39
-253
-419
-592
-799
-1005
-1154
-1212
-1195
-1151
-1115
-1076
-1012
-904
-752
-573
-388
-210
-58
71
176
253
306
318
286
218
128
27
-94
-242
-408
-565
-683
-773
-847
-909
-952
-948
-897
-814
-705
-585
-441
-270
-94
66
200
312
414
509
583
634
666
691
711
708
683
663
685
760
873
1002
1123
1233
1322
1358
1334
1270
1200
1125
1005
795
511
215
-31
-223
-404
-615
-840
-1027
-1134
-1173
-1185
-1191
-1175
-1109
-987
-838
-685
-538
-386
-222
-57
90
201
272
312
308
270
209
133
52
-46
-174
-320
-461
-588
-690
-778
-851
-901
-922
-911
-864
-785
-681
-557
-421
-279
-124
47
223
373
484
564
633
707
783
842
879
907
942
985
1035
1092
1165
1256
1317
1307
1235
1139
1071
1021
926
742
491
243
53
-99
-273
-501
-739
-918
-1018
-1070
-1124
-1185
-1215
-1180
-1083
-963
-850
-731
-581
-403
-224
-78
34
122
190
241
265
250
192
93
-34
-167
-297
-409
-500
-589
-686
-785
-857
-890
-883
-846
-799
-740
-656
-546
-418
-282
-150
-17
127
284
456
617
742
841
922
1002
1097
1190
1270
1345
1422
1489
1518
1469
1359
1240
1145
1062
937
740
493
260
79
-62
-206
-394
-592
-748
-849
-926
-1011
-1102
-1164
-1166
-1116
-1047
-979
-893
-776
-620
-447
-287
-148
-29
76
164
235
275
276
242
177
86
-11
-116
-235
-365
-499
-622
-713
-771
-804
-821
-826
-807
-754
-672
-567
-453
-334
-206
-58
103
264
418
564
718
889
1060
1209
1328
1433
1544
1657
1736
1729
1641
1514
1406
1323
1196
978
682
383
153
-12
-175
-385
-614
-802
-909
-959
-1006
-1075
-1136
-1145
-1104
-1036
-981
-941
-884
-792
-670
-540
-421
-314
-211
-115
-35
29
73
97
97
77
37
-16
-86
-178
-284
-392
-486
-563
-625
-680
-728
-755
-741
-688
-614
-536
-459
-375
-263
-120
42
205
364
530
706
894
1084
1253
1407
1558
1701
1805
1840
1808
1750
1697
1621
1486
1270
990
720
496
289
54
-232
-510
-718
-845
-934
-1045
-1168
-1256
-1258
-1190
-1111
-1051
-1002
-921
-791
-639
-512
-423
-348
-265
-177
-105
-73
-68
-67
-61
-59
-74
-111
-168
-235
-305
-367
-423
-475
-521
-576
-635
-674
-680
-654
-614
-566
-504
-417
-297
-163
-27
112
258
427
611
794
967
1142
1323
1498
1633
1698
1706
1710
1722
1709
1618
1434
1204
989
813
632
397
105
-189
-418
-575
-719
-895
-1086
-1232
-1293
-1282
-1248
-1230
-1202
-1125
-988
-826
-686
-566
-445
-304
-153
-28
44
75
91
96
92
59
4
-63
-137
-215
-291
-365
-434
-487
-529
-560
-581
-589
-581
-562
-531
-482
-406
-312
-208
-91
35
182
353
529
692
857
1039
1224
1376
1458
1479
1499
1546
1583
1549
1421
1240
1076
966
855
673
419
159
-37
-174
-312
-495
-716
-901
-998
-1029
-1056
-1101
-1138
-1127
-1055
-949
-854
-775
-691
-581
-442
-304
-184
-97
-33
24
71
102
118
104
63
1
-69
-139
-219
-304
-400
-496
-562
-605
-630
-643
-646
-626
-575
-496
-398
-288
-160
-4
165
328
487
664
870
1081
1241
1318
1344
1389
1464
1517
1483
1354
1192
1067
983
874
684
430
200
48
-58
-188
-372
-571
-709
-774
-809
-866
-946
-996
-979
-904
-827
-782
-753
-701
-604
-487
-385
-317
-261
-193
-120
-60
-27
-18
-18
-15
-14
-29
-62
-107
-150
-185
-222
-265
-315
-364
-402
-426
-434
-432
-422
-393
-333
-231
-102
36
173
318
501
710
913
1056
1130
1190
1284
1391
1435
1377
1250
1122
1040
973
849
635
390
201
83
-27
-188
-398
-589
-699
-742
-782
-861
-954
-991
-943
-860
-802
-781
-747
-668
-542
-418
-338
-291
-238
-155
-69
-22
-16
-22
-14
9
16
-16
-73
-120
-141
-156
-190
-242
-286
-305
-300
-288
-281
-276
-248
-187
-101
-1
91
180
287
416
567
716
829
890
936
1009
1098
1159
1149
1073
982
921
879
801
650
450
272
147
43
-96
-286
-477
-599
-655
-692
-763
-863
-926
-914
-855
-811
-806
-808
-767
-674
-565
-488
-444
-396
-316
-215
-134
-93
-75
-48
-7
32
41
21
1
-9
-16
-33
-66
-101
-133
-153
-172
-190
-200
-197
-171
-124
-55
34
138
259
395
549
703
833
924
984
1051
1130
1181
1165
1081
971
880
819
737
588
397
226
112
34
-74
-233
-400
-517
-565
-595
-665
-770
-845
-856
-812
-768
-766
-776
-746
-669
-574
-510
-491
-468
-416
-344
-280
-254
-249
-229
-185
-137
-113
-117
-126
-118
-92
-68
-62
-71
-79
-79
-67
-51
-41
-30
-5
51
127
204
272
343
442
574
712
817
873
921
995
1091
1160
1150
1070
983
933
905
832
673
465
284
165
59
-95
-298
-498
-628
-679
-720
-800
-901
-958
-934
-861
-809
-806
-812
-775
-678
-572
-506
-482
-460
-396
-305
-230
-202
-205
-195
-155
-104
-79
-90
-111
-110
-87
-69
-75
-101
-119
-119
-100
-82
-74
-65
-28
45
135
216
294
385
509
661
798
884
928
975
1052
1132
1161
1113
1024
947
904
862
760
590
410
277
188
92
-63
-253
-411
-501
-546
-617
-740
-869
-938
-940
-919
-922
-950
-956
-900
-799
-707
-655
-619
-552
-444
-336
-264
-235
-217
-173
-111
-68
-63
-88
-104
-90
-69
-64
-84
-105
-105
-82
-61
-55
-56
-30
37
119
193
258
326
434
578
723
825
882
934
1019
1123
1187
1176
1110
1041
1006
977
897
740
549
391
286
187
34
-165
-353
-468
-526
-590
-695
-814
-891
-893
-850
-827
-847
-869
-844
-764
-680
-643
-640
-627
-563
-464
-383
-348
-335
-302
-226
-137
-83
-71
-76
-60
-19
11
4
-28
-55
-56
-36
-29
-39
-40
-6
66
150
219
281
370
499
637
743
800
844
924
1024
1090
1084
1019
955
931
918
849
698
526
390
305
220
75
-110
-277
-378
-432
-500
-609
-735
-815
-830
-820
-833
-875
-903
-877
-814
-751
-727
-720
-680
-595
-496
-426
-393
-364
-310
-235
-169
-142
-142
-125
-83
-41
-26
-38
-46
-27
15
54
69
79
116
185
262
322
374
443
539
649
734
778
816
880
963
1020
1014
956
899
872
852
789
656
498
366
276
187
59
-102
-252
-357
-420
-485
-579
-683
-752
-771
-765
-776
-811
-834
-818
-765
-711
-688
-683
-664
-611
-540
-481
-445
-418
-377
-314
-249
-210
-187
-157
-108
-53
-21
-10
-1
23
61
94
113
127
159
217
285
341
398
476
581
698
786
833
870
936
1021
1072
1057
995
937
910
884
810
667
507
384
300
202
53
-127
-280
-370
-425
-498
-610
-722
-778
-775
-762
-784
-826
-850
-823
-761
-720
-715
-717
-690
-624
-552
-513
-493
-465
-407
-329
-271
-250
-236
-203
-146
-100
-83
-80
-64
-24
24
57
79
113
173
256
334
402
478
578
697
800
858
881
923
1001
1070
1079
1024
953
915
904
868
764
605
459
367
299
193
29
-144
-273
-341
-396
-490
-618
-728
-775
-771
-775
-817
-867
-886
-859
-809
-781
-774
-764
-718
-652
-593
-557
-534
-493
-429
-367
-324
-296
-261
-211
-159
-126
-105
-80
-37
19
69
104
140
200
277
351
413
477
566
672
773
835
857
891
964
1037
1059
1013
944
905
897
871
778
625
476
382
317
221
66
-107
-236
-308
-364
-448
-567
-670
-716
-714
-715
-750
-795
-806
-769
-719
-696
-697
-693
-657
-595
-545
-520
-506
-476
-423
-370
-338
-313
-279
-230
-177
-134
-104
-78
-42
5
53
95
140
196
258
325
390
461
546
641
730
791
827
875
943
1005
1018
971
912
868
840
789
687
548
419
327
253
154
15
-127
-228
-282
-327
-402
-497
-579
-614
-610
-616
-656
-708
-727
-706
-675
-661
-669
-677
-656
-606
-555
-525
-509
-478
-422
-362
-311
-276
-250
-214
-162
-110
-73
-49
-23
11
53
99
143
187
234
288
347
412
485
563
621
648
661
689
743
788
786
737
678
643
635
604
517
403
314
268
236
175
68
-49
-127
-165
-196
-259
-350
-423
-451
-455
-467
-502
-543
-549
-521
-489
-473
-473
-468
-437
-394
-360
-343
-337
-322
-293
-260
-235
-222
-215
-201
-177
-149
-126
-107
-88
-67
-34
8
51
87
118
152
192
237
286
334
373
403
418
423
429
445
463
464
439
401
374
361
348
318
268
212
178
160
140
101
48
4
-18
-28
-39
-58
-82
-91
-89
-87
-95
-108
-118
-123
-132
-150
-172
-195
-212
-228
-251
-275
-297
-302
-295
-290
-286
-282
-272
-253
-226
-204
-187
-167
-142
-114
-87
-67
-45
-22
5
31
49
70
95
123
150
169
186
202
223
242
256
267
273
274
272
265
257
243
227
210
185
154
121
95
73
48
24
-2
-18
-24
-26
-33
-43
-46
-45
-43
-44
-53
-64
-73
-88
-102
-116
-130
-145
-166
-189
-206
-220
-226
-232
-249
-265
-269
-261
-247
-237
-231
-219
-190
-149
-111
-84
-60
-27
18
66
102
125
142
167
199
222
229
227
223
227
229
225
211
194
179
170
164
151
134
114
97
84
72
59
38
20
3
-8
-20
-40
-62
-80
-95
-105
-117
-131
-144
-153
-155
-159
-165
-171
-169
-159
-151
-142
-140
-130
-118
-105
-89
-77
-67
-52
-36
-21
-10
-2
8
18
30
38
44
53
61
79
92
107
117
127
145
160
177
191
203
213
216
219
218
213
203
190
175
153
127
100
73
44
15
-13
-44
-67
-83
-94
-106
-115
-117
-116
-112
-103
-97
-94
-92
-88
-87
-93
-97
-103
-113
-119
-125
-129
-128
-130
-130
-129
-124
-111
-98
-85
-70
-56
-39
-21
-4
12
25
34
49
67
79
92
101
109
123
128
132
133
132
136
135
129
124
120
114
104
96
85
74
63
47
37
27
21
12
2
-8
-11
-18
-24
-30
-43
-52
-57
-62
-65
-74
-80
-78
-79
-82
-83
-85
-85
-83
-82
-83
-79
-75
-74
-74
-75
-80
-82
-83
-85
-88
-91
-89
-83
-75
-69
-62
-51
-30
-11
8
28
43
59
78
89
99
107
111
112
111
108
107
104
100
95
88
77
68
64
55
51
43
32
27
18
14
13
5
1
2
5
9
15
19
21
25
24
29
34
29
25
16
8
1
-9
-22
-35
-46
-59
-65
-72
-78
-78
-82
-84
-80
-77
-77
-76
-73
-68
-63
-57
-50
-45
-40
-32
-26
-19
-11
-1
7
13
23
35
48
59
73
85
90
95
99
103
101
98
94
86
75
64
55
44
38
36
26
19
13
10
12
9
3
-3
-6
-8
-7
-10
-14
-17
-18
-18
-19
-25
-34
-41
-49
-57
-66
-74
-86
-94
-101
-112
-117
-125
-130
-131
-131
-128
-121
-110
-96
-82
-67
-53
-39
-24
-4
16
30
42
53
61
72
83
89
92
92
96
97
96
97
96
93
90
90
88
82
80
74
63
53
44
35
21
9
-3
-13
-17
-26
-30
-34
-43
-43
-45
-47
-47
-47
-48
-47
-52
-56
-52
-49
-45
-44
-45
-48
-45
-42
-38
-34
-32
-30
-24
-20
-18
-15
-14
-12
-10
-11
-12
-9
-5
1
7
9
14
19
24
30
39
43
49
59
64
65
66
65
62
57
54
49
46
40
33
28
20
17
14
7
3
1
3
6
3
1
0
-1
-3
-5
-7
-13
-14
-17
-21
-27
-30
-33
-35
-32
-36
-35
-36
-34
-30
-31
-31
-30
-29
-29
-26
-23
-23
-23
-23
-23
-20
-18
-20
-17
-14
-11
-4
-3
-1
3
5
11
14
17
23
29
35
41
44
43
44
48
50
49
50
49
50
47
41
36
31
23
16
11
-1
-10
-14
-21
-22
-25
-26
-25
-27
-26
-24
-25
-23
-19
-18
-18
-16
-14
-15
-16
-17
-17
-18
-17
-16
-15
-14
-11
-10
-9
-10
-9
-8
-6
-2
-2
-3
-3
-4
-4
-4
-5
-3
0
7
13
16
16
18
23
26
26
28
25
23
25
23
21
17
14
11
7
4
2
1
0
1
-1
-4
-7
-8
-7
-8
-11
-14
-12
-12
-14
-16
-18
-19
-19
-18
-18
-18
-16
-11
-8
-8
-8
-6
-4
-3
-5
-10
-15
-17
-17
-19
-19
-24
-24
-22
-17
-11
-8
-5
2
8
14
21
26
28
31
31
29
28
28
27
26
19
14
14
11
10
10
13
14
13
16
16
14
14
15
13
13
13
12
13
11
13
15
11
8
7
4
2
-1
-7
-12
-16
-22
-25
-32
-35
-36
-37
-40
-42
-39
-39
-40
-38
-38
-37
-35
-32
-32
-30
-27
-24
-21
-20
-15
-15
-13
-5
1
5
9
15
22
26
32
34
29
31
33
35
35
31
29
23
17
16
11
9
6
5
8
10
13
16
16
20
25
27
30
30
33
36
35
35
30
28
25
20
16
8
0
-9
-13
-18
-26
-32
-38
-45
-47
-48
-47
-49
-49
-47
-45
-43
-41
-38
-33
-31
-23
-16
-16
-12
-10
-8
-6
-5
-1
-1
1
1
2
1
-2
1
1
0
1
1
-1
0
3
4
6
8
8
7
8
10
9
12
15
16
20
24
28
35
38
40
45
48
51
54
57
56
55
52
50
46
35
25
17
8
-1
-10
-17
-26
-31
-36
-44
-49
-49
-47
-44
-42
-39
-32
-26
-22
-18
-15
-10
-5
-1
2
4
2
2
0
-5
-8
-13
-17
-19
-19
-20
-21
-23
-25
-27
-27
-28
-25
-20
-19
-15
-12
-8
-2
-1
4
8
11
18
20
25
27
30
34
35
37
36
36
36
36
34
32
28
24
18
17
14
10
8
6
2
-5
-8
-14
-18
-20
-23
-20
-23
-28
-25
-23
-23
-20
-15
-12
-6
-4
1
6
7
6
6
4
4
4
2
-4
-8
-12
-16
-22
-24
-26
-27
-27
-27
-25
-22
-23
-20
-17
-11
-6
3
9
15
22
25
26
30
32
33
36
36
34
36
34
29
23
16
15
11
6
4
3
1
-4
-5
-9
-13
-11
-11
-12
-10
-10
-11
-9
-6
-5
-5
-5
-4
-5
-5
-7
-7
-8
-10
-10
-10
-9
-7
-6
-6
-3
-3
0
4
4
7
8
7
8
5
3
-3
-9
-13
-15
-15
-17
-16
-13
-10
-7
-5
-2
0
4
9
13
17
16
16
13
14
14
10
8
3
0
-2
-5
-9
-15
-17
-21
-25
-24
-24
-23
-22
-22
-18
-18
-15
-14
-11
-7
-4
1
6
7
7
8
10
9
9
8
5
3
4
4
2
1
2
4
10
13
18
22
22
25
27
28
24
23
24
22
20
18
15
11
4
0
-2
-7
-10
-10
-10
-11
-9
-5
-4
-4
-1
1
1
3
6
5
5
2
-1
-1
-2
-1
-4
-6
-7
-7
-6
-7
-7
-7
-8
-8
-8
-7
-9
-9
-8
-10
-5
-2
-4
-2
-1
0
0
-3
-6
-5
-6
-7
-8
-8
-5
-3
-2
0
4
6
5
9
13
19
22
21
21
22
18
19
21
16
13
8
3
-2
-11
-16
-20
-25
-29
-28
-27
-29
-30
-28
-24
-24
-21
-18
-16
-10
-7
-3
-2
-1
3
0
1
2
2
2
1
6
6
4
6
4
6
7
3
4
6
4
5
5
3
2
1
1
5
6
6
8
9
9
8
9
10
11
11
12
12
13
16
13
15
18
19
21
22
24
27
24
20
19
17
11
9
4
-1
-7
-9
-12
-14
-14
-16
-15
-15
-15
-12
-8
-7
-6
-1
1
3
6
5
9
8
7
6
7
5
4
5
6
6
6
2
2
4
0
-2
-1
2
2
0
-3
-5
-4
-7
-7
-9
-13
-11
-7
-7
-8
-9
-6
-7
-5
-5
-3
0
-1
0
-1
-1
0
-2
-4
-3
-7
-8
-8
-13
-13
-11
-15
-17
-15
-17
-18
-19
-20
-19
-20
-19
-18
-14
-12
-12
-3
-2
1
5
6
10
11
13
14
14
13
12
16
13
6
6
4
3
1
1
2
2
3
-1
-2
0
1
-1
-3
-2
1
0
2
1
0
0
-2
1
3
4
6
7
9
9
12
16
18
19
18
20
20
20
14
18
17
11
13
9
7
7
0
0
1
-1
0
2
3
2
5
6
6
8
12
10
10
14
12
15
16
14
18
17
15
11
8
4
2
0
-5
-12
-12
-14
-17
-20
-20
-22
-21
-20
-21
-17
-18
-22
-18
-16
-15
-14
-12
-11
-12
-11
-12
-12
-11
-11
-8
-8
-9
-6
-7
-5
-6
-4
-2
-2
-2
-3
-3
-4
-4
-7
-9
-11
-12
-11
-10
-9
-8
-5
-4
-2
3
6
7
9
9
14
17
17
19
18
18
19
16
15
12
9
9
7
5
2
0
-2
-2
-5
-8
-11
-11
-12
-10
-12
-12
-11
-13
-10
-11
-15
-10
-10
-10
-10
-10
-11
-9
-10
-11
-10
-11
-12
-11
-9
-7
-6
-7
-6
-6
-5
-4
-2
1
4
6
6
9
10
9
9
10
13
12
12
14
13
18
19
18
19
19
18
18
18
16
16
15
12
14
15
12
12
13
11
6
4
3
1
1
-1
-3
-1
-2
-2
-3
-3
-4
-5
-5
-5
-5
-6
-6
-2
0
1
1
3
4
2
4
2
3
3
1
2
4
3
1
2
2
0
3
4
2
4
3
2
5
5
4
6
9
7
6
5
2
0
1
-1
-4
-2
-3
-6
-6
-9
-11
-10
-10
-11
-9
-9
-11
-9
-10
-12
-10
-11
-8
-9
-10
-7
-8
-7
-8
-7
-6
-6
-6
-6
-10
-9
-6
-8
-7
-6
-7
-4
-3
-4
-2
-3
-3
-2
-2
-4
-4
1
-2
0
3
0
1
2
1
2
5
5
5
7
7
10
12
12
15
13
11
12
10
10
11
10
10
11
10
9
12
11
10
10
10
10
11
10
10
9
9
8
9
10
7
3
4
3
0
1
-3
-5
-3
-5
-3
-4
-7
-5
-4
-5
-5
-6
-6
-4
-5
-3
-2
-3
1
2
0
1
1
5
7
8
10
12
14
15
14
15
15
14
13
13
12
13
10
8
11
8
8
6
3
3
3
2
-1
-2
-3
-2
-1
-3
-6
-7
-7
-9
-12
-12
-15
-16
-15
-21
-21
-25
-27
-26
-29
-28
-24
-24
-26
-24
-25
-27
-24
-23
-23
-22
-23
-23
-19
-20
-23
-20
-18
-17
-16
-11
-7
-5
-2
0
1
5
6
7
10
10
10
12
13
13
12
13
16
17
15
16
19
20
23
23
24
27
23
19
18
19
16
15
13
7
5
6
4
6
4
2
4
1
-2
1
1
3
4
1
1
3
4
1
-3
0
1
0
0
2
7
9
9
9
8
7
8
9
7
10
12
9
11
10
10
13
14
11
13
15
14
14
17
18
16
16
13
10
11
9
6
6
6
2
-1
-5
-6
-10
-13
-15
-19
-23
-29
-31
-30
-34
-35
-33
-32
-33
-35
-35
-31
-27
-24
-23
-26
-23
-23
-21
-15
-17
-20
-20
-23
-26
-26
-22
-20
-21
-19
-24
-22
-18
-18
-12
-9
-12
-9
-2
5
11
16
17
17
19
19
22
28
33
36
39
36
35
32
26
25
22
19
15
15
11
7
2
-7
-12
-15
-18
-16
-18
-21
-22
-24
-25
-25
-20
-19
-21
-17
-15
-11
-2
5
6
6
6
5
6
11
13
14
11
5
-2
-4
-3
-4
-5
-7
-8
-4
-1
1
1
-1
-4
-10
-10
-7
0
11
18
18
21
25
26
30
27
24
22
24
30
30
24
8
-24
-75
-120
-130
-107
-82
-77
-83
-80
-63
-34
-4
19
38
51
50
48
56
64
54
-1
-100
-209
-294
-345
-371
-376
-361
-332
-302
-270
-218
-140
-45
37
94
137
178
227
276
314
331
331
311
272
217
167
139
114
76
16
-57
-155
-266
-364
-433
-468
-483
-496
-504
-476
-409
-319
-211
-96
8
82
140
206
274
339
394
428
420
370
310
259
213
174
132
68
-19
-110
-185
-230
-248
-254
-265
-277
-284
-276
-232
-157
-78
-4
53
87
122
174
234
288
328
340
331
310
293
284
275
261
226
175
132
104
92
81
59
26
-12
-37
-41
-32
-15
-3
-1
-1
3
21
46
76
93
92
83
80
88
104
120
123
104
65
29
16
21
26
20
-2
-33
-59
-64
-47
-30
-30
-49
-79
-107
-113
-94
-60
-40
-46
-64
-80
-80
-59
-27
3
10
-7
-23
-27
-13
9
22
12
-13
-44
-67
-66
-55
-55
-70
-92
-113
-124
-119
-103
-86
-79
-83
-86
-78
-59
-36
-15
-7
-7
-7
-1
13
28
34
29
13
0
-4
-4
-2
-6
-18
-32
-43
-50
-51
-50
-60
-72
-80
-88
-84
-66
-49
-40
-34
-29
-25
-15
-2
14
26
35
39
40
42
44
49
47
43
37
29
21
14
9
11
10
6
-1
-12
-18
-20
-15
-11
-12
-12
-11
-10
-10
-5
4
11
13
13
15
20
29
29
24
21
18
15
17
17
19
14
2
-11
-26
-35
-43
-47
-55
-64
-72
-80
-77
-71
-67
-65
-64
-62
-61
-54
-45
-45
-47
-45
-45
-46
-49
-54
-53
-50
-55
-63
-70
-76
-78
-78
-84
-94
-104
-109
-109
-104
-98
-94
-91
-86
-76
-67
-58
-52
-46
-36
-24
-13
-14
-20
-25
-29
-31
-33
-40
-47
-54
-64
-70
-72
-70
-68
-67
-69
-69
-64
-52
-40
-30
-27
-30
-34
-37
-33
-30
-31
-38
-53
-68
-82
-87
-83
-80
-84
-92
-98
-98
-90
-71
-54
-50
-57
-64
-65
-54
-38
-25
-19
-20
-24
-22
-20
-9
3
2
-7
-24
-36
-37
-24
-5
-3
-10
-21
-25
-15
4
24
32
32
27
20
21
29
35
31
12
-10
-30
-47
-53
-49
-47
-54
-69
-80
-82
-69
-49
-32
-26
-27
-31
-27
-15
4
18
20
18
11
12
19
29
33
28
24
23
32
46
70
91
112
141
172
210
264
323
389
450
505
567
629
688
738
769
778
768
755
744
726
706
675
633
588
550
522
499
480
461
439
417
404
395
388
385
379
366
348
336
338
352
369
390
413
431
456
491
529
561
587
603
608
614
623
630
635
633
629
628
632
644
652
656
656
651
637
618
600
580
550
519
482
441
402
366
335
303
269
233
194
151
114
74
30
-25
-91
-155
-221
-280
-334
-392
-443
-486
-524
-551
-567
-581
-591
-600
-609
-616
-624
-624
-616
-606
-595
-585
-580
-573
-554
-521
-488
-458
-431
-399
-364
-325
-285
-249
-222
-196
-173
-160
-152
-148
-152
-157
-165
-178
-188
-191
-194
-195
-199
-201
-200
-195
-178
-155
-128
-99
-72
-38
1
48
104
155
198
237
272
302
332
358
377
386
381
370
351
324
301
281
251
218
185
151
122
101
84
65
44
19
2
-8
-14
-13
-10
-12
-10
-6
-3
-2
3
6
-1
-11
-19
-29
-39
-44
-57
-77
-96
-113
-126
-138
-146
-154
-163
-176
-190
-203
-214
-225
-243
-268
-294
-317
-339
-362
-381
-399
-418
-434
-444
-451
-452
-452
-453
-451
-454
-455
-456
-454
-447
-442
-436
-434
-434
-427
-422
-415
-406
-405
-405
-399
-395
-385
-373
-359
-339
-321
-309
-295
-276
-252
-226
-201
-179
-165
-147
-127
-109
-89
-71
-56
-41
-24
-4
18
36
52
67
76
82
83
87
89
88
88
89
91
95
99
104
102
103
106
107
110
107
105
105
100
99
98
95
99
103
108
112
113
122
127
134
142
145
147
148
154
160
165
170
177
179
179
179
178
180
181
184
183
176
174
174
174
174
168
163
157
151
148
149
150
145
136
129
117
110
102
92
87
87
83
77
73
69
59
52
46
38
33
26
16
7
-2
-11
-17
-29
-37
-41
-45
-49
-51
-52
-55
-60
-62
-71
-79
-87
-96
-103
-110
-115
-117
-119
-123
-122
-125
-129
-135
-140
-146
-154
-159
-164
-173
-178
-185
-191
-201
-210
-214
-214
-216
-221
-228
-235
-237
-236
-231
-231
-227
-218
-209
-199
-186
-174
-160
-149
-139
-132
-127
-117
-107
-99
-90
-84
-77
-71
-63
-52
-44
-36
-29
-28
-25
-22
-16
-10
-13
-17
-24
-28
-27
-28
-28
-30
-38
-42
-44
-48
-50
-52
-53
-53
-52
-54
-52
-50
-46
-43
-44
-43
-45
-44
-36
-30
-27
-27
-29
-31
-28
-25
-24
-23
-21
-23
-19
-9
-4
1
6
10
13
13
16
22
27
26
26
25
22
25
29
31
32
31
30
26
25
28
27
24
25
24
22
17
17
16
17
16
15
12
2
-5
-11
-16
-19
-23
-31
-39
-42
-44
-43
-40
-40
-39
-39
-40
-37
-39
-35
-32
-32
-33
-36
-37
-36
-36
-33
-29
-26
-26
-27
-33
-35
-32
-30
-26
-24
-27
-31
-33
-30
-25
-19
-15
-14
-12
-14
-16
-12
-9
-8
-6
-10
-15
-14
-8
-3
1
4
3
-3
-4
-7
-7
-5
-8
-9
-10
-15
-19
-19
-17
-15
-17
-20
-23
-25
-23
-18
-17
-17
-21
-23
-28
-30
-30
-30
-33
-36
-37
-42
-45
-48
-49
-53
-54
-61
-64
-66
-68
-67
-65
-65
-61
-60
-59
-55
-52
-51
-50
-48
-48
-53
-54
-57
-60
-63
-66
-69
-70
-71
-71
-72
-72
-68
-62
-60
-60
-57
-56
-57
-55
-55
-56
-55
-55
-52
-48
-46
-45
-46
-48
-54
-55
-58
-60
-59
-58
-60
-60
-59
-57
-56
-56
-56
-53
-46
-40
-38
-35
-38
-40
-36
-35
-34
-32
-31
-29
-26
-25
-22
-19
-17
-14
-13
-12
-12
-14
-18
-20
-19
-21
-23
-26
-30
-33
-30
-24
-18
-13
-8
-2
3
9
17
23
28
33
37
42
45
49
54
55
57
61
62
60
64
68
69
72
71
68
67
64
65
67
66
66
65
62
60
60
61
61
56
51
49
44
45
45
48
55
58
57
57
58
60
66
67
67
69
66
66
66
67
69
74
78
78
80
78
74
70
64
61
55
49
44
39
34
32
33
38
37
38
40
38
39
42
45
49
53
52
52
49
45
49
45
43
44
43
40
37
40
44
45
49
49
49
48
48
48
48
47
45
47
45
43
44
40
38
34
29
27
24
20
18
15
16
14
9
8
8
6
8
8
8
10
12
12
12
14
16
19
22
22
22
22
22
21
21
21
21
20
16
15
15
14
18
19
20
20
21
20
16
19
21
21
25
25
23
23
20
20
25
30
34
37
38
39
40
42
46
48
49
50
50
49
50
53
58
58
55
52
48
45
43
42
39
38
36
32
27
25
23
25
23
21
22
18
16
18
20
20
22
22
22
21
22
21
20
21
23
25
25
24
22
18
18
17
16
18
17
17
18
18
17
19
20
17
15
14
14
11
10
12
9
6
5
0
-2
-3
-3
-5
-9
-10
-12
-12
-12
-13
-15
-16
-16
-19
-17
-20
-24
-24
-24
-25
-28
-27
-30
-29
-26
-29
-27
-28
-31
-28
-32
-33
-30
-29
-30
-31
-30
-29
-28
-29
-26
-22
-22
-19
-17
-19
-19
-17
-12
-12
-10
-8
-10
-8
-8
-7
-7
-7
-8
-12
-13
-13
-10
-6
-8
-8
-9
-12
-12
-11
-13
-11
-10
-14
-14
-14
-16
-15
-13
-13
-13
-10
-14
-15
-13
-13
-13
-14
-16
-20
-20
-20
-21
-22
-23
-24
-23
-26
-28
-30
-30
-29
-29
-32
-31
-29
-25
-23
-22
-22
-19
-18
-17
-18
-18
-17
-19
-19
-18
-17
-18
-17
-16
-12
-11
-10
-10
-12
-9
-10
-10
-9
-9
-9
-10
-11
-16
-17
-16
-19
-20
-23
-23
-24
-21
-21
-20
-16
-15
-14
-12
-9
-8
-5
-5
-6
-3
-1
1
0
2
5
9
11
10
14
15
14
17
17
19
20
20
20
18
20
20
22
24
22
23
23
22
26
27
27
32
33
31
32
32
32
33
33
31
32
32
30
30
31
28
28
27
27
25
24
23
22
20
17
14
12
10
10
7
5
4
3
5
7
9
10
8
8
8
5
4
6
7
6
3
7
10
9
12
9
6
6
6
3
3
5
3
-1
-1
-2
-3
0
1
1
-1
-1
0
1
3
3
1
5
5
5
7
8
10
8
10
10
8
8
6
10
11
11
10
11
11
11
11
10
10
7
5
4
1
0
-4
-3
0
-3
-8
-6
-3
-2
-2
-1
1
3
4
6
10
10
11
15
17
18
21
24
27
30
31
30
27
27
25
25
25
24
24
20
20
21
19
20
20
16
16
13
11
13
16
18
18
19
19
19
18
19
16
14
13
9
10
8
5
7
9
9
8
5
5
2
1
0
1
3
3
2
3
2
0
-1
-3
-5
-9
-12
-12
-8
-8
-7
-4
-3
-3
-4
-1
2
3
2
5
6
6
9
7
6
6
4
4
3
3
2
0
-1
-3
-6
-7
-7
-7
-11
-12
-11
-10
-12
-14
-14
-13
-14
-16
-17
-14
-15
-15
-15
-16
-19
-20
-19
-20
-20
-20
-20
-16
-15
-16
-16
-15
-12
-11
-10
-10
-9
-6
-7
-7
-9
-12
-13
-12
-11
-11
-9
-6
-6
-6
-7
-7
-6
-9
-9
-7
-9
-9
-7
-7
-3
1
0
-2
1
-1
-2
-3
-5
-6
-5
-6
-6
-9
-12
-13
-14
-17
-20
-20
-19
-17
-17
-17
-16
-15
-14
-14
-16
-15
-14
-13
-14
-13
-11
-13
-15
-13
-12
-14
-12
-14
-15
-12
-11
-12
-13
-14
-15
-16
-19
-19
-20
-24
-22
-20
-21
-21
-17
-17
-16
-14
-12
-12
-9
-8
-9
-6
-7
-5
-2
-4
0
1
0
-1
-1
-1
-2
-2
-1
0
0
0
-1
-3
-5
-3
-3
-8
-11
-8
-12
-11
-7
-6
-7
-6
-4
-5
-4
-2
-2
-2
-1
1
3
6
8
8
7
6
9
8
6
5
5
4
0
-1
0
1
-3
-1
-1
-5
-6
-5
-7
-8
-10
-14
-15
-17
-18
-18
-19
-20
-19
-19
-21
-22
-18
-21
-22
-20
-21
-21
-20
-18
-18
-17
-14
-12
-14
-14
-13
-12
-14
-13
-12
-10
-8
-5
-1
-2
0
0
-1
1
1
3
5
6
11
11
10
12
13
11
10
11
11
8
10
9
10
12
11
8
8
10
12
9
9
5
5
5
2
2
3
3
3
4
6
6
4
8
6
8
12
9
11
13
11
11
11
12
8
6
9
6
5
3
3
4
-1
-4
-1
-1
-1
1
2
1
1
3
3
3
5
6
6
5
8
9
9
13
11
12
13
10
11
10
11
8
8
8
8
10
9
11
12
8
6
6
5
3
2
1
-2
-9
-12
-14
-16
-18
-18
-19
-22
-22
-23
-22
-20
-17
-16
-18
-15
-10
-10
-5
-3
-3
-1
-2
-3
-2
2
3
3
3
1
2
3
3
6
3
2
5
3
3
4
2
7
6
6
8
7
9
9
6
9
7
8
7
5
8
7
7
5
3
2
2
3
-1
-1
-1
-5
-6
-3
-3
-1
-2
-1
-2
-6
-3
-6
-6
-4
-6
-2
-5
-5
-1
-2
0
5
3
7
7
7
12
9
7
9
11
9
9
10
12
14
14
13
13
14
13
14
9
9
8
6
7
6
8
6
4
5
5
5
6
5
4
4
3
5
6
4
3
2
3
5
-1
-3
-2
-6
-7
-6
-7
-7
-9
-8
-9
-9
-9
-10
-12
-13
-12
-12
-13
-13
-12
-13
-12
-10
-10
-7
-4
-5
-5
-6
-5
-6
-6
-5
-3
1
1
2
3
3
4
2
5
3
5
6
3
4
6
7
6
5
7
7
8
10
10
8
6
6
3
3
2
3
2
1
-2
-4
-2
-1
-2
-2
-3
1
4
1
3
3
1
3
3
6
5
5
5
3
0
-1
-2
-1
0
1
1
1
1
1
1
0
3
2
1
1
4
5
6
5
5
4
3
3
2
2
1
0
0
-1
-2
-3
-6
-4
-4
-4
-7
-5
-4
-6
-6
-5
-4
-2
-4
-5
-3
-3
-4
-2
-2
-2
-3
-1
-2
-3
-2
-4
-5
-6
-5
-4
-6
-5
-5
-4
-2
-4
-4
-4
-5
-5
-5
-2
-2
-2
-3
-3
-2
0
-1
2
4
4
5
7
8
10
9
8
5
6
8
7
8
6
7
6
2
3
3
1
0
0
0
-1
1
1
-1
-2
-3
-3
-3
-5
-5
-5
-6
-5
-6
-6
-5
-5
-5
-5
-6
-3
-2
-4
0
-1
-1
0
1
2
1
5
5
7
10
7
9
7
9
11
10
10
9
9
11
11
13
14
13
14
13
11
13
8
6
6
3
7
5
2
2
0
0
-4
-6
-5
-9
-8
-7
-8
-12
-13
-12
-12
-10
-10
-11
-11
-11
-10
-9
-5
-2
-1
0
1
1
1
5
8
8
7
11
11
7
10
9
6
6
7
8
10
10
11
11
14
12
12
11
9
9
6
5
5
4
5
6
6
5
1
0
0
-5
-5
-6
-7
-6
-8
-8
-7
-9
-7
-9
-7
-7
-11
-11
-12
-10
-12
-15
-11
-9
-11
-11
-12
-13
-14
-16
-16
-15
-17
-16
-17
-14
-11
-11
-7
-6
-4
-2
-2
0
-1
0
-2
0
1
1
5
5
3
3
4
4
3
1
0
0
1
1
1
1
1
2
2
3
3
3
2
0
3
2
0
1
1
0
1
2
3
1
1
2
3
4
3
-1
-2
-1
-3
-2
-3
-3
-3
-3
-2
-2
-4
-2
0
0
1
0
1
2
0
-3
-2
0
1
2
2
5
5
4
2
2
2
3
2
2
3
3
4
5
3
4
2
2
2
-3
-4
-3
-6
-8
-7
-8
-6
-6
-4
-4
-3
-3
-5
-2
-4
-7
-6
-3
-1
0
0
0
-1
0
0
0
1
0
-1
-2
-1
-1
0
2
4
2
1
4
3
4
4
3
2
0
3
4
3
5
7
7
7
6
5
5
5
4
5
4
5
7
8
9
10
12
11
11
10
10
9
7
7
6
5
5
4
4
1
0
1
0
2
3
4
2
3
4
2
5
6
2
3
5
6
5
6
6
4
3
4
4
4
3
1
1
3
-1
-4
-2
-1
-3
-3
-4
-6
-6
-6
-7
-4
-4
-5
-4
-3
-2
-4
-5
-3
-5
-8
-6
-4
-4
-3
-4
-4
-4
-5
-5
-6
-6
-6
-6
-7
-10
-6
-9
-12
-9
-10
-9
-8
-7
-8
-9
-8
-6
-7
-7
-5
-5
-4
-3
0
-2
-4
-5
-4
-2
-1
0
1
3
2
4
2
2
4
3
4
4
3
3
2
4
5
5
4
3
4
2
1
2
2
4
2
2
3
4
2
3
4
4
3
1
1
4
6
5
6
9
6
6
5
5
4
1
2
3
2
3
2
2
4
2
3
3
1
1
-1
0
-2
-3
-2
-4
-1
0
-2
-1
-3
-4
-3
-2
-2
-2
-1
-1
1
4
3
2
0
-2
-1
-2
-4
1
0
-1
1
-1
-1
-4
-6
-5
-7
-5
-2
-4
-4
-3
-1
0
-2
-2
-2
-2
-1
-2
-1
1
1
1
3
2
2
3
2
3
4
3
3
3
3
0
0
1
-1
-2
-1
-3
-5
-5
-6
-5
-7
-7
-6
-7
-6
-6
-7
-8
-10
-7
-5
-6
-2
-1
-3
-3
-2
-2
-1
-1
-2
-2
0
0
-1
-1
-1
-1
0
-1
1
0
0
3
2
-1
1
3
3
2
3
6
5
4
3
2
3
3
-1
-1
-1
-1
2
2
1
-1
0
0
-2
1
1
1
4
4
5
6
2
0
1
3
2
2
3
4
4
4
4
5
3
4
5
5
8
7
8
8
6
6
7
8
9
8
10
11
12
13
12
12
12
13
13
13
11
8
11
9
7
10
8
7
6
8
9
7
6
5
5
3
1
2
0
-4
-3
-1
-1
-4
-5
-5
-6
-7
-4
-7
-8
-6
-6
-9
-8
-8
-10
-10
-9
-9
-11
-11
-10
-11
-12
-11
-10
-10
-9
-8
-7
-7
-6
-8
-8
-8
-10
-8
-6
-6
-5
-6
-4
-4
-5
-6
-8
-4
-3
-3
-3
-2
-3
-5
-3
-3
-4
-1
-2
-4
-6
-3
-1
-4
-6
-6
-10
-8
-5
-6
-7
-5
-6
-5
-5
-5
-6
-6
-4
-3
-5
-6
-6
-7
-6
-8
-11
-9
-9
-11
-8
-8
-11
-8
-7
-9
-8
-8
-6
-8
-6
-2
-7
-5
-3
-3
-4
-3
-3
-2
2
4
4
7
7
5
7
10
10
10
14
14
14
16
17
16
17
16
16
17
19
17
15
18
17
13
12
11
11
11
11
9
9
12
10
8
9
5
3
4
3
2
2
2
2
0
-1
-3
-4
-4
-3
-5
-6
-4
-5
-4
-5
-6
-5
-6
-4
-7
-7
-6
-5
-5
-4
-5
-7
-3
-1
-2
-2
-5
-4
-1
1
3
1
6
7
5
7
7
4
7
9
6
6
6
6
9
8
9
