5
4
4
5
5
6
6
6
4
4
6
6
3
2
1
3
3
3
4
5
5
3
4
4
3
2
0
-1
-1
1
-1
-3
-2
-3
-5
-5
-8
-10
-10
-10
-11
-15
-15
-14
-12
-13
-12
-11
-12
-8
-10
-8
-7
-8
-6
-7
-6
-3
-1
-1
1
0
-1
0
-1
-1
1
0
1
2
3
1
2
3
1
0
0
3
1
-2
0
-2
-2
-1
-1
-1
-2
-2
-2
-2
-3
-4
-5
-7
-5
-5
-7
-5
-7
-8
-7
-7
-5
-4
-4
-1
0
0
3
3
3
7
11
8
10
8
7
9
9
9
12
12
13
13
10
9
9
9
10
10
10
9
9
8
6
5
5
3
3
4
3
1
1
2
0
-2
0
0
-2
-5
-6
-7
-8
-3
-3
-3
-1
0
-1
-3
-4
-6
-6
-2
-2
-1
4
2
5
6
1
2
1
1
3
2
4
3
3
3
2
1
1
0
-1
0
-1
1
1
-1
-1
0
2
0
1
0
1
3
3
2
0
0
3
1
-3
-4
-7
-8
-9
-10
-10
-8
-7
-8
-8
-10
-9
-9
-10
-9
-7
-9
-9
-8
-8
-8
-6
-6
-5
-4
-5
-9
-10
-9
-8
-6
-6
-5
-5
-6
-5
-6
-6
-5
-5
-2
-1
-1
-1
-1
0
1
1
3
4
6
4
3
3
2
3
4
2
1
1
4
4
2
3
4
5
5
6
7
6
5
7
8
5
6
7
6
5
3
1
0
-1
-3
-4
-4
-2
-2
-1
-4
-3
-3
-6
-4
-5
-2
2
1
-1
2
3
3
2
3
5
8
10
9
8
9
9
9
11
11
11
10
9
11
9
5
5
7
7
7
6
4
4
4
2
0
2
4
6
8
7
8
7
5
7
8
3
4
3
2
4
2
2
4
1
0
-2
-3
-3
-2
0
1
1
0
0
1
1
-3
-5
-5
-5
-4
-4
-6
-6
-3
-7
-10
-8
-9
-6
-6
-10
-9
-9
-11
-9
-11
-13
-11
-12
-14
-12
-11
-10
-10
-11
-11
-9
-9
-9
-4
-4
-4
-2
-3
1
2
1
3
4
6
6
9
8
10
10
10
12
14
14
14
13
12
10
9
12
13
12
12
9
8
8
7
5
2
4
3
1
1
0
0
-1
-2
-1
-1
-1
-2
-4
-4
-2
-5
-5
-3
-5
-4
-6
-7
-8
-7
-7
-7
-4
-5
-6
-3
-5
-3
0
0
0
3
5
3
4
4
5
5
9
10
10
8
9
7
10
10
9
8
6
7
6
3
0
1
1
-1
0
-1
0
-1
-3
-3
-5
-4
-5
-6
-3
-3
-4
-6
-6
-7
-7
-9
-11
-12
-11
-10
-9
-7
-8
-11
-10
-10
-8
-7
-6
-2
-2
-4
-4
-3
0
1
3
1
1
4
5
5
6
6
6
7
5
7
7
7
6
4
4
5
4
7
8
8
6
6
5
7
9
10
11
11
10
10
9
11
10
6
7
6
3
2
2
1
0
-2
-1
-5
-4
-6
-9
-8
-10
-11
-12
-13
-12
-10
-10
-11
-11
-10
-10
-6
-6
-4
-5
-7
-4
-4
-3
-2
-1
0
1
0
-3
-3
-2
1
2
2
0
-3
-2
-2
-1
0
1
2
1
3
1
2
5
2
3
4
2
3
3
2
3
2
4
4
4
3
0
1
0
-1
0
-2
-3
-6
-7
-7
-8
-8
-11
-11
-9
-11
-9
-11
-10
-8
-10
-8
-6
-8
-5
-5
-5
-4
-4
-2
2
2
4
5
5
8
8
7
5
7
9
7
7
6
6
5
5
6
3
6
7
4
2
2
3
4
4
8
7
6
6
7
6
3
6
7
7
6
3
1
1
0
-1
-2
-3
-1
-3
-4
-4
-5
-7
-11
-10
-8
-6
-4
-3
-4
-3
-2
-3
-4
-3
0
1
2
5
6
5
2
4
2
1
1
1
0
-2
-2
-2
-3
-3
-4
-2
-1
-1
-1
-5
-7
-3
-3
-3
-4
-7
-6
-7
-4
-5
-6
-5
-8
-6
-9
-10
-7
-11
-9
-7
-8
-8
-8
-6
-5
-6
-4
-5
-6
-6
-8
-5
-3
-3
-3
-4
-2
-1
-1
-2
-1
-1
-1
-1
2
3
4
3
1
3
1
1
3
1
6
6
5
9
9
13
13
14
14
12
12
10
8
8
10
8
7
7
9
6
5
6
4
7
6
6
5
2
1
-1
0
2
4
6
5
7
7
1
-1
0
0
-2
-3
-2
0
-2
-4
-5
-7
-9
-10
-9
-9
-13
-10
-10
-10
-7
-8
-10
-9
-6
-6
-9
-8
-5
-5
-6
-8
-8
-7
-5
-4
-6
-4
-3
-4
-2
-2
-6
-4
-5
-2
1
1
1
2
4
5
3
1
2
5
5
5
6
4
5
5
7
10
9
6
6
5
4
2
2
3
5
4
2
3
1
-1
-4
-6
-6
-6
-3
0
-2
-2
-4
-5
-7
-4
-3
-5
-4
-3
1
1
1
1
2
3
5
6
6
8
6
6
6
4
3
2
2
3
4
3
4
5
7
5
4
1
-2
-1
0
0
1
1
1
3
3
2
-2
-4
-3
-3
-2
-2
-4
-6
-7
-11
-13
-14
-18
-19
-19
-22
-19
-19
-24
-23
-23
-21
-21
-23
-20
-19
-22
-20
-20
-19
-18
-18
-14
-12
-10
-8
-7
-5
-4
-5
-4
-6
-5
-7
-8
-5
-7
-6
-6
-6
-2
-2
-2
1
-2
1
2
1
4
6
6
7
9
9
7
8
8
9
10
9
8
7
6
4
5
5
5
3
0
1
0
1
0
1
1
0
0
2
1
0
2
3
2
2
3
3
1
0
1
1
-1
0
3
5
6
4
4
3
3
3
5
8
11
10
9
11
11
11
13
12
16
16
16
16
17
18
16
17
17
17
16
18
17
14
11
9
9
6
7
6
0
-1
-5
-9
-12
-15
-17
-22
-24
-28
-33
-35
-38
-39
-40
-44
-45
-47
-49
-50
-50
-49
-48
-50
-47
-46
-45
-44
-43
-41
-41
-39
-35
-34
-29
-25
-24
-21
-16
-12
-10
-8
-5
-4
-2
1
7
13
16
21
25
25
30
32
34
37
39
43
44
46
49
50
50
52
50
51
54
53
52
50
46
43
42
40
35
33
30
26
24
21
17
15
12
8
5
0
-2
-5
-8
-10
-11
-15
-19
-22
-27
-33
-31
-32
-33
-33
-33
-33
-31
-37
-39
-37
-37
-37
-36
-35
-36
-35
-36
-37
-36
-39
-36
-36
-37
-40
-41
-43
-46
-52
-58
-63
-62
-64
-66
-68
-71
-73
-78
-82
-83
-84
-84
-89
-94
-98
-101
-106
-111
-116
-120
-121
-125
-130
-135
-139
-141
-141
-147
-152
-153
-155
-152
-155
-157
-155
-151
-148
-141
-135
-125
-113
-103
-89
-76
-60
-41
-21
-2
20
44
70
99
128
157
191
226
256
290
328
364
402
438
472
509
545
582
617
650
683
716
746
775
801
824
847
865
881
896
907
918
927
930
929
927
924
919
906
896
886
871
856
835
816
798
774
750
723
694
662
629
594
557
521
479
440
400
354
311
269
224
182
136
93
52
11
-28
-67
-103
-140
-175
-208
-235
-262
-285
-309
-332
-352
-370
-391
-410
-427
-447
-464
-481
-494
-509
-524
-536
-549
-559
-570
-582
-592
-600
-607
-610
-614
-614
-613
-612
-611
-610
-609
-606
-599
-592
-582
-568
-553
-534
-516
-498
-479
-462
-441
-423
-406
-388
-372
-353
-332
-315
-294
-278
-259
-237
-219
-201
-184
-167
-152
-135
-122
-112
-105
-99
-95
-91
-88
-84
-87
-89
-91
-95
-102
-114
-129
-149
-171
-195
-222
-251
-283
-312
-342
-373
-405
-434
-462
-492
-521
-549
-571
-592
-613
-630
-646
-661
-673
-684
-696
-701
-704
-703
-696
-684
-672
-652
-623
-590
-552
-509
-461
-409
-356
-304
-247
-189
-133
-80
-25
31
84
132
174
207
235
253
262
265
257
243
220
193
160
120
73
23
-35
-101
-174
-260
-355
-456
-569
-688
-811
-928
-1037
-1130
-1194
-1225
-1217
-1175
-1095
-988
-861
-724
-583
-444
-317
-201
-96
0
90
169
239
306
369
429
493
559
627
697
761
814
854
877
883
871
843
801
757
709
663
621
580
554
537
530
535
548
574
605
642
682
722
765
804
839
868
895
914
919
919
911
898
879
852
818
780
741
699
650
599
541
482
421
356
290
224
157
96
37
-20
-70
-116
-154
-194
-232
-262
-289
-312
-327
-340
-345
-345
-340
-334
-327
-317
-305
-292
-279
-267
-257
-247
-240
-235
-234
-239
-241
-246
-251
-253
-254
-256
-252
-250
-245
-239
-231
-222
-213
-201
-194
-183
-172
-162
-151
-141
-128
-115
-104
-97
-92
-86
-82
-79
-80
-76
-72
-73
-70
-70
-71
-75
-78
-80
-84
-89
-96
-105
-108
-114
-125
-129
-135
-140
-140
-142
-144
-142
-142
-142
-139
-135
-132
-132
-129
-125
-125
-122
-118
-113
-107
-103
-96
-86
-83
-78
-74
-76
-74
-77
-79
-80
-82
-82
-82
-83
-82
-83
-81
-82
-81
-78
-76
-73
-71
-70
-68
-62
-55
-50
-46
-40
-34
-30
-24
-20
-16
-11
-6
0
5
11
17
21
27
37
43
50
53
58
63
66
71
77
79
84
87
88
90
91
88
86
81
76
67
56
46
34
22
11
2
-8
-11
-13
-11
-8
-8
-4
-1
1
4
4
8
9
14
24
27
35
43
48
50
53
60
62
62
67
72
72
76
77
78
84
91
100
109
119
130
138
144
151
154
156
158
162
167
170
175
177
180
184
188
190
190
190
188
183
176
171
162
154
145
138
135
132
130
134
136
137
140
143
145
150
154
158
161
162
167
168
168
171
174
174
174
171
167
158
154
146
135
126
119
115
106
101
97
88
88
86
83
83
84
82
74
69
67
62
59
55
51
48
45
42
38
34
32
30
27
23
22
21
20
18
17
12
10
7
3
-4
-11
-19
-24
-28
-37
-47
-56
-65
-78
-94
-107
-122
-135
-152
-175
-195
-218
-239
-263
-285
-305
-325
-340
-353
-365
-371
-373
-376
-377
-377
-372
-366
-360
-350
-338
-321
-306
-288
-269
-249
-226
-204
-184
-161
-138
-116
-91
-66
-45
-22
1
18
37
55
67
81
95
110
125
142
157
172
190
206
222
241
265
289
311
336
360
383
403
425
447
466
480
494
508
522
532
541
547
549
550
550
548
541
534
524
510
493
476
459
441
420
398
376
358
338
317
297
275
254
233
212
195
177
162
146
129
114
97
81
64
50
39
26
12
0
-12
-21
-32
-43
-50
-57
-69
-80
-87
-94
-102
-107
-111
-115
-119
-121
-119
-117
-117
-120
-120
-118
-118
-117
-117
-119
-119
-118
-116
-118
-122
-123
-123
-122
-120
-119
-113
-111
-109
-106
-105
-102
-101
-100
-98
-98
-99
-98
-99
-98
-98
-101
-104
-111
-117
-118
-125
-131
-134
-137
-140
-144
-148
-153
-152
-155
-158
-157
-155
-156
-157
-160
-163
-164
-166
-165
-168
-171
-175
-179
-182
-189
-194
-197
-202
-207
-205
-203
-205
-206
-204
-204
-207
-208
-208
-204
-203
-199
-194
-188
-180
-176
-168
-159
-149
-135
-127
-116
-106
-95
-87
-80
-74
-68
-61
-56
-54
-50
-46
-41
-43
-41
-41
-40
-35
-32
-29
-26
-24
-17
-11
-9
-5
-1
1
0
4
7
12
17
18
22
25
29
30
34
38
38
38
42
45
45
46
45
46
52
53
55
58
62
67
70
75
81
88
96
101
108
119
125
127
130
132
134
136
134
136
141
143
143
144
141
139
142
139
135
134
130
126
119
112
107
99
94
86
80
75
68
61
56
51
46
43
39
35
30
24
17
12
8
6
2
-3
-8
-15
-17
-23
-34
-37
-40
-44
-43
-45
-45
-44
-47
-46
-41
-35
-32
-30
-23
-14
-5
1
9
14
21
30
39
48
54
61
68
71
76
81
87
90
89
93
96
95
92
90
87
82
75
69
63
59
52
49
43
35
29
19
10
3
-5
-12
-23
-33
-40
-47
-54
-63
-70
-77
-82
-89
-98
-103
-106
-109
-113
-115
-114
-116
-115
-111
-110
-103
-97
-94
-88
-79
-73
-65
-59
-54
-45
-36
-26
-18
-12
-4
3
6
11
19
25
31
35
41
46
49
53
59
63
67
70
76
82
87
89
88
90
91
87
86
80
75
73
65
55
45
35
21
10
-3
-17
-29
-42
-56
-71
-85
-99
-110
-120
-131
-142
-150
-163
-171
-176
-182
-183
-189
-193
-194
-193
-195
-193
-188
-186
-183
-177
-171
-165
-157
-151
-143
-131
-120
-109
-97
-83
-67
-52
-35
-19
-1
17
31
51
74
94
112
131
150
167
179
189
203
214
223
233
238
247
250
252
252
251
247
240
235
224
211
198
180
167
147
124
104
82
59
38
14
-15
-37
-60
-83
-108
-136
-158
-180
-202
-223
-244
-258
-273
-290
-302
-310
-320
-326
-327
-325
-321
-315
-307
-292
-275
-254
-233
-211
-183
-154
-127
-92
-60
-27
11
48
83
120
158
195
229
261
293
324
351
377
397
416
434
446
453
456
457
455
447
435
423
406
383
363
338
306
275
235
198
162
120
78
32
-12
-56
-104
-152
-203
-254
-299
-347
-393
-435
-476
-512
-545
-577
-603
-625
-645
-660
-667
-674
-671
-663
-652
-631
-606
-578
-543
-502
-457
-406
-352
-295
-234
-171
-107
-42
27
98
168
235
304
368
435
496
553
610
659
707
750
787
820
846
867
885
895
897
892
883
865
839
806
768
720
668
611
546
471
394
310
220
129
32
-67
-165
-265
-366
-468
-567
-659
-752
-840
-923
-998
-1065
-1123
-1169
-1207
-1234
-1253
-1261
-1253
-1236
-1206
-1164
-1109
-1044
-971
-891
-797
-696
-588
-471
-352
-227
-98
28
156
281
408
532
652
770
882
987
1088
1181
1263
1339
1404
1457
1504
1537
1557
1567
1564
1548
1519
1478
1421
1353
1274
1185
1084
969
845
713
572
426
271
113
-46
-210
-374
-536
-697
-854
-1007
-1153
-1293
-1421
-1536
-1641
-1736
-1813
-1875
-1923
-1953
-1968
-1964
-1942
-1904
-1846
-1774
-1684
-1580
-1462
-1332
-1189
-1036
-876
-704
-527
-342
-159
24
210
392
569
743
908
1067
1218
1359
1488
1606
1710
1801
1880
1950
2002
2037
2061
2069
2057
2033
1989
1932
1862
1778
1682
1573
1453
1320
1176
1018
850
677
499
319
134
-51
-231
-410
-589
-762
-929
-1089
-1242
-1387
-1520
-1636
-1741
-1832
-1907
-1966
-2014
-2048
-2065
-2069
-2055
-2027
-1984
-1922
-1848
-1757
-1654
-1543
-1419
-1285
-1142
-992
-835
-676
-513
-347
-183
-14
155
318
480
636
783
924
1058
1185
1304
1413
1515
1603
1681
1753
1809
1854
1886
1907
1920
1921
1904
1874
1833
1779
1714
1636
1546
1445
1335
1215
1088
953
808
654
498
337
174
11
-153
-311
-465
-614
-758
-899
-1030
-1154
-1268
-1373
-1471
-1554
-1625
-1686
-1734
-1774
-1798
-1808
-1811
-1802
-1778
-1743
-1701
-1648
-1585
-1509
-1427
-1334
-1236
-1133
-1019
-899
-775
-647
-513
-381
-249
-118
13
146
276
402
527
648
765
875
979
1075
1166
1249
1324
1393
1452
1504
1543
1573
1596
1608
1613
1607
1587
1555
1514
1461
1401
1332
1258
1171
1074
972
865
753
634
510
384
255
127
2
-128
-254
-371
-488
-602
-708
-810
-904
-993
-1076
-1151
-1217
-1273
-1321
-1363
-1396
-1424
-1441
-1452
-1451
-1440
-1423
-1395
-1360
-1315
-1263
-1206
-1141
-1072
-995
-911
-821
-725
-628
-523
-415
-308
-197
-87
18
125
232
333
433
530
622
715
799
875
944
1008
1067
1121
1167
1204
1236
1263
1281
1292
1297
1293
1283
1269
1245
1214
1176
1132
1081
1025
962
893
819
740
657
567
475
377
276
175
74
-29
-131
-229
-328
-424
-516
-605
-687
-767
-841
-912
-972
-1029
-1076
-1115
-1148
-1178
-1199
-1210
-1219
-1218
-1208
-1190
-1166
-1135
-1098
-1055
-1007
-954
-895
-831
-761
-687
-607
-520
-439
-351
-259
-172
-78
15
102
189
274
356
438
517
590
654
719
779
833
882
926
965
993
1019
1038
1048
1060
1062
1060
1050
1033
1013
983
951
911
867
819
764
707
647
581
512
438
363
285
205
126
46
-31
-111
-190
-262
-335
-402
-468
-530
-590
-645
-694
-740
-777
-812
-842
-868
-886
-902
-914
-917
-914
-906
-891
-871
-851
-825
-791
-758
-720
-676
-629
-579
-523
-465
-407
-349
-286
-224
-159
-92
-30
35
97
153
212
267
322
369
416
459
497
535
570
602
632
655
672
687
700
709
717
722
722
721
715
706
696
680
662
638
613
588
556
524
488
448
407
362
315
266
217
164
109
55
4
-50
-101
-154
-206
-256
-305
-350
-391
-431
-468
-504
-536
-565
-591
-611
-631
-649
-664
-674
-683
-685
-685
-681
-672
-663
-649
-630
-607
-583
-557
-525
-486
-446
-403
-355
-305
-257
-204
-153
-102
-48
3
54
104
152
199
245
289
328
366
401
435
465
491
513
533
553
569
582
593
598
604
607
609
605
602
596
585
571
554
534
512
484
451
421
385
347
309
267
223
179
132
84
38
-10
-57
-103
-149
-194
-237
-280
-320
-359
-397
-432
-462
-492
-519
-545
-568
-584
-601
-613
-621
-628
-628
-624
-617
-605
-590
-570
-552
-527
-495
-466
-435
-399
-363
-325
-286
-244
-205
-160
-115
-72
-28
15
58
97
136
172
208
245
279
313
348
380
414
450
485
516
545
569
592
613
629
641
649
651
653
647
637
626
609
590
567
541
510
475
440
399
355
308
257
205
150
93
35
-23
-80
-137
-194
-250
-305
-357
-410
-458
-502
-544
-582
-616
-649
-676
-696
-718
-732
-739
-743
-741
-736
-726
-708
-686
-658
-625
-586
-544
-499
-450
-400
-349
-293
-236
-178
-121
-64
-6
52
110
169
224
277
330
378
424
469
511
547
581
608
632
651
669
679
688
698
700
701
698
691
679
663
646
627
602
572
540
504
467
428
385
339
288
234
179
120
63
5
-55
-111
-168
-228
-284
-339
-391
-443
-496
-544
-590
-632
-671
-705
-733
-759
-777
-789
-795
-799
-797
-790
-779
-757
-730
-699
-664
-627
-587
-546
-499
-447
-391
-335
-277
-217
-153
-91
-30
29
90
144
195
247
295
339
380
419
459
496
526
554
578
597
614
629
646
656
667
675
675
672
665
655
642
626
607
587
567
542
514
483
450
411
367
322
267
213
156
98
44
-11
-66
-121
-175
-224
-276
-325
-373
-420
-464
-503
-541
-574
-602
-627
-649
-670
-684
-697
-701
-703
-700
-689
-677
-664
-640
-617
-592
-562
-529
-493
-449
-405
-358
-307
-256
-206
-154
-99
-51
1
49
96
143
186
230
274
313
355
393
422
451
477
499
521
540
560
576
591
605
616
628
637
638
639
630
621
612
595
577
557
532
506
474
440
402
357
312
264
213
162
109
53
1
-53
-107
-160
-211
-261
-309
-355
-403
-449
-492
-533
-570
-600
-627
-646
-660
-675
-688
-698
-705
-712
-714
-711
-699
-686
-667
-641
-610
-576
-541
-501
-456
-409
-359
-307
-250
-192
-133
-70
-7
53
115
172
228
284
334
381
428
466
501
535
566
595
623
647
671
690
706
718
726
730
728
719
704
687
668
649
628
602
575
546
511
469
425
374
319
264
211
156
100
46
-9
-62
-117
-173
-225
-281
-341
-399
-462
-531
-599
-668
-744
-823
-908
-1001
-1100
-1199
-1292
-1364
-1412
-1439
-1440
-1421
-1390
-1356
-1320
-1289
-1263
-1244
-1219
-1177
-1112
-1014
-886
-739
-587
-446
-326
-226
-151
-87
-27
42
128
233
349
470
592
702
799
883
958
1026
1100
1181
1271
1364
1451
1517
1547
1536
1495
1435
1363
1297
1231
1160
1079
972
833
666
484
304
135
-21
-163
-304
-443
-586
-725
-852
-962
-1049
-1120
-1175
-1224
-1275
-1315
-1341
-1351
-1341
-1319
-1285
-1239
-1189
-1127
-1055
-978
-893
-802
-715
-633
-558
-482
-402
-314
-218
-120
-27
61
144
227
314
405
503
602
710
824
947
1078
1215
1362
1520
1687
1866
2056
2255
2460
2657
2839
2995
3112
3196
3250
3288
3316
3322
3308
3259
3162
3024
2852
2652
2440
2215
1978
1724
1452
1168
888
630
405
216
61
-81
-218
-358
-499
-630
-742
-827
-890
-936
-969
-991
-992
-966
-913
-840
-761
-699
-666
-667
-697
-742
-787
-832
-872
-915
-968
-1029
-1086
-1125
-1138
-1119
-1075
-1019
-953
-892
-823
-736
-628
-492
-337
-169
0
165
336
510
698
908
1124
1339
1533
1690
1800
1860
1871
1836
1761
1656
1514
1347
1152
920
665
388
99
-194
-491
-787
-1080
-1362
-1636
-1890
-2112
-2305
-2462
-2577
-2663
-2721
-2750
-2753
-2726
-2667
-2577
-2472
-2362
-2250
-2151
-2061
-1974
-1887
-1797
-1704
-1613
-1534
-1473
-1435
-1409
-1387
-1365
-1340
-1315
-1292
-1272
-1256
-1238
-1213
-1168
-1097
-1005
-890
-764
-632
-485
-323
-142
63
282
509
742
974
1202
1434
1678
1931
2192
2445
2664
2825
2924
2962
2947
2894
2807
2689
2535
2342
2101
1819
1508
1177
845
517
190
-140
-473
-804
-1111
-1384
-1619
-1803
-1947
-2054
-2131
-2183
-2205
-2194
-2142
-2046
-1922
-1781
-1641
-1511
-1384
-1266
-1156
-1049
-950
-869
-806
-761
-740
-733
-734
-735
-740
-750
-771
-806
-841
-875
-903
-912
-901
-865
-805
-728
-631
-514
-374
-201
-4
215
447
687
928
1178
1440
1721
2021
2329
2630
2903
3123
3274
3356
3371
3336
3257
3128
2963
2746
2470
2145
1777
1384
988
595
205
-183
-567
-947
-1303
-1618
-1881
-2082
-2232
-2330
-2391
-2422
-2414
-2367
-2271
-2118
-1924
-1713
-1501
-1298
-1110
-933
-771
-619
-483
-367
-279
-223
-201
-205
-228
-262
-298
-344
-400
-465
-537
-611
-684
-748
-792
-812
-798
-754
-677
-571
-439
-280
-95
119
362
626
912
1208
1505
1813
2134
2467
2810
3148
3451
3696
3856
3922
3903
3811
3664
3476
3241
2954
2609
2204
1754
1279
800
333
-109
-532
-944
-1333
-1695
-2009
-2257
-2431
-2530
-2567
-2555
-2499
-2415
-2289
-2114
-1898
-1637
-1356
-1079
-820
-590
-389
-221
-77
35
108
138
121
62
-27
-140
-263
-384
-508
-638
-777
-916
-1047
-1166
-1264
-1329
-1356
-1343
-1287
-1192
-1058
-888
-680
-433
-153
155
485
828
1176
1526
1881
2241
2605
2975
3331
3653
3910
4074
4142
4110
3988
3791
3534
3224
2860
2440
1969
1446
896
340
-202
-713
-1185
-1623
-2022
-2371
-2663
-2877
-3003
-3043
-3005
-2903
-2752
-2562
-2342
-2084
-1786
-1454
-1104
-755
-427
-143
91
265
385
452
469
442
367
246
81
-120
-341
-567
-792
-1010
-1217
-1404
-1565
-1703
-1809
-1878
-1897
-1856
-1757
-1606
-1406
-1162
-879
-563
-217
158
557
969
1387
1797
2196
2586
2971
3353
3720
4054
4314
4465
4484
4369
4142
3828
3464
3064
2629
2149
1608
1012
383
-245
-836
-1366
-1831
-2231
-2581
-2889
-3133
-3296
-3356
-3298
-3131
-2887
-2598
-2288
-1963
-1620
-1246
-840
-407
21
407
723
944
1069
1114
1097
1024
899
720
483
188
-149
-507
-855
-1176
-1468
-1729
-1960
-2156
-2313
-2424
-2478
-2462
-2371
-2208
-1983
-1707
-1383
-1018
-613
-176
287
763
1238
1695
2125
2532
2922
3306
3688
4056
4386
4635
4757
4725
4540
4229
3831
3383
2907
2405
1864
1275
632
-50
-726
-1357
-1903
-2355
-2724
-3034
-3295
-3497
-3619
-3630
-3508
-3266
-2925
-2529
-2125
-1724
-1322
-912
-475
-20
434
848
1181
1407
1515
1515
1426
1271
1058
787
462
80
-348
-791
-1218
-1602
-1936
-2219
-2451
-2636
-2770
-2851
-2869
-2809
-2659
-2421
-2111
-1743
-1333
-894
-426
55
552
1060
1561
2034
2468
2859
3216
3552
3886
4222
4543
4807
4953
4929
4721
4352
3879
3350
2807
2264
1707
1113
457
-246
-956
-1621
-2180
-2615
-2943
-3189
-3380
-3526
-3614
-3605
-3472
-3203
-2821
-2373
-1909
-1459
-1033
-620
-199
237
677
1086
1417
1632
1719
1686
1553
1345
1081
761
387
-43
-517
-1014
-1494
-1930
-2307
-2609
-2843
-3012
-3116
-3151
-3114
-2999
-2801
-2515
-2152
-1733
-1279
-801
-304
213
739
1266
1782
2268
2704
3082
3412
3709
3985
4264
4544
4789
4940
4928
4709
4305
3771
3178
2582
1999
1432
853
224
-460
-1174
-1858
-2440
-2881
-3174
-3348
-3447
-3501
-3517
-3470
-3313
-3017
-2592
-2080
-1545
-1032
-567
-146
253
647
1041
1419
1736
1937
1986
1880
1654
1342
975
574
140
-333
-852
-1396
-1927
-2402
-2787
-3061
-3235
-3320
-3330
-3277
-3165
-2988
-2730
-2385
-1960
-1481
-980
-481
11
503
998
1491
1970
2419
2813
3138
3398
3615
3820
4042
4295
4548
4731
4753
4559
4160
3623
3029
2434
1862
1313
766
183
-462
-1145
-1815
-2391
-2818
-3086
-3226
-3291
-3323
-3329
-3287
-3151
-2887
-2489
-1993
-1452
-931
-459
-42
334
698
1058
1419
1740
1964
2043
1954
1709
1351
924
460
-29
-544
-1083
-1629
-2162
-2647
-3044
-3332
-3497
-3549
-3508
-3381
-3188
-2933
-2607
-2218
-1763
-1250
-705
-153
383
890
1368
1806
2205
2564
2874
3132
3341
3508
3655
3811
4005
4232
4427
4491
4348
3988
3482
2911
2322
1740
1166
582
-50
-763
-1548
-2333
-3002
-3462
-3686
-3699
-3566
-3363
-3125
-2855
-2498
-2001
-1345
-581
191
875
1419
1811
2078
2254
2371
2435
2411
2240
1864
1272
506
-354
-1226
-2058
-2822
-3506
-4093
-4563
-4892
-5034
-4959
-4659
-4154
-3504
-2777
-2034
-1304
-591
98
749
1335
1814
2163
2378
2479
2501
2477
2432
2378
2307
2219
2121
2045
2054
2209
2538
3005
3501
3850
3895
3586
2998
2302
1657
1122
653
155
-447
-1151
-1868
-2476
-2852
-2944
-2786
-2497
-2197
-1950
-1730
-1440
-988
-370
325
957
1417
1656
1709
1651
1556
1463
1352
1155
810
297
-326
-961
-1528
-1999
-2405
-2809
-3243
-3659
-3976
-4093
-3961
-3607
-3111
-2568
-2034
-1518
-998
-457
85
565
910
1072
1043
882
666
476
353
294
280
279
307
410
636
1006
1494
2049
2638
3265
3940
4644
5298
5758
5862
5501
4693
3568
2324
1118
13
-1015
-2008
-2965
-3821
-4450
-4730
-4603
-4093
-3320
-2446
-1588
-780
9
821
1651
2408
2971
3235
3156
2775
2184
1485
768
63
-637
-1358
-2100
-2798
-3357
-3701
-3811
-3739
-3561
-3339
-3075
-2734
-2283
-1730
-1135
-581
-137
164
340
425
445
402
279
57
-256
-622
-962
-1202
-1284
-1186
-926
-541
-77
440
1014
1660
2378
3127
3844
4493
5056
5540
5925
6125
6019
5490
4510
3150
1567
-29
-1466
-2658
-3609
-4338
-4837
-5049
-4897
-4337
-3406
-2224
-949
263
1306
2144
2794
3265
3543
3573
3289
2665
1754
673
-427
-1430
-2263
-2896
-3342
-3619
-3725
-3634
-3321
-2807
-2168
-1529
-1002
-637
-409
-258
-140
-72
-90
-231
-491
-811
-1124
-1370
-1520
-1591
-1610
-1611
-1587
-1506
-1322
-1002
-555
-29
525
1073
1602
2108
2587
3030
3420
3741
3985
4179
4362
4551
4706
4714
4446
3817
2841
1639
376
-782
-1736
-2477
-3029
-3417
-3613
-3557
-3191
-2521
-1628
-646
277
1040
1596
1960
2168
2237
2155
1878
1382
684
-133
-949
-1651
-2164
-2472
-2601
-2599
-2492
-2270
-1922
-1466
-974
-572
-364
-380
-569
-831
-1071
-1262
-1421
-1590
-1786
-1975
-2086
-2062
-1888
-1605
-1290
-1013
-806
-644
-484
-272
10
350
714
1054
1347
1595
1823
2061
2331
2633
2944
3241
3528
3836
4178
4514
4712
4610
4096
3168
1942
611
-635
-1671
-2459
-3026
-3399
-3566
-3480
-3094
-2398
-1470
-449
514
1301
1859
2187
2318
2289
2092
1713
1135
381
-475
-1309
-1997
-2454
-2664
-2668
-2521
-2266
-1913
-1467
-967
-498
-165
-47
-158
-435
-787
-1137
-1440
-1704
-1943
-2143
-2266
-2257
-2095
-1802
-1437
-1069
-748
-491
-287
-105
85
305
558
820
1068
1290
1493
1702
1937
2199
2475
2748
3020
3327
3711
4164
4616
4895
4812
4249
3216
1859
407
-921
-1979
-2738
-3250
-3567
-3685
-3544
-3080
-2293
-1279
-185
816
1589
2077
2287
2274
2093
1764
1280
622
-180
-1050
-1866
-2491
-2837
-2886
-2689
-2328
-1878
-1376
-856
-379
-26
128
56
-212
-599
-1029
-1448
-1822
-2134
-2358
-2470
-2436
-2242
-1907
-1487
-1049
-657
-343
-123
28
143
246
356
480
626
804
1012
1242
1488
1762
2058
2369
2679
2992
3337
3757
4253
4738
5041
4966
4385
3298
1852
298
-1117
-2233
-3006
-3484
-3718
-3728
-3472
-2909
-2051
-982
139
1146
1898
2323
2438
2302
1984
1523
933
215
-605
-1450
-2208
-2743
-2970
-2876
-2519
-2003
-1410
-819
-296
94
283
242
-5
-401
-866
-1344
-1789
-2163
-2432
-2557
-2514
-2302
-1949
-1509
-1051
-637
-307
-68
96
209
296
375
447
518
596
694
830
1024
1272
1565
1889
2215
2551
2929
3386
3935
4549
5118
5441
5289
4516
3147
1409
-357
-1850
-2928
-3599
-3948
-4054
-3918
-3495
-2744
-1679
-417
848
1903
2581
2835
2723
2362
1856
1251
542
-271
-1158
-2025
-2732
-3139
-3161
-2817
-2214
-1492
-777
-157
292
507
461
197
-213
-687
-1195
-1727
-2242
-2666
-2898
-2886
-2637
-2222
-1722
-1213
-766
-407
-145
45
181
264
293
272
249
289
421
640
901
1156
1385
1609
1867
2198
2626
3131
3672
4219
4747
5200
5425
5200
4341
2847
961
-925
-2453
-3451
-3936
-4034
-3870
-3499
-2913
-2083
-1018
208
1420
2395
2938
2979
2596
1964
1238
502
-244
-1023
-1821
-2552
-3084
-3288
-3100
-2544
-1744
-872
-103
427
639
550
251
-149
-580
-1049
-1583
-2161
-2691
-3029
-3073
-2814
-2333
-1755
-1196
-732
-386
-143
42
193
301
353
332
271
237
291
464
724
1017
1295
1546
1793
2075
2433
2872
3366
3886
4442
5027
5527
5672
5150
3807
1813
-390
-2292
-3565
-4166
-4263
-4064
-3697
-3172
-2422
-1405
-146
1202
2383
3147
3329
2953
2211
1340
509
-243
-967
-1698
-2410
-2989
-3290
-3196
-2682
-1841
-870
-19
511
642
450
102
-259
-581
-938
-1414
-2008
-2605
-3023
-3107
-2829
-2284
-1641
-1063
-642
-376
-193
-22
165
337
429
411
317
230
231
369
621
944
1275
1577
1851
2131
2470
2878
3354
3874
4441
5054
5594
5785
5267
3840
1677
-713
-2738
-4007
-4487
-4404
-4037
-3560
-2997
-2252
-1240
22
1378
2556
3276
3364
2838
1923
897
-28
-785
-1425
-2015
-2569
-3002
-3166
-2945
-2296
-1318
-240
660
1143
1131
724
141
-420
-882
-1317
-1828
-2422
-2975
-3297
-3238
-2795
-2098
-1340
-694
-248
-5
94
150
223
299
312
227
71
-68
-100
24
293
651
1041
1410
1729
2021
2334
2717
3195
3744
4351
5019
5682
6077
5800
4526
2323
-303
-2652
-4186
-4796
-4714
-4275
-3720
-3103
-2343
-1348
-89
1317
2599
3444
3621
3108
2109
948
-100
-927
-1580
-2144
-2665
-3092
-3294
-3128
-2524
-1539
-375
663
1287
1355
943
290
-352
-861
-1283
-1752
-2325
-2921
-3327
-3348
-2941
-2221
-1398
-681
-197
28
76
77
124
217
282
244
121
23
51
258
594
956
1271
1513
1716
1959
2315
2803
3366
3947
4528
5134
5721
6034
5653
4266
1971
-682
-2969
-4381
-4850
-4644
-4115
-3488
-2799
-1962
-902
369
1716
2880
3564
3569
2907
1802
566
-525
-1361
-1977
-2455
-2839
-3098
-3126
-2814
-2115
-1094
43
1003
1514
1450
904
123
-627
-1218
-1694
-2162
-2665
-3114
-3340
-3201
-2680
-1909
-1090
-402
39
211
192
103
47
46
46
-10
-114
-193
-166
16
348
769
1196
1570
1872
2139
2452
2859
3348
3896
4511
5210
5875
6154
5565
3847
1247
-1535
-3725
-4870
-5021
-4561
-3876
-3185
-2486
-1650
-579
728
2095
3219
3779
3582
2691
1393
52
-1040
-1794
-2284
-2636
-2926
-3111
-3059
-2636
-1797
-653
550
1501
1936
1743
1031
80
-820
-1515
-2030
-2480
-2935
-3319
-3459
-3211
-2569
-1675
-762
-38
388
506
410
242
103
33
-3
-68
-156
-203
-141
72
431
885
1356
1765
2075
2317
2580
2919
3345
3862
4491
5254
6008
6333
5685
3803
1013
-1882
-4050
-5059
-5041
-4449
-3707
-3005
-2292
-1414
-276
1067
2407
3423
3816
3447
2423
1052
-302
-1373
-2093
-2541
-2840
-3059
-3154
-2996
-2476
-1581
-446
677
1513
1841
1577
846
-86
-955
-1630
-2149
-2614
-3072
-3434
-3520
-3215
-2535
-1637
-766
-108
256
340
251
119
24
-24
-66
-145
-234
-269
-175
73
447
884
1310
1659
1915
2140
2426
2830
3323
3855
4442
5146
5899
6336
5897
4228
1542
-1410
-3741
-4918
-4979
-4348
-3502
-2725
-2035
-1273
-294
917
2201
3242
3723
3453
2489
1118
-285
-1414
-2146
-2555
-2781
-2927
-2981
-2828
-2341
-1494
-402
691
1494
1773
1454
673
-283
-1130
-1742
-2172
-2557
-2953
-3269
-3333
-3015
-2330
-1444
-597
22
324
336
179
0
-111
-149
-175
-239
-312
-312
-172
120
510
926
1311
1613
1829
2010
2240
2581
3037
3580
4212
4950
5703
6103
5637
4011
1448
-1335
-3530
-4669
-4783
-4241
-3464
-2701
-1988
-1210
-252
904
2108
3069
3495
3224
2316
1033
-282
-1346
-2042
-2423
-2608
-2697
-2698
-2515
-2036
-1231
-206
799
1503
1687
1281
436
-551
-1399
-1980
-2348
-2640
-2922
-3124
-3097
-2733
-2058
-1223
-438
125
383
357
155
-81
-236
-290
-297
-311
-330
-286
-113
202
610
1050
1458
1780
2009
2182
2374
2662
3071
3605
4283
5095
5872
6181
5502
3624
906
-1849
-3844
-4710
-4598
-3955
-3190
-2495
-1825
-1020
23
1253
2451
3306
3548
3068
1998
640
-658
-1641
-2238
-2535
-2674
-2747
-2729
-2494
-1920
-1021
39
995
1561
1559
995
76
-888
-1654
-2138
-2433
-2684
-2933
-3083
-2981
-2537
-1812
-985
-271
176
312
196
-48
-279
-407
-428
-406
-389
-370
-297
-114
192
600
1055
1482
1820
2039
2178
2334
2584
2981
3544
4285
5170
5942
6108
5180
3067
278
-2342
-4069
-4667
-4396
-3712
-2973
-2306
-1625
-773
310
1535
2664
3395
3493
2898
1770
425
-793
-1672
-2188
-2450
-2607
-2714
-2695
-2413
-1768
-816
242
1155
1674
1648
1084
157
-848
-1667
-2191
-2490
-2707
-2908
-3014
-2877
-2407
-1660
-826
-123
308
432
304
44
-213
-373
-421
-408
-383
-352
-270
-78
259
706
1186
1615
1929
2119
2243
2395
2666
3123
3805
4691
5617
6168
5806
4234
1682
-1106
-3297
-4410
-4508
-4004
-3335
-2731
-2148
-1408
-378
892
2177
3156
3542
3226
2307
1053
-202
-1210
-1879
-2269
-2509
-2677
-2744
-2591
-2103
-1274
-245
757
1501
1807
1586
875
-137
-1169
-1984
-2500
-2801
-3020
-3190
-3199
-2906
-2273
-1415
-558
93
435
482
328
86
-148
-315
-404
-447
-458
-416
-276
-2
401
881
1348
1728
1996
2190
2386
2647
3037
3606
4377
5281
6017
6061
4954
2684
-163
-2703
-4249
-4645
-4238
-3530
-2866
-2297
-1658
-762
424
1738
2880
3537
3506
2781
1565
202
-974
-1792
-2255
-2503
-2666
-2774
-2720
-2352
-1609
-589
476
1340
1843
1896
1493
700
-317
-1325
-2138
-2696
-3053
-3282
-3362
-3200
-2721
-1958
-1078
-290
247
492
492
340
116
-114
-313
-468
-568
-600
-535
-343
-19
419
910
1381
1767
2042
2251
2476
2783
3236
3888
4745
5642
6162
5750
4107
1499
-1316
-3477
-4499
-4473
-3860
-3148
-2571
-2049
-1354
-325
992
2337
3359
3763
3418
2427
1093
-210
-1215
-1842
-2193
-2431
-2646
-2781
-2666
-2158
-1265
-175
842
1565
1887
1774
1231
359
-661
-1601
-2307
-2771
-3069
-3257
-3287
-3055
-2497
-1681
-792
-50
400
548
470
277
42
-181
-369
-518
-607
-624
-558
-368
-42
416
956
1488
1925
2231
2440
2645
2957
3475
4258
5201
5928
5872
4622
2281
-497
-2843
-4153
-4373
-3891
-3214
-2655
-2196
-1611
-700
536
1888
3011
3581
3443
2642
1419
134
-912
-1596
-1986
-2244
-2485
-2684
-2681
-2310
-1528
-479
566
1372
1807
1843
1503
814
-121
-1118
-1985
-2614
-3012
-3241
-3313
-3174
-2747
-2037
-1167
-342
256
559
601
472
261
21
-214
-411
-552
-625
-606
-469
-180
255
761
1258
1669
1964
2183
2396
2687
3150
3850
4759
5627
5964
5268
3412
820
-1714
-3465
-4163
-4032
-3544
-3069
-2686
-2223
-1446
-275
1124
2427
3292
3503
3043
2081
914
-157
-965
-1507
-1903
-2275
-2630
-2842
-2723
-2157
-1214
-124
843
1499
1783
1692
1250
515
-389
-1286
-2033
-2580
-2957
-3188
-3228
-3004
-2471
-1700
-863
-151
313
519
533
421
239
29
-184
-366
-488
-529
-465
-284
15
422
889
1361
1798
2164
2464
2736
3062
3563
4310
5196
5837
5687
4402
2141
-453
-2608
-3825
-4098
-3788
-3314
-2906
-2514
-1927
-978
307
1685
2808
3367
3232
2496
1417
325
-555
-1170
-1604
-1990
-2397
-2736
-2830
-2514
-1765
-757
255
1042
1480
1546
1259
673
-99
-910
-1631
-2205
-2652
-2972
-3125
-3040
-2655
-2005
-1224
-500
32
333
434
411
314
175
7
-174
-344
-466
-493
-378
-108
292
769
1252
1682
2028
2290
2523
2815
3282
4007
4919
5662
5699
4642
2569
55
-2127
-3428
-3794
-3576
-3211
-2942
-2712
-2271
-1416
-158
1255
2464
3148
3165
2589
1666
686
-140
-745
-1201
-1630
-2097
-2541
-2777
-2621
-2023
-1118
-147
665
1176
1340
1166
696
38
-662
-1282
-1790
-2218
-2589
-2857
-2914
-2660
-2099
-1366
-662
-131
172
297
320
294
236
140
2
-155
-281
-310
-204
39
383
785
1193
1580
1936
2239
2526
2876
3398
4149
5001
5580
5394
4168
2074
-297
-2238
-3321
-3583
-3389
-3136
-2973
-2780
-2294
-1354
-47
1344
2468
3043
2985
2412
1560
693
-25
-583
-1062
-1561
-2109
-2595
-2836
-2667
-2051
-1151
-205
571
1041
1170
979
542
-27
-611
-1143
-1619
-2065
-2473
-2757
-2805
-2535
-1985
-1313
-700
-262
-14
103
156
185
191
155
62
-77
-203
-250
-155
106
501
962
1411
1788
2078
2312
2577
2998
3662
4524
5319
5594
4939
3294
1056
-1089
-2556
-3158
-3152
-2973
-2906
-2931
-2770
-2150
-1023
394
1725
2627
2923
2665
2051
1324
669
132
-354
-888
-1507
-2131
-2602
-2733
-2437
-1793
-985
-225
346
668
723
539
175
-282
-746
-1180
-1610
-2050
-2443
-2676
-2646
-2334
-1827
-1277
-818
-496
-281
-122
6
93
127
99
30
-28
-27
57
231
479
783
1143
1538
1919
2247
2546
2934
3545
4397
5250
5649
5153
3646
1500
-620
-2131
-2821
-2919
-2839
-2861
-2962
-2886
-2363
-1329
14
1322
2265
2666
2554
2098
1517
971
496
37
-506
-1166
-1853
-2394
-2616
-2433
-1920
-1236
-567
-52
256
358
286
91
-177
-482
-826
-1223
-1665
-2074
-2331
-2345
-2115
-1733
-1327
-982
-712
-494
-299
-123
11
90
116
109
104
129
208
362
605
932
1318
1704
2050
2353
2678
3148
3833
4639
5243
5201
4231
2467
423
-1298
-2323
-2690
-2727
-2766
-2908
-2987
-2724
-1971
-820
452
1517
2147
2303
2102
1730
1347
995
610
106
-555
-1295
-1950
-2343
-2376
-2084
-1601
-1076
-618
-282
-79
-3
-37
-149
-317
-543
-844
-1228
-1639
-1969
-2114
-2036
-1794
-1493
-1214
-984
-779
-576
-369
-172
-22
71
114
141
196
296
434
607
830
1117
1457
1807
2136
2466
2892
3521
4320
5028
5220
4566
3103
1242
-458
-1600
-2158
-2402
-2631
-2939
-3158
-3022
-2378
-1306
-76
1006
1728
2034
2016
1828
1606
1384
1098
647
-14
-819
-1588
-2123
-2320
-2182
-1826
-1400
-1022
-750
-593
-513
-458
-399
-347
-358
-494
-781
-1159
-1500
-1695
-1717
-1614
-1464
-1335
-1230
-1113
-947
-727
-483
-252
-64
76
180
274
392
552
774
1055
1361
1650
1888
2096
2366
2817
3507
4317
4917
4898
4049
2537
837
-537
-1347
-1715
-1981
-2381
-2869
-3174
-2993
-2246
-1117
68
1017
1599
1836
1847
1774
1681
1549
1297
844
180
-600
-1334
-1853
-2064
-1997
-1761
-1500
-1312
-1198
-1112
-996
-823
-621
-465
-437
-562
-793
-1036
-1199
-1260
-1262
-1270
-1314
-1374
-1392
-1329
-1178
-961
-724
-495
-277
-72
125
335
572
845
1158
1508
1860
2161
2394
2626
3002
3613
4346
4848
4693
3697
2106
460
-744
-1357
-1615
-1893
-2368
-2906
-3180
-2937
-2181
-1137
-111
690
1201
1477
1611
1686
1729
1703
1510
1073
401
-387
-1104
-1582
-1768
-1751
-1676
-1656
-1705
-1741
-1672
-1454
-1118
-764
-509
-417
-471
-587
-674
-697
-675
-676
-750
-892
-1047
-1149
-1163
-1093
-969
-822
-661
-468
-227
62
381
718
1064
1424
1789
2135
2451
2772
3185
3742
4346
4718
4522
3621
2213
734
-402
-1063
-1442
-1841
-2394
-2967
-3254
-3034
-2338
-1405
-514
174
645
976
1246
1477
1661
1750
1675
1387
886
245
-399
-911
-1230
-1407
-1545
-1727
-1948
-2122
-2148
-1989
-1687
-1333
-1022
-804
-658
-545
-425
-303
-239
-255
-358
-513
-666
-785
-855
-886
-887
-851
-776
-655
-483
-254
37
391
803
1246
1685
2099
2517
3016
3655
4376
4940
5008
4360
3120
1686
483
-301
-824
-1384
-2132
-2934
-3464
-3472
-2961
-2160
-1338
-651
-105
380
851
1285
1634
1853
1906
1773
1453
978
447
-44
-452
-796
-1158
-1594
-2067
-2460
-2645
-2579
-2319
-1987
-1692
-1453
-1223
-962
-664
-381
-167
-48
-19
-58
-137
-226
-315
-382
-424
-435
-405
-334
-216
-61
120
333
584
901
1288
1728
2230
2821
3514
4213
4673
4621
3975
2932
1855
1018
429
-135
-899
-1853
-2738
-3249
-3260
-2887
-2369
-1887
-1466
-1029
-499
100
691
1190
1547
1744
1783
1669
1424
1097
734
333
-150
-746
-1416
-2058
-2529
-2755
-2765
-2651
-2495
-2297
-2017
-1640
-1206
-795
-468
-236
-83
14
59
58
32
4
-10
-5
21
52
102
181
300
472
686
935
1224
1586
2078
2720
3422
3953
4054
3645
2883
2090
1498
1104
705
97
-727
-1563
-2147
-2352
-2254
-2039
-1855
-1729
-1582
-1332
-960
-501
-32
380
705
937
1087
1176
1217
1199
1084
812
363
-228
-857
-1403
-1800
-2069
-2274
-2447
-2566
-2565
-2406
-2119
-1768
-1421
-1099
-792
-494
-209
48
258
417
525
587
616
634
653
685
737
810
901
1020
1185
1436
1832
2382
2985
3423
3478
3105
2487
1896
1497
1215
837
218
-578
-1313
-1775
-1909
-1840
-1734
-1665
-1603
-1457
-1189
-840
-472
-136
143
362
535
666
751
780
727
556
262
-130
-549
-920
-1195
-1396
-1570
-1736
-1877
-1951
-1931
-1847
-1731
-1613
-1496
-1363
-1202
-1007
-784
-551
-311
-58
198
447
671
868
1047
1228
1415
1575
1681
1760
1897
2179
2607
3024
3188
2955
2413
1819
1388
1146
934
558
-21
-644
-1117
-1342
-1385
-1382
-1409
-1443
-1417
-1290
-1080
-839
-588
-331
-74
171
389
565
692
751
710
531
223
-148
-509
-811
-1063
-1313
-1571
-1806
-1958
-1993
-1935
-1823
-1693
-1550
-1384
-1190
-974
-753
-531
-311
-99
109
306
494
671
840
999
1158
1333
1517
1719
1963
2281
2666
3019
3173
2996
2531
1989
1563
1292
1040
629
42
-576
-1033
-1253
-1320
-1350
-1396
-1430
-1377
-1224
-1019
-807
-602
-398
-192
-6
136
229
275
266
190
41
-160
-372
-565
-730
-883
-1037
-1192
-1328
-1417
-1456
-1467
-1471
-1475
-1475
-1453
-1390
-1280
-1127
-935
-716
-459
-168
129
422
701
965
1221
1459
1666
1839
2019
2248
2524
2779
2883
2743
2401
2004
1689
1483
1284
968
511
14
-398
-659
-808
-935
-1076
-1205
-1280
-1282
-1222
-1130
-1006
-832
-625
-415
-236
-106
-4
71
106
90
18
-89
-214
-352
-508
-676
-840
-984
-1105
-1202
-1274
-1318
-1333
-1315
-1268
-1188
-1066
-906
-716
-512
-306
-97
117
334
537
712
863
1002
1147
1298
1462
1657
1875
2069
2162
2105
1931
1725
1555
1424
1262
1001
656
298
1
-214
-372
-515
-655
-766
-833
-864
-869
-852
-798
-708
-598
-505
-453
-433
-426
-414
-397
-398
-415
-437
-451
-457
-466
-493
-529
-551
-554
-548
-555
-585
-629
-682
-715
-727
-717
-678
-605
-499
-366
-220
-71
83
239
403
568
714
839
936
1016
1094
1164
1210
1208
1149
1045
928
825
738
663
593
518
451
390
333
270
199
131
67
3
-61
-139
-235
-338
-435
-522
-580
-609
-609
-585
-554
-519
-485
-448
-398
-338
-282
-248
-245
-268
-296
-315
-327
-344
-364
-390
-419
-446
-461
-456
-419
-352
-268
-187
-126
-77
-27
33
94
140
178
220
273
335
385
416
439
463
487
511
527
528
526
525
522
506
470
420
367
312
261
215
173
142
125
117
106
85
58
26
-6
-31
-54
-82
-124
-181
-239
-293
-342
-387
-428
-462
-480
-481
-475
-460
-434
-390
-338
-286
-245
-224
-218
-216
-211
-205
-198
-190
-182
-177
-173
-163
-143
-110
-59
4
77
149
212
264
295
315
332
346
359
367
370
370
369
365
350
328
313
310
315
324
322
307
286
262
237
205
156
94
33
-25
-76
-112
-142
-171
-197
-221
-244
-262
-270
-271
-267
-267
-279
-299
-320
-335
-338
-330
-316
-305
-292
-274
-246
-204
-161
-121
-87
-55
-25
6
32
44
51
54
55
56
55
61
73
96
114
130
147
174
217
266
308
328
330
322
306
295
283
266
238
197
152
103
58
23
-10
-44
-66
-81
-86
-85
-88
-93
-94
-94
-101
-114
-135
-159
-173
-181
-184
-186
-195
-202
-201
-191
-181
-173
-162
-155
-140
-120
-109
-103
-101
-92
-72
-45
-21
-3
15
36
66
97
128
159
191
224
245
254
247
228
209
192
177
156
132
108
90
81
77
79
87
97
102
100
94
86
72
52
22
-14
-57
-99
-128
-153
-176
-196
-210
-227
-245
-258
-257
-237
-201
-158
-125
-108
-102
-100
-97
-92
-85
-80
-82
-83
-88
-94
-90
-76
-49
-16
20
59
91
112
129
137
148
155
158
162
159
159
159
158
151
138
135
132
129
124
116
107
95
76
48
13
-14
-27
-30
-26
-26
-26
-30
-39
-43
-43
-39
-30
-19
-13
-16
-31
-46
-63
-81
-92
-102
-110
-111
-117
-126
-132
-132
-122
-104
-84
-59
-36
-15
2
16
22
23
23
17
11
5
-2
-3
-1
5
12
16
24
37
58
83
109
130
140
138
128
116
106
92
77
56
33
10
-9
-17
-22
-19
-10
-5
-2
-2
-3
-3
-1
0
-1
0
0
-2
-7
-14
-21
-28
-35
-38
-42
-42
-45
-50
-55
-61
-59
-57
-57
-59
-62
-68
-73
-75
-73
-70
-68
-65
-56
-45
-23
2
19
27
26
21
19
17
20
18
14
12
14
21
33
51
73
96
117
130
136
135
128
120
102
81
59
35
9
-22
-50
-80
-99
-103
-94
-74
-52
-31
-13
5
23
37
48
53
51
43
25
6
-14
-36
-59
-83
-103
-118
-123
-117
-105
-86
-64
-43
-24
-9
5
15
20
26
30
32
29
21
15
9
5
7
14
25
31
33
31
24
24
17
13
11
8
4
3
6
14
27
45
57
67
71
68
64
57
46
27
1
-28
-56
-75
-85
-84
-78
-74
-72
-58
-38
-6
33
66
96
112
118
113
101
79
53
31
6
-12
-32
-53
-77
-96
-101
-92
-71
-44
-14
13
35
55
69
78
83
80
74
61
38
8
-21
-46
-65
-79
-85
-88
-88
-80
-72
-61
-50
-41
-34
-27
-17
-13
-5
-1
0
0
-1
6
6
5
4
3
4
3
-2
-11
-27
-37
-46
-47
-42
-31
-21
-7
8
22
39
57
80
99
120
129
119
100
74
44
18
-7
-29
-50
-69
-81
-86
-84
-72
-51
-18
13
42
65
81
90
94
93
85
74
57
30
-3
-40
-69
-91
-107
-111
-109
-103
-89
-74
-57
-38
-22
-7
4
10
11
9
7
6
5
2
-2
-9
-14
-17
-15
-7
1
7
10
15
17
15
11
11
16
26
40
50
57
60
68
82
92
97
97
94
84
66
45
21
1
-17
-32
-47
-63
-74
-78
-72
-59
-38
-16
0
15
27
32
31
27
17
3
-19
-40
-63
-85
-105
-115
-123
-125
-120
-111
-98
-81
-62
-48
-36
-21
-11
-2
2
3
3
0
0
2
10
20
24
29
33
35
44
55
66
78
88
87
83
77
75
73
70
66
62
56
52
54
60
65
68
67
62
52
41
29
18
5
-7
-17
-28
-36
-42
-47
-47
-50
-49
-43
-35
-29
-23
-22
-27
-35
-44
-54
-65
-76
-88
-103
-112
-116
-114
-106
-98
-88
-74
-65
-52
-35
-18
2
20
32
38
39
41
42
47
54
61
66
66
63
59
59
63
69
75
81
84
82
77
64
54
43
36
34
27
25
22
18
18
19
23
25
29
29
20
3
-14
-26
-35
-43
-47
-50
-51
-55
-58
-59
-60
-55
-50
-43
-39
-40
-44
-50
-58
-63
-68
-74
-79
-83
-86
-85
-79
-70
-56
-41
-24
-11
-4
4
18
29
38
43
45
45
41
37
32
33
38
47
60
66
69
68
62
56
51
46
43
40
33
25
18
15
16
19
25
26
28
34
36
39
41
42
43
33
23
11
-2
-8
-13
-19
-22
-29
-36
-39
-41
-42
-37
-32
-28
-28
-33
-41
-49
-57
-63
-64
-63
-63
-61
-56
-49
-38
-26
-12
2
16
25
31
35
39
40
35
29
26
25
23
23
21
20
21
23
28
31
34
37
33
28
21
14
11
10
12
13
10
8
13
17
28
38
44
48
51
49
48
43
36
21
7
-6
-24
-35
-44
-50
-50
-47
-40
-34
-29
-27
-27
-26
-23
-21
-20
-19
-21
-25
-34
-42
-42
-39
-29
-16
-6
-1
1
3
7
12
21
28
28
23
12
2
-8
-20
-22
-24
-26
-25
-22
-20
-16
-7
4
13
19
18
16
10
4
3
1
1
1
6
15
27
40
54
66
77
83
85
83
76
64
54
45
35
23
11
-2
-15
-24
-28
-31
-23
-15
-7
-1
-1
-1
-3
-8
-11
-16
-25
-34
-46
-55
-58
-60
-56
-46
-38
-28
-21
-17
-11
-5
0
-2
-5
-11
-20
-30
-39
-43
-46
-45
-37
-28
-18
-7
4
14
22
30
41
50
56
54
50
38
28
25
21
23
26
29
35
38
43
47
54
60
62
64
58
48
34
22
11
2
-8
-16
-25
-31
-33
-34
-29
-23
-20
-16
-13
-12
-13
-14
-17
-19
-23
-30
-37
-41
-51
-56
-57
-51
-40
-34
-26
-16
-13
-6
-4
-5
-6
-8
-13
-19
-28
-34
-39
-42
-38
-30
-20
-9
3
13
22
33
42
51
53
46
38
26
17
11
7
3
6
12
19
25
32
41
46
50
53
54
47
40
31
18
7
-5
-16
-24
-38
-46
-47
-49
-44
-37
-29
-19
-11
-3
3
1
-5
-9
-14
-19
-26
-33
-36
-43
-47
-49
-47
-43
-36
-24
-18
-8
-1
2
6
9
7
5
0
-6
-8
-7
-5
2
12
18
27
36
40
47
53
57
58
51
43
34
19
8
-1
-7
-10
-9
-5
1
7
12
22
29
34
37
35
30
21
10
-3
-18
-29
-38
-44
-49
-55
-55
-52
-43
-35
-23
-5
3
12
13
9
9
3
-7
-13
-23
-32
-39
-43
-43
-38
-28
-15
-1
10
20
27
35
40
45
44
39
33
22
13
1
-5
-8
-8
-3
3
10
16
21
22
23
23
24
21
14
5
-9
-19
-30
-31
-25
-21
-10
-2
6
16
24
31
36
37
33
28
20
11
-1
-10
-18
-24
-28
-29
-26
-20
-11
1
10
19
30
34
35
30
19
8
-4
-13
-22
-32
-41
-46
-47
-46
-36
-21
-7
8
20
26
30
34
36
36
30
21
9
-3
-18
-30
-36
-38
-36
-31
-25
-21
-17
-13
-4
2
9
16
16
11
8
6
-1
-5
-8
-5
0
5
10
14
21
25
31
34
29
25
18
11
-1
-6
-13
-22
-24
-27
-26
-25
-25
-17
-10
-5
6
9
11
14
9
4
-1
-10
-13
-18
-26
-29
-32
-29
-21
-12
1
11
20
28
37
37
35
30
25
19
12
-2
-19
-32
-43
-45
-40
-36
-31
-24
-12
-6
4
12
19
27
26
24
18
7
-4
-12
-17
-21
-22
-22
-21
-13
-8
0
9
17
25
27
25
15
2
-8
-19
-23
-27
-31
-31
-32
-30
-27
-18
-7
4
16
24
26
24
22
23
18
12
6
-3
-10
-18
-20
-19
-14
-4
3
11
21
26
30
34
32
27
20
11
1
-10
-23
-31
-36
-36
-29
-22
-11
-1
9
22
33
44
50
50
50
44
38
29
21
13
7
5
-1
-3
-5
-5
-1
2
5
6
1
-2
-11
-20
-28
-37
-43
-47
-51
-51
-50
-50
-45
-33
-21
-12
-5
5
11
12
10
5
-4
-10
-17
-26
-34
-40
-40
-37
-28
-16
-5
8
22
32
38
43
48
48
47
43
36
28
18
9
4
0
-1
3
13
22
30
39
45
56
59
61
63
55
46
33
19
9
-3
-9
-16
-23
-23
-21
-24
-25
-23
-21
-17
-21
-26
-30
-36
-36
-39
-42
-42
-42
-40
-36
-34
-26
-20
-14
-7
0
4
4
3
0
-6
-10
-17
-22
-26
-28
-27
-25
-18
-9
5
18
27
34
40
43
43
42
40
34
27
20
13
4
1
3
6
11
17
22
26
34
41
45
47
46
46
41
34
27
15
9
1
-5
-10
-14
-16
-19
-20
-18
-17
-13
-9
-9
-12
-14
-16
-21
-23
-26
-27
-27
-31
-31
-32
-31
-28
-25
-25
-24
-23
-23
-25
-27
-28
-25
-24
-22
-21
-21
-18
-11
-3
6
13
24
31
38
40
38
37
32
30
28
26
24
20
14
7
4
0
2
7
13
16
21
20
24
25
26
30
27
24
17
11
8
4
1
-5
-9
-12
-16
-18
-18
-15
-14
-10
-8
-10
-9
-12
-12
-14
-15
-14
-14
-12
-14
-19
-21
-25
-23
-23
-22
-20
-20
-19
-17
-17
-15
-13
-11
-8
-8
-8
-8
-5
-4
0
4
5
6
3
3
3
0
-1
-4
-4
-5
-6
-7
-9
-9
-7
-5
1
3
8
12
15
16
18
23
24
30
33
31
30
28
27
27
23
23
20
17
12
9
7
7
8
8
8
7
7
4
3
2
-2
-4
-6
-9
-14
-17
-23
-27
-29
-29
-29
-28
-26
-25
-26
-26
-23
-20
-18
-14
-14
-15
-16
-16
-15
-17
-14
-12
-11
-10
-11
-9
-5
-3
-1
0
8
12
13
16
18
23
24
26
30
33
33
35
37
38
37
37
35
34
28
23
20
15
11
8
5
2
-2
-4
-5
-6
-6
-4
-5
-6
-8
-9
-10
-10
-9
-12
-14
-19
-22
-24
-28
-29
-32
-33
-33
-31
-30
-28
-27
-25
-23
-23
-21
-21
-21
-19
-18
-16
-14
-11
-6
-3
-3
1
5
7
10
13
20
23
22
26
30
33
36
39
40
39
37
38
37
33
28
28
25
22
19
17
17
12
9
7
7
6
5
5
4
5
4
1
1
-1
-5
-5
-8
-11
-16
-17
-17
-20
-20
-19
-18
-18
-19
-20
-22
-23
-23
-23
-23
-25
-24
-24
-21
-21
-21
-17
-16
-13
-11
-11
-9
-7
-3
0
3
7
7
11
15
18
22
28
34
36
38
39
41
42
40
41
39
36
33
26
22
13
8
6
3
3
1
3
8
8
12
15
14
14
13
14
11
8
6
2
0
-6
-13
-14
-18
-18
-21
-22
-18
-18
-16
-15
-14
-15
-16
-14
-15
-15
-16
-17
-18
-18
-18
-15
-12
-9
-7
-3
-3
-5
-2
-1
-1
-1
-1
-2
-3
-3
-2
0
3
2
3
6
7
5
5
6
5
3
1
-1
-6
-7
-8
-11
-13
-13
-12
-10
-7
-6
-3
-2
0
1
2
6
5
5
2
-2
-4
-7
-9
-10
-13
-13
-11
-10
-10
-7
-6
-6
-2
1
0
1
-1
-4
-3
0
-1
3
7
5
6
6
5
6
3
2
3
3
4
2
2
2
1
1
0
2
2
0
0
-1
-1
-2
-3
-2
-6
-7
-8
-14
-16
-16
-15
-15
-17
-18
-16
-15
-14
-15
-13
-12
-13
-13
-11
-10
-10
-9
-6
-5
-7
-8
-10
-9
-9
-9
-10
-7
-5
-5
-3
1
1
3
9
13
18
21
21
25
28
27
28
29
30
31
32
32
30
27
26
23
19
15
11
9
9
7
6
7
5
4
4
0
-1
-3
-4
-6
-8
-8
-7
-7
-7
-8
-9
-11
-12
-8
-8
-10
-10
-13
-12
-13
-15
-13
-13
-13
-12
-14
-14
-14
-11
-6
-4
-2
1
0
0
0
0
-1
-4
-1
2
1
1
3
4
5
6
7
8
8
12
14
15
19
24
25
23
22
20
17
13
10
8
5
2
0
0
-1
-3
0
0
0
0
-1
-2
-3
-5
-4
-2
-1
0
1
3
4
5
6
7
8
9
6
1
-1
-6
-8
-7
-10
-10
-11
-11
-7
-8
-5
-2
-1
2
3
5
8
8
6
8
7
4
0
-4
-8
-12
-12
-11
-7
-5
-4
1
4
6
7
9
10
11
10
9
7
7
4
1
1
-3
-4
-5
-5
-6
-6
-4
-3
-1
-5
-7
-4
-3
-2
0
2
4
3
3
4
5
5
5
4
2
0
-2
-6
-9
-10
-12
-14
-15
-15
-17
-19
-13
-11
-7
-4
0
3
2
5
6
6
5
0
-3
-6
-9
-12
-16
-15
-16
-12
-9
-7
-4
-5
-1
5
7
9
12
16
15
11
12
11
8
4
4
3
-1
0
2
0
-1
-3
-4
-3
-4
-3
-3
-2
-2
-5
-2
1
3
4
3
2
1
-1
-2
-3
-5
-5
-4
-5
-9
-10
-14
-16
-16
-13
-10
-4
-2
-1
2
4
7
9
11
16
13
12
10
2
0
-4
-5
-4
-6
-6
-4
-2
1
5
13
16
16
16
11
6
1
0
-1
-2
-3
-4
-4
-5
-6
-3
-1
0
2
1
0
-1
-2
-2
-2
0
3
3
3
2
2
1
-1
1
5
3
2
-1
0
1
0
2
4
5
4
3
3
3
4
7
11
13
14
14
13
11
12
9
5
1
-6
-11
-11
-13
-9
-5
-4
-4
-2
3
8
12
10
6
1
-7
-12
-14
-18
-17
-15
-14
-19
-21
-21
-18
-14
-9
-2
2
5
4
3
5
6
5
3
1
-3
-8
-9
-8
-7
-2
5
7
5
0
-1
-2
-7
-3
-2
0
4
6
6
7
5
4
6
11
11
9
6
2
-3
-7
-7
-7
-9
-11
-14
-16
-15
-12
-6
2
9
11
12
12
11
10
12
12
12
9
2
0
-2
-4
-6
-4
-5
-5
1
8
16
20
21
26
25
20
20
17
13
10
8
6
5
3
0
-5
-11
-17
-19
-16
-10
-5
2
4
4
5
4
6
11
13
14
11
7
-1
-8
-8
-7
-3
-1
-4
-10
-16
-25
-27
-29
-26
-21
-18
-11
-4
4
11
10
9
10
11
13
15
16
11
8
0
-4
-4
-6
-5
-6
-7
-11
-14
-15
-14
-10
-7
-4
0
2
3
2
3
3
0
-1
1
0
-1
-3
-6
-8
-6
-4
-1
4
9
12
17
21
23
22
19
13
9
4
3
0
-3
-5
-8
-9
-11
-17
-18
-19
-22
-25
-22
-20
-19
-15
-11
-8
-1
5
8
10
8
10
16
19
21
22
20
11
-1
-11
-17
-18
-17
-17
-15
-18
-24
-24
-25
-24
-19
-9
-3
0
1
1
2
-2
-6
-3
1
6
9
14
17
17
19
20
14
6
-10
-19
-20
-17
-7
3
8
4
0
-6
-13
-11
-2
9
19
25
22
20
16
14
12
13
14
13
12
10
14
21
29
36
34
27
23
39
65
90
91
20
-127
-311
-453
-480
-350
-102
160
332
346
209
13
-130
-150
-51
109
230
245
151
9
-105
-133
-68
39
121
140
87
1
-67
-81
-42
18
67
79
57
21
-15
-46
-99
-191
-308
-408
-445
-375
-194
50
280
432
463
393
271
160
104
103
128
142
111
35
-61
-143
-188
-189
-168
-148
-144
-161
-181
-183
-160
-109
-46
17
64
92
121
162
215
268
288
234
90
-109
-299
-398
-356
-194
29
237
365
396
350
262
151
35
-79
-189
-268
-297
-270
-202
-117
-51
-29
-36
-57
-69
-47
10
70
119
137
123
94
74
79
108
141
151
113
30
-65
-126
-119
-43
68
151
148
47
-103
-237
-297
-265
-173
-79
-24
-21
-44
-44
12
109
222
298
303
249
155
55
-21
-83
-136
-176
-206
-216
-197
-146
-84
-36
-14
-22
-45
-54
-30
24
90
144
165
158
129
101
90
95
104
102
74
25
-29
-63
-66
-42
-6
18
19
4
-15
-18
-2
31
52
40
-1
-63
-117
-139
-129
-95
-61
-45
-47
-62
-72
-62
-30
10
50
72
72
63
51
47
58
68
71
65
46
19
-6
-14
-6
10
36
58
74
78
52
-6
-86
-167
-227
-239
-196
-116
-30
34
64
55
36
31
47
88
133
160
160
141
108
77
66
67
62
55
27
-14
-53
-88
-101
-101
-100
-100
-113
-131
-142
-140
-123
-95
-64
-45
-38
-32
-21
9
53
89
110
114
102
87
79
76
73
63
43
18
-10
-33
-45
-48
-44
-48
-57
-64
-67
-57
-38
-16
3
11
10
4
7
18
30
49
68
75
76
69
57
48
43
38
32
20
-3
-24
-39
-47
-43
-40
-41
-49
-57
-60
-51
-28
-4
12
17
6
-13
-28
-33
-25
-7
9
11
2
-14
-30
-42
-45
-44
-34
-25
-20
-22
-26
-25
-17
6
25
37
37
25
14
14
24
31
22
-7
-53
-84
-68
-10
81
176
228
240
225
190
164
156
143
111
74
31
-13
-49
-78
-100
-120
-144
-166
-175
-177
-165
-136
-111
-78
-32
15
65
113
150
170
169
137
64
-37
-132
-206
-234
-213
-168
-128
-119
-150
-204
-242
-235
-176
-86
-3
38
36
11
-9
8
61
120
163
179
158
124
97
85
87
92
85
62
25
-11
-37
-32
-7
21
45
51
44
37
33
46
86
136
182
211
214
185
128
58
-15
-72
-106
-117
-109
-99
-97
-108
-134
-164
-182
-179
-151
-108
-66
-41
-35
-36
-27
-4
33
81
110
104
71
30
1
1
27
65
80
57
-2
-75
-131
-152
-141
-110
-81
-67
-74
-86
-81
-49
2
54
93
109
106
102
104
118
135
144
136
111
80
54
44
49
53
42
11
-37
-82
-108
-110
-92
-64
-47
-58
-85
-117
-135
-128
-102
-64
-34
-18
-10
-1
13
36
61
78
77
67
50
37
40
51
59
52
30
-6
-35
-44
-33
-7
16
24
13
-17
-38
-34
1
57
111
143
141
117
85
65
70
89
112
127
115
91
69
57
64
80
95
94
77
56
46
48
67
95
111
109
93
67
28
-18
-69
-123
-165
-189
-190
-175
-155
-150
-176
-212
-240
-244
-220
-178
-132
-98
-76
-59
-37
-14
5
13
6
-8
-13
-4
17
34
28
-6
-56
-98
-117
-110
-84
-63
-56
-61
-75
-77
-57
-22
11
35
41
38
40
59
94
131
155
156
134
111
96
99
120
149
164
150
111
60
13
-13
-12
4
14
6
-23
-56
-77
-72
-42
-2
28
39
29
14
7
11
24
38
43
41
42
49
64
82
90
85
64
38
19
13
24
41
53
51
26
-10
-44
-61
-61
-47
-29
-20
-25
-40
-57
-62
-57
-49
-41
-41
-39
-28
-6
24
50
64
57
28
-5
-29
-33
-13
12
34
35
13
-19
-48
-62
-55
-34
-15
-5
-5
-16
-27
-29
-23
-15
-5
-4
-13
-22
-25
-16
5
28
43
44
38
23
16
23
42
63
67
43
-1
-45
-67
-60
-32
0
16
5
-29
-71
-102
-108
-98
-76
-57
-58
-78
-109
-137
-153
-142
-100
-47
-4
10
-15
-62
-106
-118
-92
-40
13
35
9
-53
-122
-168
-168
-133
-87
-61
-75
-121
-176
-208
-196
-150
-88
-43
-33
-53
-87
-106
-101
-75
-38
-17
-18
-42
-68
-75
-59
-22
12
24
15
-7
-22
-15
15
64
103
112
92
49
15
3
14
49
78
83
60
17
-24
-34
-6
47
102
136
137
116
90
78
81
98
116
121
112
92
77
69
69
75
78
71
58
47
41
36
38
39
32
21
7
-3
-7
-1
14
35
62
88
109
127
136
139
142
142
149
161
175
192
206
220
234
247
256
253
240
211
170
124
68
13
-44
-102
-155
-207
-257
-299
-330
-347
-348
-341
-327
-311
-287
-260
-227
-185
-138
-97
-69
-63
-74
-90
-103
-101
-92
-78
-73
-84
-107
-138
-176
-212
-245
-281
-319
-364
-413
-465
-514
-555
-584
-597
-595
-579
-539
-473
-385
-275
-154
-26
100
216
316
392
440
453
424
352
247
128
22
-44
-50
21
164
354
558
737
858
902
869
763
608
435
275
158
101
112
177
270
368
440
487
515
541
594
687
823
995
1194
1417
1666
1954
2283
2637
2983
3283
3491
3578
3532
3353
3061
2692
2271
1838
1418
1037
720
474
303
186
99
20
-85
-216
-364
-512
-636
-730
-796
-848
-895
-938
-972
-983
-954
-883
-768
-619
-451
-268
-72
134
355
593
836
1069
1275
1448
1589
1707
1813
1911
1984
2001
1928
1738
1427
1021
558
91
-336
-685
-946
-1121
-1226
-1286
-1320
-1342
-1354
-1359
-1358
-1350
-1328
-1301
-1271
-1243
-1230
-1232
-1249
-1276
-1300
-1315
-1317
-1308
-1295
-1294
-1323
-1390
-1497
-1647
-1838
-2048
-2256
-2449
-2595
-2693
-2739
-2742
-2715
-2663
-2592
-2500
-2375
-2221
-2039
-1838
-1623
-1402
-1182
-965
-765
-589
-452
-363
-321
-327
-365
-422
-493
-574
-659
-747
-837
-924
-1001
-1061
-1104
-1125
-1122
-1096
-1051
-990
-916
-835
-757
-685
-621
-569
-531
-504
-484
-468
-461
-461
-468
-481
-495
-503
-496
-471
-430
-384
-345
-314
-290
-268
-245
-224
-211
-206
-207
-218
-226
-224
-214
-196
-190
-207
-254
-324
-413
-504
-595
-684
-770
-864
-962
-1052
-1120
-1150
-1133
-1080
-1000
-907
-811
-715
-612
-489
-348
-194
-37
105
225
319
391
458
533
619
717
813
891
947
986
1016
1050
1096
1155
1216
1277
1320
1348
1366
1386
1412
1448
1487
1518
1538
1544
1537
1523
1505
1484
1467
1457
1466
1509
1580
1674
1771
1855
1911
1940
1947
1942
1937
1946
1967
1995
2020
2023
1994
1923
1799
1627
1415
1171
912
665
452
288
187
137
117
105
81
35
-29
-91
-144
-183
-215
-250
-292
-340
-379
-384
-332
-224
-65
126
321
506
674
825
952
1042
1075
1030
900
697
446
178
-77
-294
-471
-614
-728
-818
-878
-905
-888
-824
-720
-591
-455
-332
-226
-142
-83
-52
-43
-60
-102
-153
-207
-249
-269
-264
-237
-195
-147
-102
-68
-48
-40
-32
-18
0
21
33
37
24
-1
-22
-24
6
62
121
153
131
35
-136
-351
-581
-791
-954
-1065
-1136
-1186
-1234
-1294
-1364
-1435
-1495
-1530
-1542
-1536
-1522
-1506
-1488
-1466
-1431
-1383
-1325
-1256
-1190
-1132
-1077
-1024
-959
-874
-783
-690
-610
-554
-527
-517
-511
-489
-442
-374
-292
-206
-126
-55
11
79
151
226
291
340
365
366
349
323
303
299
315
351
396
439
469
480
470
439
398
351
295
234
176
120
77
48
33
21
12
-2
-16
-25
-26
-16
-3
7
4
-20
-66
-130
-196
-253
-293
-313
-321
-329
-347
-375
-403
-420
-401
-348
-271
-179
-105
-60
-49
-60
-71
-77
-67
-50
-34
-24
-24
-26
-15
25
98
194
300
398
479
537
574
597
604
601
578
532
460
360
242
116
-2
-104
-182
-232
-259
-264
-253
-235
-216
-193
-171
-148
-119
-85
-44
7
72
151
240
329
403
452
477
476
476
496
537
612
713
823
936
1041
1140
1237
1335
1438
1546
1646
1727
1779
1792
1776
1734
1680
1622
1561
1500
1428
1347
1264
1175
1087
999
897
771
617
438
240
41
-143
-306
-443
-550
-638
-706
-764
-813
-846
-872
-883
-882
-876
-867
-852
-829
-798
-748
-677
-594
-508
-429
-358
-299
-250
-196
-135
-72
-10
41
78
101
113
129
156
197
252
323
395
457
506
547
580
614
652
687
715
730
730
720
701
680
658
633
611
586
563
541
527
532
563
623
706
806
918
1021
1108
1171
1201
1193
1146
1051
903
698
440
150
-158
-460
-736
-978
-1183
-1363
-1518
-1651
-1769
-1862
-1932
-1976
-1995
-1991
-1973
-1944
-1906
-1859
-1809
-1746
-1677
-1602
-1525
-1451
-1379
-1314
-1249
-1185
-1116
-1039
-961
-885
-807
-727
-650
-572
-493
-417
-344
-282
-226
-172
-125
-86
-44
-7
18
34
48
63
81
105
137
171
202
229
252
272
290
310
331
357
381
404
426
446
466
480
491
498
501
502
501
497
494
495
495
496
490
478
460
435
409
391
380
374
375
376
370
359
348
336
328
327
326
320
310
291
264
235
203
174
143
110
73
32
-11
-56
-89
-117
-144
-167
-193
-228
-267
-312
-358
-404
-446
-486
-522
-559
-595
-628
-657
-682
-701
-713
-720
-727
-735
-744
-755
-761
-767
-764
-754
-739
-717
-696
-677
-657
-635
-612
-579
-544
-512
-475
-446
-422
-399
-377
-348
-315
-279
-242
-210
-180
-147
-115
-79
-37
11
58
103
144
180
210
242
278
310
344
376
408
445
481
525
570
612
654
687
710
719
722
712
690
665
630
586
543
493
439
386
328
271
219
173
132
91
52
14
-25
-62
-93
-119
-138
-150
-164
-177
-192
-213
-236
-258
-277
-287
-292
-296
-296
-292
-287
-284
-281
-282
-280
-282
-283
-287
-288
-285
-280
-269
-256
-241
-226
-217
-209
-203
-204
-206
-200
-194
-188
-180
-171
-164
-158
-151
-147
-143
-135
-130
-125
-117
-109
-100
-90
-79
-72
-65
-61
-60
-60
-59
-56
-52
-48
-41
-31
-20
-9
3
19
37
54
67
79
84
86
85
83
79
77
77
76
77
78
85
95
106
121
135
151
161
171
183
191
203
216
226
236
246
254
259
267
273
282
294
311
329
342
357
370
374
376
375
373
372
372
375
379
378
375
369
362
355
351
347
344
339
332
321
307
292
276
263
252
242
235
227
222
214
206
197
190
182
175
168
158
146
132
120
107
93
82
69
55
47
40
36
29
25
26
21
19
22
20
23
30
32
29
28
25
24
30
39
49
59
68
78
89
100
112
129
139
146
151
147
141
138
137
139
143
148
154
158
157
158
158
157
159
157
157
156
157
162
164
167
171
175
174
174
176
174
170
172
173
173
172
166
161
156
149
140
129
117
109
100
85
77
70
59
53
46
41
42
39
37
31
27
22
13
6
-2
-9
-7
-6
-6
-9
-12
-18
-25
-33
-42
-44
-45
-49
-49
-49
-54
-64
-70
-76
-83
-89
-93
-98
-100
-99
-101
-104
-108
-117
-126
-132
-137
-146
-152
-152
-153
-151
-147
-146
-142
-137
-133
-128
-123
-121
-117
-112
-109
-105
-102
-101
-104
-103
-102
-104
-103
-103
-105
-104
-102
-104
-106
-104
-103
-103
-103
-101
-98
-94
-89
-82
-80
-73
-69
-65
-59
-56
-51
-50
-51
-54
-58
-62
-68
-75
-80
-87
-93
-98
-105
-105
-102
-103
-101
-100
-101
-102
-102
-104
-108
-107
-104
-104
-104
-103
-101
-96
-90
-81
-75
-69
-66
-62
-59
-55
-53
-52
-49
-48
-49
-49
-48
-45
-41
-34
-28
-21
-15
-14
-9
-5
-1
4
8
8
9
11
11
8
5
7
6
12
14
18
22
20
18
13
9
7
2
1
3
2
1
1
-2
2
8
10
16
22
22
25
31
35
38
40
42
42
42
43
43
42
37
36
37
33
29
28
21
14
12
9
7
4
2
-4
-14
-26
-41
-49
-53
-58
-59
-59
-61
-61
-66
-70
-71
-74
-76
-77
-77
-79
-78
-78
-77
-76
-72
-70
-69
-65
-60
-58
-52
-49
-48
-43
-39
-36
-33
-33
-31
-29
-26
-25
-23
-21
-21
-19
-15
-13
-11
-6
-4
-4
-3
-4
-5
-4
-5
-5
-4
-2
-2
-2
0
1
-1
0
-2
-3
-4
-7
-8
-11
-12
-11
-9
-7
-1
5
6
7
7
7
8
10
9
11
14
15
15
10
8
8
9
10
10
10
13
14
13
8
5
6
6
3
0
-1
-4
-9
-8
-6
-5
0
3
2
-1
-2
-7
-11
-12
-13
-13
-14
-14
-12
-11
-9
-8
-2
1
5
10
13
15
20
21
25
28
31
38
43
41
44
46
48
50
54
57
55
57
60
59
59
59
59
56
53
50
49
47
46
48
50
50
52
57
54
52
54
53
52
54
55
55
55
54
48
44
42
40
38
35
34
33
32
29
28
26
26
26
26
25
20
16
10
4
0
-1
-1
-2
4
5
2
-1
-5
-7
-11
-17
-17
-19
-23
-26
-30
-33
-36
-38
-38
-41
-40
-39
-40
-39
-39
-36
-32
-31
-27
-24
-23
-19
-13
-6
-2
2
9
13
18
20
22
22
21
24
23
23
25
23
21
18
18
17
14
11
11
12
10
8
5
4
1
3
-1
-3
-3
-5
-7
-10
-13
-16
-16
-19
-22
-24
-29
-33
-35
-34
-35
-36
-37
-40
-45
-47
-46
-46
-46
-45
-45
-46
-48
-49
-49
-49
-49
-48
-45
-44
-43
-40
-37
-33
-29
-24
-21
-17
-16
-12
-13
-12
-9
-8
-8
-5
-4
-8
-8
-10
-14
-14
-18
-21
-22
-21
-22
-22
-22
-22
-23
-23
-19
-15
-12
-8
-4
1
4
9
13
18
18
18
17
16
14
14
13
10
9
8
6
6
5
5
3
-1
-3
-4
-3
-4
-3
-3
-3
-2
-2
-1
-2
-1
0
0
-1
-1
-3
-5
-5
-5
-5
-4
-7
-8
-8
-12
-13
-15
-15
-17
-21
-22
-24
-27
-26
-24
-24
-24
-22
-21
-21
-21
-20
-18
-13
-11
-8
-3
-2
2
4
6
6
8
11
14
15
14
13
15
15
14
13
11
12
11
11
8
9
12
9
10
12
12
15
15
15
15
11
10
9
10
11
11
12
10
9
6
4
1
4
4
4
3
2
3
0
-2
-1
0
2
-1
-2
-3
-5
-6
-5
-8
-10
-12
-14
-14
-14
-11
-12
-12
-11
-12
-11
-11
-12
-9
-7
-7
-6
-4
-3
-2
-2
1
2
2
3
2
4
4
3
4
4
4
8
9
10
12
11
11
12
16
19
22
24
24
26
28
30
34
35
34
31
30
31
32
32
34
33
30
30
30
28
28
28
25
23
19
14
12
11
8
7
6
3
1
-2
-4
-4
-6
-6
-5
-5
-6
-9
-10
-10
-12
-13
-13
-14
-15
-15
-17
-16
-13
-12
-11
-10
-8
-7
-6
-8
-12
-11
-11
-11
-12
-13
-13
-14
-14
-14
-16
-14
-17
-19
-20
-22
-22
-21
-20
-19
-18
-18
-19
-20
-19
-18
-13
-11
-10
-6
-5
-5
-1
0
0
1
-1
-3
-2
0
2
2
2
2
1
2
1
2
4
2
5
8
8
8
10
9
9
11
8
6
5
5
3
1
1
0
0
-2
-2
-1
-4
-2
-4
-4
-4
-5
-5
-6
-6
-4
-3
-5
-5
-4
-5
-3
0
-1
-1
1
0
0
2
0
2
1
2
2
2
4
4
1
1
0
1
3
3
0
-1
-1
0
-2
-4
-3
-5
-7
-7
-9
-12
-11
-11
-9
-7
-8
-9
-10
-12
-10
-12
-10
-8
-12
-10
-5
-8
-6
-6
-5
-4
-4
-4
-3
-1
-3
-3
-2
-2
0
0
2
2
2
3
3
2
5
6
7
7
8
8
10
13
13
16
17
17
18
16
15
16
16
13
13
12
10
8
4
4
3
1
1
2
1
-2
-5
-7
-7
-9
-7
-7
-6
-6
-5
-7
-7
-6
-4
1
-1
-3
-2
-5
-5
-3
-6
-5
-5
-9
-9
-10
-11
-9
-10
-10
-7
-6
-4
-4
-3
-3
-2
-1
2
4
5
4
5
4
4
6
4
2
5
8
9
8
7
6
6
7
5
3
2
-1
-2
-2
-5
-2
0
1
2
4
3
3
3
4
6
7
6
7
5
7
6
5
7
7
8
8
6
8
10
11
9
8
7
4
5
0
2
1
0
1
-1
-2
-1
-1
0
1
1
2
2
0
0
-1
-4
-6
-5
-7
-5
-4
-5
-4
-5
-7
-5
-5
-4
-3
-2
-2
-2
-3
-5
-5
-6
-5
-7
-7
-7
-5
-5
-3
-4
-5
-4
-4
-5
-4
-3
-1
-2
0
2
1
2
1
2
2
4
5
6
6
7
6
4
4
5
3
3
2
3
2
1
1
2
2
2
4
2
-2
-3
-3
-2
-2
-4
-4
-4
-5
-6
-7
-9
-8
-9
-10
-8
-10
-10
-11
-11
-11
-11
-12
-10
-12
-12
-12
-11
-11
-11
-10
-8
-7
-6
-3
-2
-2
-1
1
3
4
6
7
6
6
5
3
3
2
2
0
0
0
-4
-7
-6
-7
-8
-8
-10
-11
-11
-15
-12
-11
-14
-11
-12
-12
-12
-10
-11
-10
-9
-8
-8
-10
-10
-10
-9
-8
-5
-4
-3
-1
-3
-4
-4
-3
-3
-3
0
2
1
4
5
4
5
6
5
7
7
8
9
6
9
8
8
10
9
10
12
10
10
11
10
10
12
11
12
14
13
14
11
8
8
7
7
7
6
6
5
4
3
4
5
7
9
8
9
9
7
5
4
3
6
5
5
7
6
7
6
3
3
2
-1
-3
-4
-3
-4
-3
-3
-4
-4
-4
-4
-2
-2
-2
-1
-1
-1
-3
-1
-2
1
3
1
1
2
-2
-2
0
-1
-2
-3
-3
-5
-6
-6
-5
-6
-7
-6
-8
-7
-6
-7
-6
-6
-9
-9
-8
-7
-9
-7
-8
-6
-7
-7
-5
-6
-5
-6
-5
-6
-6
-6
-9
-9
-12
-14
-12
-13
-10
-7
-9
-8
-9
-9
-8
-8
-5
-6
-8
-4
-4
-5
-6
-5
-4
-3
-2
-1
0
2
4
5
3
3
6
9
8
11
13
11
13
13
14
15
16
16
14
15
14
14
17
16
15
14
13
14
15
15
13
12
13
14
14
14
15
12
11
9
6
6
7
5
5
3
0
-2
-2
-3
-6
-7
-8
-11
-11
-14
-15
-14
-15
-13
-13
-13
-12
-9
-9
-9
-8
-7
-6
-9
-8
-7
-9
-7
-7
-6
-5
-3
-2
-3
-1
-2
-2
-1
-2
2
4
5
6
8
8
8
10
12
12
14
17
15
17
18
17
18
16
18
18
17
17
15
13
13
12
9
9
8
8
8
4
3
3
0
2
2
0
1
2
2
3
0
-1
-1
-1
0
-2
-2
-3
-2
-2
-2
-4
-8
-9
-10
-10
-9
-11
-11
-10
-10
-11
-11
-14
-14
-10
-9
-7
-6
-7
-7
-6
-4
-6
-6
-3
-3
-5
-8
-9
-9
-11
-9
-10
-10
-9
-8
-8
-8
-10
-8
-5
-9
-6
-5
-3
0
-2
0
-1
0
0
-2
1
4
4
5
7
6
8
8
7
8
7
4
4
2
2
0
0
1
-3
-1
-1
-1
3
5
2
1
-1
-1
-2
-2
-3
-3
-3
-3
-3
-1
3
4
7
7
8
9
8
8
5
5
4
1
2
3
2
1
-1
-1
0
-2
-3
-3
-3
-5
-6
-8
-8
-8
-10
-9
-8
-8
-6
-7
-6
-6
-4
-2
-3
-2
-2
-2
0
-3
-4
-3
-3
-3
-2
-1
-3
-3
-4
-5
-3
-2
-2
-2
0
0
-2
-1
1
4
6
7
10
10
10
11
10
11
9
7
9
9
8
8
6
4
3
1
0
-2
-4
-5
-4
-6
-4
-5
-5
-4
-5
-7
-5
-2
-2
-1
1
0
0
-3
-3
-3
-4
-2
-1
-1
-3
-4
-4
-7
-9
-9
-9
-9
-9
-7
-7
-7
-8
-7
-7
-8
-7
-4
-3
-2
-1
-2
-1
0
-1
0
1
0
0
1
2
1
0
0
0
1
2
4
1
3
3
4
9
8
8
11
9
8
7
6
6
4
5
8
9
12
14
12
11
11
8
6
5
4
1
1
1
-2
-2
-4
-4
-4
-3
1
2
3
4
2
3
3
-1
-2
-2
-3
-1
0
1
2
3
3
3
2
5
6
6
5
6
9
8
7
9
7
7
8
7
11
11
10
10
9
5
5
5
1
3
4
2
1
1
1
0
1
-2
-4
-4
-6
-5
-6
-9
-8
-7
-9
-7
-7
-9
-7
-7
-10
-9
-10
-11
-12
-12
-9
-11
-11
-10
-12
-11
-8
-7
-6
-8
-7
-6
-7
-6
-6
-6
-4
-3
-4
-4
-2
-1
-1
-1
1
0
0
2
1
