-1
1
2
-2
0
-3
-6
-4
-3
0
2
2
4
3
3
1
1
2
2
3
3
5
6
5
5
3
4
2
2
4
4
2
3
2
-1
-2
-1
-1
-4
-3
-3
-5
-3
-2
-3
-1
-2
-2
-2
-1
0
-1
-5
-4
-1
-1
-3
-4
-4
-6
-3
-3
-6
-6
-4
-3
-1
-3
0
3
2
3
2
2
4
6
6
7
13
13
13
14
15
15
15
12
11
14
15
13
12
9
9
9
6
3
3
4
3
0
1
0
-2
-2
-4
-6
-5
-4
-6
-9
-12
-9
-7
-9
-7
-9
-9
-7
-7
-9
-8
-9
-9
-9
-6
-7
-9
-8
-6
-3
-2
-1
0
2
1
4
3
-1
0
0
2
6
1
0
0
-5
-6
-5
-6
-8
-10
-8
-9
-8
-8
-8
-8
-6
-8
-10
-9
-11
-10
-6
-8
-8
-6
-5
-5
-2
0
0
1
-1
-2
0
1
-1
0
1
5
4
1
4
3
3
7
6
8
7
8
8
7
8
6
4
4
1
2
4
2
2
2
2
4
4
2
4
5
3
1
-1
-2
-3
-2
-1
-1
3
3
3
6
5
6
4
1
4
3
2
3
3
2
0
2
2
1
1
-2
-3
-2
-3
-3
-1
-1
-2
-1
0
1
1
-1
2
0
-3
-3
-2
-2
0
2
3
3
2
3
3
3
3
3
1
-1
-1
1
2
4
5
4
6
7
6
6
7
6
6
7
5
4
4
2
2
0
-1
-2
1
3
1
4
2
0
-1
-1
3
1
0
0
-2
0
-1
-1
-1
-4
-2
-2
-2
-1
-3
-4
-2
-6
-5
-4
-5
-4
-3
-4
-4
-6
-6
-5
-6
-5
-7
-2
-1
-2
2
-1
-1
-2
0
-1
-4
-3
-3
-3
-3
-3
-2
-3
0
0
-1
2
1
1
1
2
2
-1
0
1
2
2
3
4
1
2
2
2
6
7
5
4
3
2
0
0
0
0
-1
0
1
-2
-1
0
2
2
1
1
-1
-2
1
-1
-1
-2
-1
0
-1
3
2
0
1
-1
-3
-1
-3
-1
-1
0
2
-1
0
0
1
3
2
2
1
2
2
1
3
5
6
3
1
2
0
0
-1
-2
-4
-5
-3
-2
-4
-3
-5
-4
-3
-5
-5
-5
-2
-3
-2
0
-3
0
2
3
2
2
2
4
5
4
6
4
1
2
3
2
1
3
5
4
3
2
2
3
3
2
4
1
1
0
0
0
-5
-5
-5
-9
-11
-10
-11
-13
-12
-14
-13
-10
-11
-11
-10
-11
-11
-9
-6
-6
-5
-5
-4
-2
0
-3
1
1
-1
0
4
2
-1
3
2
1
0
-3
-5
-5
-2
-4
-4
-3
-2
-1
-2
-2
-3
-2
-1
-1
-2
-3
-3
-3
-1
-1
-2
-2
-2
1
2
2
0
2
-1
-3
-2
-3
-4
-5
-4
-1
0
-1
0
0
-1
-3
-6
-6
-6
-5
-4
-2
-5
-6
-4
-5
-4
-3
-5
-6
-7
-7
-6
-6
-6
-6
-2
-2
-1
-1
0
1
2
3
5
8
9
9
9
12
11
9
10
10
10
11
9
11
12
11
14
14
12
11
10
7
7
8
9
11
12
12
14
14
16
14
11
11
9
9
6
3
2
0
1
0
1
2
2
-1
-3
-3
-2
-2
-3
-2
-2
-4
-5
-5
-5
-2
-3
-4
-5
-6
-7
-7
-8
-10
-8
-6
-4
-2
-1
0
0
1
2
3
4
2
5
5
7
8
7
9
10
10
11
9
9
10
9
8
5
5
5
2
2
0
-1
-2
-2
-3
-6
-2
-2
-2
-3
-5
-1
-3
-3
-3
-4
-4
-4
-3
-1
-2
0
-3
-5
-3
-3
-3
-1
-4
-4
-3
-4
-5
-6
-4
-2
-3
-2
-1
0
-2
-3
-2
-4
-3
-1
-1
0
0
0
1
-2
0
1
0
-3
-3
-2
-4
-3
-2
-3
-1
-1
-1
-2
-3
-4
-2
1
2
2
5
7
7
7
8
5
5
3
1
2
-1
-1
0
-1
1
2
4
4
5
5
5
5
2
5
10
10
8
9
9
8
9
9
6
7
5
2
2
-1
-4
-7
-7
-6
-8
-9
-10
-10
-10
-13
-12
-14
-17
-16
-18
-18
-20
-21
-18
-19
-19
-20
-17
-16
-15
-14
-13
-10
-9
-9
-8
-7
-5
-2
-4
-1
1
2
6
4
6
9
8
12
10
9
11
10
11
10
11
13
10
12
12
14
15
12
11
9
10
7
4
4
3
4
5
3
1
3
3
1
2
2
1
-2
-3
-1
-4
-5
-7
-8
-4
-8
-9
-9
-10
-9
-10
-9
-10
-11
-8
-8
-9
-10
-9
-8
-3
-4
-3
-2
0
0
0
0
1
2
1
3
3
3
4
3
3
2
0
1
0
2
2
2
3
2
1
1
3
3
3
7
6
6
6
7
9
7
9
5
4
4
2
4
4
5
6
5
7
8
8
6
6
4
3
3
5
4
1
2
2
0
-1
0
-1
-2
-2
-4
-7
-4
-5
-4
-3
-7
-6
-7
-5
-3
-1
2
1
3
3
3
5
6
6
7
6
7
8
8
8
8
7
8
7
4
6
4
4
4
2
2
2
4
3
0
-4
-6
-8
-8
-7
-7
-8
-10
-8
-8
-9
-9
-10
-9
-8
-9
-10
-10
-10
-9
-10
-10
-11
-10
-10
-8
-7
-5
-4
-4
-4
-6
-6
-5
-4
-6
-4
0
0
1
0
-1
4
5
4
5
2
2
3
4
5
7
5
8
7
6
8
8
9
11
10
8
10
10
9
8
6
8
8
8
8
6
4
4
3
3
0
0
0
1
2
1
0
2
1
-1
2
3
0
2
2
4
2
3
2
1
2
-1
-2
-4
-3
-5
-8
-6
-7
-8
-10
-12
-12
-11
-11
-10
-10
-9
-6
-7
-7
-3
-1
-1
0
0
-1
1
1
0
2
5
6
6
4
3
4
3
3
3
2
3
2
3
2
2
1
-2
-2
0
-1
-1
-2
-3
-2
-4
-5
-7
-8
-9
-10
-8
-6
-7
-6
-10
-9
-8
-8
-8
-7
-3
-3
-5
-5
-7
-6
-5
-6
-6
-4
-4
-5
-4
-4
-4
-7
-7
-4
-4
-5
-4
-3
-4
-4
-3
-5
-3
-3
-3
-3
-5
-3
-2
-3
-5
-4
-1
1
1
3
1
2
3
3
4
3
2
2
5
6
4
3
2
3
4
3
3
4
6
5
5
6
6
9
7
7
11
10
9
8
7
8
7
5
4
5
5
5
6
4
3
3
-1
-1
1
2
3
6
7
9
9
9
10
11
10
13
13
13
13
13
12
14
14
13
13
13
12
11
14
10
7
7
4
2
3
3
-1
-1
0
-4
-5
-7
-7
-9
-10
-11
-13
-10
-12
-15
-13
-15
-16
-14
-13
-12
-11
-11
-10
-9
-8
-7
-7
-6
-4
-5
-4
-2
0
2
3
3
5
6
8
5
2
4
6
5
3
5
9
10
9
9
8
7
5
2
4
3
-1
-1
-1
1
2
-1
0
-2
-2
-3
-4
-3
-4
-6
-6
-7
-9
-7
-5
-5
-3
-3
-2
-5
-7
-6
-5
-7
-5
-5
-3
0
-2
-1
1
1
1
1
0
-2
-3
-5
-5
-2
-1
-3
-1
-1
-4
-1
-1
-4
-2
0
-1
-1
0
2
1
2
3
2
3
3
2
3
2
0
0
1
2
1
0
1
1
0
1
0
-2
0
-2
-3
-2
-2
-2
-1
-2
1
5
6
4
4
5
8
8
9
9
9
9
6
7
6
6
8
6
11
12
11
11
10
11
9
11
10
11
12
8
8
7
5
8
5
4
0
-1
2
-3
-5
-3
-7
-8
-11
-12
-15
-17
-16
-18
-18
-17
-20
-21
-21
-25
-23
-20
-20
-20
-18
-19
-21
-18
-18
-19
-17
-15
-12
-12
-10
-11
-8
-3
-2
1
4
7
12
15
19
23
26
29
30
27
28
26
27
26
23
21
21
17
13
11
9
5
4
3
-2
-3
-5
-8
-9
-12
-14
-16
-16
-17
-20
-24
-24
-25
-29
-28
-29
-32
-31
-30
-30
-31
-30
-28
-28
-25
-22
-22
-19
-18
-18
-10
-2
1
7
12
15
20
25
28
30
33
35
39
43
43
44
46
49
49
46
46
42
42
39
37
33
28
26
21
15
12
3
-1
-6
-12
-17
-21
-25
-28
-32
-36
-42
-46
-51
-53
-54
-55
-56
-55
-57
-58
-58
-56
-56
-55
-51
-51
-44
-37
-31
-23
-16
-8
0
7
16
24
34
41
48
56
61
68
73
78
83
86
90
93
89
90
92
91
92
90
91
91
88
83
75
69
61
52
45
38
30
20
10
-4
-18
-29
-44
-57
-73
-86
-96
-111
-123
-133
-144
-148
-155
-164
-167
-170
-171
-168
-166
-161
-151
-142
-130
-116
-106
-93
-79
-67
-52
-39
-23
-5
12
30
48
65
85
100
116
132
148
164
178
189
203
215
224
230
235
239
238
235
232
229
222
210
197
181
164
143
117
93
70
43
14
-17
-45
-71
-100
-126
-154
-181
-204
-223
-241
-257
-266
-273
-281
-287
-291
-289
-285
-279
-270
-266
-257
-244
-229
-213
-201
-190
-171
-147
-119
-94
-72
-45
-15
19
54
84
117
153
189
225
259
290
320
347
370
394
415
429
440
447
447
442
433
422
402
372
340
301
264
222
172
121
67
15
-33
-84
-136
-188
-240
-287
-334
-379
-416
-452
-484
-517
-547
-571
-592
-610
-623
-634
-637
-633
-624
-610
-589
-566
-535
-493
-447
-394
-334
-275
-206
-130
-51
33
118
206
295
381
465
550
638
726
810
891
964
1033
1095
1148
1184
1206
1212
1205
1187
1149
1090
1015
923
819
703
569
421
271
119
-31
-180
-327
-467
-598
-723
-842
-952
-1055
-1142
-1214
-1279
-1336
-1391
-1430
-1455
-1465
-1465
-1463
-1452
-1426
-1378
-1318
-1250
-1175
-1087
-987
-878
-756
-630
-497
-350
-195
-33
138
320
509
698
888
1084
1280
1465
1643
1803
1949
2083
2198
2278
2311
2291
2232
2147
2044
1917
1751
1550
1333
1123
928
734
531
316
104
-84
-231
-357
-483
-608
-726
-818
-891
-966
-1061
-1179
-1302
-1416
-1522
-1628
-1737
-1843
-1939
-2017
-2067
-2091
-2095
-2086
-2058
-2005
-1921
-1803
-1667
-1519
-1363
-1191
-1002
-800
-584
-370
-167
36
237
441
643
836
1007
1157
1300
1453
1621
1789
1937
2060
2176
2299
2426
2523
2553
2516
2445
2376
2300
2185
2008
1781
1548
1337
1136
917
672
412
166
-44
-228
-393
-555
-715
-857
-964
-1040
-1105
-1165
-1219
-1262
-1293
-1325
-1368
-1420
-1469
-1519
-1577
-1650
-1722
-1780
-1813
-1836
-1854
-1861
-1841
-1786
-1704
-1611
-1511
-1399
-1263
-1098
-909
-715
-523
-328
-131
64
257
440
611
768
906
1032
1146
1250
1345
1430
1516
1607
1693
1772
1852
1949
2052
2120
2115
2049
1984
1955
1927
1833
1647
1428
1254
1140
1023
840
598
359
174
20
-133
-301
-466
-606
-716
-806
-880
-933
-978
-1029
-1090
-1139
-1153
-1143
-1136
-1168
-1234
-1298
-1338
-1357
-1387
-1446
-1524
-1585
-1601
-1581
-1543
-1510
-1485
-1444
-1371
-1261
-1124
-982
-846
-709
-552
-374
-190
-24
108
218
323
431
533
619
689
753
817
887
968
1054
1145
1237
1329
1434
1560
1686
1785
1827
1826
1824
1834
1828
1766
1644
1511
1407
1326
1230
1089
916
749
602
466
320
175
48
-60
-158
-261
-360
-435
-498
-567
-655
-751
-824
-872
-921
-994
-1092
-1187
-1254
-1313
-1378
-1460
-1530
-1558
-1559
-1548
-1536
-1522
-1486
-1438
-1397
-1365
-1333
-1285
-1222
-1158
-1094
-1022
-933
-831
-732
-639
-548
-440
-316
-186
-57
70
209
362
526
690
849
1016
1193
1378
1559
1720
1851
1958
2050
2132
2199
2237
2243
2230
2212
2197
2170
2113
2017
1886
1738
1582
1408
1214
1007
807
614
428
242
53
-131
-301
-466
-632
-793
-940
-1064
-1177
-1293
-1415
-1535
-1644
-1739
-1830
-1925
-2005
-2060
-2098
-2121
-2146
-2168
-2179
-2173
-2158
-2132
-2094
-2039
-1957
-1851
-1732
-1602
-1460
-1304
-1135
-960
-777
-583
-383
-174
40
252
469
681
894
1106
1315
1529
1742
1941
2137
2320
2486
2633
2748
2830
2885
2916
2925
2910
2871
2812
2725
2608
2463
2286
2079
1851
1610
1353
1092
837
589
342
96
-150
-394
-624
-838
-1038
-1223
-1401
-1563
-1707
-1837
-1962
-2082
-2193
-2291
-2377
-2447
-2499
-2531
-2548
-2553
-2548
-2540
-2516
-2474
-2429
-2371
-2294
-2190
-2060
-1906
-1736
-1556
-1367
-1165
-955
-739
-515
-283
-44
196
432
667
898
1124
1345
1557
1764
1969
2170
2368
2555
2725
2870
2989
3081
3142
3170
3171
3151
3113
3048
2960
2842
2688
2509
2302
2061
1805
1531
1242
953
670
396
126
-146
-415
-676
-922
-1152
-1368
-1562
-1732
-1884
-2023
-2150
-2267
-2367
-2454
-2532
-2605
-2666
-2699
-2708
-2697
-2675
-2656
-2629
-2586
-2527
-2453
-2365
-2263
-2138
-1991
-1824
-1641
-1445
-1245
-1043
-839
-629
-408
-178
55
287
518
739
964
1183
1393
1592
1783
1975
2167
2357
2542
2717
2870
2995
3084
3139
3169
3178
3161
3116
3048
2960
2851
2715
2548
2339
2099
1837
1559
1274
986
698
419
144
-124
-390
-653
-901
-1134
-1350
-1545
-1716
-1873
-2012
-2140
-2254
-2355
-2449
-2533
-2605
-2665
-2698
-2705
-2694
-2675
-2650
-2618
-2571
-2505
-2431
-2346
-2249
-2126
-1978
-1813
-1634
-1442
-1242
-1036
-830
-620
-407
-181
54
286
518
746
965
1181
1390
1589
1776
1962
2144
2327
2510
2686
2843
2971
3063
3121
3148
3154
3140
3097
3033
2945
2834
2700
2537
2342
2107
1842
1560
1270
982
699
420
148
-122
-389
-644
-885
-1107
-1311
-1500
-1671
-1822
-1953
-2069
-2176
-2276
-2371
-2457
-2530
-2583
-2614
-2625
-2622
-2611
-2592
-2561
-2520
-2472
-2416
-2347
-2260
-2149
-2011
-1854
-1681
-1491
-1293
-1087
-881
-678
-469
-255
-34
193
422
648
868
1086
1298
1505
1698
1883
2063
2239
2416
2588
2748
2880
2973
3027
3054
3067
3061
3028
2968
2884
2786
2670
2520
2335
2110
1854
1580
1302
1021
746
479
217
-43
-301
-553
-792
-1014
-1223
-1423
-1604
-1760
-1894
-2012
-2118
-2214
-2306
-2392
-2464
-2522
-2559
-2573
-2573
-2562
-2540
-2514
-2476
-2425
-2368
-2303
-2228
-2131
-2008
-1865
-1703
-1529
-1344
-1155
-961
-769
-570
-360
-145
75
296
518
738
960
1172
1369
1555
1738
1916
2097
2279
2458
2625
2778
2905
3001
3069
3104
3117
3105
3071
3018
2943
2847
2725
2568
2373
2142
1882
1610
1325
1037
755
478
204
-67
-335
-596
-844
-1076
-1297
-1502
-1688
-1847
-1985
-2107
-2221
-2330
-2434
-2532
-2609
-2668
-2703
-2717
-2720
-2707
-2681
-2647
-2606
-2561
-2510
-2446
-2365
-2253
-2118
-1959
-1783
-1594
-1394
-1189
-981
-772
-552
-330
-107
127
363
601
838
1063
1280
1485
1683
1876
2065
2254
2436
2616
2784
2932
3055
3144
3204
3236
3240
3222
3179
3116
3030
2917
2774
2594
2374
2124
1847
1553
1254
961
673
390
112
-162
-433
-695
-944
-1182
-1401
-1602
-1772
-1918
-2045
-2156
-2259
-2358
-2455
-2539
-2609
-2665
-2697
-2711
-2707
-2691
-2666
-2634
-2595
-2550
-2492
-2419
-2323
-2203
-2064
-1903
-1724
-1536
-1337
-1141
-940
-734
-518
-293
-65
164
394
626
855
1076
1286
1483
1675
1862
2049
2237
2421
2606
2777
2932
3058
3147
3206
3235
3236
3213
3164
3095
3005
2886
2737
2550
2325
2068
1787
1490
1190
894
606
320
38
-242
-518
-785
-1044
-1284
-1508
-1705
-1872
-2022
-2148
-2260
-2365
-2469
-2567
-2653
-2724
-2769
-2790
-2790
-2771
-2742
-2707
-2661
-2608
-2549
-2479
-2398
-2299
-2176
-2029
-1860
-1675
-1483
-1285
-1082
-875
-660
-438
-212
16
246
477
706
936
1158
1365
1566
1761
1948
2138
2324
2506
2687
2850
2993
3106
3189
3244
3268
3261
3232
3180
3103
3007
2889
2736
2547
2323
2064
1782
1488
1192
896
608
327
48
-227
-493
-754
-1008
-1244
-1464
-1658
-1823
-1961
-2082
-2194
-2300
-2399
-2490
-2567
-2629
-2669
-2684
-2678
-2656
-2622
-2583
-2535
-2480
-2418
-2352
-2273
-2176
-2058
-1921
-1769
-1603
-1426
-1234
-1036
-837
-633
-421
-208
8
227
446
661
879
1092
1296
1491
1680
1866
2050
2229
2409
2583
2743
2889
3002
3087
3141
3167
3170
3145
3099
3033
2947
2837
2693
2513
2295
2041
1763
1467
1166
868
579
297
23
-246
-516
-780
-1030
-1268
-1491
-1689
-1858
-2000
-2119
-2227
-2323
-2411
-2492
-2565
-2622
-2660
-2677
-2672
-2650
-2616
-2573
-2525
-2468
-2407
-2339
-2264
-2172
-2057
-1926
-1779
-1614
-1440
-1254
-1062
-867
-666
-466
-258
-44
173
388
603
818
1026
1225
1411
1589
1766
1938
2113
2289
2464
2633
2784
2913
3009
3071
3106
3110
3092
3053
2995
2921
2825
2696
2530
2329
2094
1830
1547
1258
967
683
403
124
-150
-421
-685
-940
-1181
-1403
-1600
-1765
-1909
-2032
-2140
-2238
-2329
-2418
-2495
-2558
-2607
-2632
-2634
-2619
-2591
-2554
-2506
-2457
-2408
-2353
-2290
-2214
-2119
-2005
-1870
-1716
-1546
-1368
-1180
-988
-792
-590
-382
-174
39
255
471
687
895
1100
1299
1489
1672
1853
2035
2215
2395
2569
2726
2861
2971
3047
3095
3116
3117
3097
3057
2997
2914
2802
2654
2471
2251
2002
1736
1457
1176
898
625
358
94
-171
-434
-690
-936
-1165
-1376
-1564
-1724
-1860
-1978
-2081
-2175
-2260
-2338
-2404
-2460
-2497
-2512
-2510
-2491
-2460
-2425
-2386
-2340
-2290
-2237
-2177
-2103
-2011
-1898
-1766
-1621
-1462
-1292
-1116
-938
-758
-573
-376
-176
29
240
450
659
864
1056
1240
1416
1590
1767
1943
2120
2296
2465
2617
2750
2851
2919
2964
2988
2986
2964
2925
2860
2772
2654
2500
2313
2094
1848
1587
1316
1043
775
508
244
-18
-279
-538
-791
-1026
-1249
-1452
-1630
-1785
-1910
-2016
-2109
-2193
-2270
-2337
-2395
-2439
-2466
-2476
-2465
-2438
-2399
-2353
-2299
-2243
-2182
-2120
-2053
-1970
-1872
-1752
-1614
-1465
-1302
-1135
-963
-788
-610
-427
-238
-40
162
366
570
770
964
1147
1322
1490
1658
1828
2003
2178
2348
2512
2660
2778
2873
2938
2973
2987
2974
2940
2884
2805
2705
2574
2408
2215
1991
1744
1481
1205
928
655
385
122
-139
-398
-647
-884
-1108
-1317
-1507
-1671
-1808
-1922
-2019
-2101
-2171
-2234
-2291
-2339
-2378
-2398
-2394
-2379
-2347
-2310
-2263
-2210
-2158
-2103
-2048
-1989
-1914
-1819
-1703
-1574
-1430
-1273
-1109
-941
-772
-598
-422
-238
-47
146
341
539
732
921
1100
1270
1439
1607
1777
1948
2119
2288
2448
2590
2712
2798
2858
2892
2897
2879
2841
2784
2706
2603
2471
2307
2109
1881
1632
1368
1098
829
567
309
57
-193
-439
-680
-912
-1126
-1327
-1505
-1656
-1787
-1888
-1971
-2038
-2102
-2158
-2206
-2246
-2272
-2280
-2270
-2246
-2211
-2167
-2122
-2074
-2026
-1980
-1931
-1874
-1804
-1717
-1611
-1490
-1357
-1213
-1063
-906
-744
-581
-409
-231
-48
139
329
521
708
888
1066
1238
1410
1581
1750
1925
2104
2275
2433
2571
2685
2770
2828
2862
2871
2863
2830
2774
2697
2591
2455
2284
2081
1852
1604
1342
1079
816
555
298
43
-208
-459
-706
-936
-1152
-1351
-1526
-1678
-1806
-1910
-1997
-2067
-2132
-2189
-2238
-2276
-2294
-2299
-2289
-2263
-2228
-2186
-2145
-2096
-2044
-1995
-1942
-1881
-1808
-1719
-1613
-1492
-1354
-1213
-1067
-909
-746
-578
-404
-226
-43
139
328
515
701
881
1056
1229
1399
1572
1747
1925
2104
2274
2428
2558
2664
2743
2794
2823
2829
2812
2775
2717
2640
2532
2392
2221
2018
1788
1541
1284
1028
771
516
262
10
-238
-481
-716
-939
-1145
-1333
-1499
-1641
-1758
-1860
-1947
-2020
-2087
-2145
-2192
-2225
-2242
-2241
-2226
-2196
-2157
-2112
-2065
-2021
-1973
-1924
-1870
-1804
-1725
-1627
-1513
-1382
-1239
-1091
-939
-783
-623
-458
-285
-107
73
262
452
642
831
1014
1193
1365
1535
1705
1877
2052
2222
2381
2523
2636
2722
2783
2817
2827
2814
2779
2724
2650
2548
2417
2257
2064
1841
1597
1338
1074
813
554
300
46
-208
-455
-693
-918
-1133
-1333
-1508
-1664
-1794
-1898
-1981
-2053
-2114
-2169
-2221
-2260
-2280
-2284
-2270
-2245
-2208
-2158
-2105
-2050
-1997
-1946
-1893
-1833
-1762
-1670
-1561
-1437
-1297
-1152
-1003
-853
-704
-543
-380
-211
-36
144
329
515
701
888
1069
1243
1410
1578
1748
1918
2089
2255
2404
2528
2623
2696
2740
2761
2761
2738
2693
2631
2549
2442
2309
2145
1949
1729
1486
1232
980
728
483
236
-11
-249
-484
-714
-935
-1143
-1335
-1509
-1659
-1781
-1880
-1959
-2025
-2081
-2130
-2173
-2200
-2208
-2200
-2177
-2143
-2105
-2056
-2003
-1950
-1890
-1831
-1769
-1704
-1630
-1536
-1431
-1305
-1172
-1039
-896
-754
-605
-449
-287
-120
47
218
394
572
750
922
1090
1252
1409
1565
1718
1875
2031
2173
2301
2407
2489
2550
2588
2604
2600
2573
2527
2463
2378
2275
2148
1990
1807
1600
1373
1140
904
671
441
213
-17
-243
-461
-673
-877
-1072
-1254
-1418
-1565
-1687
-1786
-1867
-1934
-1996
-2049
-2092
-2122
-2133
-2130
-2115
-2091
-2057
-2017
-1969
-1914
-1856
-1793
-1729
-1659
-1574
-1479
-1369
-1244
-1111
-972
-829
-681
-524
-362
-198
-34
135
307
481
653
824
992
1150
1303
1453
1597
1739
1884
2022
2150
2260
2353
2426
2478
2507
2515
2501
2469
2416
2343
2255
2146
2012
1853
1672
1468
1250
1026
800
575
353
132
-87
-300
-509
-712
-904
-1087
-1259
-1418
-1553
-1668
-1767
-1849
-1916
-1973
-2024
-2065
-2090
-2103
-2105
-2091
-2063
-2027
-1983
-1926
-1863
-1795
-1725
-1652
-1574
-1484
-1382
-1267
-1140
-1006
-863
-719
-567
-410
-252
-94
68
228
386
545
703
861
1013
1154
1292
1425
1554
1683
1808
1928
2036
2131
2211
2273
2317
2346
2355
2343
2314
2264
2199
2115
2009
1884
1737
1568
1379
1177
968
754
542
330
118
-89
-295
-494
-683
-867
-1046
-1211
-1364
-1497
-1617
-1717
-1797
-1869
-1927
-1973
-2010
-2031
-2043
-2042
-2028
-2003
-1966
-1920
-1861
-1793
-1721
-1644
-1564
-1476
-1384
-1284
-1167
-1043
-911
-773
-631
-481
-329
-177
-22
130
272
415
556
694
831
963
1092
1212
1324
1433
1539
1638
1729
1809
1884
1949
1997
2034
2059
2068
2059
2036
1997
1941
1873
1786
1682
1561
1423
1272
1109
937
758
578
397
211
27
-152
-326
-499
-665
-821
-969
-1106
-1232
-1344
-1442
-1525
-1595
-1651
-1701
-1736
-1763
-1781
-1787
-1786
-1774
-1750
-1717
-1672
-1621
-1565
-1501
-1433
-1359
-1279
-1189
-1089
-982
-865
-738
-607
-470
-329
-187
-49
87
223
353
481
606
723
835
941
1043
1139
1227
1312
1391
1464
1531
1592
1643
1685
1718
1736
1742
1736
1719
1691
1651
1600
1536
1460
1372
1271
1160
1035
902
761
615
467
321
176
31
-112
-252
-391
-526
-652
-774
-887
-993
-1086
-1169
-1247
-1308
-1361
-1407
-1443
-1473
-1494
-1506
-1513
-1509
-1496
-1476
-1448
-1416
-1380
-1337
-1288
-1231
-1167
-1096
-1013
-925
-830
-729
-622
-512
-402
-293
-181
-70
42
154
265
371
471
568
660
751
839
918
994
1066
1133
1195
1254
1306
1348
1378
1401
1414
1417
1412
1401
1383
1359
1323
1279
1229
1165
1093
1010
912
807
696
584
471
358
247
131
16
-97
-213
-323
-426
-521
-612
-696
-773
-846
-912
-970
-1022
-1068
-1108
-1138
-1160
-1172
-1174
-1172
-1167
-1160
-1148
-1130
-1107
-1078
-1042
-997
-949
-893
-825
-760
-691
-613
-531
-450
-368
-279
-191
-106
-23
58
133
208
278
344
406
467
526
582
635
685
734
777
818
855
883
905
925
944
954
963
968
974
975
968
954
928
893
855
806
754
699
641
578
510
436
356
277
198
121
47
-29
-100
-168
-232
-295
-358
-418
-478
-533
-580
-619
-651
-682
-708
-734
-762
-784
-804
-820
-827
-831
-829
-824
-812
-797
-781
-762
-739
-707
-672
-633
-592
-547
-496
-445
-394
-345
-298
-251
-207
-164
-125
-86
-48
-12
34
88
146
204
255
305
353
398
438
474
511
549
586
614
648
681
703
722
733
739
745
745
746
744
735
715
690
663
637
612
580
544
504
460
419
374
325
268
203
140
84
32
-15
-61
-104
-151
-194
-236
-281
-326
-375
-422
-465
-501
-539
-574
-600
-620
-634
-650
-667
-684
-700
-711
-710
-702
-694
-686
-679
-678
-679
-686
-695
-712
-746
-780
-770
-690
-572
-464
-376
-286
-177
-73
12
85
157
227
289
356
435
521
600
656
703
742
779
821
865
903
929
947
960
967
964
954
944
940
924
892
842
786
731
673
607
527
442
356
280
214
153
91
26
-40
-106
-170
-228
-278
-323
-377
-438
-498
-556
-599
-637
-679
-733
-793
-839
-873
-901
-934
-973
-1018
-1077
-1170
-1299
-1422
-1498
-1538
-1566
-1573
-1516
-1383
-1200
-1001
-807
-615
-424
-243
-72
97
258
407
541
661
777
896
1018
1142
1256
1367
1493
1636
1767
1852
1891
1911
1946
1982
1978
1914
1812
1710
1617
1510
1357
1154
928
712
513
312
86
-152
-384
-597
-776
-929
-1059
-1166
-1260
-1335
-1377
-1375
-1339
-1290
-1252
-1235
-1206
-1141
-1049
-967
-931
-929
-919
-879
-830
-811
-838
-888
-927
-949
-968
-1006
-1063
-1122
-1157
-1146
-1105
-1057
-1004
-927
-818
-670
-490
-299
-104
88
289
523
786
1071
1353
1617
1875
2160
2478
2798
3046
3174
3212
3238
3290
3308
3219
3004
2737
2483
2241
1968
1618
1201
769
361
-21
-399
-786
-1168
-1521
-1831
-2077
-2257
-2384
-2477
-2543
-2557
-2489
-2346
-2176
-2027
-1893
-1722
-1484
-1221
-1002
-862
-763
-645
-501
-382
-329
-340
-371
-388
-404
-447
-533
-646
-756
-845
-911
-954
-974
-974
-950
-894
-795
-647
-469
-286
-89
156
470
835
1203
1548
1896
2287
2702
3061
3290
3419
3525
3639
3704
3648
3461
3212
2959
2695
2372
1967
1501
1016
544
84
-374
-827
-1261
-1664
-2029
-2336
-2577
-2754
-2882
-2974
-3004
-2946
-2807
-2627
-2455
-2285
-2075
-1810
-1524
-1268
-1068
-897
-716
-533
-378
-279
-236
-220
-213
-215
-238
-298
-388
-488
-582
-655
-701
-735
-762
-772
-746
-658
-526
-375
-211
-19
233
541
875
1214
1570
1965
2381
2751
3021
3209
3378
3539
3652
3653
3536
3357
3163
2941
2652
2276
1839
1384
920
446
-38
-521
-984
-1415
-1809
-2159
-2449
-2673
-2842
-2966
-3030
-3010
-2918
-2786
-2639
-2483
-2283
-2025
-1748
-1499
-1295
-1103
-893
-679
-496
-371
-291
-228
-179
-152
-166
-210
-273
-350
-427
-498
-550
-582
-603
-612
-598
-541
-441
-318
-177
1
234
522
838
1164
1514
1912
2334
2702
2954
3117
3277
3460
3594
3596
3468
3287
3114
2927
2653
2268
1819
1370
944
507
31
-467
-948
-1374
-1750
-2092
-2395
-2648
-2846
-2982
-3044
-3023
-2934
-2814
-2683
-2533
-2338
-2087
-1821
-1591
-1394
-1203
-993
-781
-609
-498
-433
-371
-309
-269
-270
-311
-367
-421
-463
-497
-529
-556
-578
-577
-530
-432
-313
-187
-39
159
420
716
1019
1330
1682
2087
2503
2850
3082
3243
3407
3591
3708
3686
3540
3345
3166
2974
2697
2308
1857
1408
979
544
72
-424
-901
-1331
-1713
-2050
-2346
-2602
-2810
-2958
-3039
-3041
-2982
-2886
-2773
-2636
-2448
-2207
-1954
-1724
-1528
-1332
-1118
-899
-718
-597
-513
-430
-343
-279
-260
-279
-317
-353
-384
-409
-434
-463
-479
-474
-427
-339
-236
-126
9
195
443
727
1019
1323
1671
2080
2496
2830
3049
3205
3373
3552
3660
3632
3490
3318
3164
2982
2706
2326
1892
1461
1047
614
136
-362
-842
-1277
-1662
-2003
-2302
-2563
-2779
-2938
-3022
-3025
-2970
-2889
-2792
-2660
-2473
-2241
-2004
-1797
-1609
-1407
-1186
-972
-801
-679
-581
-483
-391
-335
-321
-339
-360
-379
-398
-414
-435
-445
-445
-437
-399
-327
-226
-116
11
186
421
698
984
1273
1605
1999
2408
2738
2954
3111
3286
3485
3620
3608
3469
3297
3150
2989
2733
2356
1924
1507
1115
702
232
-269
-749
-1177
-1554
-1897
-2214
-2491
-2717
-2877
-2966
-2987
-2956
-2891
-2804
-2685
-2509
-2293
-2072
-1871
-1685
-1491
-1277
-1061
-881
-755
-658
-560
-465
-395
-366
-366
-378
-383
-379
-379
-384
-390
-385
-351
-284
-197
-103
-2
132
317
554
823
1098
1388
1731
2124
2510
2806
2995
3147
3329
3508
3604
3566
3432
3280
3138
2960
2686
2307
1884
1479
1092
683
220
-268
-736
-1150
-1513
-1842
-2153
-2435
-2663
-2821
-2904
-2928
-2912
-2868
-2796
-2674
-2504
-2311
-2123
-1947
-1774
-1587
-1389
-1203
-1051
-936
-831
-729
-639
-578
-553
-545
-538
-529
-517
-510
-498
-478
-445
-396
-321
-219
-105
15
159
349
595
865
1133
1421
1756
2142
2510
2776
2943
3095
3283
3465
3544
3483
3344
3207
3084
2911
2620
2233
1829
1457
1092
680
215
-260
-699
-1082
-1433
-1768
-2085
-2360
-2570
-2719
-2803
-2833
-2824
-2783
-2708
-2594
-2439
-2268
-2095
-1932
-1766
-1581
-1391
-1215
-1074
-958
-848
-743
-654
-592
-556
-535
-513
-497
-488
-478
-463
-437
-395
-345
-275
-183
-68
64
215
409
640
897
1169
1468
1812
2181
2513
2749
2913
3074
3263
3424
3473
3401
3276
3159
3052
2877
2584
2209
1830
1489
1137
729
266
-197
-611
-973
-1312
-1643
-1957
-2221
-2417
-2549
-2638
-2688
-2701
-2675
-2604
-2495
-2367
-2234
-2098
-1955
-1796
-1622
-1457
-1309
-1180
-1060
-940
-829
-748
-691
-648
-606
-566
-535
-509
-485
-446
-393
-339
-277
-200
-93
37
180
340
536
760
1002
1262
1555
1888
2230
2519
2710
2851
3007
3186
3316
3324
3222
3090
2989
2883
2691
2386
2018
1670
1360
1032
633
187
-244
-618
-941
-1254
-1576
-1881
-2127
-2297
-2414
-2496
-2550
-2573
-2553
-2497
-2409
-2303
-2193
-2078
-1952
-1808
-1657
-1512
-1383
-1274
-1163
-1050
-949
-866
-808
-764
-712
-661
-618
-587
-558
-507
-444
-369
-296
-212
-102
28
181
350
533
744
975
1231
1520
1839
2153
2408
2583
2719
2868
3034
3138
3126
3027
2915
2833
2741
2562
2274
1934
1625
1352
1053
680
253
-149
-483
-775
-1061
-1369
-1669
-1895
-2041
-2140
-2230
-2306
-2341
-2326
-2265
-2191
-2118
-2037
-1937
-1817
-1687
-1571
-1463
-1361
-1261
-1156
-1055
-968
-899
-839
-778
-719
-664
-617
-578
-533
-467
-390
-311
-231
-137
-15
124
278
439
607
795
1005
1234
1492
1776
2053
2268
2409
2524
2654
2787
2858
2828
2729
2630
2560
2462
2276
2004
1708
1448
1206
932
588
214
-134
-429
-692
-963
-1247
-1507
-1704
-1839
-1942
-2040
-2120
-2152
-2137
-2090
-2041
-1993
-1936
-1851
-1739
-1634
-1549
-1469
-1381
-1282
-1181
-1090
-1018
-956
-886
-812
-741
-685
-642
-597
-537
-462
-386
-314
-236
-139
-17
114
245
377
523
693
878
1073
1284
1517
1759
1965
2105
2202
2299
2407
2488
2492
2423
2333
2257
2184
2058
1847
1597
1360
1150
929
659
341
21
-251
-487
-717
-960
-1207
-1407
-1547
-1651
-1748
-1845
-1923
-1947
-1923
-1885
-1860
-1842
-1801
-1726
-1631
-1545
-1483
-1426
-1351
-1249
-1142
-1058
-1002
-941
-853
-755
-672
-611
-562
-491
-395
-296
-211
-139
-52
69
206
327
429
540
678
839
1003
1158
1313
1488
1668
1819
1918
1979
2039
2114
2166
2158
2094
2015
1947
1880
1774
1608
1403
1205
1026
842
620
353
87
-143
-338
-529
-739
-953
-1133
-1257
-1346
-1437
-1536
-1621
-1662
-1651
-1622
-1610
-1610
-1595
-1545
-1469
-1399
-1359
-1329
-1280
-1196
-1096
-1016
-965
-913
-831
-729
-627
-554
-501
-429
-331
-219
-124
-52
22
120
238
348
432
505
595
720
859
981
1083
1185
1308
1438
1547
1614
1656
1696
1745
1782
1780
1737
1679
1628
1578
1507
1393
1246
1093
947
803
633
430
223
39
-116
-262
-425
-599
-756
-879
-969
-1048
-1134
-1221
-1277
-1292
-1288
-1284
-1293
-1304
-1293
-1257
-1217
-1190
-1178
-1159
-1110
-1039
-968
-911
-868
-813
-734
-640
-554
-498
-449
-377
-281
-179
-102
-48
6
74
164
247
309
357
424
517
617
702
764
821
907
1010
1099
1153
1179
1211
1263
1320
1350
1340
1309
1286
1280
1260
1196
1089
974
874
780
678
546
391
243
118
2
-124
-267
-405
-521
-604
-664
-735
-816
-887
-930
-944
-956
-978
-1006
-1027
-1026
-1007
-986
-976
-970
-950
-910
-864
-821
-780
-735
-685
-625
-563
-509
-457
-406
-353
-299
-245
-196
-157
-119
-74
-27
29
78
123
172
233
307
384
454
522
586
666
758
840
903
953
1003
1059
1115
1152
1159
1155
1148
1140
1127
1092
1038
968
898
829
746
652
544
429
326
232
136
34
-66
-160
-240
-308
-378
-452
-519
-573
-621
-659
-693
-728
-760
-778
-790
-807
-823
-832
-831
-825
-810
-794
-782
-761
-731
-699
-668
-641
-617
-585
-552
-520
-490
-464
-432
-394
-353
-305
-255
-195
-133
-73
-4
67
143
221
299
374
448
526
605
678
744
800
849
898
945
975
994
1005
1008
1004
995
975
942
903
861
814
760
699
630
554
480
406
327
247
167
88
13
-56
-124
-188
-248
-309
-361
-411
-456
-501
-542
-574
-604
-633
-659
-682
-697
-710
-721
-731
-739
-744
-745
-744
-743
-742
-738
-726
-713
-697
-680
-656
-623
-589
-549
-505
-453
-391
-331
-271
-210
-148
-79
-7
64
126
186
249
315
383
444
493
540
587
638
684
717
748
774
802
831
849
857
857
853
842
831
812
783
744
697
652
604
555
503
437
373
308
246
182
110
35
-36
-98
-154
-214
-274
-332
-388
-434
-482
-533
-578
-626
-661
-694
-727
-757
-791
-814
-827
-836
-846
-859
-862
-853
-831
-811
-794
-769
-736
-694
-647
-598
-550
-498
-437
-371
-307
-244
-184
-128
-67
-3
60
123
182
241
304
372
434
491
546
603
659
710
756
797
828
860
889
908
919
922
917
911
897
873
838
797
751
702
653
593
529
462
397
337
269
197
121
50
-18
-81
-149
-218
-283
-346
-398
-451
-505
-554
-604
-651
-694
-732
-769
-805
-832
-854
-870
-882
-894
-899
-899
-889
-873
-854
-829
-798
-759
-712
-665
-615
-562
-504
-443
-378
-311
-240
-168
-90
-10
67
143
221
296
367
439
508
570
631
691
747
797
840
877
910
938
953
964
967
963
956
937
911
878
840
798
746
688
628
560
493
427
354
282
211
139
67
-4
-73
-144
-213
-279
-344
-403
-460
-514
-566
-612
-649
-685
-724
-755
-782
-806
-824
-842
-858
-869
-872
-869
-856
-838
-823
-798
-766
-727
-678
-630
-574
-516
-452
-379
-308
-232
-161
-88
-14
59
130
200
266
331
394
455
514
567
619
664
705
744
777
810
831
849
866
877
879
875
864
848
822
794
758
715
671
621
570
515
455
395
329
267
203
137
75
10
-50
-108
-167
-217
-271
-324
-372
-424
-469
-515
-561
-602
-641
-675
-703
-728
-750
-773
-791
-801
-804
-801
-797
-788
-771
-746
-714
-679
-640
-600
-557
-506
-455
-397
-340
-286
-225
-164
-104
-43
15
73
131
190
245
297
350
398
446
494
536
571
607
641
672
699
721
736
751
764
772
772
762
750
734
714
687
653
617
579
538
494
447
396
344
289
236
181
125
67
12
-44
-98
-146
-196
-246
-292
-341
-388
-429
-472
-510
-547
-583
-613
-639
-659
-679
-695
-701
-708
-708
-704
-697
-683
-664
-641
-613
-584
-546
-502
-456
-412
-366
-317
-268
-218
-165
-119
-68
-18
34
88
134
182
225
269
312
349
387
423
458
490
521
550
575
600
616
627
636
644
648
645
637
621
605
584
559
530
494
452
412
373
328
283
237
189
144
99
56
14
-31
-74
-117
-159
-198
-235
-272
-304
-338
-372
-400
-429
-456
-482
-502
-524
-543
-555
-564
-571
-573
-572
-568
-558
-541
-521
-497
-473
-444
-414
-382
-347
-312
-276
-239
-200
-161
-120
-82
-42
-3
32
73
109
143
177
208
241
273
305
335
366
394
418
442
460
480
497
508
519
522
523
525
522
512
495
474
453
431
402
375
344
307
272
240
205
172
138
104
68
32
-1
-35
-71
-108
-143
-178
-210
-241
-273
-303
-336
-362
-385
-408
-430
-449
-467
-478
-489
-495
-497
-497
-490
-482
-471
-458
-442
-419
-394
-367
-341
-311
-279
-246
-212
-182
-150
-115
-77
-39
-4
32
65
98
133
166
198
228
254
283
310
338
365
389
409
427
441
457
468
475
479
478
475
468
461
451
434
417
394
369
342
311
278
246
212
179
144
107
69
35
-4
-44
-78
-112
-148
-180
-213
-244
-270
-295
-323
-350
-376
-402
-422
-437
-452
-459
-460
-460
-460
-459
-457
-451
-440
-428
-411
-393
-366
-336
-309
-281
-255
-226
-192
-158
-120
-85
-52
-19
20
60
100
133
166
201
234
267
295
317
338
354
365
379
392
407
422
434
436
440
441
439
429
414
402
383
364
343
315
286
256
221
188
156
121
91
58
25
-8
-40
-77
-113
-146
-180
-215
-247
-277
-302
-324
-343
-361
-375
-387
-402
-410
-413
-411
-406
-398
-389
-377
-370
-359
-346
-328
-303
-277
-249
-219
-190
-164
-143
-115
-84
-52
-11
31
74
111
143
171
205
236
269
305
333
355
372
380
390
396
408
421
429
434
428
415
404
391
380
366
340
309
280
254
231
212
192
158
120
79
31
-6
-38
-71
-99
-133
-162
-185
-206
-221
-245
-302
-405
-543
-671
-748
-736
-627
-467
-311
-208
-187
-231
-298
-351
-386
-417
-448
-477
-487
-445
-339
-182
-12
118
164
118
18
-84
-141
-114
-17
105
220
292
314
314
318
349
409
483
544
574
569
538
507
489
498
520
543
544
517
469
404
344
305
286
270
254
226
181
125
70
21
-18
-46
-78
-118
-172
-236
-299
-353
-392
-416
-429
-442
-466
-491
-516
-538
-549
-547
-535
-520
-507
-495
-481
-465
-435
-393
-348
-302
-262
-231
-206
-186
-160
-124
-77
-19
42
99
140
171
198
219
243
271
301
328
347
362
378
400
432
475
521
557
573
569
547
514
491
477
471
472
468
452
419
371
319
266
217
170
127
81
22
-44
-118
-193
-264
-327
-379
-427
-473
-519
-568
-614
-653
-680
-694
-696
-685
-671
-652
-634
-612
-590
-559
-525
-486
-434
-378
-324
-264
-198
-133
-72
-14
44
99
154
210
259
304
349
385
422
463
501
544
585
625
659
687
707
718
724
728
730
729
724
716
707
683
648
604
547
483
408
329
251
172
89
4
-83
-171
-260
-349
-435
-521
-609
-697
-784
-864
-927
-977
-1008
-1020
-1030
-1030
-1024
-1007
-978
-938
-883
-825
-767
-703
-644
-584
-517
-440
-349
-253
-155
-68
12
85
148
207
270
343
425
508
588
658
710
751
793
836
881
930
984
1034
1074
1106
1128
1139
1138
1120
1084
1029
960
882
800
711
615
514
401
280
152
21
-100
-218
-325
-427
-530
-628
-729
-823
-904
-977
-1044
-1097
-1140
-1176
-1203
-1216
-1218
-1207
-1179
-1142
-1098
-1047
-996
-943
-887
-834
-778
-716
-652
-583
-506
-422
-329
-233
-139
-45
47
134
223
319
418
526
638
746
857
961
1056
1150
1243
1337
1430
1516
1594
1647
1669
1660
1618
1554
1472
1378
1280
1170
1045
901
735
555
362
169
-11
-186
-348
-501
-646
-785
-916
-1028
-1116
-1180
-1222
-1240
-1252
-1268
-1283
-1301
-1316
-1315
-1295
-1257
-1203
-1150
-1105
-1069
-1045
-1025
-1004
-975
-938
-898
-854
-809
-763
-712
-644
-560
-456
-327
-179
-19
142
297
446
587
730
888
1060
1256
1467
1678
1875
2040
2161
2234
2260
2249
2214
2164
2094
2001
1883
1725
1527
1298
1052
797
546
306
71
-161
-393
-625
-851
-1057
-1228
-1358
-1445
-1500
-1523
-1526
-1517
-1502
-1483
-1458
-1430
-1391
-1339
-1280
-1206
-1127
-1048
-972
-910
-863
-836
-821
-818
-818
-813
-804
-787
-765
-735
-692
-637
-566
-472
-353
-211
-48
135
328
533
749
973
1210
1459
1713
1964
2199
2407
2568
2670
2715
2700
2631
2516
2364
2186
1981
1757
1512
1238
935
608
272
-67
-402
-713
-997
-1250
-1469
-1651
-1794
-1902
-1972
-2005
-2002
-1963
-1894
-1796
-1677
-1550
-1420
-1296
-1187
-1088
-1001
-923
-849
-776
-708
-650
-604
-577
-573
-587
-617
-654
-689
-709
-705
-673
-605
-506
-381
-228
-61
125
331
555
803
1076
1377
1698
2025
2344
2627
2861
3018
3092
3089
3013
2883
2715
2521
2303
2056
1782
1473
1124
743
336
-87
-504
-897
-1250
-1556
-1808
-2012
-2171
-2287
-2366
-2400
-2390
-2333
-2228
-2081
-1897
-1691
-1480
-1282
-1110
-963
-848
-758
-682
-616
-552
-492
-444
-415
-417
-449
-517
-605
-697
-780
-834
-843
-799
-705
-569
-395
-196
21
262
522
812
1138
1504
1903
2314
2717
3077
3367
3568
3659
3642
3526
3331
3086
2806
2507
2187
1841
1466
1046
585
91
-421
-925
-1398
-1808
-2147
-2410
-2593
-2708
-2765
-2773
-2742
-2670
-2553
-2389
-2174
-1916
-1628
-1334
-1053
-805
-607
-460
-365
-313
-290
-287
-288
-299
-320
-356
-419
-511
-629
-762
-888
-994
-1050
-1044
-961
-806
-591
-320
-12
318
669
1033
1422
1832
2263
2700
3117
3485
3770
3950
4003
3932
3746
3464
3121
2742
2342
1927
1498
1049
568
57
-477
-1028
-1561
-2046
-2463
-2785
-3006
-3122
-3146
-3096
-2983
-2821
-2622
-2391
-2130
-1845
-1537
-1219
-902
-607
-350
-143
-5
70
87
56
-10
-96
-195
-301
-413
-540
-684
-834
-987
-1122
-1220
-1262
-1229
-1112
-911
-628
-279
121
559
1025
1509
2002
2491
2957
3378
3735
4007
4170
4212
4134
3936
3634
3256
2819
2340
1837
1311
774
222
-341
-902
-1454
-1979
-2449
-2847
-3155
-3356
-3448
-3437
-3327
-3131
-2876
-2573
-2234
-1877
-1513
-1150
-808
-499
-221
12
186
301
357
354
298
200
59
-113
-306
-511
-718
-920
-1104
-1259
-1375
-1437
-1433
-1353
-1197
-961
-642
-259
183
670
1196
1741
2296
2847
3362
3820
4189
4446
4573
4557
4400
4111
3721
3258
2739
2191
1625
1048
458
-142
-749
-1357
-1948
-2491
-2966
-3351
-3616
-3756
-3771
-3663
-3453
-3160
-2803
-2404
-1983
-1554
-1131
-729
-355
-25
251
464
610
679
670
591
445
246
9
-262
-546
-826
-1091
-1342
-1558
-1728
-1842
-1884
-1840
-1701
-1464
-1134
-715
-228
319
905
1516
2142
2766
3364
3912
4384
4747
4974
5045
4952
4701
4309
3808
3227
2593
1935
1266
597
-62
-716
-1359
-1980
-2565
-3093
-3536
-3870
-4078
-4146
-4068
-3860
-3535
-3120
-2644
-2129
-1610
-1104
-637
-220
138
432
660
817
901
907
838
698
493
234
-70
-406
-754
-1095
-1416
-1701
-1933
-2098
-2182
-2168
-2055
-1841
-1524
-1111
-619
-61
550
1191
1852
2522
3175
3793
4346
4802
5132
5314
5324
5155
4817
4331
3727
3049
2326
1585
854
144
-545
-1208
-1846
-2451
-3009
-3493
-3886
-4161
-4295
-4286
-4124
-3821
-3397
-2879
-2301
-1698
-1105
-547
-47
371
707
952
1111
1183
1174
1087
928
704
424
95
-272
-664
-1062
-1450
-1809
-2119
-2357
-2513
-2564
-2495
-2310
-2003
-1584
-1071
-474
179
868
1574
2281
2970
3629
4236
4763
5183
5475
5604
5552
5309
4885
4300
3590
2801
1968
1129
317
-452
-1167
-1830
-2441
-2997
-3486
-3895
-4208
-4403
-4461
-4369
-4119
-3723
-3201
-2585
-1910
-1219
-554
49
558
955
1238
1405
1466
1427
1306
1117
870
575
236
-140
-548
-978
-1410
-1831
-2215
-2538
-2776
-2903
-2900
-2759
-2485
-2080
-1564
-963
-297
404
1116
1832
2537
3217
3861
4447
4954
5351
5613
5705
5602
5299
4802
4139
3352
2478
1568
676
-173
-959
-1665
-2292
-2849
-3336
-3748
-4076
-4306
-4421
-4403
-4234
-3915
-3449
-2856
-2172
-1430
-677
33
661
1169
1534
1756
1830
1775
1619
1380
1082
748
386
2
-407
-833
-1276
-1724
-2152
-2547
-2875
-3100
-3195
-3136
-2922
-2547
-2028
-1391
-670
99
883
1657
2398
3101
3757
4352
4878
5315
5635
5810
5809
5606
5199
4593
3820
2924
1947
953
-8
-903
-1696
-2377
-2955
-3431
-3808
-4101
-4309
-4417
-4419
-4300
-4038
-3635
-3092
-2431
-1677
-880
-94
635
1250
1713
2003
2112
2057
1862
1559
1189
781
362
-51
-457
-860
-1266
-1672
-2075
-2465
-2820
-3099
-3271
-3301
-3163
-2850
-2371
-1742
-996
-179
659
1489
2280
3012
3681
4277
4794
5227
5558
5760
5810
5681
5350
4825
4115
3243
2267
1236
204
-773
-1653
-2413
-3036
-3529
-3897
-4151
-4307
-4371
-4336
-4200
-3945
-3569
-3068
-2446
-1720
-932
-118
666
1357
1912
2290
2467
2448
2246
1894
1440
928
405
-98
-568
-998
-1396
-1771
-2130
-2477
-2799
-3073
-3268
-3342
-3264
-3012
-2569
-1949
-1179
-297
644
1590
2496
3323
4054
4668
5159
5527
5764
5863
5816
5606
5223
4668
3945
3078
2097
1050
-9
-1034
-1975
-2794
-3472
-3995
-4363
-4582
-4663
-4624
-4473
-4215
-3858
-3405
-2850
-2205
-1494
-728
54
808
1487
2037
2418
2607
2594
2389
2019
1524
955
359
-226
-772
-1259
-1689
-2062
-2388
-2675
-2920
-3115
-3237
-3260
-3152
-2894
-2470
-1881
-1149
-300
616
1556
2475
3330
4095
4739
5251
5620
5834
5892
5789
5518
5076
4475
3727
2857
1899
889
-126
-1109
-2016
-2817
-3495
-4027
-4406
-4640
-4728
-4678
-4502
-4208
-3808
-3303
-2708
-2037
-1310
-553
202
917
1550
2061
2405
2566
2540
2327
1952
1452
872
256
-349
-917
-1423
-1855
-2223
-2532
-2792
-3002
-3154
-3231
-3213
-3068
-2776
-2323
-1710
-953
-81
861
1826
2770
3643
4418
5064
5563
5899
6068
6060
5872
5512
4981
4296
3477
2558
1572
556
-448
-1405
-2279
-3041
-3679
-4177
-4533
-4742
-4800
-4723
-4512
-4170
-3717
-3159
-2512
-1798
-1041
-266
487
1179
1769
2218
2501
2595
2498
2225
1803
1271
670
44
-558
-1118
-1615
-2035
-2385
-2676
-2903
-3068
-3168
-3185
-3103
-2902
-2562
-2076
-1448
-689
172
1096
2041
2966
3830
4595
5230
5710
6018
6140
6070
5805
5355
4742
3982
3105
2156
1165
168
-794
-1692
-2501
-3199
-3774
-4214
-4515
-4674
-4694
-4579
-4328
-3951
-3459
-2867
-2185
-1446
-675
94
818
1460
1982
2345
2527
2524
2335
1985
1510
944
335
-274
-850
-1372
-1823
-2204
-2521
-2774
-2969
-3103
-3161
-3129
-2988
-2712
-2295
-1730
-1028
-212
690
1631
2569
3469
4287
4980
5525
5897
6076
6055
5830
5411
4818
4074
3218
2281
1307
336
-609
-1487
-2283
-2980
-3561
-4023
-4362
-4571
-4645
-4584
-4394
-4066
-3616
-3047
-2380
-1644
-866
-86
653
1310
1844
2224
2433
2461
2308
2003
1570
1050
481
-98
-656
-1167
-1614
-1998
-2316
-2570
-2769
-2908
-2979
-2967
-2852
-2619
-2249
-1743
-1107
-349
496
1395
2310
3195
4016
4733
5314
5732
5962
5991
5817
5446
4892
4179
3347
2436
1484
527
-398
-1261
-2042
-2732
-3313
-3782
-4135
-4366
-4470
-4449
-4296
-4008
-3599
-3071
-2439
-1731
-973
-204
535
1204
1758
2165
2398
2448
2319
2026
1604
1086
509
-79
-643
-1158
-1614
-2000
-2312
-2564
-2753
-2883
-2950
-2937
-2825
-2604
-2254
-1764
-1138
-397
441
1339
2258
3157
3991
4717
5304
5721
5943
5956
5760
5368
4787
4057
3210
2290
1348
410
-491
-1321
-2074
-2734
-3290
-3744
-4081
-4304
-4405
-4373
-4209
-3914
-3491
-2955
-2319
-1608
-857
-101
614
1249
1765
2129
2320
2328
2161
1838
1390
860
287
-292
-839
-1334
-1765
-2119
-2406
-2633
-2795
-2897
-2932
-2894
-2762
-2514
-2142
-1642
-1013
-265
577
1473
2389
3279
4096
4806
5361
5743
5928
5902
5668
5239
4635
3891
3043
2131
1198
278
-593
-1398
-2113
-2727
-3243
-3648
-3945
-4129
-4192
-4138
-3956
-3649
-3220
-2680
-2052
-1357
-628
97
773
1356
1814
2119
2248
2198
1979
1615
1141
596
23
-539
-1058
-1515
-1900
-2207
-2447
-2624
-2743
-2807
-2804
-2723
-2547
-2266
-1859
-1322
-663
102
945
1834
2728
3577
4341
4982
5463
5752
5839
5720
5401
4894
4226
3435
2561
1645
729
-157
-982
-1720
-2362
-2903
-3336
-3662
-3880
-3989
-3986
-3867
-3626
-3272
-2809
-2245
-1606
-916
-213
460
1069
1572
1929
2128
2151
2003
1699
1265
744
173
-402
-949
-1440
-1859
-2202
-2466
-2659
-2794
-2868
-2883
-2831
-2702
-2479
-2143
-1694
-1121
-435
338
1182
2052
2909
3710
4413
4981
5376
5576
5572
5355
4939
4345
3606
2763
1863
947
56
-772
-1517
-2164
-2708
-3144
-3477
-3712
-3847
-3875
-3800
-3613
-3310
-2900
-2383
-1777
-1109
-410
280
915
1459
1870
2119
2199
2102
1838
1440
941
383
-191
-744
-1239
-1666
-2011
-2278
-2472
-2596
-2665
-2679
-2633
-2517
-2314
-2014
-1600
-1068
-421
323
1138
1997
2849
3653
4362
4935
5341
5546
5532
5303
4867
4249
3486
2629
1718
803
-66
-868
-1572
-2167
-2655
-3036
-3320
-3513
-3610
-3621
-3539
-3357
-3069
-2674
-2176
-1589
-939
-257
419
1042
1564
1954
2180
2230
2105
1817
1403
895
335
-229
-757
-1231
-1631
-1947
-2181
-2342
-2441
-2486
-2476
-2408
-2273
-2055
-1746
-1331
-804
-174
546
1330
2144
2948
3698
4354
4873
5217
5356
5283
4998
4508
3841
3042
2156
1236
332
-517
-1283
-1939
-2476
-2904
-3229
-3458
-3599
-3661
-3640
-3533
-3335
-3042
-2650
-2165
-1599
-979
-335
285
843
1299
1618
1776
1765
1584
1261
828
319
-217
-745
-1226
-1639
-1966
-2210
-2376
-2468
-2501
-2479
-2404
-2273
-2076
-1803
-1441
-984
-427
219
937
1706
2492
3256
3951
4541
4981
5230
5274
5099
4709
4130
3394
2551
1652
748
-113
-893
-1562
-2115
-2545
-2866
-3087
-3221
-3284
-3276
-3202
-3058
-2835
-2528
-2135
-1664
-1124
-546
39
592
1069
1430
1651
1711
1607
1354
974
504
-11
-533
-1019
-1440
-1779
-2024
-2178
-2252
-2258
-2206
-2109
-1968
-1781
-1542
-1235
-849
-383
175
814
1517
2263
3013
3726
4357
4861
5192
5319
5226
4910
4385
3687
2865
1970
1065
202
-577
-1241
-1774
-2179
-2464
-2652
-2758
-2798
-2792
-2735
-2625
-2458
-2223
-1912
-1527
-1073
-571
-55
444
882
1221
1435
1501
1410
1176
818
371
-125
-625
-1089
-1489
-1807
-2028
-2157
-2206
-2181
-2100
-1976
-1808
-1598
-1345
-1035
-659
-207
322
926
1587
2290
3000
3674
4269
4735
5029
5119
4984
4622
4052
3309
2447
1527
610
-243
-984
-1594
-2056
-2368
-2559
-2646
-2661
-2624
-2555
-2456
-2320
-2147
-1920
-1631
-1278
-864
-414
46
484
856
1133
1278
1285
1147
874
489
32
-458
-942
-1380
-1750
-2027
-2205
-2288
-2280
-2194
-2048
-1854
-1613
-1336
-1022
-657
-246
223
754
1340
1975
2628
3272
3867
4365
4721
4898
4868
4614
4143
3482
2670
1770
842
-52
-849
-1510
-2011
-2342
-2520
-2574
-2533
-2423
-2281
-2120
-1948
-1761
-1552
-1310
-1024
-695
-332
48
418
748
1003
1154
1184
1084
856
516
96
-376
-863
-1327
-1739
-2070
-2306
-2442
-2474
-2413
-2272
-2063
-1797
-1488
-1143
-765
-353
95
579
1106
1669
2251
2836
3395
3881
4259
4487
4528
4363
3983
3403
2661
1805
893
-10
-836
-1541
-2089
-2463
-2669
-2726
-2664
-2516
-2321
-2105
-1884
-1666
-1452
-1238
-1015
-777
-526
-277
-37
177
343
437
451
373
203
-56
-384
-761
-1167
-1569
-1944
-2268
-2516
-2676
-2736
-2695
-2558
-2330
-2024
-1658
-1246
-797
-321
170
676
1193
1715
2237
2741
3207
3603
3899
4060
4057
3873
3501
2956
2267
1472
634
-197
-960
-1606
-2108
-2442
-2609
-2629
-2524
-2328
-2073
-1786
-1492
-1204
-928
-672
-430
-203
4
187
344
469
546
575
543
449
293
73
-193
-499
-835
-1179
-1508
-1804
-2045
-2210
-2289
-2270
-2149
-1929
-1616
-1228
-782
-284
242
778
1320
1853
2365
2851
3287
3659
3938
4100
4131
4008
3721
3279
2691
2001
1247
472
-264
-927
-1472
-1869
-2117
-2213
-2180
-2038
-1814
-1538
-1231
-923
-617
-332
-72
159
350
502
612
680
705
684
620
512
367
186
-28
-272
-537
-817
-1097
-1364
-1603
-1793
-1918
-1963
-1913
-1768
-1523
-1182
-767
-292
226
763
1301
1829
2326
2777
3171
3489
3717
3830
3817
3666
3367
2933
2379
1730
1029
321
-354
-958
-1455
-1823
-2053
-2148
-2126
-2003
-1801
-1545
-1258
-965
-675
-409
-171
27
183
293
355
376
352
288
191
64
-83
-255
-440
-636
-848
-1068
-1288
-1500
-1691
-1851
-1952
-1981
-1928
-1775
-1526
-1187
-768
-286
233
770
1305
1816
2290
2710
3060
3324
3480
3522
3433
3199
2829
2337
1740
1073
377
-302
-924
-1449
-1854
-2119
-2247
-2244
-2124
-1921
-1658
-1357
-1049
-754
-482
-248
-59
89
186
239
253
225
172
90
-13
-133
-268
-423
-594
-777
-975
-1184
-1393
-1587
-1754
-1868
-1917
-1883
-1754
-1530
-1214
-820
-363
131
637
1136
1604
2030
2405
2713
2951
3113
3186
3165
3036
2801
2462
2024
1512
951
370
-192
-709
-1147
-1483
-1708
-1814
-1811
-1706
-1521
-1278
-1003
-726
-463
-233
-55
64
123
123
76
-15
-133
-264
-402
-530
-645
-748
-843
-940
-1044
-1157
-1283
-1419
-1552
-1666
-1748
-1767
-1709
-1569
-1332
-1008
-607
-149
345
849
1337
1787
2179
2503
2741
2882
2931
2877
2717
2463
2119
1701
1232
737
247
-217
-628
-965
-1216
-1372
-1433
-1411
-1311
-1158
-961
-747
-533
-334
-166
-40
34
60
38
-25
-116
-230
-350
-470
-586
-690
-786
-877
-966
-1057
-1155
-1260
-1364
-1463
-1534
-1572
-1554
-1461
-1293
-1042
-718
-333
99
552
1004
1435
1826
2159
2427
2616
2722
2739
2664
2497
2249
1924
1534
1109
662
223
-182
-536
-818
-1019
-1131
-1156
-1104
-993
-834
-645
-453
-274
-124
-18
39
46
9
-69
-174
-293
-417
-534
-638
-721
-788
-843
-892
-945
-1009
-1086
-1175
-1265
-1347
-1409
-1428
-1389
-1279
-1094
-830
-497
-116
293
712
1114
1483
1802
2054
2238
2347
2381
2341
2224
2033
1785
1479
1136
773
406
53
-263
-527
-727
-858
-913
-897
-823
-697
-539
-370
-207
-69
31
75
71
23
-69
-187
-318
-453
-574
-679
-757
-812
-851
-879
-905
-940
-986
-1044
-1112
-1178
-1229
-1246
-1217
-1128
-970
-744
-455
-118
247
625
992
1327
1622
1856
2028
2133
2173
2146
2055
1904
1700
1449
1163
856
543
237
-38
-273
-460
-585
-647
-654
-613
-534
-431
-321
-215
-127
-68
-44
-59
-101
-171
-260
-348
-433
-502
-553
-584
-600
-606
-614
-632
-663
-715
-779
-851
-923
-972
-987
-953
-859
-698
-474
-197
118
456
797
1121
1412
1659
1853
1990
2073
2099
2066
1984
1846
1658
1423
1150
855
549
251
-21
-251
-425
-536
-585
-576
-524
-446
-351
-260
-195
-155
-156
-188
-250
-338
-435
-534
-622
-689
-737
-766
-779
-779
-776
-781
-796
-822
-857
-900
-940
-961
-958
-920
-835
-701
-520
-292
-34
245
531
807
1059
1278
1452
1581
1663
1697
1689
1644
1559
1443
1298
1125
934
736
531
334
161
14
-103
-181
-226
-240
-233
-215
-196
-185
-196
-228
-288
-371
-472
-588
-705
-815
-912
-992
-1056
-1101
-1128
-1147
-1162
-1176
-1189
-1202
-1216
-1221
-1207
-1169
-1104
-1002
-860
-683
-477
-244
5
258
505
737
944
1121
1263
1366
1434
1464
1458
1419
1346
1246
1120
975
820
659
505
367
243
142
67
14
-20
-42
-57
-75
-102
-138
-192
-262
-344
-440
-546
-650
-755
-850
-935
-1008
-1062
-1100
-1124
-1129
-1119
-1099
-1063
-1018
-964
-894
-815
-719
-604
-474
-323
-157
19
206
391
567
730
874
991
1081
1147
1183
1189
1168
1126
1060
974
867
744
619
488
358
240
138
57
-1
-38
-51
-52
-46
-38
-39
-57
-90
-144
-220
-309
-408
-512
-615
-707
-779
-834
-870
-885
-877
-849
-807
-749
-680
-603
-518
-429
-337
-237
-134
-29
84
200
316
432
539
641
733
803
857
892
904
893
860
807
738
656
563
463
366
272
189
115
57
18
-5
-13
-11
-5
1
4
-10
-38
-82
-144
-222
-307
-398
-487
-572
-645
-704
-744
-772
-784
-775
-755
-727
-687
-644
-596
-543
-487
-424
-354
-275
-188
-93
14
125
235
342
440
527
591
634
656
650
621
575
516
444
371
296
227
169
117
74
38
6
-18
-44
-72
-100
-129
-164
-204
-244
-290
-342
-394
-448
-497
-541
-576
-609
-629
-638
-646
-643
-636
-619
-599
-574
-542
-506
-464
-415
-356
-290
-223
-148
-72
6
82
152
217
276
326
369
402
431
453
468
480
485
486
482
474
461
446
427
408
386
365
345
321
297
272
246
216
186
154
120
89
56
22
-8
-37
-62
-82
-93
-100
-102
-99
-93
-80
-64
-48
-29
-9
12
36
60
90
121
152
188
225
265
305
346
384
418
448
469
483
493
492
487
481
470
456
443
433
424
416
408
400
392
381
368
352
328
304
272
236
198
157
116
74
34
-4
-38
-66
-92
-110
-127
-142
-153
-160
-166
-167
-163
-153
-140
-120
-98
-66
-30
9
50
94
140
181
219
253
279
301
318
329
339
348
352
351
349
346
342
333
320
308
291
267
247
223
199
175
150
128
104
79
56
26
0
-28
-62
-95
-128
-165
-202
-238
-275
-308
-338
-364
-388
-407
-418
-426
-435
-438
-432
-423
-405
-382
-349
-308
-262
-209
-152
-96
-42
9
54
96
133
164
190
213
231
247
262
273
278
279
278
272
260
248
233
218
204
187
173
159
145
134
119
103
88
69
51
32
13
-7
-31
-53
-78
-106
-133
-163
-191
-220
-249
-271
-291
-302
-305
-306
-299
-287
-272
-260
-246
-232
-223
-216
-212
-208
-204
-198
-190
-180
-167
-149
-130
-112
-94
-77
-65
-55
-48
-47
-47
-55
-65
-76
-88
-100
-113
-123
-133
-145
-161
-181
-196
-209
-227
-244
-260
-274
-285
-295
-305
-311
-314
-313
-311
-301
-292
-287
-275
-272
-267
-261
-259
-256
-253
-252
-250
-248
-253
-253
-251
-253
-254
-256
-255
-252
-246
-240
-233
-220
-206
-191
-166
-138
-109
-77
-47
-16
15
37
53
62
66
61
52
37
22
5
-14
-33
-51
-68
-84
-97
-109
-117
-121
-126
-130
-126
-118
-108
-95
-81
-64
-43
-27
-14
-5
-3
1
0
-4
-8
-9
-12
-14
-12
-13
-15
-17
-25
-33
-38
-47
-54
-59
-63
-66
-68
-66
-60
-52
-41
-25
-9
6
24
39
53
61
70
75
74
72
66
58
47
35
19
2
-15
-30
-47
-60
-74
-86
-93
-99
-107
-109
-108
-103
-97
-93
-82
-70
-55
-40
-27
-12
2
15
24
33
39
39
35
31
25
15
7
0
-5
-14
-20
-24
-28
-33
-33
-34
-34
-32
-31
-31
-29
-24
-14
-3
8
20
35
51
67
81
92
99
105
106
102
95
83
69
51
34
18
2
-11
-17
-19
-14
-5
7
21
41
61
80
100
123
145
164
186
206
220
236
249
260
272
277
284
286
289
290
288
286
281
273
266
259
246
236
227
214
205
197
188
185
182
187
195
205
217
230
248
263
277
287
291
298
303
300
296
287
273
257
239
219
195
173
151
130
113
97
88
85
85
92
101
117
137
159
183
208
233
257
279
299
313
327
338
341
343
339
327
312
291
267
243
216
189
163
142
119
101
89
79
73
70
69
71
72
78
79
78
77
75
67
54
43
27
7
-14
-39
-66
-92
-121
-154
-183
-212
-237
-260
-282
-300
-313
-322
-328
-328
-327
-323
-314
-301
-284
-267
-249
-229
-204
-179
-151
-122
-95
-67
-40
-14
9
27
44
58
70
80
88
93
96
102
106
111
118
124
132
141
154
166
179
193
210
226
244
261
276
292
308
322
335
337
340
340
332
320
305
288
270
253
235
215
197
183
167
152
134
118
103
88
75
62
47
36
24
17
11
5
-3
-10
-16
-24
-37
-52
-70
-88
-108
-127
-148
-170
-188
-203
-214
-223
-229
-231
-228
-225
-221
-215
-211
-206
-195
-186
-177
-169
-161
-151
-143
-136
-132
-130
-129
-129
-132
-136
-144
-154
-162
-169
-177
-189
-194
-198
-204
-206
-208
-213
-215
-217
-223
-227
-229
-233
-233
-234
-232
-227
-221
-216
-205
-195
-184
-175
-169
-161
-158
-158
-160
-165
-171
-175
-178
-182
-183
-183
-178
-174
-167
-160
-154
-148
-138
-133
-130
-128
-134
-137
-140
-144
-149
-155
-160
-165
-169
-174
-178
-183
-186
-188
-192
-196
-198
-201
-203
-207
-205
-205
-205
-203
-199
-195
-192
-189
-184
-179
-169
-160
-156
-150
-137
-123
-108
-95
-82
-63
-48
-33
-16
-2
10
22
30
39
46
55
65
73
84
95
104
114
121
130
140
147
154
161
163
165
165
165
167
169
171
174
180
187
193
201
209
218
225
235
244
249
258
258
263
267
263
264
262
259
254
245
235
225
212
195
179
161
144
127
111
93
75
59
44
28
16
3
-10
-20
-31
-41
-49
-58
-63
-68
-74
-75
-78
-77
-79
-80
-80
-78
-78
-81
-82
-86
-91
-95
-102
-106
-109
-111
-117
-118
-120
-124
-127
-130
-133
-137
-140
-141
-142
-149
-151
-151
-154
-154
-152
-153
-152
-145
-143
-140
-134
-128
-120
-117
-111
-107
-106
-101
-103
-102
-98
-100
-99
-100
-102
-102
-100
-98
-100
-98
-99
-100
-100
-106
-108
-113
-118
-120
-124
-129
-135
-143
-147
-152
-156
-159
-162
-163
-164
-165
-165
-165
-163
-161
-157
-152
-149
-143
-136
-130
-124
-118
-113
-108
-102
-98
-91
-83
-76
-68
-60
-50
-42
-33
-21
-13
-5
3
14
21
27
38
46
53
63
73
84
96
105
116
126
133
143
153
161
166
171
172
173
174
172
170
166
161
157
150
144
134
125
114
105
99
87
78
66
55
44
32
24
16
8
-2
-9
-12
-19
-24
-27
-31
-34
-38
-41
-46
-48
-52
-60
-62
-61
-65
-67
-63
-62
-59
-52
-46
-40
-33
-23
-12
-1
8
19
32
44
55
65
75
81
90
97
103
108
107
110
110
107
104
104
102
98
95
92
88
85
84
82
79
77
76
72
70
67
63
60
56
54
54
54
54
55
51
48
45
39
35
30
27
21
14
13
6
6
6
4
8
8
9
15
21
27
31
36
44
55
65
77
88
98
108
115
119
123
124
126
124
126
124
119
118
117
115
110
108
105
101
97
92
90
85
82
78
73
71
66
65
66
64
63
59
53
50
43
34
25
17
8
-3
-7
-15
-26
-31
-34
-43
-48
-52
-59
-65
-69
-69
-71
-74
-71
-69
-64
-55
-48
-40
-31
-21
-11
-2
8
19
26
32
41
48
56
65
73
79
84
91
97
100
104
105
104
105
104
104
102
103
101
101
100
96
91
83
78
73
63
57
47
38
30
21
14
7
-1
-10
-15
-23
-32
-38
-45
-56
-66
-72
-76
-82
-86
-89
-91
-93
-95
-93
-93
-90
-88
-84
-79
-77
-71
-65
-58
-53
-45
-37
-33
-24
-18
-13
-9
-8
-6
-6
-3
-1
-3
-4
-3
-7
-12
-13
-15
-21
-24
-28
-30
-33
-34
-35
-40
-41
-41
-41
-39
-39
-38
-33
-35
-32
-31
-36
-34
-33
-34
-37
-41
-42
-45
-49
-51
-53
-57
-61
-61
-62
-62
-59
-55
-53
-47
-43
-38
-33
-26
-18
-10
-3
5
13
17
21
25
30
36
36
36
38
39
37
35
31
29
24
19
18
12
10
9
4
2
-1
1
5
5
9
14
17
19
23
25
25
27
27
26
24
23
19
15
12
8
4
-3
-6
-8
-14
-19
-23
-29
-33
-36
-37
-37
-37
-35
-30
-27
-20
-14
-6
0
6
14
17
24
26
30
33
33
36
34
31
28
26
21
15
11
8
1
-2
-3
-7
-8
-9
-8
-5
-4
0
5
7
11
17
22
26
31
37
40
42
45
48
49
50
50
49
47
46
43
40
35
30
24
21
17
14
12
11
11
15
16
18
20
23
28
31
36
37
38
43
46
48
50
54
54
54
54
53
50
44
39
33
26
21
15
10
8
5
2
0
-3
-1
3
4
6
8
9
14
17
21
24
26
32
36
40
42
40
42
42
41
39
34
29
25
20
14
8
3
0
0
-2
-1
2
0
4
5
6
10
11
14
20
23
26
28
32
31
35
37
33
32
31
26
24
17
10
5
1
-1
-6
-10
-14
-16
-21
-24
-25
-29
-30
-29
-29
-26
-24
-22
-16
-9
-5
-2
3
7
8
10
11
9
10
9
6
6
1
-3
-5
-8
-10
-13
-14
-18
-16
-18
-20
-19
-20
-17
-14
-13
-12
-10
-7
-7
-5
-4
-2
-3
-3
-1
-4
-6
-8
-11
-17
-23
-26
-33
-38
-40
-44
-47
-52
-53
-55
-55
-54
-53
-49
-46
-45
-41
-39
-36
-33
-29
-26
-25
-22
-20
-17
-17
-16
-15
-17
-15
-15
-15
-14
-15
-19
-20
-20
-22
-20
-18
-17
-14
-12
-9
-7
-6
-2
0
1
4
6
8
8
8
6
5
2
-2
-1
-1
-3
-5
-5
-12
-14
-17
-18
-20
-21
-24
-26
-27
-26
-26
-25
-23
-24
-24
-20
-19
-19
-17
-17
-15
-13
-12
-8
-4
0
5
7
10
12
13
16
19
19
20
23
20
22
27
28
28
30
30
29
26
24
22
19
18
15
12
10
9
7
5
6
3
-1
-1
-5
-6
-8
-9
-12
-15
-19
-22
-24
-28
-30
-32
-33
-33
-36
-37
-38
-42
-44
-44
-47
-47
-43
-42
-39
-38
-36
-36
-35
-32
-29
-26
-23
-21
-17
-16
-14
-15
-13
-10
-10
-5
-6
-6
-4
-2
-3
-5
-6
-11
-11
-10
-12
-10
-12
-14
-14
-13
-10
-7
-5
-5
-2
-1
-2
-2
-1
-1
1
3
6
7
7
8
9
9
7
5
7
6
6
5
8
10
9
11
10
11
16
19
23
27
32
35
40
45
48
53
58
61
65
67
67
65
65
65
62
62
59
53
50
46
41
36
31
27
22
16
11
9
5
1
1
-1
-2
1
-2
-1
0
-1
2
0
-1
-1
0
2
3
3
1
-1
-4
-7
-11
-15
-19
-21
-25
-27
-28
-29
-26
-23
-24
-22
-21
-19
-13
-10
-5
-2
2
5
7
11
11
11
13
12
9
8
4
0
-5
-12
-18
-28
-35
-41
-48
-51
-58
-59
-61
-64
-62
-63
-62
-58
-54
-49
-44
-39
-32
-26
-21
-17
-14
-12
-8
-3
3
5
7
8
7
5
5
5
4
3
3
0
1
1
5
8
11
17
19
22
25
31
37
41
43
46
49
51
54
53
53
52
49
45
40
35
30
22
15
8
3
-2
-7
-7
-11
-17
-19
-20
-23
-22
-20
-22
-21
-20
-21
-20
-19
-17
-17
-17
-18
-19
-19
-22
-23
-25
-28
-33
-36
-38
-40
-40
-42
-42
-42
-43
-39
-37
-32
-29
-28
-24
-21
-16
-14
-12
-9
-9
-9
-8
-7
-8
-5
-6
-5
-7
-10
-11
-15
-18
-18
-20
-21
-24
-22
-20
-20
-18
-17
-14
-10
-6
-4
-2
2
7
10
13
15
17
19
22
24
26
27
30
33
37
38
40
45
44
44
46
48
49
52
53
53
53
54
54
54
52
47
47
45
40
40
37
34
29
26
22
17
15
13
7
6
3
1
0
-6
-5
-7
-12
-12
-15
-16
-16
-16
-15
-17
-18
-16
-18
-21
-21
-21
-22
-23
-22
-18
-17
-16
-11
-10
-7
-3
0
1
5
8
11
16
17
19
21
20
19
17
16
15
12
10
10
7
5
1
-5
-7
-11
-13
-13
-15
-13
-14
-12
-13
-13
-11
-8
-3
1
4
4
6
9
9
9
10
10
11
9
8
7
9
7
8
10
8
9
10
10
13
16
17
19
23
25
28
30
32
31
32
34
31
32
32
27
23
17
12
9
2
-3
-10
-15
-19
-27
-31
-34
-39
-42
-43
-44
-44
-44
-45
-42
-38
-36
-33
-29
-27
-24
-24
-23
-20
-18
-18
-15
-13
-13
-14
-17
-16
-18
-20
-16
-16
-14
-15
-14
-12
-12
-11
-8
-6
-1
4
9
13
17
20
19
24
26
25
25
26
26
24
21
20
18
14
11
7
2
-2
-6
-11
-12
-15
-16
-17
-20
-19
-20
-21
-21
-19
-14
-14
-12
-9
-11
-12
-11
-11
-10
-11
-10
-8
-6
-5
-5
-6
-8
-9
-8
-7
-7
-8
-6
-1
-1
2
4
6
10
13
17
20
23
22
23
26
28
28
28
26
25
25
23
22
22
18
14
12
8
4
3
-2
-4
-5
-8
-9
-8
-9
-11
-13
-15
-14
-15
-18
-15
-17
-16
-13
-15
-13
-13
-16
-13
-14
-14
-13
-13
-12
-13
-13
-11
-11
-9
-4
-6
-4
1
3
4
8
13
15
14
16
17
18
19
21
23
23
26
25
25
24
21
24
23
20
20
17
18
17
11
11
11
7
6
4
4
3
1
2
3
4
3
0
2
2
2
1
2
4
5
9
8
9
9
6
10
10
9
9
7
6
8
8
7
7
7
8
5
3
2
-2
-3
-3
-6
-8
-11
-12
-13
-16
-20
-20
-21
-22
-25
-24
-28
-30
-32
-33
-30
-29
-28
-29
-26
-23
-22
-19
-18
-17
-15
-16
-15
-11
-12
-10
-7
-6
-3
-1
0
0
0
0
1
3
2
4
4
6
10
11
10
11
14
17
15
17
20
19
21
21
20
20
19
17
16
14
12
11
12
9
7
5
2
2
1
-4
-5
-4
-3
-5
-5
-5
-7
-8
-8
-8
-5
-7
-7
-5
-6
-5
-4
-4
0
1
2
4
8
10
9
10
10
11
12
11
15
18
18
23
23
23
24
24
23
23
25
22
18
17
14
13
10
5
4
1
-3
-5
-9
-12
-17
-18
-21
-24
-26
-29
-29
-30
-31
-30
-30
-29
-27
-25
-24
-24
-23
-22
-20
-19
-19
-17
-18
-17
-15
-15
-14
-12
-10
-10
-8
-6
-5
-4
-1
2
2
6
10
13
17
19
22
25
26
30
31
32
33
34
33
33
35
33
32
32
32
29
29
26
24
22
16
14
12
8
5
4
2
1
0
-2
-5
-5
-11
-14
-13
-18
-19
-19
-21
-20
-20
-21
-22
-19
-19
-20
-21
-19
-22
-23
-22
-20
-18
-14
-12
-10
-7
-6
-5
-2
-2
0
0
2
4
3
4
5
6
8
8
8
7
7
9
7
9
8
4
7
4
5
7
5
7
4
2
2
-2
0
0
-2
-4
-7
-7
-9
-10
-12
-11
-12
-12
-11
-13
-12
-12
-14
-13
-15
-16
-16
-16
-17
-16
-14
-10
-9
-7
-9
-9
-9
-13
-12
-10
-10
-8
-7
-7
-3
-3
-4
0
3
3
4
7
9
10
10
10
12
10
13
16
15
19
21
16
13
13
11
10
10
9
7
4
4
2
2
4
1
0
2
2
0
3
4
4
8
10
11
13
13
14
17
16
18
20
19
18
17
14
14
14
13
13
11
10
11
11
10
8
6
7
7
5
4
2
0
1
0
-3
0
-1
-3
-3
-4
-7
-10
-12
-13
-14
-16
-13
-16
-17
-18
-19
-21
-20
-19
-22
-21
-20
-21
-20
-19
-19
-16
-12
-11
-10
-7
-7
-4
-4
-2
0
-1
3
1
-2
2
3
2
5
5
6
5
4
3
1
2
1
1
4
4
1
2
2
1
1
2
1
-1
-2
-4
-5
-6
-9
-8
-9
-8
-6
-6
-3
-1
-2
-4
-3
-4
-2
0
3
3
3
4
3
5
6
6
6
9
9
9
7
6
8
8
10
10
8
7
6
3
3
3
1
0
-1
-2
-1
0
1
1
1
1
0
-3
-3
-4
-7
-6
-6
-7
-7
-7
-7
-7
-9
-6
-6
-7
-5
-6
-6
-3
-2
-3
1
2
1
1
3
5
3
1
1
3
3
1
1
1
0
0
0
-1
1
1
0
0
1
1
1
1
-2
0
1
3
3
1
3
2
3
0
-2
1
1
-2
-4
