1
2
4
1
0
1
-1
1
-1
0
1
-1
2
2
3
2
1
1
2
2
2
1
0
0
1
3
3
0
0
2
-1
2
5
4
5
5
5
6
4
7
8
7
6
5
5
4
3
3
3
3
1
3
2
3
3
2
-1
0
3
3
-1
-3
-1
3
4
5
6
2
4
7
8
9
11
12
12
12
13
13
12
13
12
13
14
13
13
14
10
8
7
7
8
7
8
7
4
5
4
3
4
3
1
2
0
-1
0
0
0
-4
-6
-7
-9
-8
-7
-6
-10
-14
-15
-15
-12
-11
-10
-9
-12
-9
-6
-5
-5
-2
-3
-2
0
1
3
7
8
9
7
4
5
6
7
9
8
6
7
7
7
7
5
6
5
4
4
1
2
1
0
0
-1
-1
-2
-3
-2
-6
-7
-8
-10
-8
-8
-9
-12
-14
-11
-11
-11
-11
-10
-11
-10
-10
-10
-8
-9
-9
-7
-7
-5
-4
-4
-1
-1
-4
-3
-5
-7
-7
-4
-2
-3
-3
-4
-3
-2
-3
-2
-4
-4
-1
-2
-5
-5
-4
-5
-4
-3
-3
-5
-6
-3
-5
-7
-8
-9
-6
-6
-8
-9
-10
-9
-6
-5
-6
-4
-3
-2
-3
-1
1
1
3
5
4
4
7
7
9
11
8
8
8
5
5
7
7
7
8
7
7
9
7
7
6
4
3
3
2
2
4
3
3
1
1
2
1
1
0
-2
-2
-2
-1
-1
-4
-4
-5
-6
-3
-4
-3
-2
-2
-1
0
2
3
3
4
3
4
5
5
6
6
7
5
4
7
8
8
4
1
1
0
1
2
3
3
4
1
-2
-2
-2
-1
0
0
2
4
2
2
2
3
0
1
1
2
2
-1
2
0
-1
4
2
3
4
3
2
3
1
2
3
3
4
5
5
4
6
2
1
2
-4
-5
-2
-1
-2
-2
-2
-6
-5
-6
-7
-6
-6
-6
-7
-7
-7
-7
-6
-4
-4
-2
-2
-1
-1
2
0
1
2
2
3
4
3
2
1
0
-1
-1
-4
-4
-3
-3
-4
-3
-4
-4
-3
-3
-3
-2
1
-1
-1
1
0
-2
-1
-3
-3
-1
-1
1
1
-1
-1
2
2
3
1
-1
-1
-2
-4
-3
-2
-2
-1
-3
-3
-5
-6
-4
-5
-4
-3
-5
-6
-5
-5
-3
-3
-4
-4
-5
-4
-4
-2
-1
-3
0
2
4
5
4
5
4
6
7
6
8
4
4
4
5
4
5
4
4
5
4
2
1
-1
-1
0
0
-1
-1
0
0
0
-1
-1
-2
-1
0
0
2
0
1
0
-2
-1
-2
-1
-4
-6
-6
-8
-7
-8
-9
-10
-9
-10
-10
-10
-10
-10
-10
-10
-11
-7
-4
-5
-4
-3
-4
-2
0
-1
0
0
1
3
2
2
0
1
2
2
3
3
3
5
6
5
2
1
2
6
8
6
4
3
5
5
5
5
5
6
7
5
4
5
7
5
3
0
-1
-1
-1
2
3
4
3
5
3
2
3
4
0
0
4
2
0
3
1
0
1
2
3
3
2
3
3
3
3
4
5
4
4
3
3
2
1
1
0
1
-1
-1
0
0
0
0
0
-1
-2
-1
-1
0
0
1
2
1
3
4
6
9
7
11
10
9
11
12
10
10
12
11
11
10
8
7
6
5
5
5
2
1
0
2
3
1
0
-3
-2
-1
0
0
0
2
2
4
4
2
2
2
2
2
2
0
-2
-2
-5
-5
-5
-6
-8
-11
-12
-10
-11
-12
-12
-9
-10
-6
-6
-5
-3
-4
-2
-1
-2
-2
-3
-2
1
2
3
2
1
1
2
3
2
1
0
3
5
1
1
-1
-2
-1
-2
-1
-1
-1
2
3
2
2
3
3
4
3
2
3
-1
-1
2
4
4
-1
-1
-1
1
3
1
3
2
2
2
-1
2
0
-1
0
-1
0
-2
-3
0
1
1
1
0
-2
-2
0
0
-1
-1
-2
-4
-7
-8
-10
-8
-6
-4
-4
-6
-5
-4
-6
-5
-6
-8
-5
-6
-7
-7
-10
-9
-8
-9
-10
-7
-7
-9
-8
-7
-7
-7
-4
1
1
2
3
2
1
4
4
3
5
3
5
10
11
9
6
8
10
11
9
9
7
5
5
3
2
0
1
2
2
5
4
0
-1
-2
-1
-2
-4
-3
-2
-3
-3
-4
-6
-5
-1
-1
-2
-2
-3
-1
1
2
1
-1
-1
3
3
1
2
3
4
5
8
7
6
7
7
7
9
9
7
7
8
6
7
4
3
4
0
3
2
1
3
5
4
5
4
1
2
1
1
1
-1
0
-1
-1
-1
-1
2
-1
0
2
-1
1
4
2
3
4
2
3
8
5
8
10
8
13
13
11
13
11
11
13
12
11
12
11
11
10
8
8
7
5
5
6
4
3
0
0
2
2
5
3
5
5
3
3
2
0
1
0
1
2
1
3
3
2
3
4
2
3
5
2
1
2
0
0
-1
0
0
0
1
3
4
4
5
9
8
8
10
8
7
5
4
6
5
3
4
6
5
5
1
-1
0
0
1
0
-1
-1
-1
0
-3
-3
-3
-4
-2
-3
-4
-4
-7
-5
-4
-6
-8
-9
-9
-9
-10
-7
-9
-10
-10
-10
-11
-10
-10
-12
-12
-9
-9
-9
-10
-8
-8
-7
-2
-4
-7
-7
-7
-9
-9
-8
-8
-7
-6
-7
-7
-9
-11
-10
-9
-10
-9
-6
-9
-10
-9
-8
-10
-9
-9
-9
-11
-11
-11
-10
-10
-11
-8
-9
-8
-7
-10
-10
-8
-7
-9
-9
-9
-8
-5
-7
-8
-6
-4
-4
-3
-1
-2
-1
-2
-4
-3
-3
-4
-5
-5
-3
-4
-5
-4
-6
-7
-8
-8
-7
-9
-11
-11
-11
-10
-8
-8
-7
-3
-4
-4
-5
-6
-5
-4
-5
-5
-4
-2
0
1
1
2
1
0
1
0
-2
1
0
0
4
3
4
5
2
1
-1
-1
-1
-1
0
-2
-4
-6
-5
-6
-5
-6
-8
-10
-12
-11
-10
-11
-9
-10
-11
-8
-7
-8
-8
-8
-7
-5
-6
-8
-6
-7
-8
-6
-8
-8
-8
-12
-8
-7
-8
-7
-12
-9
-7
-10
-12
-14
-12
-11
-11
-7
-8
-8
-6
-6
-5
-3
-5
-7
-5
-3
-4
-3
-3
-4
-1
-2
-4
-6
-5
-4
-4
-2
-2
-4
-4
-2
-2
0
-2
-4
-3
-2
-1
-3
-4
-1
-3
-4
-2
0
-2
-4
-4
-4
-3
-5
-4
-4
-4
-3
-1
-2
0
1
2
5
7
7
6
7
7
9
7
6
8
5
7
8
9
10
9
10
10
6
7
8
7
8
6
5
7
7
10
10
8
11
10
10
9
9
12
13
14
11
11
8
8
9
10
9
5
7
9
7
9
13
11
11
14
10
7
6
8
8
8
12
12
12
14
13
12
13
13
11
13
12
15
12
9
10
9
9
10
9
8
10
10
8
10
8
7
8
8
5
5
5
3
6
4
4
3
3
6
3
0
0
1
0
-1
-1
-2
-4
-3
-2
-4
-5
-3
-5
-3
-1
-1
1
0
1
0
0
1
-1
-4
-1
-2
-4
-4
-6
-6
-4
-9
-8
-7
-6
-5
-6
-3
0
-2
-5
-3
-3
-5
-5
-2
-3
-2
0
1
2
4
4
4
5
4
4
3
4
4
4
5
5
5
5
8
8
4
4
7
5
8
11
9
10
9
7
6
9
5
3
3
2
2
3
2
-1
0
0
-3
-1
-1
-3
-3
-5
-4
-1
-4
-3
-2
-4
-1
0
-2
-3
-1
-1
-1
-1
1
-2
-1
-1
-5
-3
-1
-2
-1
-1
-1
-1
1
0
-3
0
0
0
2
2
2
4
2
2
5
4
3
7
6
5
8
5
6
6
4
4
4
7
6
2
2
2
3
3
3
3
3
2
4
4
5
7
7
7
6
4
5
3
1
3
2
1
3
4
4
3
4
1
-1
0
-2
-5
-6
-6
-7
-7
-6
-5
-7
-8
-10
-8
-9
-11
-12
-12
-11
-12
-11
-13
-16
-13
-16
-17
-17
-16
-15
-15
-15
-11
-11
-10
-9
-8
-9
-7
-5
-9
-10
-7
-7
-7
-7
-6
-4
-4
-3
-5
-6
-4
-3
0
-1
-2
-1
0
0
0
0
1
0
1
2
1
2
4
3
5
6
6
5
6
6
5
3
4
7
6
5
5
5
3
4
2
0
1
1
2
1
3
4
3
2
1
1
1
0
1
1
-1
-3
-3
-4
-5
-3
-1
-4
-5
-3
-4
-6
-3
-2
-3
-2
-1
2
0
0
1
-1
-1
-1
-1
1
0
-1
-1
0
0
0
-3
-2
-3
-3
-2
-3
-4
-6
-4
-4
-6
-5
-3
-6
-6
-4
-5
-6
0
-1
0
0
0
1
0
-1
0
0
-1
-3
1
1
-2
3
3
0
1
0
1
-2
-2
-1
-2
-4
-4
-3
-2
-2
0
-1
-2
0
1
0
0
2
0
-2
2
0
1
1
0
0
2
4
5
6
8
7
6
10
9
7
7
5
7
4
4
4
2
1
2
2
1
1
1
4
3
2
6
6
2
3
6
5
4
6
7
6
7
10
8
6
9
10
9
7
11
10
9
9
6
5
6
5
5
3
6
6
1
0
-1
0
3
1
0
1
1
2
1
1
2
3
3
3
-2
-2
-1
-5
-5
-2
-3
-2
-2
-3
-2
-3
-4
-4
-4
-2
-3
-2
-1
-4
-1
-1
-3
-4
-6
-4
-4
-6
-5
-9
-5
-7
-9
-7
-4
-6
-4
-3
-4
-3
-1
2
-1
-1
2
4
4
4
7
8
9
10
9
7
7
7
6
6
7
5
6
5
4
5
4
4
3
5
3
3
4
4
4
7
7
11
12
10
11
12
11
12
10
11
10
10
11
10
10
10
11
7
8
8
7
8
8
8
7
6
9
6
5
5
5
6
4
3
4
2
3
2
0
0
1
0
-1
1
2
-1
-3
-4
-5
-4
-3
-1
-3
-6
-4
-4
-4
-7
-8
-5
-6
-3
-1
-6
-6
-4
-8
-9
-9
-12
-13
-11
-12
-12
-10
-9
-11
-12
-14
-12
-13
-15
-13
-9
-9
-10
-7
-7
-7
-6
-6
-6
-6
-5
-2
-2
-6
-4
-2
-4
-3
-1
-2
0
0
-3
-6
-4
-5
-7
-5
-3
-4
-3
-1
-2
-2
-3
-2
0
0
-2
0
1
0
2
0
0
-1
-4
-2
-3
-4
-2
-3
-1
0
1
1
-1
-3
-2
-3
-6
-4
-3
-3
-3
-7
-6
-5
-8
-9
-9
-10
-13
-17
-16
-17
-18
-18
-18
-18
-18
-18
-18
-16
-14
-10
-6
-6
-6
-6
-4
-4
-6
-6
-5
-5
-4
-4
-3
-3
-5
-8
-8
-8
-7
-5
-7
-5
-7
-9
-6
-7
-8
-7
-8
-10
-11
-14
-15
-14
-14
-15
-14
-13
-15
-18
-21
-23
-26
-27
-29
-30
-29
-30
-32
-31
-33
-35
-36
-33
-33
-33
-29
-29
-31
-31
-33
-35
-34
-35
-38
-38
-36
-32
-27
-24
-21
-19
-20
-23
-26
-26
-27
-26
-24
-24
-23
-23
-23
-25
-27
-30
-31
-31
-28
-22
-21
-17
-14
-11
-11
-8
-5
-6
-7
-8
-9
-11
-10
-7
-8
-9
-9
-11
-13
-13
-17
-23
-23
-20
-20
-21
-22
-23
-28
-33
-37
-43
-45
-45
-46
-47
-44
-44
-45
-45
-45
-47
-50
-51
-53
-53
-52
-54
-54
-55
-61
-73
-88
-101
-109
-111
-113
-110
-104
-101
-100
-102
-104
-111
-120
-127
-128
-129
-134
-140
-150
-169
-192
-215
-233
-244
-246
-247
-244
-235
-228
-221
-213
-204
-200
-193
-184
-178
-170
-161
-158
-155
-155
-162
-171
-178
-182
-187
-189
-188
-186
-184
-181
-176
-169
-163
-157
-154
-153
-150
-156
-166
-171
-176
-189
-204
-214
-228
-238
-247
-259
-271
-277
-278
-276
-261
-241
-220
-196
-173
-154
-132
-111
-87
-55
-25
3
32
55
70
78
77
71
66
61
58
64
73
82
93
103
113
121
130
144
162
181
203
229
259
284
305
324
336
342
348
350
356
362
368
371
366
360
351
343
337
336
340
343
350
360
367
376
384
382
378
371
362
352
348
345
340
339
336
330
316
291
263
234
209
185
171
169
166
166
164
159
158
158
167
182
205
238
275
317
366
427
497
575
656
737
814
885
949
1004
1047
1084
1114
1144
1177
1214
1251
1282
1296
1279
1240
1194
1149
1123
1117
1108
1074
1013
941
869
805
750
699
655
614
574
531
492
454
427
420
436
476
536
609
688
762
820
860
880
882
876
864
847
828
802
760
698
611
496
354
204
51
-98
-228
-339
-434
-506
-571
-628
-680
-723
-754
-775
-781
-774
-757
-726
-694
-664
-630
-591
-551
-518
-492
-470
-456
-440
-424
-407
-393
-391
-399
-426
-474
-543
-631
-728
-829
-935
-1043
-1148
-1248
-1343
-1426
-1492
-1541
-1576
-1600
-1618
-1631
-1642
-1646
-1635
-1600
-1539
-1457
-1363
-1265
-1163
-1071
-994
-926
-869
-813
-754
-690
-620
-550
-482
-420
-362
-309
-253
-185
-96
19
165
329
497
660
807
934
1039
1137
1246
1366
1500
1623
1678
1612
1386
1006
510
-36
-565
-1008
-1324
-1503
-1562
-1543
-1498
-1463
-1447
-1435
-1392
-1307
-1179
-1013
-831
-670
-557
-513
-542
-634
-753
-869
-957
-1005
-1027
-1032
-1038
-1058
-1103
-1166
-1224
-1249
-1220
-1124
-964
-758
-532
-312
-114
54
193
325
467
640
848
1081
1323
1553
1750
1916
2068
2220
2374
2511
2567
2459
2136
1598
895
109
-659
-1305
-1744
-1947
-1947
-1810
-1620
-1450
-1328
-1230
-1112
-943
-701
-385
-7
376
700
912
982
903
705
432
125
-198
-520
-830
-1120
-1399
-1670
-1922
-2131
-2279
-2340
-2291
-2134
-1881
-1559
-1203
-847
-527
-268
-74
78
195
289
372
440
483
486
443
358
253
153
87
90
172
332
568
865
1211
1603
2045
2541
3047
3472
3689
3600
3184
2504
1666
789
-10
-646
-1074
-1310
-1414
-1466
-1533
-1629
-1708
-1699
-1554
-1259
-818
-278
296
817
1213
1441
1498
1428
1291
1132
961
763
509
175
-247
-747
-1285
-1795
-2201
-2443
-2500
-2376
-2121
-1799
-1452
-1112
-795
-498
-205
93
396
680
921
1090
1159
1118
979
769
531
327
192
148
197
313
477
669
881
1123
1419
1805
2300
2891
3493
3946
4083
3818
3177
2268
1248
272
-534
-1094
-1408
-1538
-1586
-1654
-1790
-1957
-2060
-2011
-1758
-1307
-700
-26
607
1103
1394
1469
1374
1190
1005
851
718
562
322
-48
-555
-1165
-1796
-2347
-2722
-2857
-2758
-2479
-2106
-1716
-1359
-1056
-792
-537
-260
52
380
683
907
1009
969
801
545
247
-26
-212
-276
-215
-56
151
369
588
811
1062
1379
1794
2339
3006
3700
4232
4416
4145
3430
2403
1243
138
-768
-1394
-1725
-1844
-1876
-1938
-2079
-2244
-2319
-2201
-1845
-1271
-542
236
939
1453
1710
1716
1546
1304
1083
915
776
618
375
-7
-539
-1190
-1873
-2468
-2866
-3009
-2898
-2599
-2199
-1779
-1396
-1072
-797
-539
-257
66
404
709
904
945
821
564
233
-99
-361
-500
-496
-366
-158
73
296
512
749
1038
1412
1895
2499
3200
3898
4425
4580
4242
3445
2336
1104
-57
-1005
-1662
-2016
-2153
-2197
-2257
-2381
-2502
-2495
-2266
-1789
-1105
-309
492
1172
1628
1819
1772
1559
1290
1051
855
680
474
171
-263
-831
-1486
-2134
-2652
-2949
-2984
-2785
-2435
-2022
-1631
-1296
-1017
-769
-498
-183
164
506
771
905
860
646
316
-57
-392
-628
-744
-749
-668
-526
-354
-153
93
412
825
1329
1898
2503
3126
3731
4262
4616
4636
4225
3402
2296
1081
-88
-1088
-1831
-2297
-2522
-2593
-2601
-2591
-2533
-2344
-1953
-1361
-633
134
839
1404
1773
1924
1870
1665
1388
1108
837
540
186
-247
-745
-1273
-1791
-2252
-2596
-2777
-2766
-2575
-2279
-1948
-1620
-1307
-996
-687
-385
-92
187
424
582
617
498
252
-61
-371
-623
-800
-900
-918
-852
-709
-498
-233
88
489
965
1495
2045
2590
3118
3629
4112
4491
4618
4350
3644
2584
1330
59
-1068
-1943
-2510
-2779
-2825
-2750
-2639
-2504
-2279
-1886
-1305
-576
201
920
1497
1864
2001
1923
1677
1348
1000
663
329
-33
-445
-907
-1396
-1870
-2282
-2577
-2701
-2639
-2406
-2072
-1714
-1377
-1078
-809
-556
-312
-67
169
368
494
501
371
128
-164
-439
-655
-785
-839
-831
-772
-667
-517
-311
-30
347
828
1383
1967
2528
3020
3446
3835
4194
4467
4502
4140
3354
2238
954
-313
-1411
-2234
-2728
-2913
-2875
-2728
-2564
-2384
-2108
-1653
-1006
-246
509
1170
1661
1935
1978
1812
1502
1130
772
450
120
-261
-695
-1149
-1574
-1938
-2221
-2398
-2460
-2398
-2224
-1980
-1715
-1451
-1182
-897
-602
-317
-64
143
288
353
323
193
-19
-252
-463
-624
-721
-763
-744
-671
-539
-339
-72
273
696
1175
1695
2204
2668
3083
3462
3840
4210
4480
4490
4082
3231
2054
735
-526
-1565
-2295
-2690
-2806
-2744
-2607
-2465
-2304
-2025
-1552
-891
-123
628
1254
1682
1877
1845
1638
1331
1004
703
411
80
-320
-783
-1262
-1692
-2030
-2254
-2352
-2327
-2193
-1988
-1764
-1552
-1349
-1135
-886
-611
-334
-87
96
196
210
134
-9
-196
-391
-550
-666
-738
-768
-769
-728
-627
-447
-161
215
650
1119
1587
2034
2436
2786
3109
3454
3847
4228
4434
4249
3565
2455
1128
-182
-1282
-2071
-2529
-2708
-2705
-2624
-2542
-2451
-2251
-1831
-1159
-324
505
1185
1635
1839
1842
1694
1460
1204
953
687
359
-71
-590
-1144
-1645
-2013
-2218
-2269
-2224
-2122
-1996
-1866
-1722
-1549
-1327
-1046
-725
-396
-121
64
149
143
83
-9
-114
-237
-375
-518
-659
-781
-864
-888
-826
-652
-370
-2
418
859
1301
1725
2118
2492
2859
3247
3680
4127
4461
4473
3999
3039
1762
422
-751
-1625
-2186
-2488
-2608
-2638
-2644
-2637
-2551
-2245
-1651
-821
81
870
1428
1725
1805
1744
1603
1431
1254
1065
808
416
-136
-787
-1413
-1898
-2185
-2296
-2294
-2242
-2166
-2074
-1964
-1823
-1625
-1340
-969
-561
-193
68
205
247
238
194
117
12
-118
-257
-407
-564
-711
-823
-851
-776
-605
-350
-24
368
817
1306
1798
2264
2688
3082
3473
3881
4278
4541
4467
3911
2899
1628
341
-765
-1597
-2162
-2499
-2666
-2739
-2773
-2768
-2641
-2259
-1583
-713
176
906
1403
1676
1775
1764
1685
1570
1432
1239
933
455
-178
-864
-1473
-1914
-2158
-2246
-2260
-2254
-2246
-2220
-2143
-1982
-1719
-1352
-922
-495
-144
89
202
238
241
228
197
126
1
-184
-416
-661
-880
-1025
-1060
-980
-789
-508
-151
279
759
1266
1776
2269
2734
3163
3577
4002
4406
4657
4546
3930
2859
1548
260
-806
-1592
-2137
-2498
-2730
-2884
-2985
-3015
-2867
-2422
-1665
-725
194
928
1420
1711
1868
1940
1945
1890
1763
1539
1163
600
-103
-825
-1450
-1900
-2172
-2324
-2416
-2483
-2520
-2492
-2378
-2157
-1826
-1413
-967
-548
-201
50
214
328
403
437
408
302
126
-112
-387
-655
-876
-1014
-1057
-1011
-877
-657
-347
51
521
1040
1579
2108
2603
3047
3459
3879
4311
4661
4736
4352
3480
2283
1003
-151
-1078
-1773
-2262
-2591
-2828
-3022
-3156
-3137
-2828
-2186
-1305
-375
428
1021
1426
1699
1880
1995
2056
2056
1952
1673
1175
496
-249
-933
-1464
-1834
-2088
-2277
-2438
-2573
-2653
-2653
-2530
-2258
-1863
-1402
-953
-570
-269
-38
159
332
466
527
492
357
132
-153
-450
-708
-888
-976
-989
-943
-845
-677
-412
-39
426
949
1489
2015
2497
2931
3356
3814
4307
4736
4874
4520
3662
2461
1187
57
-842
-1522
-2037
-2448
-2800
-3101
-3318
-3349
-3066
-2434
-1567
-673
67
598
983
1310
1624
1907
2120
2221
2174
1924
1444
786
64
-600
-1128
-1530
-1864
-2184
-2490
-2747
-2904
-2926
-2802
-2536
-2158
-1724
-1295
-918
-595
-292
15
328
594
756
784
686
489
231
-38
-287
-503
-680
-815
-911
-945
-871
-663
-325
115
609
1122
1630
2122
2594
3071
3599
4182
4735
5044
4874
4159
3045
1806
682
-232
-965
-1580
-2123
-2625
-3088
-3473
-3682
-3577
-3087
-2300
-1423
-658
-76
382
822
1285
1738
2126
2397
2502
2390
2023
1437
746
88
-463
-927
-1360
-1809
-2265
-2664
-2955
-3105
-3091
-2916
-2601
-2202
-1785
-1398
-1022
-620
-179
279
678
955
1086
1072
944
735
478
202
-70
-326
-571
-805
-993
-1078
-1012
-786
-439
-15
451
951
1477
2009
2546
3106
3730
4392
4948
5164
4857
4050
2950
1810
805
-36
-759
-1430
-2086
-2727
-3321
-3788
-3999
-3829
-3277
-2496
-1694
-1013
-464
37
579
1171
1762
2270
2611
2728
2584
2180
1599
965
378
-139
-629
-1152
-1727
-2312
-2828
-3206
-3408
-3427
-3289
-3020
-2678
-2299
-1886
-1425
-904
-340
220
702
1049
1234
1277
1214
1064
852
588
282
-45
-391
-717
-975
-1116
-1082
-883
-569
-195
206
641
1122
1659
2259
2932
3674
4427
5020
5219
4883
4090
3093
2144
1339
634
-63
-810
-1602
-2389
-3103
-3648
-3904
-3786
-3330
-2703
-2103
-1621
-1190
-692
-64
665
1394
2018
2465
2686
2662
2413
2012
1557
1123
705
227
-375
-1077
-1785
-2399
-2869
-3187
-3368
-3428
-3378
-3226
-2984
-2656
-2220
-1658
-999
-315
290
762
1087
1292
1404
1428
1358
1199
971
687
355
-9
-363
-637
-781
-788
-690
-524
-295
15
415
894
1430
2023
2700
3455
4167
4604
4584
4117
3406
2681
2049
1470
853
153
-622
-1436
-2231
-2920
-3400
-3571
-3429
-3091
-2723
-2423
-2143
-1746
-1151
-391
408
1134
1718
2134
2370
2423
2329
2162
1970
1743
1415
917
257
-478
-1168
-1757
-2251
-2681
-3058
-3347
-3523
-3573
-3481
-3229
-2803
-2221
-1555
-898
-317
185
631
1034
1369
1586
1663
1608
1451
1212
907
566
246
-3
-166
-270
-341
-365
-308
-139
150
532
997
1569
2258
3004
3630
3928
3815
3403
2899
2454
2080
1683
1183
563
-151
-910
-1657
-2307
-2750
-2926
-2882
-2748
-2638
-2566
-2430
-2112
-1591
-938
-270
334
851
1274
1588
1787
1899
1965
1989
1926
1712
1315
775
186
-373
-885
-1388
-1909
-2431
-2894
-3243
-3449
-3499
-3379
-3083
-2640
-2117
-1585
-1082
-588
-79
441
916
1282
1502
1593
1588
1516
1381
1195
991
795
621
462
305
172
110
164
330
577
889
1287
1799
2380
2881
3113
2993
2626
2231
1961
1799
1613
1295
831
272
-329
-934
-1479
-1860
-2023
-2021
-1996
-2063
-2216
-2330
-2256
-1930
-1427
-878
-389
11
343
615
840
1036
1231
1432
1583
1595
1415
1068
645
236
-136
-516
-956
-1457
-1968
-2425
-2777
-2999
-3087
-3028
-2826
-2524
-2178
-1826
-1461
-1045
-570
-76
367
701
925
1072
1183
1270
1323
1331
1302
1258
1201
1118
1006
904
869
925
1050
1199
1376
1634
1985
2346
2527
2393
2010
1601
1359
1285
1222
1028
698
315
-65
-449
-836
-1170
-1360
-1394
-1377
-1447
-1631
-1827
-1884
-1723
-1390
-997
-652
-402
-208
-19
198
435
663
866
1031
1134
1132
993
744
465
219
6
-253
-628
-1090
-1541
-1897
-2141
-2304
-2400
-2406
-2307
-2134
-1940
-1754
-1544
-1261
-899
-513
-169
102
315
512
708
895
1050
1163
1234
1273
1290
1292
1272
1244
1231
1258
1333
1446
1587
1775
2003
2196
2228
2010
1605
1212
1000
984
1001
871
548
133
-250
-560
-815
-1024
-1157
-1200
-1216
-1285
-1442
-1604
-1648
-1513
-1233
-906
-634
-451
-334
-228
-82
120
357
576
720
765
732
652
532
387
217
27
-183
-440
-757
-1106
-1423
-1646
-1761
-1809
-1831
-1842
-1836
-1800
-1718
-1578
-1363
-1092
-795
-515
-275
-62
151
382
623
847
1032
1181
1293
1360
1388
1392
1408
1463
1543
1619
1692
1783
1928
2107
2213
2131
1827
1408
1056
902
904
900
748
422
14
-364
-647
-834
-947
-1013
-1062
-1126
-1227
-1363
-1483
-1516
-1421
-1214
-964
-752
-622
-557
-507
-405
-217
35
280
445
501
478
430
380
325
250
132
-35
-257
-516
-787
-1038
-1234
-1361
-1427
-1471
-1525
-1586
-1633
-1624
-1524
-1336
-1090
-833
-592
-376
-164
71
331
605
859
1059
1209
1316
1386
1440
1483
1536
1604
1671
1732
1791
1874
1994
2103
2097
1903
1548
1172
938
890
935
914
724
385
6
-311
-516
-629
-698
-767
-876
-1031
-1214
-1382
-1486
-1493
-1408
-1261
-1092
-952
-863
-813
-755
-630
-409
-124
139
308
364
349
326
321
314
269
154
-35
-279
-550
-806
-1010
-1158
-1256
-1329
-1404
-1492
-1569
-1605
-1569
-1448
-1251
-999
-734
-489
-267
-52
186
459
745
1008
1214
1354
1436
1490
1542
1609
1692
1774
1846
1918
2011
2132
2226
2197
1980
1616
1246
1022
975
1005
946
710
325
-92
-420
-618
-714
-774
-857
-1003
-1203
-1410
-1568
-1632
-1595
-1480
-1319
-1151
-1000
-879
-784
-688
-545
-320
-41
220
397
455
421
362
319
291
244
138
-42
-279
-544
-789
-984
-1120
-1207
-1283
-1366
-1454
-1524
-1542
-1497
-1387
-1219
-1002
-759
-515
-284
-66
156
404
668
926
1142
1292
1390
1453
1516
1602
1708
1823
1927
2019
2128
2248
2316
2243
1980
1591
1232
1038
1012
1026
910
595
153
-288
-608
-778
-850
-904
-1007
-1179
-1393
-1590
-1704
-1712
-1621
-1470
-1301
-1129
-970
-831
-709
-588
-429
-208
60
307
460
490
428
341
273
229
180
77
-92
-318
-566
-784
-942
-1035
-1098
-1170
-1257
-1330
-1373
-1371
-1323
-1221
-1067
-868
-645
-422
-216
-20
185
415
660
899
1112
1280
1405
1496
1577
1675
1796
1924
2048
2178
2313
2417
2413
2229
1872
1467
1158
1028
1013
965
766
389
-76
-501
-804
-972
-1045
-1094
-1187
-1342
-1530
-1685
-1749
-1705
-1580
-1407
-1215
-1022
-847
-710
-602
-494
-344
-140
88
278
376
370
280
158
56
-19
-84
-176
-319
-513
-725
-901
-1030
-1115
-1173
-1223
-1260
-1278
-1276
-1256
-1205
-1107
-958
-748
-504
-254
-11
214
429
640
858
1085
1297
1480
1622
1732
1830
1931
2053
2204
2372
2536
2629
2563
2301
1897
1483
1181
1041
995
909
680
294
-177
-622
-953
-1137
-1203
-1218
-1262
-1372
-1527
-1672
-1751
-1732
-1622
-1434
-1199
-962
-768
-645
-575
-511
-403
-230
-27
164
292
322
264
138
1
-111
-184
-234
-303
-406
-543
-698
-848
-992
-1103
-1171
-1195
-1174
-1138
-1103
-1059
-997
-896
-749
-553
-310
-41
229
468
673
851
1027
1214
1404
1584
1744
1885
2014
2138
2270
2405
2517
2540
2407
2107
1710
1339
1087
962
882
744
490
126
-283
-656
-933
-1104
-1192
-1238
-1289
-1361
-1440
-1505
-1533
-1513
-1443
-1318
-1138
-927
-735
-597
-521
-486
-435
-345
-212
-60
61
115
89
2
-113
-225
-308
-370
-421
-477
-551
-643
-754
-877
-993
-1075
-1110
-1090
-1025
-944
-859
-773
-684
-576
-427
-221
30
311
578
805
991
1150
1293
1432
1569
1715
1874
2041
2209
2359
2459
2468
2357
2121
1804
1485
1232
1069
959
835
635
342
-15
-379
-693
-921
-1063
-1149
-1207
-1261
-1319
-1372
-1419
-1446
-1444
-1396
-1286
-1121
-928
-745
-608
-524
-484
-458
-412
-334
-226
-116
-42
-24
-66
-150
-249
-350
-438
-503
-549
-579
-616
-681
-775
-880
-970
-1021
-1012
-943
-821
-672
-522
-384
-258
-121
39
229
444
668
884
1078
1240
1367
1459
1531
1604
1699
1827
1973
2108
2182
2145
1983
1717
1406
1126
926
800
713
612
459
244
-22
-318
-600
-830
-991
-1085
-1125
-1132
-1126
-1126
-1148
-1188
-1227
-1229
-1166
-1041
-872
-696
-542
-427
-358
-325
-310
-294
-266
-227
-182
-148
-139
-161
-220
-306
-409
-506
-580
-626
-650
-661
-667
-670
-670
-665
-641
-588
-503
-388
-250
-97
58
211
357
491
604
697
771
832
889
947
1005
1067
1124
1175
1228
1275
1311
1312
1266
1173
1044
904
787
699
630
566
486
387
273
143
8
-126
-250
-365
-467
-548
-606
-637
-651
-662
-677
-694
-702
-685
-637
-565
-480
-395
-327
-278
-245
-225
-214
-216
-228
-246
-268
-289
-316
-348
-388
-438
-488
-535
-576
-601
-609
-600
-577
-542
-496
-438
-367
-290
-213
-139
-65
18
104
191
263
315
345
360
360
359
367
387
414
445
476
500
520
537
551
563
580
598
609
611
604
591
574
553
535
516
501
486
463
427
373
311
243
172
113
67
30
-3
-38
-71
-102
-125
-133
-132
-125
-122
-128
-143
-169
-201
-237
-274
-306
-329
-352
-376
-407
-446
-495
-547
-594
-632
-654
-662
-663
-658
-647
-630
-601
-563
-515
-458
-397
-342
-294
-247
-193
-138
-86
-37
8
47
80
113
147
178
198
214
236
260
290
321
353
387
415
443
468
495
521
542
557
570
583
596
610
614
608
597
577
556
529
499
471
445
417
382
345
304
267
233
198
163
123
76
28
-20
-74
-132
-184
-228
-271
-319
-369
-423
-473
-518
-558
-592
-617
-636
-647
-654
-660
-661
-654
-631
-596
-558
-518
-480
-446
-414
-377
-331
-272
-201
-131
-65
-12
31
62
85
114
146
178
212
241
260
268
269
269
276
286
301
317
326
326
327
327
333
344
358
369
379
386
388
383
374
361
346
328
306
281
250
217
178
136
87
33
-20
-76
-133
-186
-238
-283
-322
-361
-396
-425
-450
-470
-482
-486
-491
-499
-512
-527
-543
-549
-551
-546
-538
-532
-520
-506
-489
-462
-431
-395
-347
-298
-241
-183
-128
-72
-21
28
79
128
169
204
233
254
269
277
283
285
282
279
277
274
269
261
254
251
252
262
278
294
307
318
326
328
331
333
335
335
327
314
293
265
231
189
145
100
53
6
-40
-87
-127
-168
-204
-228
-248
-257
-255
-248
-237
-233
-230
-226
-227
-236
-250
-268
-285
-303
-319
-333
-350
-364
-369
-365
-353
-334
-311
-284
-259
-233
-200
-170
-134
-87
-44
-4
32
57
77
94
108
120
126
129
128
124
115
104
93
82
74
68
67
71
76
80
87
98
109
119
137
152
163
174
178
180
172
163
150
134
108
82
60
36
16
-5
-25
-39
-48
-53
-52
-49
-43
-33
-25
-16
-10
-5
3
7
6
0
-11
-24
-34
-40
-46
-49
-51
-53
-57
-54
-49
-40
-22
-5
9
22
30
36
45
55
68
86
100
112
121
129
138
144
149
149
150
153
156
158
153
143
129
119
111
108
112
112
109
106
96
84
76
72
73
68
62
58
53
49
42
34
24
17
15
14
18
21
24
23
20
15
9
4
3
1
-4
-6
-13
-27
-42
-61
-74
-80
-82
-77
-73
-67
-57
-47
-39
-31
-23
-14
-4
4
7
3
-2
-10
-19
-26
-30
-29
-24
-20
-18
-9
-5
-1
9
20
33
46
61
75
82
83
83
80
83
88
91
89
78
58
35
8
-12
-23
-31
-36
-41
-49
-57
-64
-66
-67
-60
-50
-32
-10
5
20
33
41
49
53
54
52
47
43
28
11
-9
-37
-62
-80
-93
-99
-103
-105
-106
-108
-106
-97
-85
-70
-53
-36
-20
-9
-3
-6
-12
-22
-32
-41
-52
-61
-70
-79
-87
-93
-94
-91
-87
-79
-70
-60
-47
-32
-20
-7
8
18
26
39
48
51
50
44
34
16
-2
-23
-47
-64
-75
-88
-99
-109
-118
-120
-117
-107
-89
-66
-40
-13
6
25
45
64
86
103
114
117
106
90
69
43
21
-3
-28
-50
-68
-85
-98
-106
-111
-109
-96
-81
-62
-39
-18
1
17
30
42
52
58
58
55
46
36
22
6
-10
-24
-34
-44
-52
-56
-54
-53
-43
-28
-12
9
28
49
67
81
95
107
113
114
112
103
89
73
53
34
12
-10
-30
-48
-64
-76
-81
-80
-71
-55
-32
-4
21
47
71
90
112
134
147
153
152
141
124
100
75
53
26
3
-19
-41
-59
-72
-76
-76
-73
-57
-35
-11
15
41
60
81
93
100
105
106
104
95
85
72
53
33
17
0
-16
-28
-36
-43
-43
-41
-34
-21
-6
10
28
49
70
83
96
108
114
116
112
101
89
73
56
35
10
-12
-36
-54
-70
-83
-88
-88
-84
-66
-42
-19
2
27
51
73
89
104
112
112
107
94
76
52
27
5
-23
-46
-66
-85
-99
-108
-111
-103
-91
-75
-55
-35
-15
5
21
35
46
54
61
60
54
45
29
14
-7
-22
-35
-48
-56
-63
-69
-72
-73
-71
-57
-44
-28
-8
10
32
51
70
82
92
100
102
94
86
75
54
33
8
-18
-42
-63
-76
-86
-94
-94
-88
-76
-61
-41
-18
3
22
41
61
73
81
87
85
75
61
43
21
-4
-26
-43
-57
-73
-84
-90
-98
-100
-93
-78
-63
-47
-32
-20
-10
1
12
22
31
39
39
35
25
16
3
-12
-20
-30
-39
-43
-48
-47
-49
-48
-40
-29
-14
4
19
32
43
53
61
67
70
69
67
63
54
39
23
4
-13
-32
-47
-59
-63
-66
-63
-61
-57
-45
-32
-17
-1
15
26
36
45
49
51
49
45
38
28
16
5
-8
-20
-31
-39
-52
-58
-60
-60
-59
-54
-49
-45
-37
-30
-23
-16
-9
-3
1
0
-1
-1
-3
-5
-4
-5
-6
-9
-10
-11
-15
-17
-17
-15
-9
-4
-3
3
4
7
8
10
13
14
17
19
15
11
10
7
-1
-6
-10
-14
-20
-23
-22
-25
-29
-30
-27
-21
-17
-10
-2
3
9
13
18
20
22
25
26
28
27
26
23
21
20
17
13
9
4
5
4
-1
0
-1
-6
-8
-8
-8
-7
-5
0
-2
-4
-1
1
7
12
15
20
19
22
25
25
26
22
21
19
14
10
6
5
-1
-3
-1
-2
2
7
10
16
19
20
21
19
18
21
20
19
17
17
13
9
8
5
0
-3
-5
-7
-9
-14
-15
-15
-16
-16
-13
-9
-7
-1
0
2
4
4
4
3
3
3
0
1
-3
-9
-8
-12
-18
-22
-26
-29
-31
-34
-36
-35
-32
-30
-27
-26
-24
-21
-23
-22
-20
-20
-21
-24
-31
-36
-40
-43
-44
-45
-45
-44
-42
-39
-37
-33
-27
-20
-14
-10
-5
0
4
6
12
16
18
18
19
17
16
14
14
11
4
-1
-3
-3
-7
-10
-11
-14
-14
-10
-7
-5
1
1
7
13
16
20
27
30
32
32
31
30
26
23
19
13
11
7
6
5
4
2
2
4
3
6
6
3
4
5
3
2
0
0
0
-2
-1
-3
-5
-4
-4
-5
-5
-4
-4
1
3
7
13
15
20
24
27
28
32
37
37
38
41
40
39
36
31
27
21
15
12
8
4
0
-2
-6
-10
-9
-4
-2
-2
4
11
15
22
27
32
33
34
33
31
29
23
19
15
9
2
-6
-13
-17
-19
-21
-23
-24
-22
-19
-16
-14
-13
-11
-10
-9
-7
-6
-4
-1
-1
-3
-6
-5
-10
-14
-17
-23
-28
-31
-32
-33
-36
-33
-32
-28
-23
-14
-8
-3
5
8
14
16
19
22
23
22
18
14
12
7
-1
-7
-12
-18
-22
-24
-27
-28
-27
-24
-21
-17
-12
-6
-3
2
6
8
10
11
11
9
6
1
-2
-6
-11
-14
-20
-19
-24
-28
-26
-27
-23
-21
-20
-15
-12
-9
-3
0
2
6
11
8
7
3
-5
-7
-12
-18
-23
-29
-29
-31
-32
-32
-31
-27
-22
-16
-9
-3
1
7
16
19
23
28
34
38
36
35
31
27
24
16
10
3
-2
-8
-12
-13
-18
-18
-18
-17
-17
-18
-15
-12
-7
-2
2
8
14
17
19
20
21
18
15
9
5
0
-7
-11
-13
-13
-14
-15
-14
-13
-11
-6
-4
-3
-2
-3
-2
-1
-2
0
-1
-2
-2
-4
-5
-6
-8
-7
-7
-5
-4
0
1
4
8
13
18
22
25
27
30
31
33
33
34
36
38
41
40
37
30
24
21
15
9
7
2
-2
-3
-3
-3
1
4
3
5
10
11
14
18
24
29
29
30
31
33
30
25
21
17
14
10
9
6
4
6
5
5
6
5
8
10
11
12
14
16
20
21
19
17
15
13
12
11
12
14
9
6
5
3
5
7
8
9
14
17
19
22
21
24
28
33
37
39
43
45
44
40
35
29
23
19
14
9
3
-1
-1
-2
-3
-5
-9
-8
-7
-6
-4
-2
1
0
-2
-5
-8
-9
-11
-13
-14
-16
-19
-25
-28
-31
-34
-32
-34
-34
-34
-34
-34
-34
-34
-33
-31
-32
-30
-25
-28
-28
-29
-31
-32
-32
-32
-35
-38
-42
-46
-50
-51
-51
-52
-52
-48
-46
-39
-35
-29
-19
-14
-9
-6
-4
1
2
0
2
0
-3
-7
-12
-18
-23
-30
-34
-37
-42
-43
-44
-42
-39
-38
-34
-32
-28
-28
-28
-30
-31
-29
-33
-31
-30
-33
-33
-35
-39
-37
-35
-32
-26
-23
-21
-18
-14
-13
-12
-10
-7
-4
-4
-1
0
-2
-2
-6
-9
-10
-12
-7
-6
-4
0
4
5
7
7
9
9
12
17
21
26
31
36
35
36
35
32
35
37
39
41
43
44
46
47
49
50
48
51
52
55
57
53
53
50
41
34
29
22
15
6
-2
-9
-16
-20
-28
-35
-41
-44
-44
-43
-40
-35
-33
-31
-32
-28
-28
-26
-23
-23
-20
-17
-18
-20
-22
-25
-29
-30
-33
-33
-34
-32
-30
-31
-28
-28
-29
-26
-22
-16
-13
-11
-11
-13
-18
-26
-34
-42
-53
-63
-72
-78
-86
-92
-95
-105
-107
-109
-110
-105
-98
-87
-76
-66
-57
-53
-52
-58
-66
-79
-94
-109
-124
-139
-156
-182
-212
-236
-258
-277
-288
-292
-289
-284
-274
-258
-240
-221
-202
-183
-164
-140
-120
-98
-79
-65
-55
-51
-52
-52
-52
-54
-54
-52
-53
-55
-57
-63
-68
-72
-73
-71
-68
-63
-55
-49
-39
-29
-19
-10
-6
1
9
15
22
29
34
41
43
44
44
40
39
39
38
43
48
54
60
65
77
90
102
114
128
141
148
148
146
143
137
130
123
118
109
105
101
97
96
100
108
121
137
156
177
203
229
256
280
301
320
331
341
346
346
349
347
343
335
321
302
278
252
230
209
191
173
155
135
115
93
75
62
48
39
29
19
10
-1
-12
-20
-27
-33
-34
-35
-32
-24
-14
4
26
53
81
109
135
163
194
222
253
280
310
340
365
387
405
418
429
440
449
460
475
491
513
540
564
590
607
621
628
627
619
600
564
511
445
365
269
168
62
-50
-169
-294
-427
-566
-710
-851
-981
-1097
-1187
-1248
-1282
-1286
-1266
-1229
-1167
-1079
-957
-809
-639
-452
-258
-61
136
320
486
633
763
876
972
1053
1128
1194
1265
1339
1406
1461
1496
1516
1539
1565
1593
1614
1623
1606
1548
1436
1260
1019
735
434
149
-107
-333
-534
-713
-878
-1032
-1175
-1304
-1400
-1444
-1429
-1356
-1250
-1125
-991
-868
-749
-644
-555
-479
-418
-370
-346
-351
-384
-442
-511
-583
-655
-720
-775
-813
-835
-843
-842
-832
-798
-712
-551
-307
2
352
719
1074
1395
1681
1935
2171
2398
2595
2718
2708
2520
2156
1663
1095
521
-14
-491
-901
-1263
-1601
-1940
-2281
-2589
-2817
-2911
-2841
-2624
-2290
-1889
-1468
-1056
-676
-335
-19
292
608
915
1170
1315
1306
1123
786
332
-188
-706
-1187
-1599
-1946
-2243
-2509
-2748
-2932
-3024
-2995
-2832
-2536
-2122
-1623
-1087
-554
-51
420
874
1325
1775
2202
2575
2858
3032
3096
3062
2983
2910
2887
2898
2848
2610
2109
1371
497
-381
-1145
-1722
-2094
-2287
-2356
-2382
-2431
-2526
-2612
-2585
-2365
-1947
-1380
-752
-149
365
762
1040
1213
1330
1448
1601
1765
1857
1797
1539
1091
507
-143
-788
-1369
-1840
-2187
-2432
-2626
-2806
-2975
-3085
-3071
-2904
-2580
-2140
-1634
-1101
-591
-140
234
543
833
1144
1481
1813
2089
2276
2366
2375
2329
2260
2216
2251
2397
2632
2828
2819
2499
1886
1112
347
-284
-723
-975
-1094
-1151
-1226
-1390
-1663
-1951
-2114
-2046
-1730
-1252
-743
-300
29
255
405
507
610
770
1016
1304
1533
1604
1454
1108
654
185
-248
-635
-983
-1291
-1574
-1868
-2187
-2512
-2777
-2900
-2820
-2551
-2167
-1747
-1341
-966
-618
-292
22
344
685
1041
1387
1674
1855
1926
1933
1922
1927
1965
2029
2126
2278
2488
2718
2858
2786
2453
1921
1306
721
232
-150
-439
-666
-867
-1085
-1358
-1668
-1933
-2044
-1949
-1678
-1312
-942
-621
-354
-132
69
263
480
746
1046
1326
1498
1501
1321
1006
629
238
-151
-537
-913
-1271
-1616
-1966
-2316
-2622
-2824
-2859
-2711
-2434
-2096
-1745
-1393
-1031
-657
-272
118
522
930
1320
1657
1896
2033
2104
2155
2214
2272
2322
2375
2466
2627
2837
2988
2921
2559
1955
1241
552
-31
-483
-821
-1069
-1265
-1459
-1702
-1993
-2241
-2325
-2179
-1836
-1389
-948
-577
-276
-24
202
426
661
931
1231
1493
1621
1557
1300
905
458
15
-413
-829
-1227
-1605
-1963
-2308
-2635
-2893
-3021
-2975
-2757
-2417
-2031
-1640
-1254
-868
-476
-70
350
774
1193
1581
1894
2110
2221
2263
2286
2309
2338
2367
2403
2486
2654
2881
3043
2971
2585
1940
1195
500
-59
-468
-768
-1001
-1199
-1414
-1688
-2005
-2261
-2324
-2132
-1741
-1274
-848
-521
-283
-77
124
339
596
898
1216
1472
1568
1457
1160
755
328
-83
-481
-878
-1271
-1656
-2035
-2399
-2721
-2948
-3026
-2936
-2700
-2381
-2033
-1684
-1330
-966
-582
-171
254
677
1075
1418
1680
1848
1940
1995
2046
2111
2176
2231
2290
2391
2581
2838
3028
2976
2601
1960
1213
513
-55
-481
-794
-1031
-1233
-1448
-1730
-2056
-2319
-2378
-2185
-1799
-1337
-917
-588
-334
-114
105
338
610
934
1265
1514
1593
1461
1156
764
358
-34
-427
-833
-1239
-1638
-2028
-2398
-2716
-2925
-2983
-2876
-2638
-2329
-1997
-1662
-1318
-958
-572
-157
272
689
1061
1368
1591
1725
1793
1832
1880
1948
2023
2082
2126
2204
2377
2638
2866
2876
2559
1967
1253
575
28
-378
-678
-906
-1104
-1324
-1612
-1951
-2231
-2316
-2151
-1784
-1343
-942
-633
-406
-212
-15
215
501
837
1173
1416
1488
1363
1081
717
333
-48
-441
-845
-1241
-1632
-2020
-2389
-2704
-2901
-2942
-2833
-2615
-2336
-2029
-1703
-1356
-985
-595
-174
270
710
1107
1428
1660
1809
1904
1974
2041
2108
2163
2206
2247
2339
2524
2782
2979
2927
2546
1904
1171
507
-8
-376
-648
-872
-1088
-1338
-1647
-1968
-2189
-2195
-1958
-1560
-1129
-767
-505
-308
-118
100
357
665
1006
1321
1516
1517
1330
1018
649
278
-89
-468
-858
-1248
-1637
-2018
-2373
-2653
-2804
-2799
-2667
-2460
-2209
-1939
-1635
-1299
-922
-504
-56
409
850
1230
1525
1739
1902
2029
2133
2225
2301
2354
2383
2428
2540
2754
3014
3157
3005
2502
1770
996
334
-152
-496
-761
-994
-1231
-1514
-1845
-2162
-2336
-2267
-1965
-1543
-1126
-799
-567
-381
-182
57
350
692
1038
1313
1437
1365
1126
791
427
62
-307
-688
-1085
-1484
-1877
-2248
-2555
-2755
-2814
-2745
-2591
-2395
-2177
-1926
-1627
-1276
-873
-433
32
487
894
1223
1478
1683
1856
2010
2148
2259
2333
2367
2394
2468
2648
2937
3191
3205
2849
2175
1373
622
33
-386
-692
-936
-1167
-1435
-1771
-2131
-2393
-2420
-2182
-1767
-1318
-948
-687
-486
-278
-34
261
611
985
1308
1498
1496
1309
997
628
251
-128
-515
-917
-1331
-1747
-2149
-2497
-2747
-2864
-2848
-2727
-2547
-2332
-2078
-1778
-1426
-1025
-582
-113
351
776
1137
1441
1699
1923
2119
2284
2414
2501
2543
2568
2636
2800
3063
3300
3303
2944
2269
1457
688
77
-366
-689
-947
-1192
-1474
-1827
-2196
-2456
-2476
-2232
-1825
-1390
-1031
-772
-563
-345
-85
237
610
1003
1333
1511
1494
1301
1006
671
323
-32
-413
-811
-1225
-1655
-2075
-2442
-2708
-2837
-2836
-2739
-2582
-2394
-2165
-1878
-1525
-1110
-646
-157
322
758
1144
1486
1785
2047
2272
2456
2597
2684
2727
2757
2822
2982
3214
3373
3270
2813
2090
1278
540
-36
-459
-788
-1070
-1349
-1663
-2021
-2363
-2556
-2497
-2200
-1773
-1362
-1042
-803
-587
-333
-34
319
719
1112
1422
1559
1490
1266
959
636
305
-50
-429
-826
-1228
-1639
-2048
-2401
-2647
-2769
-2769
-2688
-2562
-2393
-2167
-1873
-1515
-1101
-638
-162
297
725
1114
1478
1807
2095
2339
2533
2681
2778
2839
2909
3034
3240
3465
3537
3299
2727
1956
1160
477
-46
-450
-795
-1121
-1466
-1849
-2244
-2565
-2691
-2554
-2218
-1817
-1463
-1196
-982
-752
-458
-104
313
759
1160
1433
1512
1398
1157
865
567
264
-71
-448
-854
-1279
-1713
-2115
-2432
-2630
-2710
-2703
-2643
-2542
-2394
-2175
-1870
-1479
-1027
-537
-42
427
864
1278
1663
2014
2325
2584
2788
2930
3019
3087
3195
3376
3587
3695
3525
3027
2297
1500
779
193
-269
-659
-1017
-1383
-1788
-2217
-2589
-2784
-2724
-2450
-2073
-1709
-1418
-1185
-943
-648
-285
142
603
1035
1350
1483
1429
1230
956
667
375
65
-280
-662
-1079
-1515
-1931
-2280
-2528
-2667
-2717
-2700
-2636
-2526
-2344
-2074
-1711
-1269
-783
-286
199
665
1114
1536
1931
2298
2616
2880
3075
3212
3337
3500
3716
3916
3946
3676
3100
2343
1558
861
287
-188
-609
-1014
-1440
-1903
-2368
-2731
-2891
-2808
-2539
-2200
-1887
-1625
-1380
-1102
-765
-356
113
603
1033
1333
1445
1383
1211
986
741
474
167
-182
-559
-962
-1382
-1779
-2122
-2387
-2562
-2660
-2704
-2688
-2596
-2414
-2135
-1765
-1328
-850
-353
144
643
1129
1593
2032
2429
2767
3033
3240
3424
3626
3866
4080
4148
3943
3432
2716
1928
1183
556
36
-424
-866
-1333
-1834
-2330
-2729
-2939
-2915
-2701
-2402
-2110
-1853
-1607
-1320
-948
-496
12
528
979
1301
1452
1437
1305
1116
910
686
415
85
-304
-728
-1161
-1570
-1924
-2204
-2408
-2543
-2636
-2686
-2657
-2524
-2280
-1937
-1528
-1074
-578
-48
484
998
1491
1946
2369
2753
3072
3343
3597
3866
4143
4334
4302
3964
3362
2619
1854
1157
543
-10
-529
-1054
-1604
-2173
-2690
-3046
-3167
-3058
-2809
-2523
-2267
-2033
-1774
-1442
-1017
-509
50
591
1031
1304
1383
1322
1200
1057
901
706
439
98
-285
-691
-1104
-1496
-1840
-2114
-2312
-2447
-2534
-2559
-2496
-2333
-2065
-1714
-1306
-842
-326
232
803
1347
1843
2283
2668
3006
3305
3601
3911
4229
4465
4462
4143
3548
2809
2061
1377
772
210
-340
-909
-1515
-2137
-2708
-3119
-3289
-3227
-3024
-2782
-2558
-2337
-2063
-1701
-1244
-715
-146
402
847
1131
1242
1219
1139
1045
928
756
503
174
-206
-615
-1026
-1420
-1761
-2022
-2216
-2369
-2483
-2534
-2481
-2309
-2029
-1664
-1239
-762
-235
314
865
1407
1924
2405
2836
3216
3558
3890
4222
4500
4602
4427
3968
3329
2621
1920
1271
662
64
-538
-1164
-1818
-2452
-2967
-3268
-3327
-3211
-3023
-2832
-2635
-2381
-2030
-1579
-1053
-482
89
590
952
1148
1199
1175
1130
1070
957
758
479
140
-234
-638
-1053
-1434
-1754
-2006
-2210
-2374
-2479
-2479
-2357
-2129
-1821
-1439
-978
-445
133
708
1246
1755
2240
2689
3091
3453
3810
4173
4464
4546
4322
3828
3188
2518
1879
1265
649
34
-574
-1199
-1837
-2440
-2905
-3142
-3152
-3038
-2901
-2768
-2602
-2342
-1963
-1498
-981
-433
101
555
858
1000
1037
1048
1063
1039
936
730
446
120
-241
-629
-1010
-1343
-1613
-1843
-2057
-2246
-2366
-2364
-2234
-2002
-1688
-1295
-823
-291
260
805
1348
1888
2411
2883
3302
3704
4103
4454
4636
4529
4129
3548
2914
2290
1672
1043
402
-242
-893
-1570
-2235
-2788
-3124
-3220
-3152
-3030
-2913
-2763
-2526
-2183
-1756
-1281
-765
-231
255
608
799
875
915
957
970
902
734
486
191
-142
-503
-868
-1205
-1486
-1729
-1952
-2144
-2265
-2269
-2150
-1938
-1648
-1277
-827
-324
204
742
1286
1833
2366
2850
3288
3708
4123
4475
4639
4514
4111
3549
2939
2326
1711
1074
421
-234
-903
-1593
-2256
-2800
-3142
-3260
-3227
-3137
-3029
-2863
-2605
-2245
-1802
-1306
-768
-228
237
559
741
834
903
959
975
906
737
484
169
-188
-565
-930
-1249
-1523
-1773
-2012
-2208
-2317
-2300
-2156
-1912
-1586
-1185
-722
-206
329
873
1429
1974
2493
2978
3430
3866
4271
4543
4568
4313
3851
3287
2700
2121
1525
898
245
-441
-1151
-1846
-2457
-2898
-3125
-3182
-3156
-3100
-3004
-2823
-2518
-2100
-1610
-1087
-561
-90
278
539
713
845
960
1037
1036
932
725
439
103
-264
-632
-973
-1284
-1578
-1856
-2095
-2248
-2285
-2203
-2018
-1748
-1385
-945
-451
83
641
1211
1784
2332
2845
3325
3783
4202
4496
4558
4347
3924
3402
2856
2300
1718
1094
438
-242
-947
-1648
-2263
-2723
-2992
-3095
-3114
-3100
-3039
-2880
-2601
-2213
-1760
-1271
-777
-328
38
309
509
675
819
924
950
875
705
468
179
-136
-459
-777
-1084
-1380
-1652
-1883
-2036
-2084
-2030
-1882
-1639
-1314
-922
-470
26
557
1107
1651
2176
2682
3181
3670
4102
4369
4379
4138
3725
3235
2734
2228
1691
1104
473
-208
-915
-1591
-2159
-2554
-2779
-2882
-2931
-2949
-2904
-2755
-2484
-2110
-1683
-1240
-820
-457
-166
72
281
481
661
785
815
737
572
353
111
-150
-422
-704
-990
-1271
-1524
-1716
-1822
-1835
-1752
-1578
-1324
-1006
-634
-211
255
748
1252
1748
2241
2746
3261
3734
4063
4158
4013
3690
3285
2861
2421
1948
1428
850
218
-451
-1108
-1681
-2108
-2382
-2548
-2659
-2740
-2765
-2691
-2495
-2196
-1827
-1427
-1041
-703
-426
-196
12
223
416
559
625
599
486
311
98
-142
-397
-661
-933
-1202
-1449
-1650
-1776
-1815
-1765
-1618
-1377
-1058
-679
-252
210
691
1179
1662
2147
2644
3145
3598
3907
3992
3847
3538
3159
2761
2343
1890
1382
820
202
-454
-1090
-1634
-2031
-2274
-2418
-2515
-2576
-2580
-2498
-2310
-2032
-1684
-1302
-929
-604
-341
-119
83
289
482
611
656
620
516
354
149
-92
-361
-643
-937
-1224
-1477
-1668
-1774
-1792
-1726
-1577
-1351
-1049
-679
-250
216
701
1191
1682
2172
2670
3156
3571
3826
3857
3683
3377
3006
2607
2182
1712
1189
617
1
-633
-1233
-1730
-2082
-2295
-2428
-2529
-2594
-2588
-2475
-2257
-1960
-1613
-1251
-895
-576
-305
-77
139
356
551
684
714
648
513
339
141
-86
-340
-616
-892
-1161
-1407
-1604
-1724
-1743
-1658
-1478
-1218
-899
-528
-108
348
812
1278
1756
2248
2751
3217
3563
3710
3643
3414
3089
2729
2352
1945
1491
972
391
-229
-846
-1392
-1813
-2096
-2269
-2378
-2450
-2481
-2441
-2305
-2079
-1787
-1459
-1125
-808
-513
-245
6
242
452
613
704
711
640
519
360
161
-70
-330
-604
-872
-1116
-1314
-1447
-1500
-1472
-1362
-1176
-929
-628
-275
113
528
961
1410
1888
2375
2825
3173
3348
3328
3163
2918
2635
2323
1968
1557
1082
549
-17
-580
-1085
-1480
-1757
-1948
-2097
-2222
-2303
-2311
-2228
-2060
-1826
-1553
-1262
-972
-705
-459
-219
23
256
449
573
609
573
480
348
185
-5
-212
-429
-652
-869
-1061
-1201
-1266
-1248
-1154
-990
-773
-504
-196
140
500
879
1290
1729
2178
2591
2890
3019
2973
2798
2554
2290
2011
1696
1327
893
405
-112
-612
-1048
-1389
-1628
-1800
-1943
-2059
-2132
-2128
-2036
-1873
-1666
-1434
-1183
-929
-683
-444
-210
23
242
413
511
531
490
417
305
162
-14
-213
-411
-600
-780
-930
-1032
-1060
-1008
-888
-714
-503
-253
34
359
711
1086
1487
1895
2278
2577
2742
2763
2665
2486
2256
1990
1688
1347
958
520
52
-426
-863
-1215
-1475
-1666
-1815
-1941
-2032
-2063
-2023
-1914
-1750
-1543
-1309
-1063
-820
-582
-342
-100
135
333
469
537
544
504
422
299
147
-28
-214
-403
-590
-753
-870
-918
-892
-801
-658
-480
-269
-17
270
594
951
1342
1746
2121
2406
2550
2546
2442
2280
2081
1851
1578
1257
890
475
26
-424
-826
-1147
-1383
-1559
-1714
-1849
-1946
-1985
-1963
-1879
-1742
-1559
-1337
-1096
-855
-621
-380
-130
110
305
433
496
509
482
419
310
161
-10
-185
-358
-528
-673
-766
-790
-748
-652
-522
-364
-170
60
330
635
979
1362
1749
2080
2306
2397
2363
2249
2093
1909
1693
1430
1120
758
355
-59
-450
-784
-1046
-1249
-1425
-1592
-1738
-1845
-1895
-1879
-1808
-1686
-1520
-1328
-1117
-894
-659
-410
-169
44
209
320
382
402
387
337
249
132
-10
-157
-293
-415
-499
-530
-512
-448
-358
-240
-91
93
316
574
859
1171
1490
1778
1990
2095
2092
2008
1875
1714
1516
1280
1007
692
345
-22
-377
-687
-936
-1133
-1291
-1427
-1552
-1655
-1717
-1734
-1689
-1585
-1435
-1248
-1043
-828
-609
-386
-174
14
166
274
343
372
361
313
238
143
26
-102
-228
-338
-411
-440
-425
-372
-283
-166
-23
151
353
587
849
1137
1428
1692
1893
2001
2008
1928
1785
1608
1411
1192
939
649
318
-42
-400
-722
-986
-1193
-1361
-1502
-1622
-1719
-1778
-1791
-1744
-1631
-1460
-1244
-1016
-785
-555
-328
-109
94
259
375
449
481
475
435
358
258
144
18
-111
-233
-330
-376
-371
-328
-257
-168
-51
99
286
505
747
1016
1295
1551
1744
1847
1860
1805
1708
1571
1396
1180
929
645
331
-13
-361
-680
-948
-1162
-1345
-1514
-1663
-1775
-1829
-1822
-1758
-1636
-1469
-1262
-1036
-804
-569
-330
-95
126
310
441
527
567
577
553
501
429
340
239
131
29
-61
-121
-148
-139
-98
-37
53
174
332
516
722
938
1147
1327
1457
1522
1519
1463
1370
1246
1085
883
643
369
77
-223
-506
-760
-987
-1183
-1351
-1497
-1613
-1690
-1715
-1678
-1588
-1451
-1279
-1088
-888
-679
-466
-254
-54
130
289
412
499
545
553
527
481
412
335
257
187
132
97
72
59
68
99
156
242
357
496
658
835
1005
1147
1252
1309
1316
1277
1193
1069
910
721
499
249
-16
-288
-541
-769
-970
-1145
-1295
-1417
-1515
-1576
-1593
-1559
-1473
-1345
-1179
-990
-796
-592
-386
-190
-7
164
312
430
520
577
603
599
568
514
442
365
290
220
167
124
95
91
107
152
221
313
426
549
676
796
900
978
1033
1056
1041
982
880
738
561
359
141
-86
-318
-544
-752
-943
-1106
-1244
-1350
-1413
-1441
-1435
-1392
-1313
-1199
-1053
-879
-694
-510
-320
-133
44
206
346
461
551
613
646
647
628
591
541
482
412
344
282
235
205
184
176
186
221
281
351
425
497
565
624
668
686
682
657
604
524
414
279
129
-28
-188
-350
-513
-667
-798
-898
-971
-1020
-1044
-1039
-1011
-962
-891
-800
-690
-560
-418
-277
-146
-22
96
205
296
366
416
446
459
458
440
408
366
324
281
240
204
181
176
185
206
234
269
310
352
399
440
472
495
504
496
466
417
347
257
157
48
-71
-197
-326
-447
-559
-654
-735
-799
-838
-851
-841
-804
-749
-680
-596
-499
-394
-283
-170
-63
37
129
209
278
341
386
413
422
411
386
355
322
286
252
218
189
166
152
148
161
185
214
247
277
300
321
341
357
364
362
342
304
251
186
114
33
-53
-140
-230
-321
-409
-489
-557
-605
-633
-647
-649
-638
-616
-575
-517
-446
-368
-280
-184
-89
-2
75
141
200
255
303
338
361
365
364
354
333
307
284
260
234
215
194
176
162
157
156
161
169
177
186
197
201
201
196
184
165
140
102
57
8
-38
-83
-129
-179
-230
-278
-323
-357
-382
-402
-416
-418
-412
-400
-378
-346
-310
-263
-211
-161
-111
-61
-15
34
78
118
151
177
200
217
228
232
233
232
231
232
232
227
220
215
208
200
192
187
178
167
157
146
133
116
98
77
50
19
-15
-50
-86
-120
-148
-171
-188
-200
-215
-225
-230
-235
-231
-223
-217
-207
-193
-179
-161
-138
-113
-86
-63
-40
-21
-1
11
21
32
41
48
52
56
56
57
59
61
66
75
84
97
111
122
131
145
157
167
178
183
186
187
185
177
162
138
110
80
41
-2
-38
-71
-102
-132
-160
-183
-202
-214
-222
-229
-228
-222
-212
-199
-186
-171
-154
-133
-108
-81
-55
-29
-6
13
25
33
40
49
57
61
65
68
70
70
67
73
78
87
95
99
104
109
115
125
134
142
146
146
143
137
129
118
106
87
72
50
26
1
-27
-52
-73
-95
-112
-127
-143
-153
-162
-165
-165
-165
-160
-152
-141
-130
-115
-103
-90
-72
-53
-38
-23
-9
1
10
17
22
28
33
41
49
56
65
71
76
77
80
85
91
94
94
95
95
95
96
95
93
89
82
76
69
57
43
31
17
8
-8
-23
-38
-55
-67
-78
-91
-100
-108
-112
-115
-115
-114
-114
-109
-103
-99
-91
-81
-73
-62
-53
-43
-30
-21
-8
4
15
25
34
45
52
59
65
69
75
78
80
81
82
80
77
75
72
66
62
60
60
59
55
51
44
37
33
30
26
24
19
16
11
4
-3
-12
-18
-21
-24
-30
-39
-47
-58
-68
-71
-77
-81
-80
-80
-81
-78
-74
-70
-62
-51
-42
-30
-17
-8
3
14
26
38
48
54
63
68
71
69
65
63
55
48
37
26
18
4
-5
-13
-20
-21
-21
-17
-16
-11
-4
1
13
23
29
34
41
45
49
50
50
47
39
34
23
8
-1
-13
-28
-38
-50
-63
-72
-81
-93
-102
-104
-103
-99
-93
-83
-74
-64
-47
-36
-23
-6
8
23
34
45
53
60
67
70
69
67
58
48
36
21
11
-1
-12
-24
-36
-47
-54
-57
-55
-53
-47
-40
-31
-23
-16
-1
15
30
49
62
67
71
72
72
70
67
62
52
41
27
15
2
-10
-19
-28
-35
-39
-45
-48
-48
-48
-46
-42
-36
-28
-22
-14
-4
4
15
28
35
40
42
43
45
41
35
29
20
12
1
-9
-22
-31
-39
-46
-52
-58
-55
-53
-45
-38
-34
-24
-14
-1
12
25
38
49
58
64
68
68
66
60
53
45
36
26
14
5
-6
-19
-31
-41
-49
-59
-62
-61
-63
-57
-53
-47
-39
-33
-23
-13
-5
6
16
21
28
33
36
40
42
42
40
34
29
21
12
7
0
-8
-13
-16
-21
-23
-23
-24
-24
-22
-17
-10
-2
4
15
23
31
37
41
47
47
46
45
42
40
33
23
15
6
-3
-14
-21
-26
-32
-40
-43
-46
-49
-47
-43
-42
-36
-30
-23
-13
-8
-3
4
6
11
15
17
20
20
18
14
7
-2
-8
-12
-17
-21
-25
-29
-31
-32
-32
-30
-26
-19
-12
-3
7
14
25
32
38
44
49
52
51
54
55
49
45
40
29
19
10
2
-7
-20
-30
-39
-47
-55
-54
-54
-52
-45
-38
-29
-19
-10
-1
9
21
31
38
42
44
47
46
43
38
31
22
12
4
-6
-16
-22
-29
-34
-39
-44
-44
-44
-42
-40
-36
-26
-18
-9
0
7
14
22
30
39
44
49
51
50
48
43
35
28
20
13
4
-5
-15
-25
-32
-39
-44
-46
-49
-47
-45
-44
-38
-29
-18
-6
0
7
12
14
19
22
24
24
17
15
14
8
3
-2
-4
-11
-17
-22
-27
-31
-30
-28
-25
-22
-20
-15
-8
-1
7
13
22
29
36
39
43
47
48
47
43
39
37
30
23
20
16
10
2
-3
-9
-19
-22
-22
-24
-22
-20
-20
-17
-15
-10
-5
-1
-1
0
4
8
11
9
9
12
7
2
-2
-5
-8
-11
-13
-17
-22
-24
-28
-25
-21
-21
-19
-17
-13
-9
-5
0
6
9
10
12
12
9
8
5
4
3
-4
-7
-8
-10
-14
-18
-22
-26
-26
-29
-29
-26
-23
-21
-21
-16
-15
-13
-6
1
5
10
12
15
17
17
16
18
16
12
10
8
7
3
-1
0
-2
-3
-3
-1
3
5
10
11
13
17
19
23
25
27
29
26
27
25
22
23
22
21
18
12
6
3
-1
-6
-10
-14
-15
-15
-17
-19
-19
-17
-18
-17
-14
-11
-11
-7
-2
-1
3
5
6
5
6
5
5
4
1
-1
-5
-6
-7
-12
-12
-15
-20
-20
-22
-19
-17
-15
-8
-6
-2
1
6
10
15
21
17
18
18
16
17
14
11
9
5
1
-2
-6
-11
-13
-16
-15
-17
-19
-18
-15
-12
-7
-6
-3
-1
1
3
6
7
9
12
15
17
20
19
18
15
12
10
4
2
-2
-5
-6
-12
-14
-14
-17
-16
-15
-14
-10
-9
-6
-3
3
6
8
14
18
18
20
26
25
24
25
20
17
15
12
9
7
3
3
0
-5
-5
-8
-10
-11
-12
-11
-7
-6
-3
0
3
4
7
13
12
12
15
12
13
14
13
10
9
8
4
1
-2
-7
-8
-10
-15
-14
-15
-16
-17
-16
-13
-15
-15
-12
-11
-10
-4
-2
0
3
4
9
9
10
12
10
12
12
11
10
7
5
2
-2
-4
-9
-13
-15
-18
-20
-21
-21
-24
-24
-22
-19
-17
-15
-11
-7
-2
2
3
5
8
8
9
14
14
16
18
14
14
12
8
3
-3
-5
-9
-11
-12
-16
-14
-17
-19
-16
-17
-15
-12
-8
-7
-2
4
7
12
16
18
21
22
23
25
23
22
22
21
18
16
14
11
6
4
3
-2
-7
-9
-13
-15
-15
-16
-17
-18
-19
-18
-16
-13
-11
-5
-1
1
3
5
7
6
10
12
10
14
13
14
13
9
8
3
0
0
-7
-7
-8
-12
-12
-14
-14
-14
-14
-11
-10
-10
-7
-5
-7
-4
-2
-1
2
4
5
4
6
10
9
9
8
5
9
7
3
2
1
-3
-6
-6
-11
-14
-16
-16
-12
-15
-17
-17
-19
-19
-18
-16
-13
-9
-5
-3
1
2
5
7
8
10
9
14
13
10
14
10
13
16
11
9
10
8
5
1
2
4
3
-1
-3
-2
-2
-1
1
3
6
5
10
11
12
14
14
16
16
17
17
17
16
13
10
7
5
3
1
-2
-7
-8
-9
-10
-13
-14
-14
-17
-16
-13
-18
-16
-11
-6
-2
-2
3
7
8
10
9
13
15
16
18
17
16
17
14
10
9
10
7
4
-1
-3
-4
-5
-5
-8
-10
-11
-11
-9
-9
-10
-9
-7
-5
-5
-4
-3
-3
-3
-2
0
-1
-2
-2
-3
-3
-5
-8
-7
-8
-10
-10
-9
-10
-8
-7
-8
-9
-6
-5
-3
-4
-3
-1
2
3
3
6
8
10
12
12
10
12
14
14
16
17
17
17
16
15
15
16
13
11
12
13
13
8
5
4
2
-3
-6
-7
-11
-11
-14
-14
-11
-10
-12
-12
-12
-10
-7
-7
-6
-2
-1
2
6
7
7
9
12
13
13
13
12
10
12
9
9
8
2
1
0
-4
-7
-10
-11
-15
-15
-17
-16
-13
-13
-11
-6
-4
2
7
7
10
13
15
16
17
16
14
14
11
9
5
2
0
-3
-6
-10
-12
-14
-15
-17
-21
-22
-21
-20
-20
-19
-14
-11
-7
-3
-1
3
6
7
9
11
12
11
10
10
9
6
5
6
5
1
-1
-3
-3
-5
-10
-10
-15
-15
-13
-16
-12
-13
-10
-7
-6
-3
0
4
6
9
9
11
13
14
13
12
11
15
14
10
5
2
2
-1
-4
-6
-6
-6
-9
-8
-9
-12
-13
-11
-10
-10
-10
-8
-4
-2
-2
0
4
7
11
11
11
9
9
7
3
2
0
0
-2
-5
-5
-7
-7
-8
-11
-11
-11
-10
-9
-9
-6
-4
-2
1
1
1
5
10
10
13
16
15
17
17
16
16
14
13
9
7
6
1
1
-1
-2
-1
-3
-4
-4
-8
-10
-10
-11
-10
-10
-6
-3
-1
0
3
6
8
7
8
9
8
8
6
5
4
4
1
1
0
-4
-7
-8
-11
-11
-12
-13
-11
-11
-9
-6
-4
-3
-2
1
3
5
