-4
-5
-2
-1
-1
0
0
2
4
4
4
4
5
4
3
5
1
3
5
3
5
4
2
3
3
1
1
1
3
3
2
5
4
4
7
5
4
4
4
4
4
4
6
5
5
7
7
4
4
2
3
2
2
2
2
-1
0
1
-1
1
1
0
1
0
1
0
0
0
-2
-3
0
-2
-3
-3
-4
-4
-4
-5
-4
-5
-6
-5
-5
-6
-5
-6
-3
-4
-5
-4
-4
-4
-5
-3
-3
-5
-4
-5
-6
-2
-3
-2
-3
-5
-6
-7
-7
-8
-9
-7
-7
-7
-9
-8
-6
-5
-3
-2
-3
-2
-3
-2
-1
0
-2
-1
-1
0
1
-1
1
1
0
0
-1
0
3
4
0
1
1
2
4
4
3
4
3
1
2
2
2
1
1
3
1
4
4
1
3
0
-3
-2
0
-1
-1
0
1
0
-1
-1
1
1
2
2
3
5
7
5
5
6
3
2
3
5
6
4
6
4
2
5
4
4
3
-1
-1
-1
-1
-1
0
-2
-1
-1
-4
-4
-3
-4
-2
-2
0
4
6
5
2
1
1
0
2
1
-1
-3
-2
0
2
3
2
2
2
4
6
5
5
7
6
5
5
2
3
3
2
1
-2
-2
-2
-2
0
-2
-3
-6
-7
-7
-3
-3
-6
-4
-5
-6
-5
-3
-2
-5
-5
-5
-4
-1
1
0
2
3
3
3
3
1
2
2
2
3
1
2
2
1
3
3
1
2
2
2
2
2
3
5
2
1
1
0
1
3
2
2
-1
-3
-4
-3
-1
-3
-3
-4
-4
-4
-4
-3
-2
-3
-3
-4
-3
-3
-2
-1
-1
0
-1
-3
0
-3
-2
0
-3
-3
-2
-3
-4
-4
-4
-4
-3
-3
-1
-1
-1
0
2
3
2
2
1
1
1
0
1
1
1
0
-1
-1
-2
-2
-4
-6
-6
-6
-7
-6
-7
-8
-8
-9
-12
-14
-13
-13
-11
-11
-10
-11
-11
-8
-9
-7
-5
-7
-6
-2
-2
-1
-2
-3
-1
0
-1
0
1
3
0
3
3
0
6
7
8
8
9
9
10
10
9
10
12
12
12
13
12
11
10
7
7
5
6
5
6
7
4
6
8
5
5
4
4
7
8
8
9
10
9
11
10
7
5
6
4
2
4
4
4
4
4
4
3
3
5
7
6
4
2
2
3
3
1
-2
-4
-2
-4
-3
3
2
3
6
4
5
4
2
2
1
1
3
2
0
1
2
-1
-1
-2
-4
-4
0
2
3
4
6
5
2
3
1
-3
-4
-4
-7
-5
-7
-6
-7
-6
-5
-7
-5
-7
-4
-3
-5
-3
-3
-5
-3
-4
-3
-4
-5
-5
-9
-7
-7
-8
-7
-10
-12
-12
-13
-12
-10
-11
-12
-12
-12
-13
-10
-9
-11
-8
-6
-5
-1
-2
-1
2
0
0
-3
0
2
0
4
4
4
6
7
9
10
10
12
10
10
7
6
6
4
5
5
3
3
1
1
1
-1
-2
-3
-2
-2
-4
-2
-3
-6
-5
-5
-7
-8
-10
-9
-9
-5
-5
-4
-1
-1
1
-1
1
5
4
5
5
5
7
6
6
6
5
6
6
6
9
6
7
5
3
5
3
0
-1
0
2
-2
-2
2
3
2
2
3
3
3
4
5
4
5
4
2
1
2
1
-2
-1
0
-1
0
-1
2
2
3
3
0
2
2
1
0
0
0
0
0
1
2
-1
-1
-3
-2
1
-2
-3
-4
-3
-2
-5
-6
-8
-6
-8
-12
-9
-9
-9
-6
-6
-3
-3
-5
-1
-5
-4
-3
-2
1
0
2
2
2
3
2
2
1
1
4
4
2
4
7
6
3
2
3
2
2
0
0
0
-1
0
0
1
2
1
1
2
2
0
0
1
3
2
1
3
5
7
7
8
6
5
5
5
5
3
2
4
3
2
3
5
5
3
6
5
4
3
2
1
-2
-4
-3
-4
-2
1
2
2
1
2
2
-2
0
-2
-1
1
-1
-1
-3
-3
-4
-4
-4
-8
-8
-8
-8
-6
-8
-8
-8
-7
-8
-4
-4
-5
-3
-3
-3
-4
-1
1
1
5
6
6
6
2
1
3
-1
0
-4
-4
-2
-2
-1
-2
-2
-3
-4
-4
-4
-2
-1
0
3
3
3
2
1
3
3
2
5
5
6
7
8
10
8
8
6
3
3
1
-1
-2
-4
-3
-3
-4
-2
-2
-4
-2
-3
-1
0
0
-1
-1
2
0
1
1
2
1
2
3
3
5
4
3
3
3
4
4
4
4
3
3
3
6
8
10
10
9
11
10
9
9
9
9
8
11
7
4
4
2
0
1
1
0
1
2
3
2
1
1
0
-1
1
1
1
4
3
4
4
2
2
2
2
2
3
2
4
4
3
4
3
6
5
6
9
8
7
8
9
10
9
9
9
10
9
6
5
4
2
2
3
1
3
4
3
4
2
1
4
2
6
8
3
5
4
3
4
1
2
2
3
5
7
5
6
10
6
6
7
3
5
7
7
7
5
4
7
7
7
9
7
9
10
11
12
12
10
10
9
9
12
11
10
10
9
9
7
6
7
5
3
4
2
0
1
1
2
2
-1
-3
-1
0
3
4
1
3
4
4
6
5
5
2
1
1
-1
-1
-2
-1
-2
-2
-1
-2
-3
-3
-1
-1
0
1
1
2
1
2
0
0
1
1
1
2
2
3
2
2
0
-1
0
-1
0
-2
-3
-5
-7
-8
-6
-5
-6
-6
-5
-6
-6
-5
-6
-4
-5
-6
-5
-5
-6
-5
-4
-6
-5
-5
-5
-4
-4
-6
-5
-6
-8
-7
-8
-7
-5
-5
-6
-5
-5
-4
-4
-2
-2
0
1
1
4
5
5
4
-1
-1
-4
-6
-6
-6
-6
-10
-11
-11
-13
-14
-15
-17
-18
-20
-21
-23
-23
-23
-22
-22
-21
-22
-21
-21
-23
-23
-23
-24
-24
-26
-23
-24
-26
-23
-24
-25
-21
-20
-20
-17
-12
-11
-8
-8
-8
-6
-7
-6
-5
-6
-3
-2
-4
-2
-4
-4
-1
-3
-5
-4
-5
-6
-7
-7
-7
-8
-11
-12
-12
-13
-10
-11
-13
-12
-11
-11
-12
-13
-11
-10
-14
-16
-14
-15
-15
-15
-16
-16
-14
-15
-14
-13
-12
-10
-8
-6
-6
-6
-8
-10
-13
-13
-12
-11
-8
-10
-10
-7
-8
-8
-11
-12
-10
-10
-11
-9
-7
-7
-6
-7
-10
-10
-12
-12
-10
-9
-8
-8
-5
-4
-7
-6
-8
-10
-9
-10
-10
-11
-11
-11
-11
-9
-8
-10
-11
-9
-9
-8
-7
-6
-4
-2
-4
-5
-4
-4
-2
-1
-7
-4
-1
-4
-1
-2
-1
-1
-3
-3
-2
-3
-3
-1
-3
-4
-3
-5
-5
-6
-5
-3
-2
1
0
-1
2
0
0
2
2
1
2
-1
1
2
-1
0
0
-2
1
0
-2
-2
-5
-4
-4
-6
-5
-6
-8
-9
-9
-9
-10
-10
-9
-9
-9
-7
-5
-5
-3
-3
-5
-5
-5
-5
-5
-2
-1
1
1
3
4
3
3
3
4
6
6
9
10
12
14
13
14
17
16
15
19
17
16
19
18
20
22
22
22
21
18
14
12
13
11
12
13
13
12
12
11
11
11
8
9
6
6
9
10
8
8
5
5
6
7
7
7
7
4
4
5
2
2
5
7
12
12
11
11
10
10
11
12
14
17
18
19
20
21
22
21
20
21
20
21
22
23
23
22
25
26
23
26
23
22
21
17
17
18
15
16
17
17
20
19
19
20
16
14
14
14
16
14
16
17
13
14
14
13
14
13
12
11
12
14
13
16
15
13
16
13
9
9
6
8
8
7
5
3
5
2
2
3
1
3
5
2
2
6
6
6
4
3
2
5
9
9
12
14
13
13
10
10
9
8
7
4
4
6
3
1
-2
1
1
-1
0
0
-3
-4
-4
-5
-8
-6
-7
-8
-10
-11
-9
-9
-13
-12
-12
-13
-10
-13
-15
-12
-10
-10
-8
-9
-10
-10
-8
-7
-4
-4
-3
-1
-2
0
6
10
9
11
10
9
11
11
9
6
8
8
8
9
10
9
7
9
2
3
6
1
2
3
2
6
5
1
3
4
5
2
0
2
0
1
2
1
2
1
-1
0
0
-2
-4
-3
-2
-1
0
0
0
0
1
1
2
4
3
4
6
8
3
3
6
6
8
6
4
7
8
7
8
6
9
13
9
7
6
5
8
10
10
11
9
9
10
10
12
9
9
8
6
5
7
8
6
7
7
6
6
4
3
6
8
8
7
8
8
7
7
7
8
10
8
6
8
9
9
8
7
8
6
9
9
6
8
4
1
3
4
4
7
7
7
7
9
10
8
8
8
9
12
13
11
7
7
7
6
3
1
0
2
1
0
1
2
1
1
0
0
1
-1
0
-2
-1
0
-1
1
1
1
3
3
2
1
2
0
4
4
2
2
0
-3
-2
-3
-6
-6
-8
-7
-5
-7
-8
-10
-13
-13
-13
-10
-11
-13
-13
-13
-12
-11
-12
-9
-10
-10
-11
-9
-6
-8
-9
-9
-8
-8
-8
-12
-10
-10
-11
-9
-14
-14
-14
-15
-14
-15
-12
-13
-13
-13
-16
-15
-16
-19
-18
-22
-22
-22
-23
-22
-22
-26
-27
-26
-28
-27
-28
-27
-29
-29
-27
-28
-26
-27
-29
-27
-27
-27
-28
-28
-27
-29
-28
-27
-29
-28
-30
-30
-31
-29
-27
-29
-31
-32
-31
-33
-31
-33
-32
-30
-29
-29
-31
-31
-31
-31
-33
-35
-31
-31
-27
-26
-29
-26
-29
-32
-29
-29
-29
-30
-29
-28
-27
-28
-26
-29
-29
-29
-30
-30
-30
-28
-27
-27
-25
-26
-25
-24
-25
-22
-24
-24
-25
-28
-25
-25
-22
-23
-24
-25
-26
-25
-24
-26
-25
-24
-24
-24
-24
-23
-24
-25
-23
-26
-24
-24
-22
-19
-20
-19
-18
-18
-18
-17
-18
-15
-13
-12
-11
-9
-5
-2
-1
1
-2
0
2
1
3
3
0
2
3
4
2
-1
1
-1
-2
0
-3
-1
0
-2
1
1
0
2
4
5
5
4
4
5
7
11
11
8
12
13
14
16
16
15
17
15
12
14
9
9
7
7
10
9
11
12
12
11
9
9
9
8
10
14
12
12
11
11
12
11
10
9
8
7
5
5
6
8
9
8
8
5
4
4
3
4
6
5
7
7
8
9
7
7
7
8
6
6
8
9
8
10
10
9
9
11
10
10
10
9
10
9
9
15
17
19
20
20
19
18
17
18
20
21
24
25
25
28
29
30
27
23
22
23
23
26
27
25
27
26
24
27
27
28
27
24
26
26
24
27
25
25
24
20
19
18
14
15
16
14
14
12
10
12
10
10
8
8
11
9
6
5
5
4
7
7
8
9
9
11
12
9
9
6
6
5
5
5
7
6
6
8
6
8
10
9
12
11
11
16
17
20
23
24
25
26
27
29
30
29
31
32
33
35
36
39
38
35
35
34
35
36
36
33
32
30
28
26
23
25
24
21
21
17
15
12
8
4
1
-2
-5
-5
-7
-10
-12
-16
-17
-21
-25
-24
-26
-28
-25
-27
-28
-25
-27
-27
-27
-26
-21
-20
-19
-18
-14
-5
-2
1
6
10
13
19
26
30
36
40
42
46
48
51
55
53
55
57
57
55
53
49
47
44
39
36
33
30
28
25
22
20
18
12
9
6
2
-2
-5
-9
-12
-15
-22
-27
-31
-35
-39
-44
-49
-54
-59
-62
-65
-66
-69
-70
-70
-72
-71
-72
-72
-71
-68
-63
-60
-50
-44
-36
-25
-19
-10
-2
3
13
19
27
36
43
51
59
67
72
80
85
85
87
90
89
93
96
98
99
95
93
93
90
84
75
72
65
59
53
41
32
22
12
1
-13
-28
-39
-51
-65
-78
-92
-107
-121
-133
-144
-153
-163
-173
-180
-185
-189
-190
-190
-188
-185
-182
-174
-166
-154
-140
-129
-112
-96
-81
-65
-47
-32
-16
3
17
34
48
64
79
95
109
120
129
142
155
165
173
181
190
197
201
207
212
211
211
211
203
198
188
177
168
152
136
115
91
69
44
16
-12
-39
-69
-100
-127
-153
-181
-206
-231
-255
-274
-292
-309
-321
-330
-335
-338
-341
-340
-333
-327
-318
-303
-288
-273
-251
-232
-210
-181
-154
-126
-95
-65
-33
-1
31
66
98
131
165
198
229
262
292
323
353
384
411
437
458
475
488
495
500
501
496
488
476
460
438
412
379
337
294
241
184
124
60
-4
-69
-135
-200
-268
-331
-392
-451
-506
-557
-602
-642
-675
-699
-720
-731
-732
-731
-721
-706
-684
-659
-628
-588
-547
-504
-455
-404
-351
-292
-233
-171
-105
-37
34
104
175
249
323
396
471
544
614
684
751
813
870
920
966
1005
1035
1055
1068
1065
1046
1019
979
927
862
789
706
617
521
416
305
190
68
-53
-173
-298
-420
-536
-648
-749
-842
-928
-1006
-1070
-1127
-1170
-1203
-1227
-1238
-1233
-1216
-1188
-1154
-1110
-1062
-1004
-939
-873
-798
-722
-642
-557
-470
-377
-280
-181
-80
23
127
232
339
441
543
646
742
839
933
1019
1108
1186
1260
1324
1373
1411
1432
1437
1427
1398
1355
1297
1230
1153
1065
966
858
741
614
479
337
197
57
-83
-215
-342
-460
-568
-670
-764
-852
-932
-1003
-1065
-1123
-1172
-1212
-1243
-1265
-1276
-1281
-1276
-1261
-1242
-1211
-1173
-1125
-1071
-1013
-946
-879
-800
-715
-634
-542
-444
-345
-242
-138
-30
78
185
294
399
502
597
687
776
857
935
1008
1077
1142
1198
1254
1304
1341
1367
1381
1386
1373
1348
1308
1255
1192
1119
1039
949
851
744
631
514
388
259
127
-9
-140
-263
-379
-485
-587
-678
-760
-834
-898
-957
-1008
-1052
-1086
-1113
-1135
-1149
-1161
-1169
-1169
-1165
-1151
-1132
-1106
-1074
-1036
-990
-935
-878
-819
-752
-686
-612
-534
-452
-368
-279
-183
-82
20
119
218
314
409
496
576
656
726
792
857
917
974
1027
1077
1124
1165
1202
1232
1250
1258
1253
1236
1208
1169
1121
1065
1003
933
855
770
676
578
470
359
243
124
3
-118
-234
-341
-443
-534
-619
-697
-766
-828
-880
-926
-961
-988
-1013
-1030
-1040
-1047
-1049
-1053
-1048
-1036
-1019
-995
-965
-932
-896
-853
-810
-764
-720
-670
-616
-559
-495
-426
-354
-275
-192
-104
-18
69
155
237
319
398
473
550
622
688
753
816
877
934
988
1039
1085
1128
1164
1188
1201
1200
1186
1162
1126
1082
1028
967
899
824
743
657
561
460
352
239
122
7
-107
-219
-321
-416
-503
-580
-649
-710
-764
-810
-850
-882
-905
-922
-934
-936
-934
-932
-925
-916
-900
-882
-861
-837
-807
-777
-740
-699
-660
-622
-585
-545
-498
-451
-399
-341
-277
-211
-137
-65
8
81
147
213
276
335
397
457
516
573
631
688
738
789
838
878
918
956
986
1014
1032
1040
1040
1029
1005
974
933
884
831
768
702
630
550
465
372
275
174
73
-28
-131
-226
-314
-395
-467
-535
-594
-642
-688
-730
-760
-786
-804
-812
-811
-805
-797
-791
-780
-769
-759
-748
-736
-720
-700
-678
-652
-629
-607
-579
-556
-533
-504
-472
-429
-377
-323
-263
-199
-134
-68
-7
55
118
179
240
302
365
430
496
557
611
664
709
753
797
839
882
921
955
982
1001
1009
1003
986
956
916
872
823
770
709
641
567
488
399
302
199
94
-13
-115
-213
-301
-382
-457
-528
-592
-650
-700
-737
-767
-784
-786
-780
-764
-739
-715
-696
-678
-669
-663
-654
-648
-635
-616
-596
-573
-550
-530
-514
-500
-489
-473
-453
-426
-392
-350
-300
-245
-186
-127
-68
-11
44
98
151
211
272
334
397
454
509
559
607
651
692
736
779
822
863
900
930
951
962
959
942
916
880
839
794
744
691
634
568
498
419
330
234
136
34
-67
-162
-254
-334
-408
-478
-537
-588
-629
-659
-681
-688
-685
-672
-648
-623
-604
-586
-575
-571
-569
-569
-569
-566
-563
-556
-548
-539
-527
-518
-511
-508
-501
-491
-476
-450
-419
-379
-330
-281
-227
-173
-118
-64
-7
48
106
162
218
278
334
388
437
485
532
579
624
670
718
760
802
841
871
892
904
906
898
879
856
824
787
748
704
654
596
531
454
366
275
177
78
-22
-115
-204
-286
-358
-424
-480
-528
-564
-588
-597
-598
-589
-575
-562
-549
-541
-537
-539
-545
-559
-570
-583
-593
-597
-599
-595
-592
-590
-590
-589
-591
-594
-588
-578
-557
-524
-482
-432
-374
-312
-254
-194
-132
-72
-8
57
125
194
265
335
406
474
534
591
646
694
743
791
838
888
933
972
1002
1020
1026
1015
991
959
920
876
827
772
708
643
566
479
383
277
166
51
-59
-164
-264
-349
-426
-487
-537
-576
-602
-620
-629
-627
-619
-608
-598
-588
-582
-581
-583
-590
-601
-614
-624
-632
-630
-628
-621
-613
-604
-596
-589
-584
-578
-570
-552
-524
-490
-446
-391
-333
-272
-206
-145
-83
-22
35
94
151
209
271
332
390
449
503
552
598
647
694
737
784
830
876
919
955
983
999
997
987
962
926
883
829
770
706
635
558
475
387
293
196
97
-6
-107
-201
-288
-366
-428
-481
-515
-539
-553
-556
-558
-558
-555
-553
-551
-557
-566
-581
-596
-612
-626
-634
-639
-640
-633
-625
-615
-604
-594
-586
-579
-573
-563
-548
-528
-497
-457
-408
-353
-293
-232
-174
-119
-69
-19
31
83
139
199
256
317
375
431
489
540
587
635
680
724
772
820
867
911
950
980
999
1004
994
966
922
866
801
728
653
580
506
433
357
278
198
113
24
-62
-148
-226
-293
-349
-394
-428
-452
-469
-480
-489
-501
-516
-532
-554
-576
-597
-618
-636
-651
-663
-669
-667
-662
-654
-646
-640
-636
-629
-627
-627
-621
-611
-592
-563
-526
-479
-421
-362
-300
-239
-178
-124
-75
-22
31
89
149
210
270
327
380
427
471
515
559
606
650
691
737
788
837
885
932
966
987
991
975
945
900
837
770
697
620
547
473
398
327
250
172
91
3
-81
-167
-250
-320
-381
-424
-455
-474
-479
-484
-485
-488
-500
-521
-548
-581
-614
-646
-672
-689
-702
-701
-692
-679
-664
-651
-645
-640
-635
-631
-618
-602
-577
-540
-492
-439
-381
-326
-267
-206
-147
-86
-29
21
73
120
167
212
252
291
333
374
416
462
509
561
618
675
734
795
854
906
957
1006
1050
1083
1105
1107
1083
1036
964
870
765
656
543
440
347
264
188
109
30
-49
-140
-232
-323
-407
-473
-518
-544
-549
-538
-520
-508
-509
-524
-562
-617
-676
-734
-781
-802
-804
-790
-760
-730
-713
-708
-716
-735
-756
-768
-768
-746
-701
-642
-575
-501
-426
-351
-279
-215
-151
-90
-31
32
94
152
209
260
306
348
390
433
477
527
578
635
696
758
827
900
977
1053
1127
1194
1249
1287
1299
1279
1230
1149
1041
912
770
627
491
365
255
157
66
-18
-108
-203
-302
-403
-503
-591
-658
-693
-697
-669
-621
-568
-522
-497
-505
-548
-617
-699
-780
-842
-878
-884
-861
-823
-776
-740
-725
-732
-761
-794
-823
-837
-831
-805
-759
-696
-613
-518
-416
-312
-212
-119
-35
40
109
177
245
317
391
465
538
603
658
707
753
801
854
916
992
1083
1187
1304
1432
1557
1664
1730
1744
1692
1574
1406
1198
975
750
532
336
159
0
-142
-282
-420
-559
-700
-833
-951
-1041
-1087
-1083
-1029
-929
-786
-621
-460
-322
-229
-198
-232
-322
-461
-623
-782
-917
-1014
-1066
-1078
-1066
-1041
-1026
-1038
-1086
-1179
-1308
-1441
-1530
-1535
-1437
-1237
-975
-687
-425
-219
-71
34
118
199
291
401
536
693
856
1015
1150
1254
1334
1393
1458
1554
1698
1911
2196
2535
2899
3235
3473
3545
3419
3091
2588
1958
1266
574
-64
-602
-1019
-1318
-1521
-1675
-1813
-1946
-2077
-2177
-2219
-2177
-2025
-1748
-1349
-850
-294
258
745
1121
1352
1410
1300
1028
628
147
-375
-893
-1385
-1838
-2242
-2589
-2861
-3052
-3159
-3173
-3095
-2922
-2651
-2289
-1853
-1369
-871
-387
69
483
851
1162
1419
1617
1756
1843
1874
1850
1782
1685
1582
1506
1484
1538
1690
1940
2298
2756
3295
3880
4437
4851
4998
4799
4234
3351
2248
1047
-125
-1156
-1966
-2516
-2824
-2943
-2951
-2921
-2887
-2853
-2785
-2634
-2360
-1939
-1367
-667
94
845
1490
1945
2176
2182
1979
1602
1089
465
-237
-978
-1722
-2442
-3115
-3715
-4202
-4526
-4636
-4514
-4169
-3640
-2984
-2260
-1533
-863
-287
177
530
793
996
1160
1288
1372
1401
1365
1257
1087
874
647
440
298
263
359
610
1014
1549
2195
2928
3732
4572
5368
5981
6244
6029
5299
4109
2589
920
-717
-2163
-3292
-4039
-4402
-4443
-4276
-4005
-3692
-3352
-2972
-2501
-1913
-1198
-369
527
1420
2213
2796
3073
3012
2645
2054
1329
542
-278
-1120
-1962
-2782
-3548
-4221
-4763
-5128
-5252
-5084
-4613
-3873
-2953
-1973
-1043
-249
352
737
919
930
832
685
540
421
320
216
92
-45
-183
-291
-335
-287
-122
178
610
1151
1769
2431
3113
3809
4542
5314
6071
6680
6933
6622
5662
4090
2075
-129
-2251
-4042
-5306
-5942
-5959
-5459
-4631
-3697
-2815
-2047
-1382
-758
-112
584
1325
2080
2762
3269
3497
3342
2767
1845
728
-410
-1408
-2185
-2742
-3126
-3400
-3609
-3775
-3892
-3934
-3838
-3533
-2983
-2206
-1291
-371
412
946
1176
1116
817
370
-122
-565
-878
-1036
-1054
-981
-866
-739
-597
-418
-171
167
611
1150
1759
2400
3022
3587
4077
4502
4900
5327
5806
6265
6523
6334
5497
3976
1908
-438
-2720
-4614
-5884
-6377
-6089
-5150
-3794
-2319
-988
43
757
1219
1547
1837
2127
2415
2655
2755
2621
2173
1370
273
-955
-2094
-2938
-3355
-3340
-2986
-2457
-1949
-1610
-1493
-1574
-1751
-1889
-1874
-1651
-1242
-742
-281
14
70
-117
-481
-911
-1296
-1546
-1613
-1499
-1248
-941
-646
-402
-199
2
259
617
1074
1605
2146
2631
3006
3241
3347
3370
3392
3512
3823
4356
5022
5594
5743
5192
3862
1887
-417
-2647
-4413
-5445
-5627
-5024
-3850
-2406
-1013
70
746
1069
1175
1228
1340
1537
1778
1969
1988
1734
1149
260
-809
-1853
-2645
-3015
-2904
-2389
-1637
-870
-305
-85
-242
-688
-1253
-1749
-2032
-2051
-1855
-1538
-1229
-1029
-979
-1063
-1216
-1349
-1382
-1270
-1037
-744
-472
-287
-213
-216
-219
-135
91
473
965
1493
1967
2307
2475
2487
2402
2311
2315
2508
2954
3664
4553
5409
5903
5718
4684
2865
559
-1802
-3778
-5043
-5451
-5043
-4030
-2707
-1383
-325
351
688
828
925
1088
1335
1602
1783
1758
1447
828
-54
-1066
-2016
-2706
-2985
-2811
-2261
-1497
-711
-83
260
258
-75
-630
-1239
-1743
-2055
-2174
-2157
-2081
-1998
-1925
-1839
-1714
-1543
-1319
-1047
-751
-493
-326
-278
-345
-468
-555
-521
-319
40
498
974
1394
1694
1846
1869
1826
1800
1874
2103
2508
3091
3822
4637
5365
5728
5445
4355
2522
241
-2061
-3954
-5144
-5500
-5073
-4055
-2713
-1335
-172
639
1093
1292
1379
1460
1556
1619
1566
1324
843
134
-741
-1665
-2464
-2971
-3071
-2735
-2060
-1214
-376
301
705
774
493
-75
-789
-1489
-2050
-2405
-2571
-2588
-2494
-2301
-2023
-1675
-1286
-903
-555
-269
-66
29
-5
-148
-342
-501
-532
-385
-71
346
773
1136
1391
1528
1577
1597
1664
1848
2190
2687
3310
4022
4768
5427
5774
5548
4570
2852
632
-1692
-3686
-5021
-5536
-5238
-4293
-2939
-1460
-128
872
1473
1734
1784
1746
1690
1602
1429
1112
619
-46
-833
-1649
-2359
-2810
-2884
-2549
-1875
-1017
-150
580
1069
1244
1062
537
-245
-1136
-1967
-2605
-2983
-3104
-2994
-2692
-2245
-1708
-1159
-675
-309
-80
28
26
-75
-245
-443
-605
-655
-540
-260
132
561
956
1263
1459
1556
1596
1654
1800
2094
2564
3198
3961
4782
5536
6002
5905
5042
3387
1150
-1280
-3439
-4938
-5566
-5308
-4315
-2855
-1232
247
1353
1994
2220
2170
1988
1779
1566
1306
943
435
-215
-971
-1744
-2409
-2822
-2854
-2470
-1739
-820
100
865
1380
1603
1512
1096
381
-546
-1532
-2419
-3082
-3460
-3541
-3339
-2884
-2235
-1486
-755
-160
235
415
404
243
-16
-311
-571
-722
-704
-509
-173
236
634
967
1204
1349
1441
1519
1637
1853
2204
2724
3411
4224
5076
5778
6058
5638
4370
2334
-150
-2614
-4586
-5732
-5902
-5166
-3754
-2000
-264
1145
2037
2394
2344
2070
1740
1451
1203
933
564
35
-657
-1448
-2212
-2792
-3020
-2795
-2132
-1170
-128
783
1422
1728
1708
1390
805
9
-913
-1830
-2628
-3219
-3544
-3575
-3310
-2777
-2054
-1244
-476
131
510
631
527
250
-132
-518
-822
-963
-889
-611
-188
282
711
1044
1251
1345
1367
1392
1507
1780
2251
2909
3707
4569
5378
5928
5947
5203
3624
1394
-1103
-3387
-5040
-5801
-5619
-4628
-3095
-1357
258
1485
2184
2385
2243
1937
1607
1307
1002
623
115
-534
-1272
-2005
-2621
-2980
-2960
-2514
-1703
-690
301
1083
1554
1698
1549
1162
578
-166
-1008
-1864
-2641
-3244
-3593
-3637
-3355
-2781
-2000
-1138
-345
256
590
646
469
135
-270
-647
-911
-1000
-893
-623
-261
122
468
749
953
1093
1213
1358
1577
1909
2369
2954
3649
4407
5126
5609
5604
4894
3404
1293
-1097
-3322
-4966
-5758
-5609
-4618
-3046
-1229
472
1762
2495
2671
2433
1981
1479
1023
618
220
-227
-760
-1371
-1991
-2517
-2807
-2741
-2275
-1462
-459
517
1280
1713
1797
1592
1169
589
-109
-897
-1709
-2468
-3085
-3462
-3544
-3303
-2760
-1999
-1139
-328
305
679
771
624
303
-103
-499
-800
-946
-917
-740
-465
-155
142
399
601
764
922
1119
1397
1776
2257
2820
3445
4123
4806
5362
5570
5171
4005
2128
-185
-2506
-4391
-5506
-5694
-4991
-3606
-1852
-89
1360
2285
2628
2493
2076
1557
1071
657
285
-98
-547
-1065
-1621
-2139
-2485
-2537
-2212
-1528
-610
352
1146
1641
1791
1624
1215
627
-82
-850
-1614
-2318
-2891
-3268
-3398
-3240
-2799
-2125
-1315
-504
173
616
774
678
388
-4
-406
-740
-936
-958
-828
-592
-311
-46
180
363
516
671
862
1128
1491
1952
2499
3120
3802
4521
5185
5600
5518
4725
3173
1033
-1333
-3477
-5001
-5650
-5367
-4280
-2659
-857
773
1960
2576
2657
2363
1886
1382
932
540
154
-275
-776
-1331
-1873
-2296
-2469
-2294
-1754
-932
2
845
1431
1685
1614
1287
780
152
-548
-1278
-1983
-2597
-3054
-3288
-3251
-2925
-2337
-1573
-759
-38
469
701
661
404
18
-388
-731
-941
-978
-865
-645
-378
-113
126
325
495
658
836
1064
1363
1739
2181
2675
3219
3819
4456
5045
5386
5211
4313
2671
493
-1819
-3809
-5106
-5504
-4994
-3751
-2070
-303
1211
2233
2678
2614
2232
1716
1202
747
334
-82
-547
-1066
-1600
-2075
-2381
-2407
-2085
-1437
-578
307
1037
1485
1614
1469
1119
619
-4
-730
-1506
-2251
-2863
-3242
-3330
-3102
-2591
-1879
-1079
-331
241
553
595
406
76
-292
-614
-834
-915
-853
-677
-428
-160
75
265
417
554
717
931
1223
1595
2030
2505
2994
3498
4034
4584
5042
5166
4675
3418
1481
-805
-2978
-4598
-5383
-5236
-4261
-2715
-932
732
1975
2632
2714
2371
1828
1268
778
375
4
-392
-834
-1310
-1770
-2121
-2260
-2095
-1592
-816
70
862
1390
1587
1479
1153
680
94
-603
-1389
-2183
-2863
-3309
-3440
-3237
-2748
-2058
-1274
-523
68
412
484
331
52
-253
-517
-708
-812
-818
-722
-541
-305
-61
145
299
425
562
758
1036
1400
1834
2298
2759
3204
3666
4192
4764
5214
5253
4595
3135
1038
-1309
-3418
-4866
-5408
-5014
-3840
-2185
-416
1118
2153
2602
2536
2145
1638
1145
719
334
-73
-540
-1061
-1594
-2062
-2357
-2373
-2046
-1394
-538
323
994
1361
1415
1227
872
379
-270
-1064
-1919
-2688
-3219
-3419
-3284
-2862
-2230
-1494
-763
-152
232
347
220
-45
-336
-586
-766
-872
-880
-781
-574
-293
-8
221
370
462
563
722
963
1289
1683
2121
2566
3001
3450
3959
4548
5120
5419
5117
3991
2073
-316
-2661
-4454
-5350
-5250
-4279
-2725
-960
652
1830
2435
2506
2217
1784
1366
1014
686
295
-223
-843
-1503
-2090
-2477
-2564
-2283
-1648
-775
137
872
1288
1376
1216
912
500
-62
-812
-1681
-2520
-3154
-3461
-3422
-3070
-2485
-1759
-1000
-341
104
273
189
-39
-298
-517
-676
-781
-818
-766
-603
-353
-81
140
272
333
394
517
722
1010
1362
1765
2209
2679
3176
3721
4347
5025
5569
5633
4885
3221
867
-1674
-3814
-5108
-5387
-4730
-3407
-1772
-173
1097
1871
2144
2061
1825
1590
1394
1160
781
194
-569
-1385
-2105
-2587
-2732
-2498
-1906
-1065
-166
590
1060
1216
1150
957
658
195
-495
-1367
-2260
-2982
-3397
-3456
-3192
-2664
-1963
-1209
-542
-83
101
46
-139
-344
-510
-626
-704
-738
-705
-579
-366
-113
119
292
412
516
641
806
1016
1292
1658
2116
2646
3206
3777
4376
5004
5547
5709
5130
3635
1378
-1159
-3374
-4799
-5226
-4730
-3573
-2092
-609
616
1424
1808
1900
1879
1856
1812
1636
1204
491
-416
-1340
-2105
-2588
-2707
-2460
-1898
-1147
-377
247
632
796
828
801
697
416
-143
-964
-1889
-2707
-3249
-3435
-3268
-2806
-2141
-1406
-750
-293
-89
-96
-201
-319
-407
-481
-563
-638
-660
-591
-426
-210
3
168
279
362
462
615
852
1192
1631
2142
2655
3110
3515
3940
4488
5133
5623
5554
4580
2681
225
-2201
-4025
-4913
-4837
-3995
-2712
-1347
-174
641
1096
1335
1531
1786
2043
2122
1860
1207
252
-802
-1736
-2380
-2648
-2535
-2106
-1490
-846
-299
81
324
508
678
796
735
363
-349
-1278
-2192
-2887
-3237
-3227
-2908
-2367
-1739
-1159
-730
-497
-411
-397
-395
-392
-412
-476
-556
-597
-557
-418
-210
24
244
422
555
654
744
862
1047
1324
1702
2157
2645
3138
3660
4254
4907
5462
5583
4936
3419
1269
-1015
-2905
-4055
-4376
-4003
-3189
-2206
-1270
-502
90
594
1117
1675
2161
2390
2209
1603
683
-340
-1251
-1906
-2240
-2268
-2072
-1749
-1394
-1047
-701
-332
87
509
817
866
540
-146
-1033
-1894
-2528
-2849
-2867
-2650
-2290
-1885
-1511
-1212
-984
-781
-579
-385
-252
-227
-304
-422
-491
-456
-308
-88
145
330
438
485
515
592
770
1053
1413
1802
2180
2534
2885
3303
3862
4579
5314
5736
5446
4227
2243
-35
-2043
-3357
-3859
-3692
-3131
-2452
-1841
-1349
-899
-357
369
1232
2032
2513
2488
1954
1074
102
-734
-1300
-1599
-1712
-1735
-1739
-1716
-1624
-1404
-1016
-499
23
401
485
210
-361
-1058
-1670
-2069
-2234
-2229
-2141
-2023
-1889
-1737
-1553
-1322
-1054
-777
-545
-422
-421
-492
-539
-494
-333
-86
182
410
562
636
664
700
802
992
1246
1522
1803
2091
2413
2786
3234
3792
4462
5137
5535
5283
4186
2393
346
-1431
-2601
-3122
-3157
-2936
-2631
-2316
-1977
-1543
-923
-94
848
1677
2154
2155
1734
1094
458
-45
-404
-678
-941
-1235
-1534
-1771
-1856
-1734
-1423
-1016
-663
-492
-553
-809
-1140
-1419
-1564
-1584
-1553
-1559
-1629
-1723
-1767
-1706
-1541
-1312
-1081
-892
-792
-774
-787
-757
-625
-388
-93
183
392
519
585
652
774
975
1244
1529
1763
1936
2077
2252
2522
2921
3476
4165
4888
5404
5358
4503
2910
989
-736
-1899
-2459
-2617
-2629
-2647
-2675
-2606
-2319
-1727
-831
227
1195
1797
1902
1594
1107
687
436
296
119
-212
-701
-1250
-1706
-1935
-1885
-1612
-1266
-1002
-926
-1056
-1289
-1482
-1527
-1408
-1218
-1089
-1107
-1267
-1464
-1572
-1529
-1358
-1147
-987
-931
-963
-1031
-1056
-979
-788
-508
-208
53
248
394
528
692
912
1172
1438
1656
1797
1891
2011
2224
2556
2983
3491
4078
4686
5118
5048
4256
2839
1176
-287
-1292
-1874
-2229
-2513
-2763
-2914
-2861
-2529
-1896
-1004
-19
821
1304
1387
1224
1032
944
936
877
631
169
-425
-1017
-1466
-1694
-1712
-1613
-1526
-1545
-1667
-1825
-1909
-1846
-1640
-1362
-1120
-1004
-1021
-1111
-1171
-1129
-1002
-864
-788
-820
-926
-1042
-1102
-1060
-917
-719
-517
-351
-211
-59
145
419
730
1045
1336
1591
1806
1985
2155
2367
2648
2997
3406
3868
4381
4869
5089
4753
3750
2305
832
-342
-1141
-1701
-2188
-2646
-3000
-3137
-2977
-2523
-1817
-953
-116
508
839
943
989
1092
1235
1299
1155
768
239
-305
-766
-1095
-1300
-1451
-1618
-1837
-2101
-2334
-2450
-2404
-2228
-1995
-1756
-1540
-1378
-1263
-1151
-1012
-851
-714
-656
-679
-753
-837
-894
-903
-863
-792
-714
-628
-532
-398
-198
76
402
742
1078
1398
1693
1970
2228
2475
2750
3072
3471
3970
4549
5096
5354
5034
4065
2701
1347
292
-453
-1077
-1748
-2478
-3106
-3444
-3397
-2976
-2279
-1458
-701
-156
172
401
685
1078
1467
1673
1578
1213
729
279
-80
-370
-651
-983
-1386
-1834
-2261
-2588
-2748
-2742
-2620
-2448
-2275
-2092
-1878
-1615
-1306
-980
-695
-501
-414
-416
-456
-487
-512
-538
-575
-622
-666
-670
-609
-489
-327
-143
57
294
596
964
1370
1769
2147
2513
2903
3334
3819
4369
4957
5477
5665
5258
4228
2878
1607
629
-125
-886
-1776
-2710
-3461
-3843
-3833
-3505
-2949
-2273
-1606
-1037
-565
-87
481
1114
1655
1934
1911
1681
1414
1176
925
591
126
-444
-1060
-1662
-2203
-2637
-2958
-3163
-3247
-3223
-3077
-2805
-2435
-2008
-1569
-1138
-742
-406
-144
39
143
173
134
35
-92
-214
-306
-355
-377
-381
-365
-307
-178
25
289
598
932
1294
1702
2163
2679
3245
3864
4553
5248
5767
5832
5278
4256
3126
2159
1356
531
-482
-1622
-2669
-3412
-3792
-3884
-3778
-3501
-3087
-2585
-2035
-1429
-726
52
795
1375
1727
1907
2016
2090
2064
1853
1427
852
210
-453
-1128
-1805
-2447
-3014
-3467
-3770
-3906
-3880
-3701
-3392
-2983
-2493
-1955
-1392
-838
-336
88
413
643
785
846
832
741
588
405
235
96
2
-53
-65
-19
102
290
544
877
1304
1836
2461
3162
3928
4726
5415
5740
5528
4875
4074
3362
2733
1981
954
-271
-1441
-2328
-2902
-3293
-3594
-3799
-3848
-3711
-3400
-2932
-2320
-1601
-854
-169
420
955
1488
1985
2335
2449
2335
2056
1664
1162
524
-242
-1060
-1843
-2530
-3105
-3572
-3927
-4149
-4208
-4082
-3781
-3344
-2806
-2208
-1604
-1022
-470
61
564
999
1319
1494
1542
1507
1425
1306
1143
947
760
616
527
471
461
540
744
1074
1508
2038
2685
3438
4162
4580
4528
4144
3726
3441
3172
2673
1828
791
-151
-842
-1366
-1888
-2447
-2941
-3269
-3426
-3449
-3349
-3101
-2701
-2211
-1703
-1182
-599
62
726
1262
1606
1807
1923
1949
1816
1454
896
241
-424
-1056
-1666
-2266
-2831
-3304
-3647
-3837
-3877
-3782
-3570
-3258
-2855
-2371
-1830
-1241
-639
-68
438
867
1236
1550
1793
1930
1954
1895
1817
1753
1679
1575
1456
1380
1408
1544
1776
2115
2580
3107
3487
3503
3178
2789
2582
2529
2360
1865
1111
381
-101
-391
-706
-1157
-1661
-2039
-2232
-2319
-2384
-2432
-2408
-2263
-2020
-1730
-1394
-986
-521
-74
291
584
853
1093
1231
1184
943
599
242
-122
-545
-1054
-1604
-2110
-2502
-2773
-2969
-3117
-3189
-3152
-2997
-2747
-2432
-2062
-1650
-1206
-740
-272
182
619
1015
1350
1623
1842
2030
2185
2276
2287
2264
2282
2363
2477
2607
2808
3143
3543
3764
3572
3055
2557
2316
2222
1943
1315
507
-142
-481
-665
-961
-1442
-1907
-2151
-2172
-2127
-2140
-2184
-2151
-1982
-1716
-1426
-1141
-831
-490
-164
112
354
596
798
875
789
594
392
208
-29
-390
-868
-1362
-1768
-2069
-2333
-2605
-2838
-2959
-2937
-2805
-2624
-2409
-2137
-1785
-1362
-922
-501
-90
326
728
1082
1375
1624
1855
2061
2215
2312
2396
2506
2644
2776
2915
3128
3451
3767
3842
3532
3007
2596
2427
2287
1879
1149
352
-196
-450
-658
-1052
-1606
-2064
-2249
-2241
-2237
-2333
-2435
-2388
-2153
-1827
-1524
-1259
-970
-623
-266
28
257
451
599
648
566
417
272
142
-43
-358
-765
-1153
-1448
-1696
-1980
-2307
-2585
-2723
-2729
-2683
-2633
-2538
-2312
-1943
-1517
-1113
-739
-334
126
586
983
1316
1643
1976
2272
2479
2609
2738
2914
3106
3285
3489
3769
4049
4105
3791
3264
2840
2648
2490
2063
1310
506
-40
-305
-559
-1037
-1663
-2141
-2310
-2304
-2346
-2510
-2656
-2603
-2336
-2010
-1748
-1537
-1282
-930
-545
-216
48
274
449
535
516
428
320
198
7
-282
-617
-914
-1149
-1390
-1699
-2017
-2258
-2377
-2411
-2433
-2441
-2392
-2231
-1969
-1650
-1308
-959
-572
-145
306
770
1213
1618
1973
2291
2590
2874
3137
3363
3575
3808
4081
4329
4367
4092
3646
3288
3093
2876
2401
1641
846
291
-34
-387
-974
-1680
-2203
-2408
-2445
-2559
-2819
-3046
-3034
-2781
-2460
-2219
-2040
-1788
-1405
-970
-612
-358
-159
39
229
366
427
417
350
236
57
-178
-443
-732
-1047
-1377
-1689
-1937
-2106
-2232
-2333
-2396
-2377
-2242
-2024
-1759
-1474
-1166
-822
-446
-43
381
823
1263
1680
2089
2509
2919
3271
3577
3909
4302
4640
4705
4433
4029
3759
3640
3412
2864
2067
1324
830
483
21
-678
-1433
-1978
-2249
-2420
-2698
-3076
-3354
-3361
-3143
-2890
-2720
-2581
-2327
-1921
-1474
-1098
-810
-543
-261
12
223
340
385
381
335
244
100
-73
-273
-504
-755
-1001
-1232
-1453
-1661
-1843
-1960
-1991
-1939
-1827
-1680
-1500
-1255
-922
-523
-88
347
773
1212
1675
2133
2549
2935
3351
3833
4298
4559
4533
4356
4233
4210
4112
3744
3113
2432
1900
1493
1025
363
-397
-1046
-1493
-1824
-2199
-2657
-3077
-3315
-3346
-3279
-3239
-3227
-3132
-2870
-2489
-2100
-1777
-1490
-1175
-819
-461
-165
45
175
245
293
314
274
158
-34
-264
-485
-688
-890
-1107
-1327
-1499
-1591
-1607
-1587
-1553
-1493
-1367
-1143
-841
-502
-160
209
621
1076
1558
2042
2541
3077
3613
4043
4266
4309
4310
4354
4363
4183
3765
3230
2752
2383
1999
1455
770
115
-391
-798
-1242
-1773
-2303
-2689
-2888
-2978
-3063
-3157
-3184
-3078
-2861
-2615
-2396
-2192
-1958
-1662
-1345
-1070
-860
-693
-535
-377
-244
-160
-125
-130
-169
-234
-322
-436
-564
-694
-818
-926
-1015
-1076
-1110
-1107
-1052
-929
-747
-520
-243
89
472
880
1302
1763
2286
2840
3312
3590
3703
3797
3963
4124
4119
3881
3524
3209
2985
2730
2299
1692
1066
559
156
-284
-843
-1445
-1934
-2231
-2409
-2603
-2855
-3062
-3113
-2994
-2804
-2653
-2542
-2381
-2119
-1788
-1481
-1266
-1112
-947
-744
-543
-411
-365
-361
-360
-361
-394
-490
-621
-736
-807
-845
-876
-914
-940
-929
-865
-751
-610
-454
-258
-11
276
594
931
1310
1737
2187
2601
2901
3083
3237
3426
3609
3683
3590
3367
3136
2949
2742
2416
1954
1455
1013
620
208
-276
-795
-1242
-1570
-1818
-2061
-2325
-2550
-2663
-2664
-2618
-2594
-2586
-2520
-2352
-2128
-1919
-1755
-1597
-1397
-1158
-931
-771
-677
-601
-505
-414
-369
-391
-453
-515
-546
-565
-604
-664
-714
-707
-649
-575
-510
-431
-284
-41
265
583
898
1261
1713
2209
2625
2866
2991
3130
3335
3519
3534
3351
3083
2869
2731
2549
2216
1753
1306
970
688
337
-135
-641
-1056
-1324
-1522
-1762
-2051
-2295
-2400
-2375
-2340
-2366
-2429
-2430
-2299
-2086
-1898
-1792
-1718
-1589
-1388
-1185
-1058
-1008
-962
-867
-736
-648
-640
-670
-674
-618
-546
-514
-514
-499
-420
-302
-192
-115
-26
138
378
646
900
1163
1501
1905
2271
2494
2595
2699
2880
3086
3167
3077
2910
2787
2725
2609
2333
1926
1525
1213
938
595
137
-359
-766
-1057
-1302
-1578
-1875
-2106
-2202
-2201
-2200
-2257
-2326
-2313
-2188
-2018
-1892
-1818
-1727
-1564
-1354
-1179
-1084
-1039
-973
-862
-756
-709
-722
-737
-714
-661
-622
-626
-634
-597
-499
-381
-273
-167
-25
186
444
704
953
1228
1573
1952
2274
2473
2594
2716
2864
2972
2962
2836
2677
2555
2437
2242
1929
1562
1223
942
666
325
-75
-460
-764
-989
-1203
-1446
-1693
-1870
-1950
-1983
-2035
-2119
-2183
-2167
-2077
-1980
-1915
-1856
-1748
-1581
-1409
-1280
-1194
-1111
-992
-861
-769
-744
-740
-703
-630
-557
-518
-505
-465
-377
-258
-151
-59
67
261
501
743
976
1239
1566
1916
2200
2380
2506
2660
2846
2978
2971
2853
2721
2635
2552
2375
2064
1700
1382
1123
846
469
15
-403
-716
-953
-1212
-1518
-1810
-1997
-2066
-2108
-2195
-2321
-2396
-2353
-2231
-2116
-2050
-1991
-1868
-1675
-1479
-1350
-1282
-1206
-1084
-934
-826
-782
-765
-717
-630
-546
-492
-465
-417
-311
-172
-31
104
262
470
718
985
1262
1576
1918
2223
2446
2598
2743
2896
3011
3036
2958
2836
2728
2625
2465
2196
1858
1524
1233
953
626
241
-150
-485
-755
-1009
-1291
-1579
-1799
-1920
-1992
-2080
-2200
-2301
-2316
-2247
-2170
-2132
-2115
-2042
-1888
-1710
-1578
-1521
-1475
-1375
-1238
-1126
-1079
-1054
-993
-875
-745
-659
-617
-561
-441
-274
-104
52
228
462
744
1039
1331
1632
1946
2239
2480
2661
2823
2973
3080
3097
3026
2919
2820
2710
2532
2264
1950
1651
1371
1059
682
274
-95
-392
-655
-940
-1239
-1500
-1675
-1785
-1899
-2049
-2194
-2267
-2241
-2179
-2149
-2146
-2113
-2011
-1863
-1742
-1680
-1636
-1555
-1422
-1290
-1215
-1188
-1147
-1056
-938
-837
-771
-711
-606
-449
-265
-90
86
302
579
901
1233
1549
1834
2091
2322
2531
2694
2802
2848
2838
2805
2760
2687
2554
2340
2081
1819
1569
1298
977
623
282
-8
-261
-520
-799
-1073
-1287
-1431
-1545
-1671
-1818
-1947
-2003
-1997
-1986
-1999
-2012
-1968
-1858
-1731
-1637
-1584
-1524
-1419
-1289
-1192
-1145
-1110
-1034
-918
-809
-736
-689
-624
-508
-354
-194
-32
159
400
685
997
1304
1590
1849
2080
2287
2472
2617
2703
2726
2696
2640
2565
2455
2289
2066
1820
1577
1330
1047
720
380
68
-198
-448
-718
-992
-1224
-1380
-1494
-1622
-1782
-1929
-2007
-2002
-1974
-1975
-1989
-1949
-1838
-1704
-1610
-1577
-1544
-1455
-1327
-1220
-1177
-1167
-1118
-1011
-892
-816
-771
-694
-546
-341
-138
50
251
511
832
1172
1487
1759
2010
2253
2472
2641
2739
2775
2775
2748
2688
2584
2428
2213
1964
1705
1442
1164
856
522
194
-100
-358
-608
-864
-1103
-1295
-1431
-1549
-1684
-1825
-1920
-1941
-1919
-1913
-1933
-1927
-1847
-1715
-1602
-1548
-1516
-1438
-1310
-1190
-1134
-1116
-1064
-954
-832
-751
-704
-633
-493
-302
-123
29
199
438
744
1055
1332
1572
1803
2041
2261
2426
2530
2588
2613
2612
2573
2492
2363
2184
1974
1746
1499
1237
944
625
307
20
-237
-490
-754
-1003
-1208
-1377
-1532
-1700
-1862
-1965
-1998
-1997
-2004
-2018
-1987
-1890
-1768
-1672
-1612
-1547
-1444
-1317
-1226
-1183
-1150
-1080
-967
-856
-778
-715
-612
-453
-266
-82
93
293
546
838
1135
1407
1645
1871
2090
2288
2445
2539
2580
2586
2567
2522
2430
2281
2083
1867
1649
1419
1150
849
546
271
27
-211
-459
-698
-905
-1078
-1243
-1419
-1582
-1700
-1772
-1824
-1878
-1917
-1912
-1862
-1798
-1751
-1714
-1655
-1567
-1482
-1425
-1396
-1354
-1265
-1156
-1055
-965
-857
-704
-516
-324
-140
55
286
554
831
1095
1343
1580
1799
1993
2154
2282
2373
2418
2418
2387
2326
2237
2111
1940
1742
1537
1324
1090
840
584
341
114
-102
-305
-497
-688
-875
-1060
-1230
-1370
-1482
-1581
-1678
-1753
-1778
-1758
-1728
-1709
-1684
-1626
-1537
-1448
-1389
-1352
-1293
-1201
-1097
-1010
-943
-862
-741
-588
-436
-297
-142
48
264
487
700
913
1130
1334
1504
1638
1753
1856
1937
1968
1951
1916
1876
1813
1708
1565
1406
1246
1080
892
680
471
282
109
-61
-233
-397
-546
-685
-820
-939
-1033
-1102
-1164
-1224
-1257
-1245
-1202
-1155
-1120
-1080
-1006
-914
-841
-807
-793
-758
-703
-651
-628
-624
-594
-530
-461
-409
-369
-310
-207
-85
21
113
210
336
467
579
661
725
798
870
912
922
916
922
942
951
926
881
842
814
780
720
647
578
520
461
395
328
260
202
145
76
7
-52
-103
-152
-204
-253
-290
-320
-351
-386
-427
-462
-492
-526
-564
-606
-634
-649
-663
-687
-723
-747
-761
-769
-769
-770
-767
-749
-719
-673
-620
-554
-480
-398
-308
-218
-123
-30
62
152
242
324
402
482
559
636
707
763
814
854
884
899
893
875
848
820
782
730
671
608
551
493
429
360
286
214
145
75
-3
-84
-168
-247
-318
-392
-468
-542
-609
-662
-707
-748
-782
-809
-829
-837
-837
-835
-824
-805
-773
-721
-663
-597
-525
-449
-362
-268
-176
-86
0
80
160
234
303
367
424
475
520
562
604
637
664
685
698
700
696
690
680
658
625
584
540
495
449
402
351
296
238
178
112
34
-51
-139
-220
-291
-363
-434
-499
-550
-583
-601
-611
-617
-616
-603
-579
-549
-522
-496
-468
-442
-406
-370
-337
-296
-259
-214
-165
-116
-62
-17
23
61
97
137
174
204
239
273
306
341
372
398
423
441
459
470
472
467
454
438
421
404
381
356
329
301
271
238
209
184
165
143
114
86
62
38
10
-26
-64
-97
-118
-132
-151
-175
-199
-217
-228
-240
-260
-283
-296
-300
-297
-299
-304
-299
-280
-247
-215
-188
-165
-136
-100
-64
-34
-9
15
37
59
80
97
117
138
155
175
189
200
205
205
202
199
196
193
191
190
183
175
171
171
166
157
147
134
122
110
95
73
48
22
-4
-30
-59
-90
-118
-141
-158
-172
-182
-192
-196
-194
-196
-199
-204
-208
-207
-206
-203
-195
-184
-171
-159
-149
-144
-135
-117
-103
-89
-84
-77
-67
-51
-33
-21
-11
8
33
59
76
83
85
89
94
90
76
64
57
58
58
59
60
61
71
76
65
53
42
35
30
16
1
-12
-16
-16
-25
-31
-38
-41
-35
-31
-33
-38
-39
-35
-36
-42
-52
-60
-62
-66
-68
-73
-77
-70
-59
-50
-34
-16
5
21
36
51
66
82
94
98
101
102
104
103
98
90
79
68
60
50
38
22
3
-14
-25
-30
-31
-27
-26
-29
-33
-38
-49
-63
-76
-84
-90
-94
-93
-90
-87
-78
-70
-65
-63
-59
-59
-67
-73
-82
-87
-92
-98
-104
-109
-108
-102
-94
-84
-71
-57
-40
-20
-4
2
6
13
24
29
27
19
13
12
9
7
5
7
20
35
42
46
53
58
64
59
49
39
29
21
10
-5
-18
-31
-37
-47
-56
-59
-60
-59
-59
-58
-57
-52
-38
-27
-15
-3
11
27
34
38
43
48
51
54
54
55
65
76
80
83
89
97
98
91
79
66
59
54
46
39
31
33
41
45
50
59
73
91
100
101
100
100
96
87
73
59
48
32
16
-8
-30
-40
-48
-49
-50
-50
-40
-29
-24
-28
-29
-27
-25
-25
-33
-42
-45
-42
-42
-44
-48
-44
-36
-30
-29
-30
-26
-22
-22
-24
-27
-23
-15
-5
-2
-3
-4
-4
-3
-4
-9
-12
-10
-9
-9
-8
-8
-7
-5
-5
-6
-11
-11
-11
-13
-16
-20
-23
-26
-26
-19
-8
7
17
27
36
42
47
48
45
38
34
31
26
19
9
0
-8
-13
-18
-21
-17
-7
1
11
17
23
32
40
43
45
42
42
42
38
30
25
25
24
21
17
15
12
11
10
5
2
1
1
-2
-8
-15
-20
-21
-25
-30
-36
-42
-43
-47
-50
-52
-50
-46
-42
-34
-25
-13
1
6
10
12
16
22
22
21
17
15
14
13
15
10
7
6
1
-5
-12
-16
-17
-20
-26
-35
-39
-43
-45
-45
-43
-37
-28
-19
-11
-4
3
15
26
33
37
42
45
43
37
27
10
-2
-11
-20
-28
-33
-37
-39
-36
-32
-28
-24
-19
-14
-9
-4
3
10
19
25
31
33
32
29
25
24
23
21
22
21
23
23
25
26
29
31
32
29
24
20
15
6
-5
-17
-24
-26
-27
-26
-25
-26
-25
-25
-21
-20
-20
-17
-15
-11
-7
-8
-9
-8
-10
-8
-6
-3
-4
-4
-2
0
3
6
8
12
14
12
6
3
1
-4
-7
-12
-14
-10
-3
6
11
19
27
33
37
39
38
37
40
41
36
27
17
13
6
0
-9
-21
-27
-31
-34
-38
-40
-40
-38
-37
-33
-28
-24
-23
-24
-27
-35
-46
-52
-57
-58
-55
-49
-49
-51
-47
-40
-31
-21
-15
-9
-2
6
12
12
15
19
21
22
17
13
13
11
14
14
14
19
28
36
43
50
58
67
69
70
69
68
68
68
66
64
64
68
69
67
67
59
54
47
36
28
19
11
3
-5
-12
-18
-24
-28
-34
-38
-39
-39
-35
-33
-31
-26
-23
-22
-23
-26
-26
-27
-33
-41
-50
-56
-62
-71
-79
-83
-83
-78
-73
-67
-62
-55
-42
-30
-20
-11
-2
6
15
20
24
27
29
32
35
34
35
37
37
42
47
53
59
60
59
60
59
52
45
38
31
25
19
13
12
11
11
14
11
4
-3
-5
-10
-14
-17
-22
-24
-24
-27
-29
-26
-26
-23
-20
-21
-21
-18
-19
-23
-21
-22
-24
-23
-25
-28
-29
-26
-28
-32
-32
-33
-32
-28
-24
-16
-6
4
13
22
31
41
53
64
70
74
76
74
69
64
54
46
39
27
17
8
0
-5
-8
-11
-8
-3
1
4
6
2
-3
-4
-9
-19
-23
-26
-25
-25
-23
-23
-21
-17
-12
-9
-8
-6
-4
-4
-8
-12
-12
-13
-15
-15
-14
-17
-17
-15
-14
-13
-13
-13
-16
-18
-20
-20
-20
-24
-29
-28
-27
-28
-27
-30
-31
-26
-21
-16
-9
-6
-4
2
4
6
8
8
9
7
3
0
-2
-5
-10
-15
-18
-22
-23
-22
-21
-17
-10
-2
4
10
15
21
26
28
30
26
27
25
24
20
16
18
20
24
27
30
31
32
33
30
27
23
18
13
6
0
-3
-7
-10
-13
-17
-22
-26
-28
-32
-38
-43
-48
-50
-53
-58
-59
-57
-55
-51
-48
-45
-40
-30
-17
-9
-1
8
17
26
31
37
40
41
42
38
39
40
40
38
33
29
25
21
21
21
20
24
29
35
40
45
53
58
64
69
73
72
70
64
57
51
45
41
35
29
25
20
13
3
-5
-14
-24
-28
-36
-47
-60
-69
-77
-82
-86
-91
-93
-91
-90
-90
-90
-87
-83
-77
-74
-73
-67
-60
-54
-47
-40
-32
-23
-13
-7
1
8
16
24
30
35
38
41
43
42
43
45
47
50
51
48
49
55
58
57
60
66
67
72
76
75
79
83
87
90
87
85
83
76
67
53
41
28
14
-2
-16
-29
-40
-50
-60
-68
-73
-78
-80
-82
-87
-85
-83
-78
-75
-73
-70
-65
-58
-55
-51
-45
-43
-40
-37
-36
-34
-30
-26
-22
-14
-10
-3
2
8
15
20
27
34
40
44
44
48
50
53
60
65
69
71
70
71
70
71
71
66
63
63
58
55
48
42
38
36
32
27
22
17
11
5
-4
-15
-27
-36
-44
-54
-65
-72
-79
-83
-84
-83
-81
-78
-75
-69
-62
-57
-53
-49
-45
-40
-35
-34
-31
-28
-28
-26
-23
-25
-21
-19
-15
-9
-6
-5
0
7
17
23
28
36
41
46
49
51
51
49
51
52
50
46
41
39
36
32
28
24
20
16
13
12
6
1
-1
-3
-3
-6
-10
-10
-13
-11
-10
-13
-9
-7
-9
-10
-12
-15
-19
-21
-25
-27
-28
-29
-27
-23
-20
-16
-10
-4
4
11
14
18
21
22
24
27
27
23
21
20
15
11
10
5
4
4
3
3
2
2
5
8
6
9
11
10
12
13
12
7
3
1
0
-5
-11
-14
-16
-16
-18
-17
-19
-17
-14
-12
-9
-7
-6
-4
0
0
0
-2
-1
-1
3
5
7
10
10
13
13
12
11
10
12
8
5
5
3
1
2
4
5
4
6
5
6
5
0
-4
-7
-13
-19
-28
-37
-40
-44
-49
-51
-53
-54
-52
-46
-42
-39
-33
-26
-20
-15
-12
-9
-7
-7
-3
-3
-4
-3
-4
-3
-2
-1
4
9
13
19
22
26
31
36
41
47
50
50
51
51
50
47
44
42
39
37
36
34
30
30
28
24
21
15
9
5
-3
-10
-17
-22
-29
-34
-36
-37
-35
-32
-34
-31
-26
-24
-23
-23
-23
-23
-24
-26
-29
-33
-36
-37
-36
-34
-31
-26
-22
-16
-8
-1
6
12
17
21
23
28
27
25
25
23
23
21
20
24
24
26
30
31
32
33
32
33
30
29
28
24
21
16
14
9
6
0
-6
-7
-11
-11
-13
-14
-14
-17
-17
-18
-20
-21
-25
-28
-26
-30
-35
-35
-34
-33
-27
-25
-20
-15
-11
-5
-2
-1
2
1
2
0
-3
-7
-10
-12
-16
-15
-16
-15
-11
-6
-1
3
10
16
21
27
32
34
34
36
33
28
27
22
18
17
14
12
11
13
11
11
10
11
14
13
12
15
15
17
19
20
21
19
18
18
13
9
8
8
2
0
1
-4
-8
-8
-11
-15
-17
-19
-23
-23
-22
-20
-21
-16
-14
-12
-7
-3
1
2
3
4
4
3
-1
-7
-9
-12
-15
-16
-22
-26
-26
-24
-21
-17
-11
-4
3
8
13
17
22
21
19
18
16
16
16
13
17
19
22
25
24
23
26
27
26
23
19
16
13
12
7
4
2
1
-2
-3
-3
-4
-3
-4
-5
-6
-5
-8
-11
-12
-13
-15
-17
-16
-17
-17
-17
-18
-16
-14
-17
-18
-20
-19
-18
-15
-12
-13
-16
-18
-19
-23
-27
-32
-36
-39
-39
-40
-39
-32
-24
-14
-4
11
23
32
42
50
54
57
53
48
42
35
28
21
13
8
0
-4
-9
-14
-16
-17
-18
-18
-18
-14
-11
-6
2
15
26
37
45
54
63
66
67
65
61
57
50
38
28
18
11
4
-4
-7
-12
-14
-14
-19
-26
-29
-31
-31
-28
-26
-23
-21
-20
-16
-15
-13
-13
-17
-19
-20
-21
-23
-24
-26
-31
-34
-35
-34
-29
-20
-13
-5
6
18
30
39
47
51
53
55
56
55
50
48
45
41
39
35
30
30
26
21
16
14
15
18
24
35
47
62
77
89
101
109
116
119
112
104
86
63
37
10
-16
-44
-71
-94
-117
-133
-136
-138
-136
-132
-130
-127
-122
-114
-103
-90
-77
-69
-57
-45
-31
-13
3
18
24
26
29
30
30
27
18
7
2
-1
-1
1
2
-1
-4
-3
-2
1
4
11
15
14
18
24
28
33
41
41
37
32
26
21
18
19
22
24
18
11
10
17
38
61
74
74
62
38
8
-31
-92
-199
-369
-582
-794
-958
-1060
-1107
-1132
-1146
-1117
-1012
-825
-582
-328
-99
81
207
311
425
551
645
666
606
491
369
274
207
145
49
-91
-247
-393
-491
-533
-547
-561
-611
-677
-724
-725
-684
-623
-559
-510
-482
-446
-379
-283
-167
-52
37
85
103
129
179
236
273
265
209
122
40
-14
-49
-83
-136
-215
-304
-374
-395
-370
-325
-291
-282
-288
-276
-222
-132
-36
37
80
102
132
186
272
368
436
462
454
439
436
455
479
472
423
344
258
176
110
67
23
-37
-107
-176
-225
-238
-209
-164
-135
-126
-118
-87
-28
53
139
216
272
313
363
421
487
560
617
649
650
646
655
668
679
696
721
750
772
789
809
832
876
951
1057
1183
1332
1518
1734
1958
2176
2365
2499
2557
2560
2549
2554
2586
2633
2663
2652
2607
2556
2521
2506
2501
2490
2465
2423
2368
2314
2274
2223
2136
1992
1787
1549
1316
1118
958
819
700
608
545
513
530
587
649
693
701
671
635
624
661
741
848
975
1115
1267
1405
1504
1539
1492
1349
1113
814
471
103
-264
-606
-904
-1133
-1284
-1369
-1427
-1484
-1546
-1614
-1675
-1732
-1789
-1855
-1928
-1995
-2048
-2079
-2093
-2106
-2119
-2133
-2143
-2134
-2106
-2071
-2048
-2050
-2068
-2078
-2075
-2056
-2028
-1995
-1951
-1891
-1804
-1695
-1598
-1536
-1520
-1541
-1577
-1606
-1606
-1583
-1565
-1556
-1555
-1543
-1510
-1459
-1396
-1339
-1300
-1277
-1274
-1282
-1297
-1310
-1314
-1309
-1293
-1261
-1216
-1168
-1126
-1101
-1092
-1090
-1086
-1074
-1060
-1049
-1032
-1004
-975
-938
-898
-854
-815
-786
-763
-749
-729
-695
-663
-638
-612
-569
-493
-371
-227
-83
28
88
89
36
-38
-104
-134
-129
-99
-49
22
110
211
316
411
501
588
673
760
843
923
998
1074
1149
1213
1270
1315
1329
1301
1220
1097
947
783
617
447
287
145
35
-41
-92
-134
-189
-271
-382
-513
-646
-758
-843
-919
-1004
-1099
-1183
-1229
-1207
-1123
-977
-789
-585
-375
-166
54
271
482
664
809
922
1009
1074
1111
1112
1071
988
874
745
609
477
352
228
109
-8
-109
-189
-243
-291
-341
-397
-461
-525
-594
-668
-745
-815
-861
-873
-845
-776
-671
-548
-425
-318
-232
-157
-86
-20
30
58
67
60
45
34
38
58
85
108
130
152
188
231
265
276
255
210
154
107
79
69
85
122
164
198
225
245
259
261
245
212
170
128
88
52
21
-6
-32
-52
-67
-76
-71
-66
-69
-86
-117
-152
-191
-227
-263
-310
-366
-421
-470
-512
-547
-578
-606
-635
-660
-682
-692
-695
-697
-701
-701
-692
-667
-622
-563
-503
-443
-388
-337
-290
-243
-197
-156
-124
-101
-87
-81
-73
-55
-34
-9
20
50
81
116
164
220
279
332
378
413
440
461
486
515
540
567
590
605
616
625
638
658
682
700
713
728
750
783
817
851
888
918
946
962
967
967
958
941
915
883
858
843
834
827
817
807
806
806
809
810
808
803
789
775
769
770
784
805
829
859
895
941
1000
1067
1137
1204
1266
1319
1365
1403
1436
1459
1469
1473
1466
1451
1436
1419
1391
1353
1315
1274
1239
1197
1154
1119
1089
1059
1022
981
935
887
841
793
746
690
626
548
460
371
281
190
102
17
-61
-129
-186
-238
-278
-310
-335
-351
-361
-363
-363
-361
-362
-364
-358
-345
-319
-283
-239
-195
-158
-125
-97
-73
-57
-49
-59
-86
-123
-168
-227
-301
-384
-481
-593
-713
-839
-958
-1072
-1180
-1282
-1379
-1464
-1535
-1589
-1616
-1625
-1621
-1605
-1581
-1561
-1549
-1535
-1519
-1500
-1480
-1458
-1434
-1413
-1389
-1372
-1361
-1354
-1348
-1340
-1341
-1343
-1349
-1354
-1359
-1362
-1360
-1356
-1349
-1337
-1318
-1296
-1267
-1224
-1169
-1101
-1026
-943
-857
-762
-658
-549
-425
-297
-175
-64
40
138
230
319
401
475
537
582
613
634
651
663
665
667
668
671
679
692
706
719
727
726
723
720
718
727
740
759
780
798
817
835
850
863
877
883
883
878
869
857
844
824
803
772
743
717
686
652
616
578
531
477
430
389
350
313
277
240
201
166
148
143
142
148
148
140
128
111
88
63
35
2
-38
-83
-131
-190
-260
-346
-438
-523
-604
-675
-734
-775
-803
-816
-819
-818
-811
-801
-791
-789
-801
-821
-848
-885
-928
-969
-1001
-1019
-1017
-995
-958
-905
-839
-757
-670
-593
-525
-461
-413
-376
-343
-313
-289
-261
-238
-215
-196
-177
-151
-132
-119
-109
-105
-97
-88
-78
-63
-40
-12
16
44
71
91
102
110
112
113
116
121
122
121
122
122
124
126
125
126
127
134
152
178
205
230
254
269
283
295
310
331
344
351
352
348
339
329
319
312
307
305
309
314
326
343
360
375
387
399
416
438
465
493
524
551
578
598
606
614
619
618
612
596
573
543
508
470
424
371
308
238
160
75
-12
-103
-196
-289
-390
-495
-594
-686
-772
-844
-900
-937
-962
-967
-961
-946
-915
-871
-830
-790
-747
-700
-652
-597
-542
-487
-432
-375
-316
-256
-194
-134
-77
-25
20
62
102
148
192
232
276
320
362
405
448
489
525
556
581
602
617
622
621
624
631
636
643
648
650
655
661
667
675
685
689
689
686
683
683
684
682
683
683
678
673
676
685
698
713
727
741
753
769
794
820
849
877
900
921
941
964
992
1018
1038
1051
1058
1056
1049
1034
1012
982
942
898
851
803
758
711
664
615
564
515
466
417
372
328
287
245
205
167
125
85
49
13
-25
-61
-98
-142
-186
-231
-281
-328
-374
-420
-464
-502
-544
-582
-617
-652
-684
-714
-741
-770
-796
-815
-830
-841
-849
-853
-856
-860
-864
-864
-860
-849
-837
-826
-815
-810
-812
-806
-801
-794
-782
-770
-760
-752
-746
-741
-731
-719
-707
-691
-673
-655
-635
-614
-587
-560
-532
-504
-481
-456
-431
-404
-377
-345
-314
-291
-271
-258
-245
-233
-222
-212
-205
-197
-194
-196
-199
-197
-195
-195
-189
-184
-185
-181
-175
-171
-162
-151
-143
-132
-123
-113
-105
-93
-80
-67
-58
-50
-46
-42
-41
-40
-32
-25
-21
-17
-17
-13
-4
5
18
30
41
49
58
70
80
90
107
125
138
150
160
168
174
180
182
185
187
189
191
194
201
207
216
223
227
230
235
236
233
234
227
218
214
208
207
203
202
201
199
197
192
184
177
167
157
155
157
159
163
167
168
172
179
187
195
205
215
221
227
237
251
263
275
285
293
300
305
309
309
310
311
310
308
305
303
304
304
307
313
317
318
318
313
304
296
285
277
266
256
246
239
235
232
232
226
219
212
203
197
184
168
151
136
124
112
100
91
77
61
50
38
25
13
3
-4
-11
-16
-19
-27
-34
-41
-48
-57
-64
-73
-82
-89
-94
-98
-101
-105
-108
-110
-113
-115
-120
-126
-130
-135
-144
-152
-160
-170
-174
-173
-169
-165
-160
-152
-144
-139
-132
-126
-121
-120
-119
-119
-121
-121
-122
-127
-130
-132
-139
-142
-145
-150
-152
-151
-152
-152
-152
-153
-148
-143
-143
-141
-142
-141
-139
-143
-141
-141
-138
-135
-134
-133
-130
-130
-131
-131
-138
-146
-154
-165
-173
-178
-185
-185
-184
-185
-185
-183
-181
-181
-177
-173
-172
-167
-161
-158
-155
-143
-133
-122
-108
-99
-92
-85
-82
-78
-77
-75
-75
-75
-74
-73
-72
-71
-71
-75
-75
-76
-79
-77
-75
-73
-70
-63
-58
-52
-41
-33
-29
-23
-18
-17
-16
-14
-13
-7
-1
3
7
11
11
11
11
10
8
4
3
-2
-6
-4
-5
-3
2
7
12
14
17
16
17
20
21
24
24
26
24
22
23
22
19
18
17
14
12
10
6
6
5
8
10
8
6
4
5
7
10
17
22
28
32
36
49
55
60
65
70
76
75
73
76
75
73
69
69
67
64
59
51
48
44
38
37
34
29
26
22
21
22
24
25
26
28
30
27
30
31
33
35
37
34
32
30
25
21
18
15
13
12
10
9
7
5
7
8
9
10
13
16
17
21
26
29
39
47
53
64
74
79
82
86
89
86
87
85
82
78
75
70
66
65
60
60
64
63
62
65
64
66
65
65
69
69
69
68
68
63
63
58
54
55
50
53
53
52
53
53
56
58
60
61
62
62
58
51
45
43
41
39
40
41
48
52
56
60
65
70
72
73
74
72
72
67
69
72
69
73
75
76
83
86
88
92
92
93
91
89
88
86
83
80
74
72
69
63
62
60
55
52
50
52
52
50
49
50
51
51
48
47
44
38
33
28
22
20
21
21
22
22
25
27
30
30
35
37
35
35
33
29
32
36
39
42
45
49
52
55
58
59
64
66
63
68
73
69
72
76
73
70
66
61
60
57
53
47
44
42
37
35
34
33
31
31
30
30
28
25
29
32
32
35
34
34
36
37
33
32
35
32
29
26
24
20
18
15
14
12
11
7
8
7
4
5
7
6
8
12
12
13
16
13
11
10
9
7
2
2
2
-1
-4
-9
-14
-17
-20
-22
-24
-24
-26
-29
-32
-36
-38
-43
-44
-45
-46
-48
-50
-55
-59
-62
-65
-65
-68
-70
-70
-72
-75
-78
-78
-78
-80
-81
-82
-82
-85
-86
-87
-88
-88
-89
-89
-89
-89
-88
-87
-86
-86
-86
-82
-83
-79
-76
-78
-76
-72
-71
-70
-66
-68
-68
-66
-65
-66
-67
-69
-73
-75
-78
-82
-80
-80
-81
-81
-82
-78
-76
-76
-77
-74
-74
-79
-80
-80
-83
-80
-79
-81
-78
-77
-78
-82
-80
-80
-78
-74
-73
-70
-67
-62
-61
-62
-58
-54
-51
-45
-42
-40
-36
-34
-31
-28
-30
-30
-28
-26
-26
-28
-26
-27
-28
-26
-27
-23
-21
-21
-16
-18
-21
-22
-20
-20
-21
-20
-20
-20
-20
-21
-21
-19
-16
-13
-10
-6
-4
-2
-3
-3
0
4
4
5
8
5
5
6
7
10
10
9
12
12
14
16
15
16
14
12
10
9
9
12
11
13
15
15
14
12
13
14
14
15
16
18
19
22
26
26
26
26
26
25
25
26
28
31
36
40
39
42
42
44
45
46
48
47
49
48
48
49
47
46
46
47
46
46
42
42
42
38
36
34
33
32
33
31
27
26
24
19
18
17
15
17
17
18
19
21
23
23
22
23
21
20
18
15
13
12
12
11
13
14
12
13
17
14
13
16
16
17
19
20
22
23
24
25
24
23
23
23
23
22
19
16
15
16
18
15
16
14
9
6
1
-2
-2
-2
1
2
6
5
5
5
3
7
10
11
13
14
14
14
12
15
15
16
18
17
14
14
11
10
11
8
7
5
3
3
4
3
2
-1
-3
-5
-8
-7
-7
-8
-8
-10
-11
-8
-9
-10
-9
-10
-11
-11
-12
-15
-14
-15
-14
-10
-10
-7
-8
-11
-12
-12
-9
-6
-5
-3
-3
-2
2
1
3
3
3
4
4
4
2
1
0
-3
-3
-7
-7
-5
-5
-3
-4
-3
-1
-1
0
-2
-3
-4
-5
-4
-6
-5
-5
-6
-8
-8
-8
-10
-12
-15
-16
-17
-18
-18
-18
-19
-22
-22
-24
-24
-24
-20
-18
-18
-18
-16
-15
-16
-17
-13
-12
-12
-7
-5
-4
-4
-5
-3
-5
-4
-1
-1
-1
1
2
4
3
4
6
5
5
4
4
4
5
8
8
8
10
6
6
3
0
1
-1
-3
-6
-7
-7
-8
-9
-9
-14
-15
-15
-15
-13
-12
-12
-12
-10
-10
-8
-7
-7
-6
-5
-5
-7
-9
-6
-7
-7
-8
-7
-5
-5
-3
-1
0
-1
-3
-1
1
1
0
3
4
7
13
15
17
18
18
20
17
18
19
18
19
20
17
17
16
14
13
14
11
9
12
9
7
6
2
0
-2
-4
-5
-6
-6
-7
-7
-8
-10
-11
-13
-16
-18
-19
-21
-22
-23
-23
-20
-21
-25
-25
-23
-23
-20
-18
-16
-15
-16
-13
-11
-9
-6
-6
-2
2
4
6
6
7
4
4
6
5
9
10
10
14
13
15
16
14
16
17
16
15
16
17
17
17
15
13
13
12
12
8
8
10
5
3
1
1
0
-5
-7
-11
-13
-13
-18
-19
-21
-22
-22
-22
-22
-21
-20
-17
-17
-18
-17
-19
-18
-20
-18
-16
-15
-13
-11
-10
-8
-7
-8
-6
-3
0
3
5
6
9
11
12
12
12
12
13
15
14
15
14
15
15
11
11
8
8
6
1
3
1
0
-1
-2
-3
-5
-4
-6
-4
-3
-4
-5
-4
-5
-5
-5
-6
-7
-5
-7
-9
-10
-11
-11
-9
-9
-7
-5
-2
-2
-4
-1
-2
-4
-3
-4
-4
-1
-3
1
6
7
6
5
8
8
7
9
9
10
11
10
10
7
1
0
-2
-5
-7
-8
-8
-12
-15
-17
-18
-17
-18
-18
-17
-14
-15
-13
-12
-14
-12
-13
-14
-12
-12
-8
-7
-4
-4
-2
0
2
1
-3
-3
-2
-1
-1
-1
2
5
4
5
8
8
8
12
14
14
19
20
20
21
22
20
20
22
21
24
25
23
23
22
21
16
15
16
14
14
12
9
11
12
9
9
6
4
2
0
1
-1
-2
-1
-4
-3
-4
-7
-5
-6
-7
-5
-4
-3
-3
-3
-2
-2
-4
-4
-4
-6
-7
-10
-8
-8
-9
-7
-8
-9
-9
-10
-10
-11
-11
-11
-11
-7
-7
-5
-3
-2
2
4
3
4
6
4
6
9
9
10
12
12
11
12
13
14
14
14
13
11
11
12
11
11
11
12
15
16
18
18
17
18
15
12
15
13
13
11
8
7
6
5
3
-2
-1
-4
-6
-8
-9
-11
-13
-14
-11
-15
-14
-11
-15
-15
-16
-16
-13
-16
-14
-12
-12
-11
-11
-9
-5
-5
-5
-4
-5
-4
-5
-4
-2
-4
-2
-1
-1
2
-1
-1
1
2
2
1
1
4
3
4
5
4
6
6
6
8
8
8
8
7
7
7
3
5
6
2
2
1
0
-4
-4
-4
-6
-5
-4
0
0
1
2
3
2
3
2
1
-1
1
-1
-3
-1
-3
-4
-2
-4
-5
-10
-9
-9
-13
-14
-15
-14
-15
-14
-14
-12
-11
-12
-12
-8
-6
-4
-2
0
1
2
5
6
4
6
4
4
5
5
5
5
7
7
4
6
6
4
3
3
2
1
1
0
-3
-4
-6
-6
-6
-6
-6
-6
-6
-5
-6
-7
-5
-7
-9
-9
-8
-7
-6
-5
-5
-4
-2
0
-2
2
5
5
5
5
7
8
9
10
9
8
10
11
10
11
8
9
11
9
9
8
8
7
9
7
3
3
0
0
-2
-3
-1
-6
-6
-6
-6
-4
-5
-4
-5
-6
-5
-7
-7
-5
-5
-4
-5
-3
-2
2
5
5
5
8
7
7
9
10
10
11
11
11
12
10
11
12
11
8
8
7
3
5
4
2
3
-1
-2
-3
-5
-6
-5
-5
-7
-4
-3
-2
-1
2
3
4
3
3
4
2
1
0
-2
-2
-2
-2
-4
-3
-1
-2
-4
-4
-7
-6
-6
-7
-6
-3
-3
-4
-2
0
1
4
6
6
5
7
9
8
10
8
7
7
4
2
1
2
0
-1
2
-1
0
-2
-3
-2
-5
-5
-5
-7
-10
-8
-8
-12
-10
-10
-11
-11
-11
-12
-12
-11
-10
-9
-9
-6
-4
-7
-3
-3
-3
0
1
2
3
4
7
8
9
12
12
12
11
12
13
13
10
9
5
5
7
5
2
0
-1
-1
-1
-2
-2
-2
-5
-3
-2
-5
-6
-7
-9
-9
-12
-13
-14
-14
-13
-14
-12
-10
-10
-12
-13
-11
-11
-10
-8
-7
-5
-4
-2
2
2
4
4
5
6
7
9
8
9
11
12
11
9
8
6
5
4
5
3
3
5
2
1
-2
-4
-5
-7
-5
-6
-7
-3
-3
-4
-4
-2
-1
0
2
2
-1
-1
0
1
2
2
2
3
5
8
9
8
9
7
6
9
11
10
9
11
11
11
10
11
9
7
6
6
8
8
8
7
7
4
2
1
-2
-4
-5
-6
-3
-2
-3
-2
-4
-6
-1
-3
-3
0
-3
-1
2
1
3
5
3
0
1
1
1
-2
-2
-3
-3
2
1
2
1
4
6
6
7
6
8
8
8
9
7
7
7
9
11
8
7
6
3
1
-1
0
1
0
0
2
0
1
0
-1
-1
-3
-1
1
1
5
5
4
4
6
5
3
0
-2
0
-3
-3
-4
-4
-7
-10
-10
-12
-15
-14
-13
-15
-16
-14
-13
-11
-12
-11
-11
-11
-8
-10
-11
-10
-11
-9
-7
-8
-9
-7
-8
-9
-9
-10
-8
-11
-12
-12
-11
-9
-8
-5
-2
-2
-3
-3
-2
-4
-2
-4
-3
-1
-2
2
4
4
1
1
1
0
3
1
0
-1
0
1
-1
-2
0
1
1
1
-2
-2
1
3
5
3
1
2
3
5
5
2
1
1
-2
0
-2
-2
-2
-1
0
-1
0
0
0
-3
-4
-3
-3
-3
-2
-1
-3
-2
-1
-2
-6
-7
-6
-7
-4
-3
-2
-1
-1
1
-1
-3
-4
-7
-8
-8
-7
-4
-2
3
4
6
7
7
7
5
4
3
6
7
6
6
6
6
3
3
6
4
5
7
6
6
9
8
8
6
5
7
6
4
5
4
4
4
6
5
5
4
1
1
2
2
1
1
2
1
0
-1
-4
-2
-2
-1
1
1
1
4
5
3
3
4
5
5
5
7
7
5
4
6
5
3
4
3
2
3
4
6
5
5
4
2
3
3
2
1
3
6
6
7
7
8
10
10
9
8
6
9
11
10
10
8
9
10
6
4
2
6
7
6
7
6
4
4
0
0
0
-4
-5
-4
-6
-3
-3
-3
-2
-2
-2
-3
-5
-3
-4
-6
-6
-7
-4
-6
-7
-9
-10
-8
-9
-10
-8
-6
-7
-7
-8
-8
-6
-6
-6
-5
-7
-9
-8
-9
-10
-10
-11
-10
-8
-10
-9
-9
-11
-9
-10
-9
-10
-11
-9
-9
-11
-6
-6
-6
-3
-3
-2
0
-2
-1
-3
-4
-3
-5
-5
-7
-7
-6
-4
-3
0
4
1
1
4
4
4
