1
0
1
1
0
-1
-1
-2
-1
2
2
2
2
3
3
4
7
6
6
6
6
0
-1
0
-2
0
0
-4
-2
-1
-2
0
-1
0
1
0
0
-2
-2
-5
-4
0
-1
-1
0
-2
-2
-1
1
4
4
1
3
7
4
4
1
0
1
1
1
0
0
-4
-4
-2
-2
-3
0
-1
-3
0
-4
-5
-5
-4
-5
-8
-7
-6
-7
-3
-4
-2
0
-2
1
1
-1
0
0
0
1
1
2
3
3
3
3
5
7
9
8
8
6
3
4
6
9
9
10
10
9
7
6
7
9
6
9
6
4
6
4
4
5
5
4
5
5
4
4
4
2
3
3
1
1
0
1
-3
-3
-2
-4
-1
-2
-2
0
0
-1
-1
0
0
-1
-3
-2
-2
0
1
1
2
2
2
2
2
0
-1
0
1
0
-2
-1
-1
1
-1
-3
-1
-1
-2
-4
-5
-6
-7
-5
-6
-8
-7
-6
-6
-6
-7
-10
-8
-6
-6
-6
-8
-5
-2
-3
-2
-2
-1
2
1
1
2
4
2
3
5
7
7
7
7
6
8
7
9
8
8
7
7
6
6
7
7
7
8
9
9
7
2
1
2
2
4
3
0
0
0
-2
0
-1
-1
0
-2
-2
-4
-5
-3
-2
-3
-4
-5
-2
0
4
3
2
4
4
4
3
4
4
2
3
2
0
3
0
2
2
1
1
0
-1
-1
-2
-4
-5
-6
-7
-7
-9
-7
-6
-5
-6
-9
-8
-8
-10
-10
-7
-5
-7
-5
-3
-4
-3
-2
-3
-1
-2
-4
-3
-3
-3
-2
-2
-2
-2
-1
-1
0
1
1
2
3
3
5
1
1
3
2
2
5
5
4
6
5
3
4
3
2
-1
-1
0
0
-1
-3
-1
-2
-3
-2
-2
-3
-4
-4
-2
-3
-1
-4
-3
-4
-6
-5
-6
-4
-3
-4
-2
0
-1
1
3
2
1
2
1
4
6
4
4
6
7
7
8
7
5
6
5
3
5
5
6
4
3
3
3
1
-2
0
2
2
0
0
-2
-3
-3
-6
-5
-5
-3
-1
-4
-4
-2
-5
-5
-6
-5
-4
-5
-6
-6
-5
-4
-5
-6
-4
-2
0
2
2
4
3
2
3
4
3
3
3
4
5
5
5
6
6
5
6
6
3
4
3
4
6
4
5
6
6
6
3
5
6
4
5
5
5
7
6
5
6
7
8
7
6
6
3
2
0
-2
-1
-2
-2
-1
-3
-4
-4
-4
-3
-3
-3
-5
-5
-4
-3
-4
-4
-4
-3
0
-2
-1
2
2
3
3
4
3
3
4
3
4
4
5
9
6
6
7
7
6
5
4
3
3
4
6
2
-4
-5
-6
-8
-8
-9
-10
-10
-10
-10
-11
-14
-15
-15
-13
-14
-12
-12
-12
-9
-9
-9
-10
-9
-7
-6
-6
-4
-3
-2
-1
-2
-3
-2
2
2
2
3
4
5
5
4
4
4
4
6
5
4
8
6
6
8
8
7
8
7
6
5
3
5
2
3
1
0
-1
-1
-1
0
-2
-3
-4
-6
-4
-4
-5
-4
-4
-3
-4
-6
-7
-6
-4
-6
-4
1
1
0
-2
-2
0
-2
-1
1
1
2
1
2
1
1
2
0
0
2
1
1
3
0
-1
2
1
-1
-3
-4
-5
-5
-4
-4
-6
-6
-5
-4
-3
-3
-3
-4
-4
-5
-3
-1
-1
-2
-3
-3
-4
-3
-1
-1
3
1
1
3
1
3
4
1
0
-3
-4
-4
-4
-4
-6
-5
-3
-4
-5
-5
-8
-6
-6
-6
-6
-6
-4
-6
-5
-4
-5
-3
-3
0
1
-1
-1
-1
0
-2
-3
0
2
2
3
3
2
2
0
1
1
-1
0
1
0
0
-1
-4
-3
-3
-2
-3
-4
-5
-5
-2
-1
-2
-3
-4
-2
0
0
0
1
5
5
5
7
6
4
6
8
8
9
7
9
11
10
12
10
9
10
10
13
13
9
10
9
8
5
6
4
2
3
4
2
1
1
1
0
0
1
2
1
2
2
3
5
3
3
3
0
2
1
1
5
6
5
6
6
3
4
6
5
5
5
2
3
3
3
1
1
2
-2
-3
-2
-2
-4
-3
-4
-4
-4
-5
-6
-6
-6
-3
-3
-4
-4
-4
-4
-5
-5
-6
-7
-5
-4
-3
-2
-1
-2
0
-2
-4
-5
-6
-3
-2
-1
0
-1
1
0
0
0
1
1
1
2
1
1
0
0
0
-1
-1
2
3
4
4
3
4
1
3
3
0
1
2
3
3
2
3
2
4
5
3
2
0
2
2
4
6
6
7
7
7
6
6
7
7
8
10
10
10
10
10
10
9
9
8
9
9
9
7
6
5
6
7
6
8
5
1
4
2
0
0
-1
-1
-3
-4
-3
-1
-3
-4
-5
-6
-6
-8
-6
-8
-6
-4
-6
-6
-8
-7
-8
-10
-11
-10
-10
-10
-12
-11
-11
-14
-12
-14
-13
-14
-15
-13
-14
-13
-10
-13
-16
-16
-14
-13
-11
-11
-9
-10
-9
-7
-9
-9
-8
-10
-9
-6
-4
-5
-3
-1
-3
-5
-7
-8
-6
-4
-5
-3
-3
-3
-2
-5
-5
-5
-7
-7
-8
-9
-9
-9
-8
-8
-8
-8
-8
-6
-6
-8
-7
-6
-6
-5
-5
-6
-6
-4
-4
-3
-2
1
1
2
2
3
2
0
3
6
4
4
4
4
5
5
6
6
3
4
7
5
3
3
3
1
2
3
1
0
1
1
1
2
1
0
0
0
1
1
1
2
2
3
3
3
1
2
4
5
5
6
5
7
6
6
9
9
10
13
12
11
10
10
9
8
7
8
8
8
10
11
10
13
11
11
12
11
13
13
14
15
15
13
16
14
13
14
15
18
16
15
18
16
15
15
11
11
11
10
11
14
13
12
9
10
11
6
5
5
5
3
3
5
4
3
3
1
-2
-5
-5
-5
-4
-7
-7
-4
-5
-7
-7
-7
-7
-7
-8
-11
-10
-10
-10
-7
-5
-4
-4
-2
-2
-6
-5
-4
-1
1
0
2
5
5
2
3
2
2
3
2
2
1
1
2
0
0
1
-3
-6
-6
-6
-6
-6
-7
-6
-6
-9
-8
-10
-12
-12
-12
-12
-12
-14
-13
-12
-11
-11
-11
-13
-12
-13
-15
-14
-11
-9
-7
-5
-3
-3
-6
-6
-5
-6
-3
-1
1
2
1
1
0
-2
-1
0
1
2
0
-1
0
0
0
-1
0
0
-3
-2
-1
-2
2
1
2
3
3
5
4
6
6
5
6
6
7
8
9
10
11
10
11
8
8
8
8
9
7
4
5
3
2
-1
0
-2
0
-1
-4
-6
-8
-9
-10
-11
-10
-8
-9
-8
-8
-8
-8
-8
-8
-6
-2
-1
-1
1
0
0
1
0
2
4
6
6
5
6
6
5
6
6
5
4
6
6
6
6
4
3
5
2
3
2
1
0
0
-1
1
1
1
-1
0
2
0
0
0
0
1
2
4
0
1
1
1
2
2
3
4
3
6
5
2
0
-1
-2
-1
-2
-3
-4
-5
-5
-5
-7
-6
-6
-8
-7
-8
-9
-10
-11
-11
-10
-11
-12
-11
-11
-9
-8
-4
-7
-7
-5
-5
-6
-4
-3
-2
0
1
-1
-3
1
0
1
2
-1
1
0
-2
-2
-2
1
1
2
3
2
3
0
1
2
2
3
5
7
6
5
5
3
5
6
3
6
7
6
6
4
3
1
0
1
0
2
1
0
-2
-2
-2
-1
-1
-1
-2
-1
1
2
1
2
2
3
4
6
4
5
6
5
7
5
5
8
6
5
5
3
6
4
1
2
3
2
4
2
1
-2
1
2
1
5
3
4
3
0
2
2
3
1
0
2
2
4
3
2
4
3
3
3
3
2
2
2
2
1
2
-2
0
1
0
2
-1
-1
-2
0
-1
-3
0
0
-2
1
-1
-3
-4
-2
-4
-5
-2
-3
-3
-2
-2
-2
-1
-1
2
2
3
3
3
5
6
4
4
3
4
5
4
1
-1
-2
-2
-3
-2
-1
-3
-4
-4
-6
-7
-8
-9
-9
-9
-7
-8
-8
-7
-8
-7
-8
-5
-5
-5
-4
-3
-3
0
1
1
4
5
5
5
5
8
8
5
8
9
12
11
6
7
6
7
8
4
6
4
3
4
5
5
2
2
0
-1
0
-1
1
3
2
0
-1
2
0
-2
0
1
3
2
1
1
2
1
3
4
5
4
4
3
4
6
4
4
2
0
1
1
4
3
0
0
-1
0
0
0
0
0
-4
-7
-5
-5
-5
-6
-7
-6
-7
-5
-4
-8
-8
-6
-8
-9
-7
-8
-6
-4
-4
-4
-6
-4
-4
-5
-5
-5
-3
-4
-5
-5
-5
-1
2
0
0
-1
1
2
3
4
0
1
5
3
5
4
3
5
0
-2
-1
0
0
-2
-3
-1
1
1
0
-2
-4
-4
-5
-6
-5
-4
-4
-2
-2
-3
-5
-6
-5
-2
-3
-1
-3
-2
0
-1
0
0
-2
1
2
1
0
0
1
1
2
2
2
2
2
3
2
2
3
1
2
4
2
2
1
0
-2
-3
-3
-4
-2
-2
-2
-2
1
-1
-3
-3
-3
-3
0
1
1
3
4
4
1
1
3
4
3
4
5
4
4
1
0
2
0
2
2
2
3
0
-1
1
1
0
-3
-1
-1
-2
-2
-1
-1
-2
-1
-1
-2
-1
0
-2
-3
-3
-1
1
2
2
2
3
3
1
0
2
-1
-1
1
2
6
6
6
6
4
2
2
4
7
9
11
10
9
9
8
6
5
2
3
2
1
1
1
0
-2
-6
-6
-5
-8
-8
-9
-6
-7
-10
-7
-8
-7
-7
-8
-7
-7
-8
-8
-8
-6
-4
-2
-4
-3
-1
-1
-3
-3
0
3
4
4
7
8
6
4
1
1
2
3
4
6
8
6
6
5
5
6
4
2
3
2
2
2
3
3
4
3
0
-3
-4
-1
-3
-4
-2
-2
-3
-3
-2
-2
-1
0
-1
0
1
0
1
-1
0
2
2
2
2
3
3
2
3
1
3
1
-1
0
0
-2
-4
-1
-1
-3
-2
-4
-5
-6
-7
-8
-7
-8
-8
-8
-7
-6
-5
-3
-3
-4
-2
-4
-5
-5
-4
-2
-4
-2
-2
-1
0
-1
-2
-3
-3
-3
-2
0
2
3
2
1
0
1
0
0
-2
-2
-2
-3
-2
1
0
0
-2
-1
-1
-2
-2
-3
-2
1
1
-1
0
-1
-3
-5
-6
-2
0
1
0
-1
0
0
-3
-4
-4
-3
-1
-1
-1
2
1
0
1
3
6
5
5
5
6
8
6
7
8
9
10
9
9
11
12
12
9
7
9
9
8
9
10
10
7
6
7
7
3
4
4
6
8
5
4
2
1
0
-1
0
1
1
1
0
1
0
-2
-1
0
0
2
3
3
3
2
0
1
3
6
3
1
4
5
4
5
6
4
3
5
7
5
7
7
3
4
3
2
1
1
4
3
4
4
2
2
3
1
0
0
0
0
-1
-2
-4
-3
-3
-5
-2
-3
-5
-4
-6
-7
-8
-8
-8
-8
-8
-9
-12
-10
-9
-8
-6
-8
-8
-8
-8
-7
-7
-7
-6
-8
-8
-8
-6
-5
-5
-4
-4
-2
-1
1
1
1
0
2
2
0
2
3
5
5
3
3
3
2
-1
-2
0
-2
-1
1
-1
0
-1
-5
-5
-4
-5
-5
-5
-8
-6
-5
-8
-9
-9
-9
-12
-8
-6
-9
-6
-5
-5
-5
-5
-3
-3
-6
-5
-5
-6
-6
-4
-6
-6
-7
-7
-6
-2
-2
-5
-4
-2
-1
-1
0
2
1
2
2
-1
0
1
2
5
4
5
8
7
6
7
8
8
7
6
6
8
8
6
6
6
5
3
3
3
1
3
2
1
0
2
1
1
2
-2
0
0
0
0
-1
-1
0
2
2
1
3
3
4
2
3
4
3
1
0
0
0
2
4
4
2
5
3
2
4
5
4
4
3
1
1
1
2
3
3
5
7
7
7
5
4
4
6
5
3
2
1
3
2
0
0
-1
-2
-2
-2
-4
-4
-5
-7
-5
-5
-6
-8
-7
-6
-6
-5
-4
-5
-5
-4
-5
-4
0
0
-1
-1
-2
-4
-5
-3
-4
-2
-1
0
0
2
2
0
1
0
1
0
2
5
3
3
3
2
5
7
8
7
9
10
9
9
11
10
9
11
10
11
9
7
5
4
4
4
3
1
-2
-4
-6
-9
-11
-11
-13
-14
-17
-22
-25
-27
-31
-34
-35
-33
-37
-37
-38
-39
-38
-39
-37
-36
-37
-36
-35
-33
-29
-24
-23
-18
-12
-7
-3
3
7
13
18
23
28
35
39
42
47
52
56
60
65
66
66
68
71
73
74
74
71
67
64
60
55
48
44
38
30
23
17
7
-2
-12
-20
-27
-36
-45
-55
-67
-75
-82
-90
-95
-101
-104
-107
-111
-111
-113
-109
-107
-106
-103
-98
-87
-82
-75
-65
-56
-44
-33
-22
-8
4
15
30
44
58
70
84
98
108
121
133
143
155
164
173
181
187
189
192
192
191
188
183
176
164
153
140
126
109
89
72
51
26
4
-21
-46
-72
-98
-123
-148
-171
-193
-216
-239
-260
-278
-293
-308
-316
-322
-332
-332
-329
-328
-320
-310
-297
-282
-263
-238
-215
-187
-159
-127
-92
-56
-19
17
53
92
129
165
202
237
271
305
336
363
387
410
430
447
459
471
478
479
477
470
461
448
429
409
381
351
317
277
238
193
148
100
48
0
-56
-108
-159
-214
-264
-316
-363
-409
-454
-489
-526
-553
-575
-596
-609
-620
-623
-621
-614
-603
-587
-562
-534
-505
-468
-427
-385
-337
-288
-235
-180
-126
-68
-8
49
110
170
228
283
335
389
439
487
532
572
612
644
669
695
715
725
730
731
726
713
694
671
639
605
563
515
466
409
348
284
217
148
80
7
-65
-133
-202
-270
-335
-397
-456
-511
-561
-609
-653
-690
-719
-746
-768
-783
-792
-794
-790
-782
-765
-746
-720
-688
-651
-610
-563
-514
-461
-400
-339
-275
-209
-142
-72
-5
66
136
200
263
327
390
448
501
550
594
635
675
706
734
757
774
791
798
801
801
794
784
767
741
714
679
639
597
548
495
438
377
315
249
181
113
42
-26
-96
-162
-228
-297
-358
-415
-470
-520
-569
-614
-655
-687
-717
-743
-762
-778
-785
-790
-788
-783
-775
-761
-742
-719
-689
-655
-617
-573
-527
-481
-428
-372
-313
-252
-191
-130
-67
-4
59
122
185
245
305
361
411
459
506
547
586
619
646
670
687
703
710
717
720
715
709
695
684
667
641
615
588
556
519
478
435
389
340
292
240
184
129
74
18
-36
-94
-147
-199
-248
-295
-339
-380
-420
-456
-484
-510
-533
-553
-568
-581
-589
-595
-597
-595
-591
-585
-575
-560
-543
-525
-502
-477
-449
-418
-385
-348
-313
-277
-238
-197
-156
-113
-72
-29
13
53
95
134
172
205
238
271
303
333
359
382
400
417
433
447
457
466
471
473
476
473
467
461
453
443
429
414
399
381
361
337
315
288
260
231
198
166
130
94
59
22
-16
-52
-88
-123
-155
-184
-212
-240
-263
-285
-307
-327
-345
-364
-379
-392
-405
-413
-418
-424
-428
-428
-426
-419
-412
-400
-388
-374
-358
-340
-317
-296
-271
-243
-218
-189
-157
-126
-94
-61
-29
3
40
69
96
124
151
174
196
216
235
254
272
289
307
324
335
345
354
359
360
359
358
356
353
349
347
344
337
330
322
312
295
276
257
233
206
181
153
123
95
68
38
9
-19
-48
-72
-98
-123
-146
-167
-190
-213
-235
-257
-278
-298
-315
-327
-340
-348
-352
-355
-355
-354
-351
-347
-342
-335
-329
-320
-307
-290
-272
-250
-226
-202
-172
-143
-118
-91
-64
-41
-19
5
26
44
65
86
108
137
163
185
208
232
250
264
273
278
288
294
303
310
318
328
340
350
353
351
348
336
322
305
281
260
235
212
193
169
146
124
103
81
58
31
3
-25
-56
-84
-113
-138
-160
-181
-199
-216
-228
-244
-256
-265
-275
-284
-292
-301
-306
-307
-306
-301
-295
-286
-271
-255
-238
-219
-200
-179
-157
-133
-110
-89
-66
-43
-23
-6
9
21
27
35
44
48
55
65
76
93
108
123
137
145
144
134
114
82
48
18
-8
-15
-7
23
71
133
203
261
311
343
351
339
300
251
195
134
85
41
12
1
7
27
53
81
103
121
126
115
93
50
0
-52
-105
-145
-179
-200
-207
-201
-180
-157
-131
-108
-93
-89
-103
-130
-175
-234
-294
-352
-397
-417
-405
-355
-274
-167
-44
70
163
215
214
158
49
-95
-251
-399
-517
-578
-569
-493
-355
-170
38
239
413
540
605
609
563
475
371
268
185
142
144
185
263
356
451
531
573
571
520
429
303
162
29
-86
-168
-202
-190
-138
-57
35
123
187
219
208
154
57
-71
-214
-358
-485
-581
-633
-638
-599
-522
-428
-327
-238
-172
-140
-142
-173
-226
-286
-337
-368
-371
-345
-284
-198
-100
-3
85
154
196
207
196
165
120
77
46
32
39
66
112
169
227
281
319
337
339
325
298
262
232
208
197
206
227
260
300
339
376
395
400
389
360
320
273
222
173
132
100
82
66
55
48
33
10
-26
-76
-136
-208
-283
-361
-435
-491
-531
-554
-556
-541
-512
-477
-442
-409
-385
-370
-357
-350
-348
-336
-317
-291
-257
-214
-164
-112
-62
-13
30
62
84
102
109
108
104
99
93
90
88
94
103
115
134
159
190
227
267
314
358
404
447
481
513
537
555
575
590
604
617
627
638
637
627
603
561
502
420
324
211
84
-38
-162
-285
-398
-501
-591
-669
-737
-799
-853
-899
-936
-964
-984
-992
-985
-965
-925
-867
-794
-708
-607
-493
-377
-265
-155
-57
29
99
150
186
208
217
220
220
216
218
223
230
241
257
270
286
303
322
341
361
385
416
455
503
562
629
700
777
851
915
971
1006
1016
997
950
878
780
662
530
392
254
119
-11
-132
-247
-358
-460
-562
-663
-757
-846
-923
-992
-1049
-1088
-1110
-1113
-1095
-1062
-1009
-938
-860
-775
-683
-592
-511
-437
-373
-319
-276
-246
-218
-199
-187
-175
-162
-148
-128
-102
-70
-36
8
58
107
158
210
259
311
362
416
479
543
617
699
786
884
985
1089
1187
1282
1367
1429
1465
1473
1448
1386
1288
1160
1001
820
624
427
229
36
-144
-313
-467
-606
-734
-850
-956
-1050
-1129
-1194
-1239
-1259
-1251
-1220
-1162
-1079
-982
-876
-765
-658
-566
-486
-424
-381
-357
-341
-341
-351
-363
-377
-392
-408
-427
-446
-468
-489
-507
-519
-521
-505
-468
-404
-314
-200
-59
94
256
424
589
743
886
1016
1137
1252
1361
1468
1574
1682
1788
1881
1949
1987
1986
1931
1820
1648
1419
1143
829
501
167
-159
-452
-712
-930
-1106
-1240
-1338
-1409
-1456
-1485
-1499
-1498
-1484
-1446
-1386
-1297
-1173
-1018
-835
-632
-419
-211
-24
135
247
304
311
266
173
47
-103
-261
-416
-559
-682
-780
-857
-908
-938
-952
-949
-930
-893
-834
-754
-651
-513
-347
-147
78
320
577
842
1105
1357
1593
1813
2010
2184
2330
2446
2528
2571
2569
2514
2402
2229
1999
1717
1384
1017
622
218
-177
-556
-904
-1208
-1471
-1680
-1841
-1959
-2029
-2059
-2053
-2009
-1932
-1824
-1680
-1506
-1303
-1069
-814
-542
-265
0
243
447
603
699
725
681
572
412
207
-26
-269
-507
-728
-924
-1083
-1209
-1301
-1360
-1385
-1379
-1345
-1285
-1190
-1066
-906
-708
-476
-210
89
409
742
1082
1414
1733
2030
2299
2535
2730
2889
3000
3056
3056
2994
2862
2662
2392
2057
1665
1230
765
289
-183
-632
-1047
-1415
-1725
-1977
-2166
-2296
-2364
-2381
-2352
-2276
-2158
-2007
-1819
-1596
-1342
-1058
-753
-432
-110
200
489
731
914
1025
1055
1001
865
660
398
96
-227
-549
-851
-1122
-1350
-1526
-1652
-1726
-1749
-1731
-1671
-1575
-1444
-1277
-1077
-841
-571
-269
66
423
798
1180
1558
1924
2273
2588
2865
3100
3285
3406
3463
3448
3353
3174
2912
2570
2153
1676
1153
605
51
-487
-989
-1441
-1830
-2147
-2387
-2556
-2659
-2694
-2672
-2601
-2483
-2324
-2127
-1893
-1624
-1322
-990
-635
-266
99
450
765
1022
1210
1315
1323
1236
1056
795
474
109
-274
-653
-1007
-1315
-1572
-1762
-1887
-1952
-1956
-1906
-1811
-1672
-1494
-1283
-1036
-759
-453
-118
239
619
1011
1409
1800
2179
2536
2866
3157
3399
3584
3702
3742
3695
3553
3313
2981
2553
2050
1489
886
275
-329
-901
-1419
-1869
-2237
-2519
-2718
-2834
-2876
-2853
-2772
-2645
-2480
-2275
-2037
-1770
-1466
-1133
-774
-393
-5
373
728
1032
1272
1431
1493
1448
1299
1056
728
342
-79
-511
-926
-1302
-1624
-1880
-2059
-2157
-2183
-2140
-2034
-1878
-1674
-1430
-1156
-850
-524
-177
192
570
959
1353
1745
2130
2502
2852
3176
3455
3684
3851
3932
3922
3812
3593
3264
2827
2296
1690
1032
353
-321
-963
-1547
-2050
-2457
-2768
-2976
-3085
-3109
-3055
-2939
-2773
-2568
-2333
-2073
-1787
-1478
-1145
-785
-403
-5
391
773
1119
1405
1610
1716
1711
1592
1360
1028
616
148
-343
-830
-1288
-1688
-2015
-2257
-2402
-2452
-2415
-2299
-2117
-1874
-1591
-1275
-936
-578
-205
174
558
948
1338
1727
2116
2498
2868
3220
3542
3820
4037
4175
4214
4136
3932
3602
3144
2575
1912
1186
430
-327
-1042
-1688
-2241
-2684
-3006
-3207
-3298
-3287
-3195
-3041
-2839
-2604
-2345
-2065
-1769
-1450
-1107
-735
-340
72
486
884
1248
1551
1767
1878
1871
1744
1495
1140
694
189
-346
-874
-1368
-1805
-2158
-2414
-2569
-2620
-2573
-2443
-2238
-1975
-1664
-1323
-960
-581
-191
202
595
989
1382
1771
2155
2532
2899
3246
3566
3842
4058
4191
4226
4142
3928
3578
3093
2492
1794
1031
236
-549
-1288
-1948
-2503
-2939
-3242
-3412
-3464
-3412
-3276
-3072
-2824
-2550
-2260
-1958
-1645
-1318
-976
-607
-217
182
588
976
1329
1620
1820
1914
1891
1738
1463
1081
610
81
-477
-1032
-1550
-2001
-2365
-2630
-2783
-2822
-2757
-2598
-2357
-2055
-1702
-1319
-915
-499
-84
329
737
1137
1530
1913
2292
2668
3031
3380
3704
3986
4206
4338
4361
4252
4000
3602
3059
2388
1622
795
-56
-884
-1650
-2316
-2860
-3266
-3523
-3638
-3627
-3507
-3308
-3048
-2750
-2439
-2117
-1792
-1465
-1127
-771
-396
2
413
829
1225
1576
1856
2039
2105
2040
1834
1495
1044
502
-97
-715
-1317
-1863
-2324
-2678
-2913
-3020
-3007
-2875
-2649
-2345
-1981
-1577
-1155
-720
-290
132
542
939
1325
1705
2083
2464
2847
3224
3592
3930
4218
4432
4539
4517
4348
4017
3520
2882
2119
1270
378
-512
-1350
-2102
-2727
-3207
-3529
-3695
-3721
-3623
-3429
-3167
-2859
-2530
-2196
-1864
-1535
-1199
-851
-478
-77
351
796
1241
1661
2023
2296
2452
2470
2341
2059
1639
1106
491
-165
-821
-1432
-1968
-2392
-2689
-2850
-2870
-2767
-2554
-2252
-1889
-1481
-1053
-622
-196
219
624
1018
1404
1792
2182
2577
2982
3390
3786
4156
4480
4726
4869
4875
4724
4402
3906
3252
2464
1572
627
-321
-1222
-2033
-2721
-3259
-3639
-3855
-3928
-3876
-3723
-3504
-3240
-2952
-2660
-2363
-2062
-1750
-1412
-1041
-629
-179
295
782
1244
1646
1955
2131
2152
2008
1693
1226
636
-41
-761
-1474
-2132
-2702
-3159
-3472
-3643
-3677
-3579
-3378
-3092
-2747
-2362
-1953
-1532
-1111
-689
-265
162
602
1053
1517
1999
2489
2983
3466
3911
4303
4609
4800
4850
4733
4438
3969
3333
2556
1680
747
-189
-1082
-1885
-2563
-3103
-3482
-3711
-3802
-3770
-3642
-3445
-3196
-2919
-2622
-2307
-1977
-1619
-1226
-793
-313
206
750
1295
1807
2249
2582
2776
2803
2652
2327
1842
1229
532
-203
-930
-1596
-2168
-2615
-2925
-3089
-3120
-3036
-2853
-2592
-2280
-1929
-1556
-1169
-768
-351
82
537
1013
1512
2031
2562
3099
3624
4124
4576
4949
5223
5362
5334
5125
4726
4143
3390
2502
1521
505
-492
-1419
-2234
-2908
-3419
-3766
-3958
-4010
-3951
-3809
-3605
-3356
-3079
-2780
-2454
-2094
-1691
-1237
-724
-155
457
1090
1713
2286
2765
3103
3269
3232
2986
2543
1921
1165
330
-526
-1343
-2070
-2674
-3121
-3401
-3523
-3501
-3365
-3144
-2869
-2562
-2236
-1900
-1549
-1174
-759
-299
216
785
1396
2031
2665
3280
3849
4350
4772
5096
5306
5394
5345
5144
4788
4287
3645
2881
2021
1104
177
-725
-1561
-2297
-2912
-3398
-3752
-3981
-4090
-4095
-4010
-3846
-3612
-3312
-2954
-2539
-2071
-1557
-997
-395
231
861
1475
2042
2531
2906
3134
3194
3072
2760
2275
1645
906
105
-710
-1479
-2165
-2734
-3161
-3444
-3588
-3605
-3516
-3347
-3118
-2847
-2537
-2192
-1807
-1374
-882
-332
271
915
1581
2238
2859
3424
3908
4304
4614
4830
4955
4992
4927
4752
4450
4014
3444
2744
1934
1045
118
-805
-1672
-2444
-3094
-3602
-3959
-4169
-4241
-4193
-4051
-3829
-3540
-3196
-2809
-2382
-1919
-1422
-892
-331
260
854
1432
1968
2429
2777
2982
3016
2862
2514
1987
1315
540
-292
-1124
-1904
-2587
-3142
-3545
-3798
-3917
-3911
-3807
-3632
-3404
-3136
-2830
-2484
-2087
-1625
-1096
-497
156
849
1552
2223
2839
3371
3797
4122
4353
4503
4590
4623
4602
4513
4335
4044
3618
3047
2335
1504
591
-355
-1277
-2117
-2830
-3384
-3763
-3967
-4011
-3917
-3723
-3458
-3153
-2821
-2472
-2107
-1720
-1302
-844
-338
218
811
1416
1997
2511
2921
3186
3272
3159
2842
2334
1662
878
32
-817
-1612
-2318
-2894
-3318
-3597
-3739
-3767
-3702
-3563
-3377
-3152
-2888
-2580
-2217
-1779
-1262
-665
3
715
1440
2140
2772
3310
3735
4038
4236
4353
4414
4445
4455
4436
4365
4206
3919
3476
2870
2105
1212
246
-729
-1642
-2425
-3036
-3451
-3677
-3730
-3645
-3462
-3223
-2960
-2695
-2431
-2152
-1840
-1476
-1038
-524
67
717
1389
2040
2617
3072
3371
3489
3414
3148
2709
2128
1442
697
-65
-802
-1489
-2096
-2604
-3004
-3299
-3488
-3579
-3580
-3501
-3342
-3104
-2796
-2414
-1956
-1426
-828
-182
498
1184
1841
2449
2979
3419
3756
4002
4182
4309
4413
4506
4580
4614
4568
4396
4052
3524
2810
1937
960
-50
-1018
-1868
-2548
-3034
-3330
-3460
-3468
-3400
-3295
-3182
-3068
-2943
-2784
-2553
-2223
-1778
-1212
-551
171
908
1599
2199
2661
2953
3077
3036
2853
2551
2151
1675
1135
546
-78
-731
-1395
-2048
-2661
-3205
-3650
-3963
-4130
-4147
-4012
-3754
-3389
-2948
-2463
-1949
-1420
-881
-334
224
796
1369
1933
2469
2952
3365
3696
3940
4107
4216
4281
4311
4295
4208
4017
3688
3200
2552
1766
889
-28
-914
-1703
-2347
-2828
-3146
-3326
-3407
-3422
-3400
-3358
-3290
-3182
-3007
-2734
-2346
-1837
-1222
-533
180
874
1499
2016
2401
2643
2752
2745
2640
2450
2182
1835
1398
867
251
-436
-1168
-1901
-2593
-3193
-3659
-3964
-4096
-4071
-3913
-3649
-3319
-2950
-2559
-2149
-1717
-1248
-727
-148
477
1129
1768
2361
2874
3277
3560
3734
3827
3874
3915
3974
4033
4062
4008
3803
3408
2812
2031
1121
153
-783
-1604
-2252
-2705
-2975
-3106
-3154
-3179
-3211
-3258
-3303
-3308
-3227
-3014
-2640
-2100
-1423
-658
118
841
1457
1926
2240
2417
2483
2470
2418
2344
2234
2057
1773
1346
760
38
-785
-1641
-2453
-3148
-3667
-3980
-4084
-4012
-3819
-3561
-3289
-3024
-2768
-2507
-2198
-1798
-1287
-654
79
869
1642
2337
2908
3312
3563
3689
3735
3769
3841
3979
4169
4365
4480
4428
4131
3563
2757
1786
759
-225
-1071
-1720
-2160
-2419
-2566
-2680
-2828
-3036
-3293
-3537
-3698
-3705
-3505
-3080
-2446
-1665
-824
-18
678
1219
1594
1842
2007
2141
2285
2453
2621
2744
2746
2559
2133
1470
619
-337
-1287
-2135
-2805
-3260
-3511
-3597
-3581
-3530
-3488
-3466
-3441
-3362
-3172
-2823
-2296
-1611
-813
31
843
1555
2124
2543
2829
3032
3204
3389
3609
3869
4153
4427
4637
4720
4613
4280
3724
2979
2128
1261
450
-249
-822
-1286
-1667
-2009
-2356
-2728
-3120
-3485
-3762
-3888
-3809
-3522
-3047
-2445
-1788
-1136
-544
-38
378
742
1086
1448
1846
2257
2642
2945
3101
3061
2804
2334
1690
939
159
-573
-1208
-1729
-2148
-2493
-2794
-3072
-3323
-3534
-3672
-3692
-3571
-3287
-2851
-2296
-1672
-1036
-421
150
672
1157
1614
2057
2484
2882
3240
3536
3759
3903
3986
4032
4053
4045
3983
3814
3496
3010
2373
1639
874
141
-513
-1069
-1518
-1879
-2180
-2452
-2718
-2977
-3202
-3346
-3361
-3216
-2912
-2479
-1968
-1428
-908
-436
-20
351
699
1041
1390
1750
2092
2372
2544
2560
2395
2062
1598
1053
490
-39
-510
-913
-1258
-1569
-1860
-2146
-2417
-2649
-2814
-2874
-2811
-2620
-2321
-1949
-1537
-1120
-715
-321
70
472
889
1322
1751
2150
2497
2770
2970
3114
3225
3334
3455
3574
3658
3646
3491
3172
2707
2148
1559
1012
547
169
-146
-437
-742
-1086
-1472
-1871
-2238
-2525
-2692
-2717
-2603
-2384
-2111
-1832
-1585
-1383
-1212
-1039
-827
-558
-230
135
491
785
979
1050
1001
859
664
449
249
78
-73
-223
-395
-612
-873
-1167
-1454
-1701
-1875
-1962
-1966
-1911
-1824
-1724
-1623
-1515
-1390
-1229
-1017
-746
-424
-61
319
692
1047
1377
1694
2010
2333
2657
2962
3209
3354
3367
3233
2971
2627
2252
1897
1584
1307
1028
709
314
-165
-701
-1254
-1763
-2185
-2493
-2680
-2762
-2765
-2722
-2658
-2582
-2490
-2364
-2180
-1916
-1571
-1163
-729
-324
12
250
395
465
496
517
539
556
555
508
393
208
-34
-315
-598
-854
-1056
-1200
-1294
-1359
-1413
-1468
-1524
-1558
-1546
-1467
-1312
-1083
-799
-484
-166
142
444
755
1090
1459
1854
2251
2611
2901
3093
3176
3156
3049
2877
2662
2421
2162
1876
1550
1172
739
261
-239
-727
-1174
-1562
-1882
-2136
-2334
-2481
-2576
-2616
-2592
-2497
-2340
-2121
-1869
-1595
-1307
-1012
-706
-401
-108
157
370
518
597
619
593
532
444
337
207
53
-120
-313
-521
-733
-937
-1111
-1248
-1342
-1388
-1400
-1379
-1331
-1256
-1147
-994
-791
-541
-249
70
409
756
1112
1483
1863
2247
2614
2933
3176
3325
3367
3311
3174
2979
2751
2497
2229
1929
1587
1190
742
259
-229
-691
-1101
-1448
-1741
-1984
-2189
-2357
-2478
-2538
-2514
-2396
-2192
-1915
-1595
-1268
-958
-673
-416
-177
57
290
514
703
840
905
894
816
690
528
353
177
1
-170
-341
-514
-687
-867
-1043
-1197
-1317
-1392
-1411
-1374
-1286
-1158
-998
-806
-586
-337
-58
247
580
940
1318
1710
2105
2487
2834
3121
3322
3426
3428
3338
3179
2978
2748
2493
2204
1876
1497
1069
606
130
-336
-772
-1157
-1493
-1783
-2038
-2259
-2428
-2534
-2564
-2497
-2350
-2132
-1869
-1590
-1307
-1029
-752
-470
-187
89
339
545
692
773
791
755
673
557
422
274
114
-56
-237
-428
-628
-829
-1021
-1192
-1327
-1415
-1447
-1419
-1346
-1226
-1070
-892
-688
-468
-220
52
356
683
1035
1407
1782
2146
2485
2776
3005
3151
3207
3175
3063
2887
2666
2415
2142
1846
1516
1145
727
281
-178
-623
-1036
-1401
-1715
-1978
-2189
-2342
-2432
-2452
-2408
-2302
-2144
-1949
-1725
-1477
-1206
-915
-609
-302
-20
222
405
527
590
604
583
534
465
371
256
113
-61
-251
-451
-648
-834
-1005
-1156
-1292
-1404
-1472
-1498
-1475
-1405
-1294
-1141
-959
-749
-508
-244
43
355
692
1057
1436
1821
2187
2506
2754
2921
3005
3008
2937
2802
2617
2389
2128
1833
1505
1142
746
327
-103
-527
-928
-1296
-1629
-1921
-2165
-2356
-2479
-2526
-2489
-2387
-2249
-2094
-1932
-1753
-1542
-1278
-969
-639
-319
-48
158
300
391
452
503
541
549
509
412
263
78
-120
-306
-473
-630
-788
-953
-1122
-1285
-1419
-1500
-1515
-1472
-1388
-1276
-1141
-982
-780
-526
-229
102
456
819
1186
1559
1939
2317
2666
2962
3178
3298
3325
3275
3161
3002
2803
2554
2255
1895
1476
1013
524
30
-440
-872
-1267
-1629
-1962
-2263
-2516
-2698
-2789
-2786
-2702
-2561
-2382
-2176
-1941
-1670
-1351
-994
-619
-255
61
320
526
688
823
930
1000
1018
971
862
705
520
326
135
-57
-256
-469
-696
-921
-1124
-1288
-1391
-1439
-1438
-1397
-1321
-1207
-1047
-833
-569
-264
75
430
792
1159
1533
1912
2281
2620
2907
3120
3251
3298
3269
3176
3028
2836
2600
2318
1979
1578
1132
654
164
-307
-735
-1127
-1486
-1817
-2119
-2379
-2564
-2660
-2678
-2626
-2527
-2400
-2245
-2049
-1796
-1486
-1137
-787
-470
-202
15
198
364
520
652
742
774
741
653
530
392
253
109
-52
-236
-446
-663
-859
-1019
-1133
-1203
-1238
-1240
-1220
-1164
-1063
-914
-716
-471
-192
110
436
776
1126
1478
1813
2119
2389
2610
2772
2871
2901
2866
2766
2611
2412
2173
1891
1560
1178
759
326
-98
-493
-847
-1171
-1477
-1765
-2024
-2233
-2371
-2428
-2421
-2366
-2283
-2172
-2019
-1817
-1562
-1270
-974
-694
-450
-244
-61
108
266
405
509
554
547
496
418
326
226
109
-30
-188
-357
-527
-679
-801
-889
-952
-995
-1015
-1006
-962
-878
-743
-561
-346
-101
168
457
763
1084
1411
1727
2017
2269
2476
2631
2733
2778
2763
2687
2559
2377
2144
1863
1536
1176
788
392
9
-351
-686
-1004
-1308
-1598
-1852
-2046
-2172
-2231
-2236
-2201
-2135
-2038
-1897
-1709
-1477
-1218
-961
-724
-513
-321
-136
43
208
337
417
445
429
389
332
260
177
70
-64
-213
-368
-510
-632
-734
-818
-884
-931
-951
-936
-880
-779
-641
-473
-281
-63
182
453
752
1061
1371
1669
1939
2178
2385
2553
2675
2739
2736
2662
2532
2355
2149
1913
1643
1330
976
598
211
-154
-488
-800
-1094
-1375
-1633
-1855
-2012
-2102
-2138
-2128
-2093
-2029
-1933
-1793
-1601
-1370
-1127
-897
-692
-507
-341
-182
-28
110
212
271
287
269
230
181
125
52
-34
-138
-254
-371
-480
-572
-648
-709
-755
-783
-787
-756
-684
-573
-429
-261
-79
121
340
587
863
1153
1436
1695
1923
2113
2267
2389
2469
2493
2452
2346
2194
2009
1801
1577
1322
1029
702
358
22
-292
-579
-847
-1105
-1347
-1564
-1736
-1849
-1904
-1920
-1909
-1871
-1805
-1703
-1555
-1368
-1164
-963
-779
-619
-468
-325
-190
-68
29
99
140
155
154
131
90
37
-32
-109
-185
-265
-344
-423
-499
-563
-609
-633
-635
-609
-555
-472
-360
-217
-54
124
323
537
771
1017
1266
1508
1724
1912
2068
2187
2271
2308
2293
2227
2113
1966
1797
1602
1379
1120
832
528
227
-61
-335
-595
-850
-1100
-1323
-1505
-1635
-1709
-1744
-1753
-1749
-1726
-1666
-1561
-1421
-1259
-1100
-954
-825
-705
-586
-471
-362
-267
-199
-151
-116
-96
-82
-86
-113
-159
-216
-279
-345
-407
-465
-519
-569
-608
-635
-642
-621
-574
-499
-399
-276
-136
16
191
383
594
818
1046
1265
1458
1629
1784
1917
2025
2092
2105
2066
1981
1865
1735
1584
1404
1188
933
659
379
118
-124
-355
-585
-820
-1040
-1226
-1367
-1457
-1505
-1534
-1551
-1549
-1520
-1455
-1353
-1228
-1106
-991
-888
-786
-676
-565
-461
-371
-299
-244
-209
-181
-160
-151
-154
-170
-206
-247
-293
-335
-374
-410
-437
-462
-477
-480
-467
-433
-369
-280
-175
-54
77
219
379
564
769
979
1180
1361
1515
1656
1786
1897
1978
2010
1989
1918
1821
1712
1586
1438
1253
1029
774
516
272
45
-170
-389
-610
-829
-1018
-1160
-1257
-1320
-1367
-1403
-1427
-1423
-1377
-1304
-1204
-1101
-1007
-920
-831
-734
-633
-536
-449
-380
-331
-291
-259
-229
-204
-188
-181
-183
-198
-223
-253
-284
-311
-330
-341
-349
-352
-350
-335
-299
-240
-156
-56
44
152
270
412
579
757
939
1103
1249
1380
1499
1610
1700
1759
1772
1742
1682
1599
1503
1386
1241
1061
853
633
420
217
16
-188
-395
-598
-779
-928
-1044
-1133
-1204
-1262
-1309
-1335
-1332
-1298
-1246
-1183
-1116
-1048
-975
-899
-822
-749
-680
-614
-556
-507
-469
-440
-417
-399
-373
-349
-330
-323
-328
-340
-351
-349
-333
-312
-290
-273
-254
-216
-155
-72
30
132
232
339
460
606
769
942
1107
1247
1368
1479
1582
1673
1740
1767
1753
1705
1634
1553
1459
1343
1197
1023
829
628
435
256
77
-106
-290
-468
-625
-751
-850
-929
-997
-1055
-1104
-1131
-1134
-1115
-1074
-1026
-978
-929
-880
-825
-770
-720
-668
-620
-580
-543
-514
-492
-470
-446
-414
-383
-360
-346
-343
-344
-336
-313
-287
-257
-230
-210
-179
-136
-69
13
105
197
283
374
482
607
749
895
1031
1143
1243
1334
1418
1490
1538
1554
1535
1493
1435
1366
1291
1194
1070
919
751
582
412
251
95
-66
-230
-384
-520
-633
-722
-799
-866
-927
-978
-1012
-1026
-1021
-1002
-976
-948
-918
-888
-863
-831
-798
-763
-730
-699
-674
-653
-632
-609
-578
-545
-509
-481
-460
-445
-430
-409
-377
-343
-310
-282
-253
-219
-168
-101
-25
53
133
212
297
397
514
641
769
886
992
1086
1174
1255
1317
1359
1377
1365
1337
1296
1246
1182
1098
991
860
720
576
430
292
152
7
-139
-272
-392
-498
-590
-676
-753
-818
-870
-904
-921
-921
-913
-900
-887
-869
-847
-826
-803
-779
-752
-723
-695
-667
-640
-613
-586
-557
-521
-485
-453
-424
-401
-376
-344
-306
-267
-227
-194
-163
-127
-79
-17
53
124
194
265
345
432
532
643
753
859
953
1038
1117
1194
1259
1302
1329
1331
1317
1296
1262
1214
1147
1056
950
827
698
568
436
303
163
19
-116
-241
-354
-454
-550
-636
-715
-780
-828
-863
-884
-893
-899
-900
-898
-894
-885
-870
-856
-842
-827
-808
-781
-753
-725
-698
-667
-631
-593
-558
-520
-484
-450
-414
-379
-341
-299
-255
-212
-172
-129
-83
-30
27
94
160
228
302
381
466
558
656
751
842
920
991
1053
1107
1157
1193
1217
1226
1221
1201
1160
1107
1041
955
856
750
636
523
409
291
172
53
-61
-167
-271
-366
-452
-529
-591
-642
-682
-709
-734
-757
-776
-793
-803
-809
-813
-814
-816
-812
-802
-783
-758
-734
-714
-691
-669
-643
-603
-560
-523
-484
-450
-420
-384
-340
-291
-243
-197
-156
-111
-56
7
77
150
217
284
346
416
496
584
673
751
815
869
919
968
1015
1057
1084
1094
1088
1071
1045
1008
958
897
821
738
648
555
462
367
267
165
69
-23
-112
-194
-271
-341
-402
-454
-498
-541
-580
-615
-649
-679
-701
-717
-729
-740
-751
-759
-762
-758
-754
-750
-742
-732
-713
-690
-660
-625
-594
-566
-535
-499
-462
-419
-371
-321
-271
-223
-171
-110
-45
19
84
145
206
269
341
418
495
567
633
693
748
805
855
899
934
956
972
980
976
967
946
913
868
814
753
684
611
533
451
365
280
193
107
24
-56
-132
-199
-258
-312
-365
-417
-465
-510
-545
-573
-601
-627
-654
-677
-697
-712
-721
-729
-737
-744
-747
-740
-726
-703
-676
-650
-622
-595
-564
-527
-481
-435
-394
-349
-300
-247
-192
-131
-75
-23
25
68
116
171
226
282
337
388
436
486
541
597
649
692
732
769
798
825
849
863
866
860
846
824
792
757
714
659
602
541
472
407
336
264
198
134
71
9
-53
-109
-167
-224
-273
-318
-361
-403
-447
-487
-523
-560
-588
-614
-643
-669
-692
-704
-708
-713
-710
-707
-701
-692
-682
-664
-639
-609
-579
-547
-516
-481
-435
-388
-337
-286
-245
-203
-157
-114
-67
-16
37
88
135
186
240
296
353
410
464
515
566
614
659
701
739
770
801
825
838
842
839
829
812
787
756
719
671
619
565
507
453
394
330
265
200
136
75
16
-43
-104
-164
-220
-271
-324
-372
-420
-471
-523
-571
-616
-655
-692
-723
-753
-777
-796
-808
-811
-803
-794
-781
-758
-733
-696
-648
-597
-542
-491
-445
-400
-351
-300
-251
-205
-164
-118
-72
-29
14
62
109
154
203
253
304
363
421
474
530
585
644
697
743
787
823
856
881
893
900
899
890
871
844
808
767
721
666
607
543
476
402
325
250
175
97
23
-49
-120
-191
-261
-322
-383
-446
-502
-555
-601
-642
-680
-713
-744
-767
-781
-792
-799
-798
-795
-781
-760
-736
-706
-674
-640
-606
-574
-540
-503
-466
-431
-390
-352
-318
-281
-239
-193
-143
-89
-35
21
79
139
204
275
348
419
486
548
611
668
724
778
822
854
878
894
903
903
891
875
853
820
780
734
682
624
558
490
421
351
285
223
165
106
46
-7
-62
-115
-165
-217
-264
-307
-353
-400
-449
-497
-541
-579
-612
-647
-676
-702
-720
-729
-732
-729
-721
-706
-691
-674
-653
-633
-609
-582
-553
-516
-476
-433
-391
-349
-306
-260
-212
-162
-111
-62
-15
34
87
138
200
260
316
375
427
478
526
565
601
630
657
689
720
748
767
778
784
782
779
765
740
708
672
630
579
529
483
430
371
304
236
169
103
34
-39
-113
-182
-245
-302
-354
-403
-446
-488
-530
-564
-589
-605
-612
-614
-609
-603
-601
-595
-586
-576
-568
-557
-545
-531
-517
-507
-495
-482
-464
-433
-398
-362
-333
-316
-299
-277
-241
-194
-141
-84
-23
35
92
155
223
300
383
459
527
593
660
725
784
831
867
886
886
870
846
815
779
738
690
636
576
507
437
367
295
223
146
71
1
-65
-124
-178
-228
-271
-304
-322
-335
-341
-344
-347
-353
-362
-372
-380
-387
-394
-402
-412
-430
-457
-491
-523
-543
-553
-561
-576
-600
-619
-626
-612
-581
-565
-587
-693
-875
-1044
-1101
-1011
-832
-646
-493
-357
-207
-23
218
506
800
1032
1161
1231
1309
1445
1636
1817
1938
1971
1907
1782
1643
1530
1449
1372
1252
1065
808
500
181
-108
-347
-545
-738
-953
-1188
-1402
-1553
-1615
-1596
-1521
-1413
-1297
-1171
-1024
-840
-607
-336
-66
152
296
378
422
443
445
416
338
195
-6
-246
-494
-730
-939
-1126
-1301
-1465
-1619
-1738
-1802
-1797
-1725
-1603
-1440
-1230
-960
-634
-263
142
564
989
1402
1798
2179
2553
2912
3238
3510
3695
3765
3718
3556
3289
2929
2482
1968
1401
806
196
-422
-1021
-1584
-2085
-2508
-2843
-3078
-3203
-3209
-3091
-2859
-2536
-2138
-1668
-1141
-572
15
585
1114
1582
1973
2267
2450
2523
2475
2293
1964
1484
887
240
-410
-1035
-1644
-2241
-2801
-3280
-3629
-3820
-3859
-3758
-3544
-3237
-2843
-2375
-1843
-1251
-616
36
664
1233
1734
2181
2576
2918
3190
3367
3460
3477
3431
3338
3218
3089
2938
2716
2376
1895
1320
746
242
-181
-570
-971
-1386
-1775
-2079
-2264
-2330
-2296
-2194
-2045
-1859
-1632
-1349
-992
-576
-143
265
627
938
1206
1432
1599
1691
1692
1613
1459
1220
877
432
-84
-619
-1123
-1578
-2000
-2392
-2738
-3005
-3164
-3200
-3116
-2923
-2644
-2297
-1906
-1485
-1039
-566
-74
409
847
1218
1524
1777
1987
2157
2275
2347
2377
2366
2317
2248
2187
2163
2162
2130
2006
1752
1408
1045
723
453
186
-111
-447
-798
-1110
-1349
-1502
-1577
-1596
-1583
-1547
-1478
-1357
-1159
-894
-586
-264
33
297
536
755
943
1091
1187
1224
1184
1043
789
433
31
-362
-734
-1104
-1494
-1883
-2229
-2495
-2652
-2709
-2686
-2588
-2421
-2188
-1906
-1576
-1198
-774
-327
106
500
849
1168
1466
1734
1966
2158
2306
2416
2487
2524
2552
2602
2671
2713
2648
2409
2017
1562
1128
758
421
55
-366
-821
-1255
-1610
-1850
-1967
-1981
-1930
-1847
-1739
-1584
-1348
-1018
-614
-184
218
556
840
1080
1288
1452
1552
1571
1484
1272
940
508
30
-435
-876
-1302
-1742
-2185
-2580
-2875
-3037
-3069
-2995
-2835
-2604
-2309
-1955
-1555
-1113
-632
-137
328
740
1086
1382
1649
1890
2099
2257
2355
2399
2398
2372
2342
2326
2333
2311
2191
1916
1505
1057
663
353
86
-201
-545
-916
-1250
-1502
-1641
-1675
-1632
-1540
-1427
-1295
-1123
-890
-585
-226
143
475
743
949
1104
1221
1301
1339
1327
1236
1032
691
239
-253
-711
-1101
-1436
-1757
-2080
-2378
-2605
-2719
-2701
-2571
-2353
-2079
-1777
-1463
-1138
-792
-413
-8
386
730
1002
1215
1396
1566
1718
1846
1937
1987
2009
2028
2079
2184
2318
2398
2330
2069
1663
1221
835
535
270
-40
-424
-848
-1236
-1522
-1681
-1727
-1688
-1605
-1503
-1383
-1220
-983
-662
-275
125
484
772
986
1148
1276
1380
1446
1438
1315
1046
641
156
-332
-769
-1162
-1540
-1921
-2282
-2579
-2770
-2832
-2770
-2610
-2376
-2093
-1775
-1434
-1068
-675
-253
168
555
879
1129
1322
1485
1632
1767
1874
1945
1966
1949
1934
1961
2044
2135
2146
1999
1685
1278
881
562
311
73
-211
-555
-906
-1205
-1401
-1475
-1445
-1346
-1224
-1105
-973
-800
-557
-239
115
456
736
932
1054
1125
1177
1216
1216
1130
904
519
25
-489
-943
-1307
-1598
-1863
-2114
-2324
-2459
-2475
-2369
-2158
-1872
-1563
-1262
-978
-708
-435
-146
148
419
633
774
853
898
942
1003
1081
1162
1231
1288
1364
1495
1694
1918
2073
2065
1869
1548
1201
909
683
471
218
-97
-447
-774
-1012
-1117
-1090
-971
-818
-685
-571
-441
-259
-4
300
599
835
970
1001
959
881
783
656
464
169
-235
-699
-1155
-1537
-1823
-2033
-2184
-2297
-2355
-2331
-2211
-1994
-1701
-1370
-1033
-723
-457
-227
-27
159
328
470
578
652
698
726
765
828
919
1027
1139
1263
1419
1629
1883
2115
2234
2179
1960
1654
1346
1069
805
516
174
-201
-561
-853
-1041
-1114
-1075
-971
-837
-702
-567
-399
-178
85
352
574
723
787
768
693
590
458
276
-3
-399
-883
-1372
-1776
-2045
-2190
-2253
-2272
-2258
-2194
-2059
-1840
-1545
-1198
-838
-513
-264
-91
34
150
273
394
489
541
557
564
586
645
754
908
1093
1300
1532
1812
2130
2433
2625
2608
2371
1980
1542
1145
796
456
84
-328
-738
-1089
-1326
-1414
-1352
-1178
-953
-735
-540
-352
-128
148
449
720
904
974
929
792
594
366
111
-190
-564
-1010
-1477
-1884
-2162
-2298
-2315
-2253
-2143
-1992
-1803
-1566
-1282
-965
-634
-325
-79
82
165
204
232
269
315
360
405
454
516
605
732
903
1118
1375
1677
2015
2359
2641
2776
2707
2439
2047
1621
1218
838
437
-8
-480
-919
-1266
-1470
-1518
-1430
-1252
-1036
-822
-615
-390
-123
183
490
735
873
895
814
660
458
217
-64
-398
-789
-1215
-1634
-1985
-2215
-2303
-2272
-2161
-1998
-1800
-1570
-1304
-1010
-709
-426
-185
-11
89
117
110
96
97
119
157
210
289
406
568
774
1021
1301
1612
1970
2370
2770
3079
3197
3057
2682
2172
1626
1120
657
197
-287
-783
-1241
-1591
-1776
-1771
-1593
-1309
-996
-705
-445
-198
67
358
636
854
955
923
770
528
234
-99
-473
-883
-1298
-1674
-1968
-2152
-2219
-2188
-2079
-1913
-1708
-1468
-1204
-927
-650
-402
-210
-82
-7
28
38
42
46
54
74
111
178
284
442
663
932
1229
1541
1872
2230
2606
2934
3117
3072
2782
2329
1821
1330
888
459
11
-460
-913
-1287
-1526
-1596
-1495
-1274
-1003
-740
-511
-298
-83
154
385
570
666
650
523
307
37
-260
-570
-898
-1246
-1594
-1908
-2138
-2244
-2224
-2099
-1901
-1667
-1409
-1150
-892
-632
-388
-175
-18
64
83
53
9
-24
-35
-14
37
124
255
427
650
920
1223
1549
1897
2277
2685
3061
3299
3283
2977
2452
1841
1265
770
333
-90
-528
-958
-1323
-1560
-1613
-1475
-1191
-851
-545
-308
-127
44
234
431
590
660
615
450
190
-130
-484
-850
-1212
-1552
-1841
-2053
-2170
-2182
-2102
-1944
-1736
-1503
-1253
-997
-748
-520
-328
-187
-106
-72
-72
-84
-91
-88
-73
-42
14
120
283
512
784
1076
1379
1679
1991
2335
2689
2993
3134
3029
2673
2152
1592
1078
634
237
-148
-538
-911
-1212
-1383
-1382
-1209
-923
-611
-343
-145
2
144
294
437
527
525
413
203
-75
-388
-714
-1038
-1351
-1638
-1881
-2055
-2140
-2128
-2026
-1854
-1635
-1387
-1127
-872
-646
-465
-328
-233
-178
-153
-154
-167
-179
-175
-149
-90
16
184
410
681
970
1260
1556
1870
2232
2642
3035
3300
3328
3069
2574
1969
1378
868
429
21
-388
-792
-1144
-1373
-1437
-1315
-1043
-708
-399
-166
-7
120
255
401
523
561
486
304
37
-280
-624
-973
-1303
-1595
-1827
-1974
-2035
-2011
-1917
-1768
-1580
-1372
-1154
-936
-737
-576
-468
-413
-397
-399
-399
-382
-352
-308
-250
-173
-55
125
369
668
986
1301
1598
1889
2208
2559
2899
3132
3156
2931
2498
1963
1426
948
531
144
-241
-620
-951
-1177
-1251
-1161
-939
-658
-394
-188
-38
83
203
322
415
445
390
244
22
-245
-536
-827
-1105
-1359
-1575
-1746
-1852
-1877
-1822
-1697
-1530
-1340
-1143
-955
-783
-643
-539
-475
-444
-438
-442
-449
-451
-437
-400
-312
-167
37
300
599
909
1219
1519
1836
2200
2603
2978
3196
3151
2837
2338
1784
1277
849
471
104
-270
-637
-955
-1157
-1187
-1044
-779
-490
-255
-105
-18
64
169
278
357
375
301
135
-109
-414
-749
-1068
-1326
-1504
-1606
-1647
-1640
-1592
-1509
-1386
-1224
-1028
-815
-619
-479
-410
-410
-436
-454
-453
-424
-394
-365
-337
-289
-198
-45
181
465
771
1072
1348
1617
1916
2255
2591
2833
2882
2695
2327
1871
1421
1026
677
345
7
-340
-657
-892
-991
-942
-784
-584
-410
-291
-214
-143
-56
40
112
132
75
-61
-254
-486
-738
-992
-1231
-1438
-1594
-1687
-1707
-1660
-1564
-1432
-1274
-1095
-902
-706
-534
-409
-338
-305
-299
-300
-293
-283
-256
-211
-138
-21
141
349
586
832
1076
1316
1582
1894
2252
2586
2787
2765
2512
2103
1646
1221
860
542
235
-88
-424
-726
-929
-979
-875
-675
-464
-302
-211
-161
-112
-43
41
115
139
89
-49
-273
-556
-862
-1150
-1387
-1562
-1667
-1702
-1680
-1609
-1512
-1388
-1231
-1047
-844
-645
-490
-392
-340
-318
-291
-252
-198
-137
-70
9
100
224
386
587
816
1049
1264
1478
1726
2016
2328
2580
2674
2561
2259
1853
1436
1063
748
465
182
-123
-428
-687
-851
-884
-798
-655
-517
-417
-353
-298
-230
-149
-63
5
22
-31
-168
-389
-663
-945
-1194
-1390
-1526
-1606
-1632
-1609
-1551
-1464
-1351
-1209
-1029
-836
-665
-548
-481
-442
-400
-332
-246
-153
-63
26
127
250
403
592
818
1058
1289
1511
1743
2009
2304
2565
2703
2657
2429
2080
1689
1312
970
667
374
70
-249
-550
-769
-863
-838
-747
-654
-594
-562
-529
-475
-399
-310
-227
-176
-193
-298
-497
-754
-1009
-1222
-1367
-1462
-1523
-1554
-1558
-1528
-1463
-1363
-1219
-1038
-854
-705
-608
-548
-496
-423
-328
-223
-117
-15
88
202
336
500
686
896
1108
1311
1512
1727
1972
2239
2464
2572
2523
2328
2045
1740
1453
1194
952
707
432
133
-162
-407
-549
-590
-571
-546
-560
-603
-648
-662
-632
-564
-479
-418
-412
-495
-668
-891
-1106
-1267
-1359
-1402
-1425
-1440
-1451
-1448
-1418
-1345
-1231
-1080
-925
-801
-712
-651
-586
-497
-377
-237
-93
47
173
294
417
551
707
881
1057
1220
1381
1555
1751
1952
2108
2170
2107
1946
1726
1488
1264
1071
907
745
562
345
117
-85
-226
-300
-328
-343
-377
-435
-502
-556
-580
-564
-525
-493
-495
-556
-667
-803
-928
-1025
-1075
-1085
-1075
-1057
-1049
-1051
-1055
-1038
-984
-901
-804
-713
-637
-578
-525
-470
-402
-318
-225
-132
-48
17
72
124
184
263
357
451
540
624
712
811
918
1015
1083
1113
1108
1083
1051
1026
1018
1016
1006
969
901
808
709
617
540
473
412
350
280
199
113
31
-48
-121
-196
-277
-368
-461
-547
-624
-690
-742
-779
-809
-845
-887
-934
-980
-1019
-1043
-1059
-1063
-1060
-1051
-1035
-1013
-979
-934
-879
-810
-731
-645
-551
-450
-334
-209
-76
64
202
348
497
651
810
960
1087
1187
1258
1310
1350
1387
1416
1432
1431
1396
1330
1239
1137
1038
947
861
775
681
577
467
353
249
149
52
-43
-146
-260
-377
-496
-610
-711
-801
-880
-948
-1012
-1072
-1131
-1188
-1243
-1286
-1315
-1329
-1331
-1321
-1299
-1269
-1232
-1184
-1126
-1054
-964
-859
-735
-605
-465
-315
-154
20
207
407
612
814
1006
1177
1314
1417
1492
1551
1598
1636
1658
1656
1623
1552
1452
1340
1224
1117
1020
918
806
685
553
427
319
219
136
53
-37
-141
-264
-393
-519
-639
-746
-848
-939
-1027
-1114
-1196
-1277
-1349
-1403
-1439
-1465
-1478
-1478
-1464
-1429
-1376
-1313
-1238
-1153
-1061
-961
-853
-737
-607
-464
-309
-144
30
215
411
615
825
1029
1213
1367
1486
1581
1659
1726
1784
1819
1822
1782
1704
1597
1474
1352
1232
1115
993
853
703
549
405
281
175
80
-11
-111
-226
-350
-474
-594
-700
-798
-889
-984
-1082
-1179
-1270
-1342
-1400
-1439
-1461
-1475
-1484
-1485
-1467
-1430
-1369
-1285
-1190
-1087
-985
-885
-782
-672
-545
-402
-244
-76
93
264
441
620
806
988
1151
1293
1413
1511
1592
1661
1716
1753
1762
1728
1654
1550
1431
1313
1195
1080
957
818
669
511
363
231
114
10
-95
-206
-320
-438
-553
-661
-751
-835
-916
-1004
-1097
-1187
-1271
-1343
-1399
-1444
-1474
-1498
-1509
-1503
-1475
-1416
-1334
-1235
-1124
-1002
-876
-745
-601
-449
-294
-134
25
185
339
492
647
804
960
1102
1225
1325
1401
1470
1531
1586
1630
1651
1646
1606
1541
1456
1358
1259
1156
1044
919
776
630
487
350
217
92
-34
-161
-290
-418
-538
-649
-750
-842
-935
-1028
-1120
-1209
-1291
-1362
-1423
-1473
-1514
-1544
-1563
-1569
-1556
-1519
-1458
-1368
-1258
-1137
-1004
-864
-716
-552
-383
-206
-21
165
348
528
698
859
1009
1144
1258
1351
1426
1487
1536
1574
1603
1611
1602
1572
1514
1443
1360
1275
1185
1087
979
859
727
588
444
301
160
18
-119
-256
-395
-531
-660
-779
-891
-997
-1095
-1180
-1253
-1319
-1380
-1440
-1495
-1538
-1565
-1574
-1569
-1544
-1506
-1452
-1382
-1297
-1191
-1058
-901
-729
-549
-361
-174
11
198
389
581
771
953
1116
1254
1364
1449
1516
1569
1610
1634
1638
1622
1584
1535
1476
1409
1338
1261
1174
1075
963
842
719
597
474
352
216
68
-84
-237
-385
-524
-653
-777
-898
-1013
-1127
-1233
-1323
-1395
-1449
-1493
-1528
-1556
-1573
-1575
-1558
-1526
-1477
-1414
-1337
-1248
-1145
-1023
-881
-716
-539
-354
-164
28
227
423
617
808
989
1148
1281
1388
1468
1531
1580
1607
1615
1594
1552
1496
1429
1357
1280
1200
1113
1019
918
809
699
593
482
373
249
117
-18
-162
-307
-451
-584
-709
-831
-944
-1057
-1160
-1255
-1338
-1402
-1450
-1477
-1492
-1493
-1485
-1462
-1424
-1369
-1297
-1213
-1120
-1016
-903
-776
-640
-486
-321
-147
36
219
401
576
742
897
1037
1160
1258
1346
1414
1460
1486
1485
1466
1426
1370
1302
1226
1149
1064
976
885
789
691
590
488
386
280
177
72
-42
-160
-282
-407
-530
-648
-761
-865
-963
-1056
-1147
-1229
-1294
-1340
-1369
-1380
-1377
-1360
-1333
-1289
-1228
-1152
-1053
-942
-820
-694
-564
-426
-280
-123
37
199
364
523
672
807
929
1038
1133
1217
1287
1343
1375
1387
1379
1352
1312
1263
1203
1141
1063
972
873
761
652
540
432
328
219
107
-12
-135
-258
-376
-487
-590
-693
-794
-894
-995
-1092
-1179
-1253
-1309
-1347
-1370
-1382
-1383
-1366
-1334
-1283
-1209
-1115
-1002
-878
-743
-602
-459
-306
-143
31
203
374
539
685
814
929
1034
1129
1214
1288
1342
1373
1383
1370
1345
1312
1274
1227
1165
1088
995
890
777
656
536
420
303
183
59
-68
-194
-316
-432
-542
-648
-745
-841
-930
-1016
-1099
-1168
-1229
-1275
-1309
-1331
-1339
-1337
-1320
-1287
-1238
-1173
-1085
-981
-861
-735
-601
-454
-297
-134
37
207
374
537
687
818
934
1029
1120
1205
1268
1316
1342
1346
1331
1301
1262
1217
1170
1119
1054
968
872
766
655
546
432
317
205
86
-36
-167
-299
-423
-535
-636
-731
-818
-901
-979
-1052
-1114
-1164
-1198
-1217
-1226
-1224
-1216
-1201
-1172
-1130
-1069
-988
-894
-793
-686
-572
-448
-303
-150
12
177
332
480
613
730
844
949
1045
1131
1196
1233
1250
1245
1227
1203
1174
1141
1098
1038
961
873
777
680
589
499
405
301
190
75
-43
-164
-280
-385
-486
-589
-690
-788
-876
-951
-1017
-1068
-1102
-1120
-1126
-1123
-1112
-1087
-1048
-985
-911
-829
-735
-637
-534
-427
-316
-193
-61
71
196
314
422
521
615
703
788
865
931
977
1002
1010
1006
996
979
955
923
877
815
740
656
567
484
402
316
229
133
33
-65
-161
-255
-340
-416
-493
-569
-646
-723
-794
-852
-894
-930
-955
-968
-974
-973
-959
-930
-883
-817
-734
-638
-538
-430
-316
-194
-64
72
207
337
456
559
647
717
777
833
882
916
934
932
912
881
842
799
754
705
650
583
507
425
338
253
170
90
9
-79
-170
-259
-344
-422
-490
-549
-605
-652
-699
-745
-779
-806
-819
-821
-815
-802
-782
-757
-726
-686
-635
-574
-502
-419
-329
-236
-140
-36
72
187
304
418
523
619
704
783
849
905
950
974
981
970
943
905
856
800
736
658
567
471
367
263
165
69
-26
-121
-212
-303
-390
-471
-543
-605
-661
-711
-755
-797
-830
-855
-866
-865
-850
-823
-791
-748
-694
-634
-562
-477
-385
-285
-180
-79
19
117
213
309
406
491
566
630
685
733
769
796
814
824
828
816
793
766
728
684
635
580
516
442
361
276
188
97
8
-80
-171
-263
-353
-441
-520
-593
-655
-708
-754
-793
-824
-846
-855
-854
-841
-817
-781
-739
-690
-632
-568
-493
-406
-309
-207
-100
6
112
218
323
427
525
618
701
770
827
868
895
912
914
902
874
833
782
719
647
568
484
393
300
209
116
21
-71
-158
-243
-323
-398
-465
-528
-581
-627
-673
-706
-732
-750
-757
-756
-747
-728
-700
-663
-619
-563
-499
-429
-351
-265
-176
-82
16
113
205
296
382
464
537
601
657
702
733
755
763
762
752
732
704
666
620
569
510
450
380
305
227
142
56
-30
-120
-205
-286
-367
-444
-515
-583
-642
-691
-735
-765
-787
-803
-802
-793
-772
-738
-694
-643
-582
-514
-438
-356
-271
-177
-80
15
112
204
297
389
474
554
628
691
745
788
820
837
844
839
817
784
737
682
615
542
463
375
285
192
102
13
-76
-155
-235
-310
-380
-442
-495
-545
-588
-620
-646
-666
-681
-686
-686
-677
-661
-639
-610
-573
-529
-477
-418
-355
-288
-211
-133
-53
31
112
193
270
342
406
469
525
568
607
635
650
661
659
649
637
616
585
549
507
457
407
353
292
231
166
97
30
-42
-112
-179
-245
-313
-375
-434
-489
-532
-568
-594
-615
-627
-628
-619
-603
-580
-547
-502
-452
-396
-337
-271
-205
-140
-73
-6
61
127
187
245
298
345
385
422
456
484
508
521
528
529
520
508
493
470
440
407
368
321
267
212
153
96
41
-20
-77
-131
-185
-234
-279
-319
-354
-382
-408
-428
-443
-458
-460
-454
-449
-432
-413
-392
-358
-324
-289
-247
-202
-155
-102
-50
2
56
110
160
210
255
296
334
364
388
411
427
431
434
428
413
395
372
346
314
277
239
198
152
109
65
19
-22
-65
-110
-152
-193
-228
-264
-298
-325
-351
-375
-390
-401
-409
-411
-404
-392
-379
-357
-334
-303
-263
-225
-183
-136
-91
-45
3
48
90
135
176
212
247
280
306
325
343
354
363
369
366
361
351
340
325
305
281
252
223
191
158
123
79
39
2
-38
-79
-118
-156
-188
-222
-252
-275
-295
-312
-325
-331
-334
-331
-322
-310
-295
-278
-257
-233
-206
-177
-149
-117
-82
-49
-15
21
57
92
128
159
188
224
248
270
291
308
322
329
334
336
331
321
310
295
271
246
216
186
154
120
85
50
15
-20
-56
-91
-120
-153
-183
-209
-236
-260
-280
-298
-311
-321
-331
-331
-327
-319
-309
-292
-271
-246
-220
-188
-153
-118
-78
-40
-1
39
74
112
145
174
198
221
242
256
270
279
284
285
284
280
273
265
251
234
213
191
171
146
122
96
69
41
9
-25
-53
-82
-109
-136
-161
-186
-208
-226
-242
-256
-267
-272
-275
-276
-275
-274
-269
-259
-246
-232
-211
-193
-171
-142
-116
-88
-54
-24
8
39
70
102
134
162
185
209
228
243
257
264
271
273
270
264
255
244
229
211
191
166
144
120
94
69
40
11
-18
-43
-68
-96
-116
-136
-156
-175
-190
-200
-212
-221
-224
-226
-224
-218
-207
-200
-186
-170
-154
-135
-115
-95
-75
-54
-32
-10
10
32
51
68
88
102
115
128
140
149
159
164
170
176
176
177
174
167
161
151
140
128
116
100
82
67
51
31
11
-6
-29
-48
-63
-79
-95
-107
-119
-131
-139
-146
-149
-152
-154
-149
-144
-143
-137
-130
-122
-111
-99
-87
-73
-58
-45
-31
-15
1
18
29
45
54
65
76
85
94
99
104
108
108
107
102
98
94
91
87
82
79
73
65
57
47
38
30
22
15
6
-3
-13
-23
-34
-42
-52
-61
-66
-72
-79
-79
-81
-78
-79
-82
-83
-82
-80
-78
-73
-68
-62
-54
-49
-45
-40
-30
-19
-10
1
13
23
34
42
49
57
63
67
73
76
77
79
80
75
69
64
62
58
53
50
39
35
28
22
16
8
3
-2
-11
-16
-23
-29
-37
-40
-46
-50
-51
-54
-51
-49
-49
-45
-42
-34
-29
-21
-14
-9
-1
6
12
18
24
29
32
33
34
33
34
36
35
35
36
35
35
35
35
39
42
44
45
42
40
37
34
31
25
21
13
2
-6
-16
-26
-33
-39
-43
-47
-48
-47
-47
-45
-43
-40
-37
-36
-35
-33
-31
-25
-23
-23
-21
-22
-19
-14
-13
-11
-7
0
7
14
25
30
37
45
50
57
62
63
66
66
63
59
53
47
42
35
25
20
16
13
8
7
5
3
0
-1
-1
-7
-8
-10
-17
-21
-29
-37
-39
-43
-48
-52
-57
-60
-61
-62
-59
-52
-47
-38
-31
-26
-19
-12
-3
1
8
12
13
16
15
12
10
9
7
6
5
6
9
15
17
18
22
28
33
35
39
42
42
44
40
35
28
18
11
1
-8
-17
-23
-27
-32
-34
-37
-32
-29
-26
-22
-22
-19
-16
-17
-18
-21
-22
-27
-34
-41
-47
-48
-51
-51
-48
-44
-39
-32
-25
-16
-8
4
14
20
28
32
35
38
37
37
35
34
30
24
23
17
14
15
15
17
18
20
23
23
22
26
26
24
24
16
10
2
-7
-15
-24
-29
-33
-38
-38
-41
-39
-37
-31
-28
-25
-19
-12
-5
-2
1
3
4
4
0
-4
-8
-12
-13
-13
-14
-14
-12
-7
-1
4
10
17
25
33
35
36
38
39
36
28
20
10
4
-4
-11
-18
-25
-32
-34
-35
-35
-36
-31
-23
-17
-13
-7
-1
3
6
7
8
6
3
3
0
-3
-4
-4
-4
-3
3
7
13
19
25
32
36
40
42
43
41
38
32
26
18
9
1
-7
-12
-19
-24
-25
-26
-25
-26
-22
-19
-16
-13
-13
-10
-9
-8
-10
-12
-14
-19
-20
-22
-25
-26
-27
-24
-21
-17
-13
-8
1
9
18
26
32
40
44
47
44
43
41
37
35
29
25
20
15
12
7
3
5
7
6
7
10
11
11
9
8
5
2
-1
-5
-13
-21
-27
-34
-38
-43
-49
-48
-46
-43
-37
-32
-27
-20
-15
-9
-5
-5
-3
-1
2
4
2
2
1
-3
-1
-1
-1
1
2
8
11
14
18
21
26
28
29
30
28
28
24
20
18
13
8
3
-2
-6
-10
-9
-9
-8
-6
-5
-4
-3
-5
-5
-5
-4
-8
-10
-10
-14
-18
-22
-25
-28
-28
-30
-33
-32
-31
-27
-25
-23
-17
-13
-9
-2
-1
4
9
11
13
12
14
15
12
14
13
12
15
15
13
13
12
12
15
16
16
18
17
20
19
18
16
12
7
6
5
0
-5
-6
-9
-10
-11
-14
-13
-12
-8
-5
-4
0
1
2
4
4
5
5
4
6
2
-1
-1
-4
-5
-3
-3
-2
-2
0
1
1
3
3
4
5
8
9
11
11
11
9
9
6
4
4
3
0
0
-1
-3
-5
-4
-3
-4
-2
3
4
6
9
11
9
11
12
9
10
8
6
8
4
2
2
0
-1
1
0
-2
0
0
3
4
4
6
6
6
6
3
1
-2
-5
-8
-12
-17
-17
-20
-23
-22
-22
-19
-19
-18
-16
-17
-13
-7
-7
-1
1
1
5
5
2
2
2
2
3
3
2
1
3
4
6
9
8
10
15
13
15
16
14
14
12
10
5
3
1
-5
-7
-11
-12
-15
-18
-16
-13
-12
-6
-4
-2
3
6
10
15
17
18
19
19
19
14
14
14
8
7
6
3
4
5
7
7
9
7
7
6
5
9
7
5
3
-4
-7
-11
-15
-17
-21
-23
-23
-23
-21
-20
-17
-12
-9
-3
3
6
10
14
18
19
16
16
14
9
9
5
0
-1
-2
0
-2
-3
0
0
3
7
10
16
16
18
19
15
17
14
12
12
11
9
2
0
0
-3
-2
-2
-3
0
-1
-1
1
1
1
-1
-2
-7
-11
-15
-20
-21
-24
-28
-33
-40
-45
-48
-46
-44
-40
-36
-32
-27
-24
-21
-17
-14
-11
-6
-3
2
1
-1
1
1
0
0
-1
3
8
12
17
21
26
30
30
33
35
35
37
37
37
37
33
28
20
12
9
1
-3
-5
-7
-7
-11
-11
-8
-9
-8
-4
-3
1
-2
1
-1
-7
-6
-8
-10
-16
-20
-22
-22
-22
-22
-20
-21
-18
-14
-12
-7
-4
1
3
4
9
8
9
8
9
10
6
8
9
8
10
13
16
17
21
25
27
28
30
31
27
27
28
23
20
17
15
13
6
2
-1
-6
-7
-7
-7
-10
-10
-9
-9
-6
-4
-7
-9
-7
-9
-13
-13
-13
-18
-18
-21
-25
-28
-30
-28
-27
-25
-20
-18
-16
-13
-8
-5
-2
0
-1
-2
2
3
4
0
-2
-4
-6
-8
-8
-8
-5
-5
-4
-4
-2
2
3
6
8
10
10
9
11
12
11
10
8
7
4
3
0
0
-1
-2
1
1
2
5
5
5
5
8
7
6
7
8
6
4
4
0
-3
-4
-6
-5
-7
-10
-12
-13
-9
-8
-7
-9
-10
-9
-11
-11
-12
-13
-13
-13
-15
-17
-17
-17
-20
-17
-15
-17
-14
-11
-8
-3
3
5
9
16
20
20
25
29
28
27
30
29
26
26
22
23
22
22
22
19
18
19
21
22
18
18
19
17
18
16
14
14
9
2
-1
-6
-11
-16
-18
-23
-23
-24
-26
-26
-25
-24
-24
-21
-21
-23
-22
-24
-22
-22
-25
-28
-27
-27
-24
-25
-26
-26
-25
-22
-19
-17
-12
-5
-2
6
10
14
22
26
31
35
36
38
39
40
41
40
39
39
39
37
36
37
34
32
33
32
28
26
25
18
12
8
4
-2
-5
-13
-20
-23
-31
-36
-37
-41
-39
-40
-42
-42
-40
-40
-41
-40
-39
-40
-39
-37
-36
-36
-31
-32
-32
-29
-28
-26
-21
-16
-10
-3
4
9
15
20
25
27
33
36
41
44
43
47
47
47
46
46
47
46
47
46
47
51
50
48
46
44
40
37
31
26
22
17
9
3
0
-5
-12
-17
-20
-26
-31
-32
-37
-37
-39
-40
-43
-44
-44
-47
-47
-49
-52
-53
-53
-53
-52
-51
-48
-46
-43
-38
-35
-31
-27
-19
-15
-9
-2
4
9
12
17
20
21
27
31
32
38
40
41
43
45
48
49
51
52
54
57
55
53
49
47
44
37
30
24
17
11
6
-1
-8
-14
-17
-23
-27
-31
-34
-37
-37
-37
-39
-41
-43
-42
-43
-43
-43
-45
-42
-40
-41
-39
-38
-37
-35
-32
-27
-24
-18
-13
-8
-1
4
8
11
14
15
19
21
21
24
24
22
23
21
20
23
20
19
22
24
24
23
28
29
26
24
20
17
15
13
10
7
7
2
-4
-5
-11
-15
-19
-22
-22
-21
-21
-20
-18
-18
-18
-18
-20
-19
-20
-17
-19
-20
-22
-20
-20
-21
-21
-21
-18
-16
-16
-10
-8
-7
1
4
6
9
11
14
16
15
15
15
14
12
13
11
8
5
4
5
8
9
9
10
13
14
15
16
14
16
19
17
13
13
8
4
3
1
-3
-5
-5
-2
-4
-4
-5
-3
1
1
7
9
8
8
11
11
11
11
12
12
10
9
8
7
7
8
11
15
16
16
20
19
23
25
22
21
24
24
24
23
23
21
19
14
11
7
1
2
2
2
0
0
2
-1
0
-3
-4
-5
-7
-6
-6
-10
-14
-16
-19
-22
-25
-27
-30
-29
-27
-26
-23
-22
-21
-17
-12
-11
-7
-2
0
3
7
8
9
10
10
10
9
11
10
11
14
14
16
16
19
22
20
20
17
15
17
12
11
6
0
-5
-8
-13
-19
-25
-28
-32
-37
-41
-41
-42
-44
-43
-43
-42
-42
-41
-42
-42
-39
-37
-37
-39
-36
-36
-34
-31
-29
-27
-25
-23
-16
-12
-10
-6
-2
4
8
12
19
19
24
25
24
24
22
24
23
23
22
20
19
17
18
17
14
14
11
9
6
5
1
1
1
-2
-6
-11
-13
-16
-20
-22
-27
-30
-33
-34
-34
-35
-35
-34
-33
-29
-24
-21
-18
-13
-9
-7
-4
-1
0
0
4
7
7
9
13
15
20
22
24
29
31
37
38
42
47
50
52
51
53
52
46
43
40
36
33
29
25
22
18
15
10
6
3
2
0
-1
-2
-5
-6
-5
-9
-12
-13
-16
-19
-21
-22
-24
-27
-28
-25
-25
-22
-19
-17
-14
-11
-5
-3
2
8
9
13
17
19
19
18
22
21
22
24
24
24
26
30
29
28
32
32
35
38
38
39
38
37
37
33
28
27
22
17
15
8
2
-2
-4
-7
-10
-12
-15
-15
-13
-13
-12
-14
-14
-13
-14
-15
-18
-20
-21
-22
-23
-28
-28
-26
-26
-24
-19
-19
-14
-8
-2
6
8
12
19
22
26
27
31
33
31
32
30
30
29
27
27
26
26
24
23
24
21
23
23
20
19
17
12
9
5
-1
-8
-15
-21
-27
-32
-36
-39
-43
-46
-44
-45
-44
-41
-42
-40
-36
-35
-35
-34
-31
-28
-28
-27
-24
-25
-22
-21
-20
-19
-15
-13
-10
-2
4
8
14
20
23
27
31
31
33
34
36
35
32
32
31
29
25
19
18
16
15
13
11
9
7
7
6
4
2
-4
-6
-9
-15
-19
-24
-27
-33
-37
-38
-45
-47
-45
-50
-52
-49
-45
-41
-38
-34
-33
-32
-30
-29
-24
-20
-18
-14
-14
-15
-13
-9
-6
-3
0
1
4
10
16
18
21
26
29
32
35
37
38
39
38
35
33
33
30
27
26
23
18
16
15
13
12
8
7
5
2
1
-2
-6
-9
-12
-17
-20
-24
-28
-32
-35
-39
-42
-40
-42
-40
-38
-37
-34
-32
-33
-32
-27
-22
-16
-13
-13
-10
-6
-4
-2
0
3
6
11
14
16
18
21
25
25
31
33
33
40
40
41
43
43
42
40
41
40
36
34
29
26
25
20
19
16
13
9
7
4
-3
-6
-9
-12
-14
-19
-23
-27
-32
-36
-37
-40
-42
-43
-43
-42
-43
-43
-43
-39
-38
-34
-32
-31
-27
-25
-17
-14
-12
-10
-9
-6
0
3
8
11
14
18
19
26
30
32
37
37
41
43
43
47
47
46
44
46
45
42
42
38
37
37
32
27
25
21
19
19
14
8
8
6
0
-2
-6
-14
-18
-21
-24
-26
-29
-32
-36
-38
-40
-41
-41
-41
-39
-39
-39
-39
-36
-33
-31
-29
-28
-24
-22
-19
-17
-12
-8
-6
-3
2
5
11
15
18
20
23
25
28
30
33
33
36
38
39
37
35
36
34
32
32
28
27
28
22
22
19
14
12
9
8
4
-1
-4
-9
-12
-15
-17
-20
-25
-29
-33
-33
-40
-41
-38
-40
-42
-42
-40
-39
-36
-37
-38
-37
-34
-32
-29
-24
-23
-20
-20
-18
-13
-9
-8
-5
-1
3
7
10
12
15
17
22
25
26
29
30
32
33
31
31
31
28
30
31
30
26
23
23
20
20
20
17
13
9
9
6
5
1
-3
-4
-7
-11
-12
-17
-20
-23
-24
-26
-27
-27
-24
-26
-29
-28
-26
-27
-26
-23
-25
-25
-24
-23
-20
-18
-16
-16
-14
-13
-14
-14
-11
-8
-4
0
3
6
6
11
15
18
20
19
19
22
24
24
26
28
28
27
27
28
30
27
25
24
23
23
24
23
20
19
18
17
14
11
8
4
1
-1
-4
-7
-8
-10
-14
-17
-18
-18
-19
-19
-22
-19
-18
-20
-19
-18
-16
-18
-14
-14
-16
-13
-13
-11
-10
-9
-7
-5
0
3
5
7
9
12
14
16
21
24
24
25
27
27
25
25
27
26
25
21
20
20
17
15
15
14
11
12
13
10
8
6
6
3
-1
-3
-5
-8
-11
-13
-19
-19
-21
-24
-25
-23
-23
-26
-23
-21
-23
-19
-16
-14
-11
-10
-11
-12
-9
-6
-7
-4
-1
-1
2
5
10
8
8
9
11
13
12
14
14
18
19
19
19
16
16
12
9
9
6
3
0
-3
-6
-8
-11
-12
-13
-15
-19
-21
-20
-23
-25
-23
-25
-25
-26
-28
-30
-30
-29
-29
-29
-27
-26
-23
-21
-16
-14
-11
-6
-2
0
3
8
12
15
20
23
25
27
28
29
27
30
30
25
24
24
23
19
21
18
13
15
15
12
12
9
7
3
0
-3
-8
-9
-10
-13
-16
-19
-19
-21
-25
-25
-23
-25
-27
-23
-23
-23
-22
-21
-19
-16
-16
-17
-14
-14
-12
-10
-9
-7
-4
-2
2
5
11
13
16
19
22
24
29
32
34
38
41
41
40
41
40
40
39
36
34
31
32
30
25
24
25
24
20
21
18
17
16
13
10
8
7
4
-1
-4
-8
-14
-17
-19
-20
-21
-22
-21
-22
-23
-25
-22
-20
-19
-19
-21
-21
-21
-20
-17
-15
-12
-13
-12
-8
-9
-6
-2
-3
-3
0
4
6
10
15
17
19
22
23
24
24
25
24
25
23
20
18
13
10
7
7
6
4
2
2
-1
-3
-4
-5
-7
-8
-9
-12
-17
-21
-25
-26
-31
-35
-36
-37
-38
-39
-42
-42
-39
-41
-38
-36
-37
-35
-33
-31
-31
-31
-29
-26
-23
-19
-20
-23
-21
-19
-19
-14
-12
-9
-4
0
3
4
6
10
12
13
14
15
15
15
17
15
14
13
11
8
9
8
7
4
5
5
4
5
3
3
5
4
2
-1
-1
-7
-7
-7
-10
-12
-14
-15
-17
-17
-18
-15
-12
-13
-12
-10
-8
-6
-4
-2
1
2
2
4
8
6
5
8
9
10
10
11
13
12
16
18
18
19
20
23
25
25
27
27
23
22
23
22
19
19
18
16
15
13
12
11
11
9
9
9
8
9
10
8
9
9
7
7
7
4
5
4
4
5
4
3
1
3
3
2
3
3
4
5
5
6
6
7
9
11
12
11
12
13
12
11
10
11
9
6
5
6
4
0
2
4
1
-1
3
4
1
0
0
0
1
1
-1
-4
-2
-4
-4
-6
-7
-5
-6
-5
-4
-5
-3
-2
0
3
1
4
4
3
4
2
2
-2
-3
-2
-4
-6
-4
-6
-8
-7
-10
-12
-11
-10
-9
-11
-10
-9
-6
-6
-5
-2
-5
-7
-6
-7
-8
-12
-11
-10
-13
-12
-13
-14
-11
-13
-10
-10
-8
-6
-6
-6
-3
-3
-2
-2
-4
-5
-5
-3
-2
-1
2
2
0
-1
0
1
3
5
6
7
10
9
10
10
8
8
9
9
8
5
6
4
1
0
1
1
0
-2
0
0
-1
2
3
3
4
5
3
3
2
1
3
0
-5
-3
-4
-4
-1
-3
-3
-1
-1
2
1
2
4
7
7
5
