5
4
5
6
7
6
4
3
7
5
5
5
3
4
4
2
3
4
2
3
4
2
0
2
1
-1
-2
-2
-1
-2
-2
0
-1
-2
-1
0
-1
-3
-2
-2
-2
0
-1
0
1
2
2
3
4
4
3
3
1
2
4
3
6
7
7
8
7
7
6
3
3
5
2
0
1
4
5
3
2
4
4
2
2
0
0
-2
-2
-1
0
-1
-1
-3
-1
1
0
-1
-3
-3
-3
-4
-3
0
-2
-1
-2
-2
2
0
-1
-2
-6
-5
-5
-5
-5
-7
-6
-5
-9
-8
-7
-9
-11
-10
-7
-7
-8
-5
-2
-2
-1
0
1
2
4
4
4
4
4
4
5
6
3
1
0
2
0
1
-1
-5
-2
-3
-5
-6
-8
-7
-8
-9
-6
-7
-7
-6
-5
-4
-3
-3
-5
-3
-2
-4
-3
-3
-4
-1
-1
-3
-3
-2
-3
-1
-4
-6
-5
-9
-8
-4
-5
-4
-4
-3
-3
-6
-3
-5
-4
-2
-5
-4
-1
1
2
1
1
2
4
5
4
2
2
2
1
4
5
4
5
4
5
7
3
2
5
2
3
5
0
-1
0
0
2
1
2
4
4
4
3
1
-1
-1
0
0
-1
1
2
4
4
5
5
2
1
4
3
3
4
2
4
5
4
4
3
4
4
6
5
4
5
3
3
7
7
5
5
3
5
4
3
2
2
0
0
3
3
0
1
-1
-2
0
-4
-3
-3
-5
-4
-5
-2
-2
-5
-5
-5
-6
-5
-3
-4
0
0
0
2
1
2
1
2
4
4
6
6
3
4
2
3
4
4
5
3
5
9
7
7
9
9
8
5
4
5
2
2
5
2
1
0
2
3
4
4
3
3
2
3
7
4
4
2
1
2
1
-2
-5
-3
-1
-4
-2
-3
-6
-3
-1
-2
-4
-4
-4
-4
-4
-3
-3
-3
-2
-3
-4
-3
-5
-2
-3
-4
-1
1
-1
-2
-2
-1
0
-3
-5
-4
-5
-5
-5
-4
-3
-2
-4
-1
-2
-3
-2
-4
-4
-4
-3
-2
-3
-2
-1
1
2
2
0
2
3
4
0
-2
0
-2
-2
0
0
-1
-3
-3
0
-1
-4
-4
-5
-5
-4
-3
-3
-4
-6
-5
-3
-1
-1
-1
-1
0
0
1
3
2
4
4
5
5
6
4
3
7
4
1
1
3
2
1
0
3
2
1
2
2
2
2
4
3
4
3
3
5
4
3
3
3
2
1
1
3
5
4
3
3
1
1
-2
0
1
-2
-2
-2
-2
-2
-4
-2
-2
-1
0
-1
-1
-1
0
-1
-2
-2
-3
-3
0
1
1
0
0
2
-1
-3
-2
-2
-6
-4
-4
-6
-5
-5
-8
-7
-7
-7
-5
-6
-8
-9
-8
-9
-4
-4
-5
-1
0
-1
1
3
1
4
3
1
2
1
1
2
3
2
1
-1
-2
0
-2
-3
-2
-2
-4
-3
-4
-6
-9
-9
-10
-8
-8
-10
-9
-10
-10
-8
-8
-8
-9
-8
-7
-5
-4
-6
-5
-2
-3
-2
-1
-1
-1
1
3
3
4
6
5
5
5
6
7
7
9
10
9
10
11
10
9
8
10
10
10
12
12
12
13
12
12
10
8
9
7
7
7
4
3
7
7
6
5
4
4
4
4
4
1
3
2
3
4
1
0
-1
-1
-2
-1
-2
-1
-5
-5
-6
-4
-4
-5
-4
-3
-4
-4
-3
-5
-6
-4
-5
-6
-6
-7
-6
-6
-6
-5
-5
-5
-3
-2
-4
-3
-3
-3
-3
-3
-4
-2
-1
-2
-1
-1
-1
0
0
0
1
1
2
3
3
4
5
6
7
6
8
6
6
7
4
4
2
1
4
4
2
2
0
0
-1
-2
-2
1
0
-1
0
0
0
1
1
0
-1
1
1
2
3
5
6
4
5
8
5
4
4
5
4
3
3
3
3
0
1
2
-1
-1
-2
-4
-3
-4
-6
-6
-6
-6
-7
-7
-9
-8
-3
-4
-3
-2
-3
-3
1
0
-2
1
0
-2
-2
-1
-1
-1
-1
1
1
0
1
2
2
5
3
2
3
6
6
7
8
7
5
4
6
7
8
4
4
5
3
2
1
1
1
2
1
0
1
1
0
-1
0
2
1
-1
0
3
4
5
6
4
3
2
0
0
1
-1
-2
-2
0
-2
-4
-3
-4
-6
-7
-6
-5
-6
-7
-8
-10
-10
-10
-11
-10
-8
-8
-9
-5
-7
-9
-5
-5
-3
-1
-3
-2
1
2
1
-1
2
0
0
3
2
3
2
1
2
1
1
0
0
1
3
2
1
4
3
1
2
3
4
4
3
4
5
1
1
3
3
1
-1
0
1
-1
-1
-4
-1
-1
-5
-4
-4
-3
-4
-5
-4
-2
-1
-4
-3
-3
-4
-1
1
-1
-4
-4
-3
-2
-2
-2
-2
-2
-2
0
-2
-5
-6
-4
-6
-6
-5
-5
-6
-6
-8
-9
-10
-10
-8
-6
-7
-8
-5
-3
-2
-4
-7
-3
0
1
2
2
2
5
5
6
7
7
4
3
7
7
6
6
6
6
5
6
7
6
7
7
10
8
4
6
7
7
6
7
6
5
5
1
2
2
-1
1
0
1
4
2
2
2
2
3
1
1
1
0
2
1
2
2
-1
0
1
1
1
-2
-1
-1
-2
-4
-4
-3
-2
-3
-4
-4
-3
-6
-6
-5
-5
-5
-8
-4
-4
-7
-5
-3
-5
-5
-5
-5
-4
-7
-6
-3
-3
-5
-5
-3
-3
-3
-3
-2
-2
-4
-1
0
-2
0
2
3
3
3
6
5
6
7
8
10
8
9
13
10
9
11
14
13
14
13
10
11
11
12
14
12
10
11
13
12
9
9
12
11
11
8
8
6
4
4
3
2
1
-1
1
3
0
-2
-2
-3
-3
-3
-3
-5
-3
-4
-4
-3
-7
-9
-8
-7
-8
-8
-8
-8
-10
-10
-11
-14
-12
-10
-12
-12
-15
-13
-11
-14
-13
-12
-13
-12
-10
-8
-10
-12
-10
-6
-5
-4
-5
-3
0
-1
0
1
1
2
2
1
1
4
5
5
7
7
6
7
7
6
5
7
8
8
9
8
8
7
6
7
6
5
5
3
2
1
1
1
-2
-2
-1
-2
-2
-5
-4
-4
-3
-5
-8
-8
-8
-7
-5
-7
-6
-4
-5
-7
-9
-8
-7
-6
-6
-6
-9
-11
-9
-10
-7
-8
-8
-6
-6
-6
-7
-6
-8
-6
-6
-7
-6
-7
-5
-5
-7
-5
-2
-4
-5
-1
2
1
2
3
4
7
8
8
11
14
14
17
18
17
18
16
17
17
15
17
15
14
13
12
13
11
12
12
11
13
11
13
12
11
9
10
11
9
8
8
9
11
9
10
6
4
4
4
6
5
4
4
2
2
2
7
6
4
5
1
-1
-1
-4
-8
-8
-9
-10
-7
-7
-7
-8
-10
-9
-11
-10
-11
-11
-10
-9
-10
-11
-12
-11
-6
-9
-10
-9
-11
-10
-11
-13
-10
-8
-8
-8
-9
-11
-9
-10
-10
-10
-12
-12
-11
-12
-11
-13
-13
-11
-13
-14
-14
-16
-16
-12
-12
-10
-9
-10
-8
-7
-5
-4
-2
-1
-3
-2
-1
1
1
2
4
6
6
7
6
5
4
1
0
0
0
0
3
1
2
0
0
3
2
1
1
3
3
4
4
4
8
8
9
11
9
10
10
8
7
7
6
5
4
5
8
10
7
9
10
7
7
9
8
7
9
10
11
13
14
12
12
12
13
12
12
11
9
11
12
12
12
11
10
10
9
11
9
8
4
2
3
3
4
3
2
3
1
1
2
-1
-2
-2
-3
-4
-1
-1
-1
1
-4
-3
-5
-8
-12
-12
-10
-12
-12
-11
-10
-7
-6
-6
-5
-5
-9
-7
-7
-3
1
3
2
2
4
6
7
4
4
4
1
4
4
3
5
4
2
-1
0
2
1
1
-1
-5
-7
-7
-8
-10
-8
-7
-7
-7
-9
-10
-11
-13
-12
-11
-12
-12
-10
-9
-9
-8
-9
-8
-9
-8
-10
-6
-6
-10
-8
-7
-5
-4
-6
-5
-4
-5
-3
-5
-4
-2
0
3
3
1
2
3
4
3
3
4
3
4
4
4
6
5
6
5
5
4
1
-1
-1
0
1
1
0
1
2
-1
1
3
2
2
2
3
6
6
4
7
6
7
12
11
12
11
9
11
12
10
10
8
8
10
11
10
10
9
10
10
7
6
6
3
1
1
1
0
-1
-4
-3
-3
-3
-2
-3
-3
-4
-3
-1
-2
-2
-4
-3
-3
-3
-1
-2
-3
-5
-5
-4
-6
-6
-5
-5
-4
-1
1
0
-1
0
-2
-2
1
1
1
3
0
0
1
-2
-1
1
1
1
-2
-1
-1
-2
-1
-2
-1
-1
0
2
3
2
2
3
4
1
1
0
0
0
-2
-3
-4
-2
0
-4
-4
-4
-5
-6
-7
-7
-9
-8
-6
-8
-7
-9
-9
-8
-8
-6
-8
-12
-13
-9
-9
-8
-6
-5
-3
-5
-6
-6
-8
-7
-9
-7
-6
-6
-4
-5
-6
-3
-1
0
1
-2
-2
-2
-4
-3
-3
-3
-1
-3
1
3
2
2
2
1
0
1
0
0
-1
-1
3
1
2
2
0
1
0
-2
-3
-6
-6
-4
-4
-4
-4
-7
-7
-5
-5
-9
-9
-7
-6
-7
-5
-3
-2
-2
-1
-2
2
4
6
7
5
5
7
9
9
11
10
12
14
14
15
15
13
13
14
13
12
11
10
11
11
8
10
11
8
7
5
7
8
9
12
10
8
11
10
7
8
7
7
9
7
9
6
4
5
4
3
3
2
1
2
3
1
0
-1
0
2
0
2
1
2
2
0
-1
-1
-2
0
0
-2
-1
0
0
-1
-4
-5
-8
-10
-8
-7
-10
-10
-8
-6
-7
-8
-9
-11
-8
-7
-4
-5
-4
-3
-4
-4
-3
-4
-4
0
0
0
-1
-1
0
0
2
1
-2
-1
0
-1
-1
2
1
-1
1
1
0
-2
-3
0
0
-4
-3
-3
0
-2
-4
-5
-2
0
0
-2
-4
-1
-4
-6
-5
-9
-8
-10
-12
-11
-12
-13
-12
-11
-14
-13
-15
-16
-15
-13
-10
-13
-12
-8
-6
-4
-3
-2
0
1
1
3
4
5
7
11
11
11
12
12
13
13
14
17
18
18
21
20
21
22
19
23
24
20
18
19
18
19
16
13
13
9
5
6
2
-1
-3
-7
-10
-12
-18
-20
-21
-23
-25
-29
-30
-31
-33
-32
-35
-36
-37
-39
-36
-37
-34
-29
-29
-26
-23
-20
-16
-14
-11
-8
-4
2
5
9
13
18
23
27
30
37
37
38
41
43
45
49
51
53
57
57
60
61
59
61
56
54
55
50
48
44
41
37
30
28
20
13
10
1
-8
-16
-26
-33
-40
-46
-52
-58
-63
-71
-75
-76
-80
-83
-84
-86
-84
-81
-80
-76
-71
-68
-61
-55
-48
-41
-34
-28
-20
-13
-7
1
12
20
26
34
41
50
56
62
73
79
86
94
102
109
113
117
119
122
122
122
122
118
114
110
106
99
92
84
72
61
49
34
21
9
-6
-21
-35
-52
-67
-79
-94
-106
-118
-129
-142
-152
-156
-164
-169
-173
-177
-179
-178
-174
-169
-166
-159
-149
-139
-129
-117
-107
-95
-83
-72
-56
-43
-30
-12
3
20
35
52
68
83
96
112
129
144
158
173
185
193
201
212
218
226
228
230
228
226
223
215
206
195
180
164
143
123
102
77
49
23
-4
-33
-67
-97
-125
-154
-179
-204
-226
-244
-260
-273
-283
-290
-297
-300
-299
-296
-289
-283
-272
-260
-245
-230
-215
-197
-179
-159
-141
-121
-99
-78
-54
-27
1
27
54
80
107
134
162
193
222
247
275
300
325
348
371
389
400
411
420
422
423
419
411
396
373
348
317
281
241
198
151
103
51
-7
-60
-118
-171
-222
-271
-316
-359
-392
-419
-442
-461
-470
-477
-478
-471
-465
-453
-438
-418
-397
-377
-355
-333
-312
-288
-261
-234
-211
-182
-151
-121
-88
-52
-16
20
56
96
134
178
223
269
313
355
401
442
479
515
549
575
597
613
624
630
627
613
596
574
542
504
460
412
355
296
233
163
92
23
-49
-117
-183
-247
-303
-356
-403
-442
-475
-501
-521
-535
-543
-544
-540
-535
-525
-516
-504
-489
-477
-464
-448
-431
-412
-393
-374
-351
-327
-302
-274
-244
-212
-177
-140
-103
-61
-20
24
71
115
164
208
252
296
337
379
417
453
488
518
544
568
586
596
604
605
598
586
570
544
515
481
442
397
348
297
243
182
119
62
4
-55
-112
-164
-214
-257
-297
-336
-368
-394
-414
-430
-443
-446
-448
-447
-442
-434
-425
-416
-404
-390
-377
-364
-350
-334
-319
-305
-289
-272
-256
-238
-216
-195
-172
-147
-120
-91
-62
-29
5
37
71
106
141
176
213
249
282
315
347
376
402
426
446
465
483
494
503
508
506
499
490
475
455
430
402
372
338
300
259
212
165
117
66
11
-42
-91
-142
-191
-236
-275
-308
-341
-370
-390
-407
-419
-424
-424
-421
-413
-402
-390
-374
-360
-347
-333
-322
-307
-292
-283
-270
-259
-248
-238
-232
-216
-201
-186
-168
-148
-126
-103
-83
-60
-34
-10
16
44
74
104
137
168
197
230
263
290
317
347
376
402
425
447
463
477
490
499
500
498
492
481
463
438
410
378
342
299
256
210
155
106
54
0
-47
-97
-146
-190
-233
-268
-297
-320
-337
-353
-366
-371
-373
-372
-370
-363
-352
-342
-333
-321
-312
-305
-297
-291
-288
-286
-284
-281
-278
-271
-266
-261
-251
-244
-231
-213
-195
-175
-155
-129
-105
-78
-49
-19
15
47
78
116
153
188
225
264
300
338
371
402
431
461
486
507
525
538
547
546
539
525
510
489
459
425
388
347
305
258
209
155
99
44
-7
-58
-106
-148
-188
-223
-252
-277
-299
-315
-325
-333
-340
-343
-347
-348
-347
-347
-345
-340
-340
-339
-337
-336
-338
-340
-342
-339
-337
-333
-329
-323
-309
-297
-282
-265
-244
-214
-188
-161
-134
-107
-74
-40
-6
30
65
101
136
171
207
246
285
321
357
394
427
459
489
514
534
552
562
568
565
561
548
525
502
470
431
391
348
300
249
193
136
78
16
-38
-92
-142
-185
-224
-258
-285
-307
-322
-335
-344
-348
-350
-348
-349
-347
-341
-338
-331
-324
-319
-311
-310
-308
-306
-306
-303
-304
-305
-306
-302
-298
-290
-280
-269
-252
-233
-215
-190
-163
-138
-110
-84
-57
-24
8
43
80
118
155
189
226
265
306
346
380
414
448
477
504
525
540
551
556
554
544
531
512
489
462
430
396
354
311
262
206
151
91
30
-25
-80
-133
-177
-217
-253
-279
-299
-317
-322
-328
-330
-329
-324
-317
-310
-305
-297
-287
-277
-268
-263
-256
-252
-250
-247
-246
-244
-247
-250
-251
-254
-253
-247
-243
-234
-223
-207
-191
-171
-150
-128
-105
-81
-57
-30
0
28
59
92
125
162
202
240
280
319
356
390
422
451
475
496
513
523
528
528
521
508
492
473
445
413
375
336
292
240
190
136
79
23
-32
-81
-130
-171
-207
-236
-261
-280
-292
-301
-307
-312
-313
-314
-314
-309
-306
-306
-308
-306
-304
-304
-303
-307
-308
-308
-309
-309
-315
-319
-321
-321
-320
-315
-309
-299
-283
-265
-242
-219
-197
-171
-143
-117
-88
-59
-31
4
43
79
117
158
201
244
286
325
364
402
436
470
500
523
544
564
573
573
569
559
542
521
495
463
426
385
339
289
234
176
120
62
8
-42
-88
-134
-170
-198
-223
-240
-253
-262
-271
-276
-280
-281
-281
-284
-286
-286
-289
-293
-293
-297
-301
-302
-306
-311
-316
-324
-332
-342
-350
-354
-355
-355
-350
-338
-325
-306
-283
-260
-234
-203
-173
-142
-107
-71
-33
10
52
96
140
183
227
268
310
349
384
418
452
482
510
536
558
574
582
583
579
566
548
524
493
459
424
386
343
297
246
194
139
83
30
-22
-74
-120
-160
-196
-225
-247
-267
-277
-282
-288
-291
-293
-293
-293
-294
-297
-299
-299
-300
-300
-303
-306
-307
-308
-313
-317
-324
-335
-343
-348
-351
-350
-344
-333
-319
-300
-281
-259
-232
-206
-175
-143
-112
-73
-35
2
41
79
118
159
197
238
278
313
342
373
401
428
456
480
502
522
538
548
551
546
537
520
496
473
443
408
373
337
294
246
199
150
99
46
-6
-56
-102
-145
-182
-211
-233
-253
-265
-270
-274
-277
-279
-278
-283
-286
-287
-293
-299
-298
-298
-297
-295
-296
-295
-298
-302
-306
-314
-318
-318
-316
-313
-307
-294
-281
-264
-238
-212
-185
-159
-131
-102
-73
-45
-16
15
47
79
113
148
180
213
245
273
302
333
357
383
408
429
452
474
489
500
504
502
492
477
455
428
400
366
332
293
251
206
163
113
63
18
-32
-80
-123
-162
-193
-216
-234
-245
-251
-256
-257
-254
-255
-256
-257
-260
-266
-272
-277
-283
-287
-289
-290
-290
-290
-289
-294
-301
-308
-316
-322
-324
-319
-309
-295
-276
-250
-224
-198
-172
-148
-124
-98
-73
-51
-30
-6
19
44
74
107
141
172
204
235
265
297
327
359
393
426
458
488
516
535
545
548
541
529
509
482
453
416
375
331
283
234
181
130
74
12
-47
-104
-158
-205
-242
-270
-287
-297
-295
-288
-281
-272
-266
-264
-263
-266
-270
-273
-278
-285
-290
-292
-294
-293
-294
-297
-301
-305
-314
-327
-334
-339
-337
-327
-313
-291
-265
-237
-208
-181
-158
-135
-112
-93
-71
-47
-19
11
39
72
109
146
184
220
260
299
336
376
415
458
505
548
591
626
650
668
670
657
634
600
556
507
456
402
348
291
232
170
104
31
-43
-117
-187
-247
-294
-329
-347
-351
-344
-327
-305
-281
-259
-239
-224
-218
-217
-224
-236
-251
-267
-286
-302
-319
-332
-342
-356
-372
-383
-397
-408
-416
-419
-415
-405
-387
-362
-330
-292
-257
-216
-175
-141
-104
-68
-35
2
40
74
110
144
174
209
244
275
316
363
414
473
532
591
651
705
751
785
802
803
785
752
705
644
574
501
427
352
270
187
104
16
-76
-163
-250
-328
-393
-441
-471
-484
-481
-461
-428
-388
-343
-294
-248
-206
-168
-145
-138
-141
-156
-182
-213
-250
-287
-320
-350
-378
-403
-423
-440
-458
-478
-495
-505
-516
-517
-505
-481
-445
-397
-336
-272
-207
-143
-87
-34
17
67
119
169
222
279
339
398
459
519
580
645
715
791
871
949
1016
1069
1098
1099
1066
1005
917
806
683
550
411
278
148
23
-98
-218
-333
-441
-544
-636
-708
-760
-787
-782
-749
-683
-589
-475
-349
-224
-104
-2
82
140
169
171
141
87
11
-83
-188
-298
-405
-511
-613
-705
-789
-860
-914
-951
-963
-950
-912
-849
-764
-661
-545
-423
-297
-174
-55
62
172
274
369
453
531
603
665
726
783
838
896
964
1048
1149
1264
1386
1497
1587
1631
1613
1526
1369
1154
895
614
335
70
-169
-378
-558
-711
-847
-974
-1093
-1188
-1254
-1282
-1258
-1174
-1030
-833
-600
-344
-83
156
365
530
648
720
744
725
666
562
416
223
-8
-271
-557
-854
-1143
-1404
-1617
-1764
-1834
-1827
-1749
-1609
-1427
-1219
-994
-767
-547
-332
-127
70
258
430
578
699
790
854
898
922
937
947
958
981
1021
1095
1212
1375
1580
1811
2037
2214
2293
2238
2023
1657
1173
625
67
-441
-860
-1172
-1380
-1496
-1551
-1570
-1570
-1558
-1531
-1464
-1341
-1139
-850
-484
-66
365
765
1095
1324
1433
1425
1313
1123
881
614
337
53
-251
-582
-941
-1317
-1691
-2023
-2279
-2425
-2439
-2326
-2089
-1756
-1375
-978
-607
-286
-24
175
326
440
530
588
616
611
572
504
419
332
258
217
221
283
403
580
815
1100
1423
1778
2143
2488
2761
2910
2871
2614
2144
1492
731
-52
-780
-1384
-1832
-2109
-2231
-2221
-2119
-1964
-1775
-1562
-1320
-1026
-669
-251
216
695
1138
1504
1747
1843
1776
1561
1228
815
380
-35
-406
-718
-988
-1237
-1478
-1719
-1944
-2118
-2210
-2179
-2004
-1699
-1287
-818
-353
53
349
516
556
492
364
209
65
-54
-147
-212
-263
-298
-314
-317
-282
-197
-48
170
451
781
1149
1535
1922
2302
2663
2978
3201
3275
3143
2765
2129
1280
303
-697
-1600
-2309
-2761
-2936
-2860
-2586
-2179
-1707
-1237
-793
-384
0
381
760
1130
1466
1731
1874
1867
1697
1364
895
342
-230
-749
-1165
-1435
-1558
-1565
-1498
-1405
-1318
-1250
-1196
-1126
-1026
-868
-656
-408
-145
88
263
351
339
233
55
-171
-416
-650
-846
-980
-1038
-1018
-918
-750
-530
-277
0
288
578
855
1107
1324
1509
1671
1834
2025
2252
2513
2761
2930
2938
2696
2175
1384
398
-655
-1630
-2383
-2818
-2900
-2664
-2193
-1596
-984
-437
-15
285
486
636
775
921
1081
1212
1267
1203
986
619
133
-399
-900
-1292
-1516
-1552
-1409
-1148
-845
-575
-400
-341
-393
-517
-656
-763
-808
-787
-713
-618
-538
-500
-517
-579
-663
-734
-763
-730
-635
-489
-320
-152
-11
102
195
285
402
555
755
994
1249
1500
1724
1916
2078
2217
2338
2428
2446
2347
2079
1605
934
120
-744
-1529
-2128
-2455
-2476
-2213
-1730
-1136
-527
10
415
674
801
841
840
831
822
799
731
581
335
0
-390
-779
-1098
-1290
-1318
-1187
-933
-618
-323
-121
-49
-116
-281
-485
-670
-778
-802
-754
-665
-579
-526
-520
-558
-620
-670
-684
-648
-549
-411
-257
-119
-16
53
95
132
188
280
417
594
795
1000
1198
1380
1549
1717
1901
2097
2282
2405
2405
2204
1765
1099
259
-643
-1473
-2103
-2436
-2437
-2130
-1595
-955
-323
205
572
764
823
800
746
694
651
597
497
316
42
-304
-674
-1014
-1254
-1341
-1256
-1023
-700
-363
-81
83
106
13
-148
-333
-505
-627
-682
-687
-673
-663
-665
-684
-713
-737
-723
-659
-556
-423
-280
-152
-53
17
62
106
157
223
311
416
531
648
761
874
990
1121
1288
1506
1765
2043
2291
2439
2419
2180
1697
1003
173
-685
-1449
-2004
-2273
-2230
-1912
-1402
-808
-238
230
548
716
760
721
640
545
440
324
178
-15
-261
-545
-826
-1056
-1185
-1178
-1032
-771
-459
-162
64
179
168
51
-137
-350
-544
-695
-783
-809
-795
-752
-693
-618
-522
-412
-293
-173
-77
-30
-43
-115
-224
-327
-393
-385
-284
-102
133
384
607
769
857
869
838
808
826
937
1165
1496
1879
2230
2464
2496
2272
1782
1073
232
-624
-1363
-1878
-2101
-2031
-1717
-1246
-726
-252
114
347
454
472
435
380
334
284
220
120
-40
-257
-514
-764
-948
-1025
-963
-764
-476
-164
100
254
269
149
-69
-334
-593
-797
-926
-964
-928
-842
-737
-639
-559
-496
-439
-384
-324
-259
-198
-145
-97
-57
-14
44
113
198
307
428
555
684
802
915
1033
1163
1319
1502
1693
1856
1948
1926
1758
1436
975
409
-206
-797
-1286
-1605
-1705
-1586
-1278
-852
-393
25
345
539
611
582
485
349
207
75
-50
-171
-296
-429
-564
-682
-746
-731
-629
-444
-219
-1
158
215
154
-14
-255
-522
-762
-926
-995
-967
-856
-700
-534
-387
-282
-212
-173
-151
-124
-92
-54
-16
3
-10
-56
-130
-207
-252
-235
-139
31
241
451
625
738
784
795
813
883
1039
1291
1619
1965
2247
2386
2310
1979
1393
607
-271
-1109
-1777
-2167
-2226
-1972
-1485
-885
-301
173
475
597
576
462
314
183
95
40
-4
-72
-199
-387
-607
-811
-935
-933
-792
-543
-246
23
202
251
158
-52
-333
-618
-849
-986
-1004
-912
-752
-569
-403
-291
-241
-240
-264
-295
-314
-307
-275
-210
-118
-9
111
227
334
429
515
596
671
739
810
893
1007
1164
1361
1569
1743
1837
1812
1654
1366
975
516
22
-465
-896
-1218
-1395
-1405
-1251
-973
-621
-257
71
325
482
538
505
400
256
100
-47
-169
-270
-361
-445
-529
-592
-618
-597
-526
-417
-299
-197
-139
-134
-187
-293
-431
-570
-684
-747
-744
-677
-568
-435
-312
-217
-155
-125
-116
-123
-131
-132
-120
-100
-74
-48
-34
-32
-31
-19
29
110
219
342
456
553
625
689
763
862
1005
1186
1405
1629
1812
1911
1875
1678
1305
775
138
-538
-1157
-1629
-1882
-1883
-1645
-1228
-717
-207
224
524
669
672
568
404
222
49
-92
-206
-307
-411
-524
-634
-716
-743
-693
-567
-380
-177
-11
84
94
11
-139
-324
-501
-632
-699
-696
-638
-555
-479
-425
-404
-403
-410
-409
-391
-351
-292
-217
-122
-12
107
225
334
429
514
586
653
717
782
857
955
1085
1248
1428
1576
1651
1621
1472
1215
878
496
87
-317
-688
-992
-1189
-1253
-1180
-986
-712
-402
-108
140
315
402
391
296
148
-20
-174
-290
-372
-425
-468
-508
-534
-538
-505
-436
-339
-232
-135
-62
-28
-41
-104
-209
-342
-471
-567
-611
-595
-533
-450
-363
-291
-237
-196
-166
-143
-120
-92
-52
-8
34
74
98
118
142
190
272
374
473
536
529
448
305
140
11
-31
52
272
604
1001
1388
1687
1848
1846
1680
1385
1001
566
112
-332
-738
-1078
-1318
-1432
-1414
-1262
-994
-642
-251
125
428
606
634
515
295
28
-225
-419
-536
-582
-566
-513
-441
-364
-293
-239
-199
-170
-144
-119
-101
-103
-137
-212
-320
-440
-550
-628
-662
-649
-597
-517
-428
-345
-286
-255
-238
-221
-178
-97
18
156
291
405
489
545
588
633
703
814
975
1180
1399
1585
1688
1670
1528
1285
984
661
332
6
-320
-637
-913
-1116
-1204
-1161
-993
-727
-401
-65
233
450
553
527
389
186
-30
-206
-320
-373
-393
-400
-409
-419
-421
-405
-368
-316
-250
-181
-120
-82
-88
-153
-271
-418
-555
-649
-676
-637
-559
-464
-373
-294
-235
-196
-177
-177
-180
-170
-138
-78
-7
51
88
106
126
172
248
344
425
458
428
345
246
171
155
220
383
635
956
1307
1616
1825
1887
1780
1525
1155
704
208
-302
-781
-1186
-1472
-1598
-1544
-1339
-1016
-623
-218
154
446
623
657
557
357
105
-136
-333
-475
-571
-640
-680
-690
-662
-586
-473
-334
-195
-70
23
68
57
-19
-150
-308
-451
-541
-559
-508
-414
-312
-234
-202
-217
-276
-355
-431
-477
-459
-364
-198
10
218
397
521
597
631
640
659
703
792
938
1140
1361
1552
1665
1658
1534
1320
1061
793
507
192
-171
-560
-931
-1221
-1367
-1348
-1173
-868
-493
-106
245
496
608
569
414
191
-31
-201
-311
-375
-428
-497
-578
-647
-679
-648
-554
-418
-269
-135
-42
-12
-55
-166
-322
-488
-613
-672
-660
-601
-530
-475
-453
-455
-464
-465
-448
-420
-377
-321
-248
-151
-40
69
154
222
276
325
394
486
597
721
853
998
1166
1360
1562
1734
1832
1818
1682
1432
1086
674
213
-271
-737
-1127
-1381
-1459
-1355
-1092
-732
-345
15
307
506
604
603
528
394
228
57
-114
-283
-453
-616
-749
-822
-808
-700
-522
-313
-120
15
73
52
-31
-163
-313
-451
-558
-616
-623
-595
-551
-511
-479
-450
-413
-360
-292
-209
-141
-98
-73
-68
-69
-66
-49
-9
60
164
290
412
500
510
435
295
140
59
101
290
606
982
1350
1651
1851
1941
1916
1792
1566
1234
808
312
-225
-752
-1207
-1526
-1652
-1567
-1282
-854
-366
89
438
644
708
663
548
399
237
68
-107
-295
-496
-686
-841
-919
-897
-767
-548
-295
-69
66
78
-21
-194
-385
-539
-625
-635
-594
-534
-491
-472
-477
-494
-498
-478
-425
-351
-271
-202
-159
-137
-120
-78
1
120
270
406
494
518
474
399
342
349
446
637
895
1176
1429
1605
1677
1642
1508
1307
1059
770
430
46
-365
-766
-1096
-1298
-1336
-1205
-948
-617
-268
43
275
415
465
442
377
296
209
105
-25
-188
-372
-547
-675
-726
-684
-570
-419
-271
-165
-120
-149
-238
-358
-478
-575
-639
-670
-694
-722
-756
-789
-795
-755
-664
-543
-418
-307
-224
-162
-111
-60
2
81
184
316
478
653
820
957
1064
1163
1279
1431
1610
1769
1849
1805
1620
1317
942
534
116
-290
-660
-968
-1172
-1253
-1202
-1038
-791
-498
-192
102
357
542
636
642
577
462
318
157
-14
-203
-391
-556
-673
-711
-669
-562
-423
-281
-154
-67
-26
-46
-128
-252
-401
-554
-684
-775
-825
-834
-810
-750
-665
-562
-460
-370
-296
-245
-208
-181
-161
-149
-146
-142
-130
-96
-31
61
168
276
368
440
494
535
590
691
859
1103
1411
1733
2003
2154
2141
1961
1626
1172
639
72
-470
-939
-1297
-1513
-1577
-1506
-1318
-1041
-696
-313
70
411
663
808
842
773
627
427
193
-58
-303
-516
-683
-789
-824
-786
-694
-567
-426
-301
-214
-185
-209
-275
-367
-465
-556
-625
-677
-708
-714
-701
-673
-633
-593
-553
-515
-479
-445
-408
-361
-298
-199
-70
85
253
404
539
658
768
870
966
1049
1125
1208
1319
1460
1608
1722
1747
1653
1441
1135
770
371
-38
-428
-769
-1023
-1164
-1191
-1113
-958
-753
-516
-258
-1
235
418
532
578
560
494
385
234
57
-141
-333
-488
-593
-639
-631
-585
-516
-437
-358
-294
-261
-268
-314
-389
-473
-554
-622
-670
-701
-715
-699
-661
-606
-536
-462
-392
-322
-257
-204
-161
-133
-113
-88
-46
26
128
246
365
470
561
643
727
820
936
1078
1240
1425
1624
1800
1918
1941
1837
1594
1233
787
302
-177
-608
-962
-1222
-1376
-1428
-1377
-1238
-1027
-755
-446
-131
163
403
573
666
688
644
542
389
198
-22
-248
-457
-627
-738
-788
-773
-720
-652
-585
-535
-508
-488
-460
-420
-375
-340
-334
-365
-421
-487
-541
-567
-567
-542
-509
-475
-444
-420
-387
-336
-262
-162
-43
88
213
324
425
521
625
737
853
958
1052
1138
1239
1372
1528
1678
1773
1772
1652
1418
1089
701
294
-103
-460
-751
-964
-1102
-1166
-1154
-1070
-918
-710
-464
-210
23
216
366
473
535
553
521
432
294
115
-87
-286
-464
-605
-701
-755
-775
-776
-774
-776
-779
-768
-733
-676
-601
-531
-480
-455
-448
-445
-431
-416
-399
-393
-407
-433
-460
-479
-471
-433
-363
-266
-150
-24
108
250
405
571
739
902
1044
1164
1275
1394
1533
1689
1832
1919
1914
1785
1547
1219
830
424
21
-353
-687
-964
-1167
-1292
-1322
-1256
-1102
-884
-622
-351
-94
134
330
494
613
684
697
644
532
368
173
-36
-243
-430
-586
-704
-788
-845
-887
-917
-932
-923
-878
-793
-685
-583
-502
-450
-422
-397
-375
-355
-340
-346
-372
-410
-446
-466
-469
-446
-397
-326
-229
-116
9
143
290
446
614
783
944
1091
1229
1368
1514
1674
1826
1936
1967
1892
1709
1442
1110
734
333
-66
-442
-769
-1032
-1220
-1326
-1351
-1294
-1165
-980
-749
-496
-235
22
257
453
602
693
726
708
636
518
362
169
-45
-260
-458
-629
-768
-879
-978
-1061
-1116
-1136
-1103
-1021
-909
-783
-666
-560
-463
-379
-306
-250
-213
-198
-204
-225
-251
-277
-300
-313
-308
-278
-224
-149
-50
67
209
375
554
743
928
1110
1302
1505
1723
1929
2089
2167
2139
2008
1778
1469
1094
673
227
-216
-617
-962
-1232
-1424
-1535
-1562
-1512
-1382
-1183
-933
-655
-367
-83
185
423
609
750
827
836
787
680
525
340
129
-94
-322
-541
-744
-931
-1097
-1234
-1331
-1373
-1347
-1259
-1133
-985
-835
-687
-538
-384
-241
-113
-12
50
83
84
59
24
-21
-74
-115
-139
-142
-114
-56
28
135
266
429
613
814
1032
1259
1507
1765
2006
2191
2275
2246
2109
1876
1569
1199
776
321
-138
-569
-948
-1260
-1495
-1648
-1715
-1699
-1611
-1453
-1233
-964
-659
-340
-28
259
513
725
888
982
1006
959
842
672
458
213
-59
-347
-649
-950
-1223
-1442
-1580
-1646
-1655
-1610
-1528
-1401
-1230
-1020
-791
-570
-363
-186
-26
113
221
300
333
329
301
262
226
204
196
195
206
229
278
370
498
657
831
1031
1261
1521
1788
2008
2150
2189
2124
1976
1754
1468
1114
710
275
-154
-560
-925
-1238
-1493
-1676
-1778
-1797
-1735
-1598
-1396
-1147
-858
-545
-222
97
391
645
845
982
1060
1072
1015
893
710
478
210
-94
-429
-781
-1125
-1415
-1628
-1765
-1834
-1852
-1820
-1722
-1549
-1313
-1043
-775
-521
-286
-67
138
318
461
558
613
637
643
638
619
583
537
490
457
452
480
543
632
745
897
1101
1340
1579
1764
1859
1856
1781
1665
1515
1314
1044
700
312
-74
-431
-743
-1020
-1274
-1491
-1652
-1731
-1715
-1630
-1494
-1325
-1122
-870
-576
-257
59
343
592
801
971
1088
1134
1100
986
807
574
288
-46
-412
-773
-1099
-1379
-1609
-1798
-1939
-2005
-1980
-1867
-1686
-1474
-1246
-1000
-723
-425
-130
138
359
539
684
809
914
991
1032
1034
1009
975
952
951
954
961
978
1028
1139
1300
1464
1566
1569
1492
1384
1283
1183
1040
820
526
209
-71
-298
-499
-714
-955
-1182
-1337
-1401
-1398
-1368
-1338
-1289
-1188
-1013
-776
-527
-296
-91
110
325
538
723
841
887
879
832
743
583
334
12
-332
-652
-936
-1199
-1456
-1692
-1866
-1943
-1921
-1832
-1705
-1549
-1359
-1127
-867
-592
-326
-72
164
386
595
787
963
1107
1202
1253
1270
1285
1310
1335
1335
1313
1303
1346
1462
1604
1685
1646
1502
1334
1213
1129
1004
770
445
107
-155
-325
-475
-670
-914
-1149
-1298
-1338
-1313
-1285
-1286
-1283
-1215
-1060
-845
-622
-431
-260
-76
141
368
561
691
757
794
805
769
643
403
87
-231
-499
-737
-985
-1265
-1536
-1732
-1816
-1814
-1778
-1739
-1681
-1562
-1370
-1128
-877
-642
-413
-164
115
401
674
910
1101
1251
1367
1472
1564
1642
1693
1708
1717
1753
1839
1938
1972
1879
1665
1425
1240
1100
924
645
272
-95
-365
-524
-655
-839
-1078
-1291
-1394
-1378
-1312
-1269
-1266
-1247
-1146
-950
-712
-496
-324
-169
16
238
464
645
750
800
832
851
824
697
454
146
-149
-384
-590
-827
-1113
-1397
-1600
-1687
-1688
-1681
-1694
-1686
-1606
-1433
-1208
-992
-806
-618
-389
-104
205
486
710
887
1039
1188
1334
1458
1544
1597
1630
1674
1753
1863
1968
2004
1925
1755
1566
1414
1288
1119
837
466
102
-170
-349
-522
-760
-1048
-1295
-1422
-1434
-1404
-1412
-1449
-1444
-1342
-1145
-924
-738
-582
-414
-189
72
327
534
683
814
926
992
970
835
635
410
185
-56
-340
-649
-946
-1193
-1383
-1539
-1673
-1784
-1836
-1817
-1741
-1626
-1487
-1321
-1125
-885
-609
-311
-8
278
545
803
1059
1311
1543
1728
1865
1975
2092
2246
2409
2513
2500
2360
2155
1964
1797
1600
1304
907
478
101
-197
-468
-773
-1123
-1449
-1669
-1772
-1798
-1818
-1855
-1856
-1762
-1557
-1295
-1041
-827
-619
-366
-69
231
479
662
809
956
1090
1160
1112
943
729
525
327
88
-229
-588
-910
-1142
-1308
-1467
-1651
-1829
-1925
-1901
-1795
-1670
-1566
-1447
-1257
-978
-642
-315
-26
242
518
816
1114
1381
1593
1765
1919
2071
2234
2400
2533
2584
2525
2384
2218
2070
1910
1674
1332
919
526
208
-64
-368
-738
-1122
-1429
-1610
-1713
-1814
-1936
-2036
-2033
-1893
-1673
-1453
-1268
-1074
-824
-517
-197
74
285
470
661
842
966
1003
959
872
766
630
439
184
-96
-368
-612
-836
-1061
-1281
-1473
-1612
-1685
-1709
-1697
-1652
-1563
-1414
-1205
-955
-685
-410
-133
163
478
808
1125
1407
1655
1883
2117
2356
2566
2695
2713
2643
2540
2430
2297
2088
1778
1409
1038
702
387
41
-354
-755
-1104
-1369
-1574
-1764
-1957
-2117
-2189
-2159
-2053
-1919
-1767
-1583
-1336
-1035
-712
-401
-119
151
406
626
792
891
937
934
889
795
649
463
254
33
-200
-443
-690
-925
-1130
-1298
-1428
-1520
-1574
-1584
-1542
-1442
-1291
-1090
-857
-597
-309
13
360
711
1048
1367
1676
1978
2257
2485
2636
2715
2742
2729
2664
2517
2286
1990
1667
1341
995
617
204
-215
-595
-929
-1226
-1501
-1755
-1959
-2095
-2162
-2172
-2140
-2075
-1959
-1784
-1561
-1310
-1046
-780
-512
-255
-10
214
401
543
630
672
681
647
572
454
294
113
-66
-243
-419
-599
-776
-927
-1042
-1120
-1165
-1183
-1156
-1072
-934
-755
-556
-333
-83
201
516
840
1156
1450
1724
1977
2191
2361
2473
2528
2529
2475
2363
2193
1972
1711
1415
1098
756
397
34
-321
-660
-975
-1260
-1505
-1709
-1862
-1962
-2008
-2005
-1951
-1851
-1710
-1531
-1338
-1135
-930
-721
-508
-308
-134
7
117
205
269
305
307
269
200
113
11
-113
-255
-403
-536
-645
-732
-802
-852
-868
-835
-758
-646
-504
-332
-124
124
396
674
946
1204
1449
1677
1871
2019
2122
2179
2200
2176
2089
1953
1778
1574
1341
1073
777
470
168
-120
-398
-663
-910
-1125
-1304
-1444
-1550
-1622
-1656
-1640
-1579
-1486
-1374
-1245
-1106
-953
-788
-627
-473
-338
-218
-118
-37
24
58
63
47
18
-19
-71
-135
-211
-291
-360
-422
-480
-536
-581
-597
-580
-531
-452
-347
-213
-44
163
392
637
883
1122
1350
1561
1739
1880
1989
2058
2077
2047
1965
1843
1684
1491
1263
999
714
423
133
-159
-450
-728
-974
-1178
-1339
-1467
-1566
-1627
-1638
-1596
-1522
-1431
-1334
-1218
-1076
-917
-760
-629
-522
-423
-318
-218
-148
-115
-111
-112
-108
-110
-147
-214
-293
-363
-414
-452
-490
-533
-556
-545
-496
-417
-321
-202
-56
126
335
558
779
992
1193
1379
1548
1693
1808
1886
1928
1935
1912
1857
1770
1641
1471
1272
1047
808
558
294
23
-250
-508
-738
-937
-1110
-1263
-1383
-1461
-1493
-1489
-1463
-1422
-1366
-1284
-1172
-1043
-913
-799
-698
-595
-482
-378
-301
-258
-236
-209
-179
-163
-172
-212
-262
-299
-323
-340
-367
-399
-416
-400
-347
-279
-202
-105
23
199
401
612
812
999
1187
1375
1549
1695
1799
1854
1871
1859
1811
1725
1595
1415
1202
971
733
491
238
-27
-283
-520
-723
-894
-1044
-1180
-1289
-1353
-1371
-1355
-1327
-1293
-1244
-1165
-1054
-935
-828
-744
-664
-575
-481
-404
-362
-346
-334
-317
-293
-289
-310
-340
-360
-361
-356
-356
-361
-353
-319
-253
-165
-63
56
201
373
567
763
952
1131
1296
1444
1574
1675
1752
1791
1789
1751
1676
1575
1445
1281
1090
882
660
435
204
-33
-265
-480
-673
-842
-997
-1131
-1241
-1320
-1363
-1377
-1374
-1354
-1311
-1238
-1143
-1043
-941
-838
-733
-627
-532
-455
-399
-352
-310
-276
-251
-242
-243
-249
-255
-260
-272
-285
-295
-289
-265
-220
-151
-59
51
184
346
525
719
914
1094
1268
1435
1590
1730
1833
1887
1899
1882
1839
1758
1624
1438
1220
990
747
481
191
-108
-387
-635
-858
-1070
-1271
-1436
-1545
-1603
-1626
-1635
-1624
-1575
-1473
-1335
-1194
-1063
-945
-815
-670
-529
-413
-332
-275
-217
-164
-127
-119
-134
-159
-184
-200
-218
-236
-251
-253
-231
-183
-107
-13
95
221
372
551
749
940
1108
1251
1384
1515
1633
1710
1740
1731
1706
1673
1609
1496
1329
1132
937
740
523
276
11
-234
-446
-634
-821
-1005
-1169
-1299
-1387
-1458
-1521
-1567
-1581
-1557
-1506
-1445
-1378
-1298
-1195
-1077
-954
-834
-714
-601
-490
-384
-290
-208
-140
-88
-47
-9
30
67
94
117
145
193
257
336
422
521
644
786
926
1047
1148
1244
1348
1448
1517
1546
1545
1531
1513
1466
1369
1226
1057
883
700
499
270
34
-187
-386
-570
-748
-922
-1067
-1181
-1271
-1344
-1397
-1417
-1402
-1363
-1311
-1253
-1183
-1089
-986
-890
-807
-735
-658
-579
-515
-471
-442
-417
-387
-353
-320
-291
-253
-206
-143
-66
23
133
253
393
553
728
913
1086
1233
1356
1470
1581
1674
1727
1722
1679
1627
1567
1479
1340
1146
931
722
521
309
66
-190
-421
-605
-762
-908
-1056
-1187
-1279
-1326
-1342
-1352
-1355
-1336
-1285
-1205
-1116
-1027
-940
-849
-749
-652
-559
-479
-408
-351
-304
-265
-228
-194
-163
-130
-101
-68
-17
45
114
185
264
364
482
619
759
882
989
1088
1199
1312
1401
1450
1458
1446
1429
1408
1356
1252
1106
942
785
626
443
223
-18
-242
-433
-601
-776
-961
-1134
-1264
-1344
-1391
-1436
-1478
-1493
-1458
-1380
-1290
-1209
-1132
-1039
-920
-786
-665
-567
-482
-394
-303
-214
-138
-79
-29
26
87
156
229
303
378
448
532
639
761
886
990
1072
1147
1235
1334
1408
1432
1411
1381
1360
1335
1267
1131
956
785
633
479
288
49
-191
-383
-532
-674
-835
-1011
-1155
-1232
-1259
-1275
-1307
-1335
-1320
-1249
-1153
-1068
-1001
-937
-850
-746
-656
-589
-540
-493
-436
-383
-339
-307
-268
-214
-158
-94
-21
65
172
282
392
515
661
819
962
1072
1161
1264
1385
1485
1527
1514
1485
1470
1451
1381
1242
1069
908
774
624
420
171
-63
-242
-388
-554
-761
-963
-1104
-1172
-1217
-1290
-1379
-1426
-1395
-1318
-1258
-1232
-1202
-1122
-999
-880
-803
-754
-686
-582
-471
-388
-334
-272
-180
-70
20
95
177
278
393
493
584
691
810
929
1013
1059
1116
1203
1289
1322
1292
1246
1229
1236
1201
1089
935
799
708
618
464
258
58
-87
-193
-322
-506
-697
-827
-889
-940
-1026
-1128
-1189
-1175
-1123
-1092
-1090
-1077
-1005
-897
-806
-749
-699
-629
-537
-453
-389
-332
-264
-183
-108
-48
19
105
204
289
357
434
546
668
759
809
850
927
1033
1111
1119
1086
1068
1087
1095
1036
912
780
687
610
492
310
109
-53
-174
-300
-468
-654
-798
-882
-942
-1019
-1108
-1157
-1138
-1082
-1033
-1000
-955
-864
-734
-617
-531
-459
-373
-268
-172
-109
-62
-9
54
110
151
182
226
283
336
382
429
496
578
638
666
691
743
812
854
843
808
789
796
793
733
623
512
433
365
263
115
-45
-177
-275
-375
-509
-653
-758
-815
-856
-907
-958
-981
-955
-904
-862
-821
-769
-687
-587
-495
-419
-346
-260
-167
-81
-12
52
121
194
263
330
391
452
509
560
621
692
758
800
811
810
833
875
891
856
782
719
693
670
599
474
333
222
147
56
-80
-251
-407
-517
-605
-703
-824
-936
-1007
-1040
-1053
-1063
-1065
-1043
-991
-919
-837
-757
-670
-576
-473
-366
-260
-160
-67
20
105
189
266
332
390
443
503
559
602
631
654
688
729
754
747
725
715
728
738
714
653
586
546
528
495
414
300
195
126
71
-4
-115
-240
-339
-407
-459
-518
-589
-650
-681
-676
-655
-633
-616
-595
-559
-499
-431
-380
-346
-323
-293
-245
-185
-143
-128
-125
-112
-72
-20
14
26
32
53
98
144
169
185
201
230
267
299
318
328
347
373
394
404
403
402
407
402
389
365
333
302
263
218
168
121
76
34
-8
-50
-83
-107
-124
-145
-169
-194
-216
-234
-249
-270
-291
-309
-327
-340
-346
-343
-337
-330
-321
-312
-291
-259
-226
-198
-173
-143
-104
-62
-27
1
29
57
89
121
141
155
170
189
212
227
232
234
236
238
239
237
223
211
204
195
181
159
136
110
85
61
29
-3
-31
-58
-77
-101
-127
-148
-164
-173
-179
-186
-195
-199
-194
-185
-172
-157
-145
-134
-114
-92
-71
-48
-35
-22
-3
15
32
48
62
75
85
102
117
127
135
138
144
152
158
163
161
154
149
148
149
143
128
111
92
78
64
42
15
-16
-48
-75
-104
-133
-159
-180
-195
-204
-208
-205
-201
-195
-187
-177
-159
-136
-119
-106
-91
-76
-57
-34
-15
3
17
28
47
64
75
88
94
101
113
116
118
120
123
125
129
131
135
137
137
132
124
116
106
99
83
61
39
18
2
-14
-33
-53
-73
-88
-95
-104
-110
-118
-123
-120
-112
-102
-95
-86
-74
-59
-45
-32
-17
-9
3
15
23
29
29
29
27
27
28
22
19
15
14
11
11
8
9
8
9
12
12
19
24
33
44
54
63
68
71
75
81
87
86
82
76
72
70
66
57
41
27
17
7
-2
-17
-36
-56
-72
-83
-98
-116
-130
-140
-142
-144
-144
-142
-137
-124
-106
-87
-67
-48
-28
-10
12
34
58
76
88
103
115
127
136
137
129
118
108
96
84
63
38
19
2
-8
-22
-37
-47
-53
-52
-51
-52
-48
-42
-34
-23
-18
-13
-9
-3
0
8
16
19
18
11
2
-1
-4
-6
-14
-26
-32
-39
-41
-42
-48
-54
-56
-50
-44
-40
-33
-30
-25
-16
-11
-4
-1
5
13
21
30
38
43
50
55
57
62
70
76
78
79
82
87
91
88
81
71
63
61
51
36
20
-4
-26
-42
-62
-82
-103
-123
-138
-147
-154
-155
-156
-158
-153
-145
-129
-109
-93
-80
-67
-50
-28
-10
2
13
23
33
46
55
58
58
58
59
56
53
53
49
43
39
35
36
39
42
38
31
32
37
38
34
29
20
15
15
16
13
5
-2
-8
-10
-15
-18
-23
-29
-30
-30
-29
-29
-31
-31
-32
-31
-26
-23
-25
-30
-30
-26
-26
-29
-34
-34
-33
-32
-32
-31
-25
-17
-10
-3
3
13
24
34
42
52
58
68
76
79
80
78
76
71
65
56
46
36
28
19
9
-3
-8
-18
-26
-31
-36
-37
-34
-34
-35
-37
-35
-32
-33
-36
-38
-38
-34
-34
-35
-36
-38
-37
-33
-36
-32
-27
-27
-20
-17
-13
-12
-12
-11
-12
-8
-3
-2
0
6
10
9
12
13
12
11
10
8
3
1
2
6
11
14
14
17
26
36
45
51
51
54
60
63
64
62
61
58
56
53
48
42
31
22
18
11
8
6
5
4
4
6
6
4
1
2
6
11
16
18
16
17
17
15
9
6
4
1
-3
-8
-7
-8
-5
-2
-1
1
2
4
5
4
1
-2
-4
-7
-6
-8
-13
-16
-22
-25
-26
-29
-30
-33
-33
-31
-28
-24
-22
-17
-10
-2
7
15
24
29
36
45
46
48
47
46
45
40
37
28
18
11
5
0
-4
-10
-14
-17
-17
-17
-20
-22
-24
-25
-21
-17
-16
-16
-15
-12
-12
-12
-12
-17
-19
-25
-28
-32
-38
-41
-46
-48
-44
-44
-45
-43
-36
-35
-31
-24
-21
-19
-15
-9
-3
4
8
10
12
17
17
16
18
18
19
22
23
25
27
30
32
32
32
32
34
36
34
35
35
31
28
23
21
13
7
2
-4
-5
-10
-12
-14
-16
-18
-20
-19
-22
-23
-26
-25
-23
-22
-19
-19
-22
-17
-18
-20
-22
-27
-31
-36
-40
-44
-51
-56
-58
-60
-62
-59
-60
-53
-45
-42
-33
-27
-23
-18
-13
-8
-1
9
12
18
28
37
46
53
60
66
73
77
80
78
76
73
71
67
64
62
59
57
52
46
39
33
27
18
10
0
-8
-17
-26
-34
-39
-45
-46
-43
-44
-40
-39
-35
-31
-27
-22
-21
-18
-12
-8
-8
-5
-4
-2
-3
-4
-7
-10
-7
-11
-18
-24
-29
-31
-30
-29
-27
-23
-13
-2
9
20
30
39
49
56
63
66
71
71
69
69
65
63
62
55
47
41
35
25
16
6
-5
-15
-22
-30
-39
-45
-49
-52
-51
-51
-56
-59
-60
-62
-61
-60
-61
-60
-58
-51
-48
-45
-36
-31
-26
-19
-13
-7
-1
3
7
12
15
18
21
26
27
27
29
28
25
24
22
20
16
12
7
1
-1
0
-3
-1
0
1
8
12
17
21
22
24
24
22
20
16
14
13
10
9
8
6
6
8
8
6
8
7
4
3
1
-3
0
2
2
3
4
6
7
11
11
11
10
8
9
6
4
2
1
0
3
5
9
9
7
8
7
9
6
4
1
-2
-3
-5
-10
-13
-16
-19
-20
-21
-20
-25
-29
-33
-37
-41
-46
-47
-49
-51
-50
-48
-47
-46
-44
-40
-36
-32
-28
-24
-22
-17
-14
-11
-6
0
9
17
22
26
31
38
43
49
51
52
59
60
59
55
51
49
45
44
42
38
37
35
30
27
22
20
20
17
15
11
9
11
10
13
13
11
14
9
9
8
1
-5
-11
-15
-21
-29
-33
-37
-41
-45
-47
-48
-52
-56
-56
-59
-61
-59
-59
-58
-52
-45
-41
-32
-22
-12
-3
4
8
16
24
29
36
37
40
43
42
47
48
52
54
52
54
53
49
44
41
36
30
26
19
12
5
0
-2
-5
-6
-7
-8
-4
-5
-6
-6
-7
-9
-10
-9
-10
-10
-9
-12
-15
-17
-19
-21
-24
-29
-33
-38
-45
-49
-53
-57
-58
-62
-59
-57
-56
-53
-55
-52
-46
-39
-31
-25
-17
-7
5
14
23
32
41
50
62
72
77
77
77
77
77
75
70
67
60
54
50
46
38
32
29
24
19
11
0
-8
-15
-18
-22
-27
-27
-27
-24
-20
-21
-23
-21
-19
-18
-16
-16
-16
-17
-16
-17
-21
-23
-23
-23
-26
-30
-30
-31
-34
-37
-40
-43
-44
-45
-42
-38
-35
-33
-26
-19
-15
-7
-4
0
7
11
19
25
28
33
37
41
45
46
48
49
51
52
50
46
42
37
33
29
23
19
13
9
6
3
-1
-4
-3
-7
-7
-5
-9
-11
-10
-11
-9
-10
-8
-6
-8
-6
-4
-5
-7
-7
-6
-11
-12
-12
-16
-19
-25
-27
-28
-27
-27
-25
-24
-25
-24
-23
-22
-18
-17
-14
-9
-6
-2
3
3
6
12
15
19
23
22
21
22
19
20
18
15
14
15
17
19
17
17
18
21
21
20
21
16
19
21
20
21
18
17
20
21
19
20
20
19
17
13
13
11
5
3
1
-4
-7
-8
-12
-16
-17
-21
-21
-24
-26
-28
-32
-37
-38
-41
-42
-41
-42
-38
-34
-31
-26
-20
-18
-14
-10
-6
-1
2
6
12
16
20
22
25
26
25
28
27
27
25
23
23
22
21
21
21
22
23
21
23
24
25
27
29
28
26
23
20
18
15
12
12
12
8
7
6
3
0
-3
-9
-14
-13
-16
-18
-21
-21
-21
-23
-24
-22
-23
-21
-18
-16
-14
-15
-16
-17
-14
-14
-13
-11
-11
-8
-4
-2
-2
0
2
3
5
5
5
6
8
12
11
12
16
14
13
12
8
5
-1
-8
-12
-15
-18
-21
-22
-25
-27
-28
-27
-27
-24
-18
-13
-8
-5
0
4
6
7
9
11
16
22
22
20
20
20
17
14
7
2
-5
-10
-16
-23
-27
-34
-37
-36
-39
-39
-38
-39
-35
-36
-32
-31
-29
-25
-24
-20
-15
-9
-6
-3
-1
3
6
7
8
7
5
2
-1
-3
-4
-6
-6
-7
-9
-13
-15
-18
-23
-26
-25
-27
-29
-29
-27
-22
-17
-14
-8
-1
8
16
23
29
35
39
42
44
50
50
52
54
52
50
42
35
29
21
15
8
-2
-9
-15
-22
-25
-26
-26
-26
-24
-19
-13
-9
-5
0
7
16
22
29
36
37
37
39
38
35
31
28
25
16
10
5
-3
-11
-21
-26
-29
-31
-31
-35
-32
-33
-33
-31
-32
-27
-25
-22
-15
-9
-6
-3
2
5
10
12
14
15
16
18
20
20
21
20
17
16
15
15
12
8
6
1
-3
-6
-6
-10
-14
-14
-14
-13
-14
-18
-16
-15
-12
-11
-14
-9
-8
-7
-3
-1
1
2
5
8
8
7
4
4
3
1
-3
-3
-2
-6
-8
-9
-10
-10
-10
-6
-4
-1
4
8
12
16
20
24
30
32
35
37
37
37
35
33
30
29
25
23
19
14
13
10
7
6
2
0
-1
-4
-4
-7
-8
-4
-3
-5
-5
-4
-4
-4
-6
-5
-8
-8
-8
-12
-13
-15
-15
-14
-13
-12
-12
-12
-9
-7
-5
-3
-1
1
2
3
6
9
8
8
7
4
3
2
1
0
2
0
1
0
-3
2
3
4
6
6
6
7
6
5
5
1
2
3
1
-1
0
-1
-3
0
-3
-5
-3
-5
-6
-4
-4
-4
-4
-1
1
1
4
5
7
8
12
14
12
16
17
16
17
16
13
14
14
13
9
7
9
6
4
2
-2
-2
-3
-4
-8
-7
-8
-8
-7
-8
-10
-12
-13
-14
-13
-14
-15
-14
-15
-16
-18
-21
-19
-21
-21
-19
-18
-18
-19
-17
-16
-15
-14
-14
-10
-9
-6
-4
-5
-5
-3
-4
-2
-1
-3
1
1
0
3
4
6
7
6
9
9
8
10
11
9
9
8
5
3
4
2
2
1
-2
-4
-8
-9
-11
-14
-16
-16
-18
-17
-19
-20
-19
-19
-18
-17
-17
-15
-15
-14
-15
-15
-15
-13
-11
-10
-12
-10
-7
-3
-1
0
3
7
6
7
7
5
7
8
11
11
12
14
14
16
14
16
18
19
20
21
21
18
17
16
15
16
16
16
14
10
10
6
0
-3
-7
-9
-11
-16
-18
-20
-23
-23
-27
-28
-26
-27
-25
-25
-25
-23
-22
-20
-18
-16
-14
-13
-14
-9
-7
-5
-6
-6
-5
-1
2
6
8
11
14
19
22
25
25
25
27
26
26
26
26
26
26
27
28
28
27
25
23
22
19
19
17
15
10
7
7
4
4
0
-1
-1
-3
-2
-2
-5
-5
-3
-7
-7
-5
-7
-5
-4
-6
-6
-6
-9
-9
-11
-14
-11
-9
-8
-3
-1
1
3
7
11
14
14
16
17
18
21
21
22
25
25
28
29
29
27
26
28
25
23
16
13
11
6
6
3
0
-1
-2
-3
-6
-8
-12
-15
-16
-15
-19
-22
-23
-25
-25
-29
-26
-28
-28
-26
-27
-28
-28
-30
-28
-26
-23
-22
-19
-13
-6
-3
3
7
10
15
20
23
24
28
30
29
30
31
33
32
30
32
34
32
29
27
23
21
21
20
16
14
14
12
8
6
5
2
-1
-3
-6
-7
-8
-12
-13
-17
-22
-23
-25
-30
-31
-30
-32
-32
-31
-32
-30
-29
-27
-23
-19
-17
-11
-6
-4
0
3
6
6
3
6
7
6
6
3
1
3
1
-1
-2
-5
-5
-1
-4
-2
2
2
4
4
4
5
4
3
1
3
0
-3
-5
-8
-9
-12
-15
-17
-21
-24
-23
-24
-26
-27
-29
-27
-23
-22
-20
-19
-15
-11
-10
-10
-10
-12
-11
-7
-8
-10
-10
-12
-10
-11
-13
-14
-14
-14
-14
-16
-17
-15
-15
-13
-9
-5
-3
-1
5
10
14
18
17
17
17
18
19
17
15
16
14
11
10
7
9
6
4
2
-3
-4
-6
-8
-9
-10
-12
-11
-7
-7
-7
-5
-4
-5
-4
-3
-3
-1
0
0
-1
-3
0
-1
1
2
1
5
9
11
14
19
24
25
23
20
23
22
20
23
22
20
17
15
17
17
17
15
12
11
11
11
14
16
14
11
9
6
2
-2
-5
-7
-9
-10
-11
-13
-12
-14
-16
-18
-20
-22
-24
-21
-19
-16
-14
-16
-13
-9
-6
-2
1
3
6
9
7
7
6
2
5
8
10
15
15
19
25
29
34
39
43
47
48
49
53
53
51
49
46
42
39
38
36
33
30
20
12
4
-7
-10
-14
-20
-27
-34
-38
-38
-36
-37
-33
-34
-35
-33
-35
-32
-29
-30
-27
-26
-26
-26
-24
-20
-18
-15
-13
-11
-9
-7
-5
2
7
5
3
3
5
5
4
7
7
6
3
-2
-4
-1
0
1
0
-5
-9
-14
-16
-11
-7
-4
-3
-6
-10
-11
-7
1
11
18
23
24
26
26
21
17
3
-23
-71
-132
-182
-204
-200
-184
-174
-163
-142
-110
-75
-41
-6
21
33
35
39
56
82
106
118
118
107
95
81
63
56
53
48
33
10
-11
-22
-25
-29
-34
-43
-54
-68
-77
-74
-62
-46
-37
-34
-36
-42
-39
-29
-15
3
7
2
-2
-3
2
12
28
38
40
30
15
10
13
24
29
27
23
18
11
6
6
17
27
24
9
2
2
10
21
32
40
40
23
-11
-45
-60
-61
-65
-85
-107
-122
-126
-108
-78
-38
1
25
33
42
64
99
135
161
172
164
144
130
124
124
114
93
60
16
-25
-56
-75
-85
-92
-112
-134
-149
-150
-130
-102
-75
-54
-39
-27
-7
18
48
82
105
120
126
130
144
163
173
173
169
153
128
106
88
78
65
43
11
-19
-41
-55
-57
-55
-56
-60
-70
-76
-66
-50
-25
0
19
33
41
49
64
85
99
108
113
106
96
93
94
102
106
95
79
59
34
13
-1
-14
-27
-46
-68
-82
-84
-81
-73
-72
-74
-72
-75
-73
-60
-45
-32
-21
-13
-5
5
17
28
36
44
45
46
50
47
47
44
36
26
14
-1
-12
-24
-37
-46
-52
-55
-56
-58
-60
-59
-59
-61
-57
-52
-52
-44
-39
-35
-28
-24
-19
-10
-4
-2
2
2
-2
-6
-11
-14
-16
-15
-13
-13
-14
-12
-8
-5
-4
-9
-13
-17
-24
-28
-31
-28
-28
-31
-32
-28
-20
-8
2
8
15
19
21
25
27
29
25
20
15
9
5
5
4
-2
-8
-14
-23
-26
-28
-25
-18
-12
-8
-8
-12
-14
-13
-11
-6
-4
-4
-5
-8
-4
3
7
8
4
-4
-9
-16
-17
-14
-11
-8
-12
-17
-21
-23
-21
-13
-5
-1
1
4
12
20
25
30
30
28
20
14
11
13
15
9
6
1
-2
-3
-5
-3
2
-1
-6
-7
-10
-8
-3
1
3
4
2
0
3
7
12
16
15
12
10
10
10
11
9
5
2
-4
-9
-7
-7
-7
-8
-11
-12
-6
2
12
20
27
32
35
35
41
45
50
56
56
52
44
34
25
22
22
19
16
9
3
1
-5
-6
-4
-3
-6
-12
-14
-14
-7
-4
0
-1
-1
-1
-2
1
3
4
5
2
-2
-6
-7
-5
-3
-2
-3
-6
-9
-9
-9
-5
0
0
-2
-1
0
5
9
14
17
21
18
8
7
7
8
8
6
4
-1
-3
-1
1
5
5
-1
-10
-17
-18
-16
-16
-17
-15
-22
-28
-29
-31
-31
-28
-26
-29
-30
-28
-22
-16
-9
-3
-2
-1
-1
0
4
8
9
12
11
7
2
1
2
4
7
8
4
3
1
-1
-1
-2
-6
-9
-15
-21
-24
-23
-20
-20
-21
-22
-24
-27
-28
-27
-25
-22
-21
-22
-20
-20
-21
-21
-20
-21
-22
-23
-24
-25
-26
-22
-18
-18
-17
-11
-10
-5
0
1
-1
-7
-9
-10
-9
-6
-5
-2
2
2
1
2
3
3
4
2
-2
-5
-5
-3
0
2
4
3
-2
-3
-3
-5
-6
-5
-5
-9
-12
-15
-17
-16
-18
-19
-19
-21
-22
-25
-26
-25
-23
-24
-23
-24
-24
-20
-15
-7
-2
3
4
3
5
8
14
21
20
21
23
24
27
29
31
32
33
33
28
28
27
28
26
24
21
14
6
1
-2
-3
-7
-12
-15
-18
-20
-22
-24
-21
-20
-21
-16
-17
-13
-7
-5
-2
0
0
1
0
3
8
12
12
12
16
17
18
21
22
28
30
27
27
28
33
39
39
38
40
42
43
42
44
43
42
39
36
32
28
24
21
19
20
18
15
11
8
7
3
-2
-4
-9
-7
-5
-3
0
1
1
1
-3
0
-1
-1
-1
-1
1
1
2
2
2
2
2
1
4
9
9
10
9
9
12
11
10
10
11
11
12
11
10
10
7
4
2
-1
-5
-7
-8
-9
-9
-6
-5
-6
-6
-3
-1
1
1
5
9
14
18
21
25
28
28
30
31
31
31
29
31
34
37
38
34
29
26
23
20
19
18
19
18
17
18
17
16
15
18
21
23
26
28
32
37
41
41
44
48
52
51
52
56
58
60
61
61
61
63
59
57
57
52
53
54
55
55
58
58
62
65
67
68
67
71
72
74
78
79
83
83
83
83
82
80
77
72
67
65
64
61
58
55
56
53
49
45
43
39
34
30
31
28
23
18
18
18
15
10
7
4
3
1
-1
-1
-2
-3
-4
-3
-2
-1
-3
-6
-8
-6
-7
-8
-7
-9
-12
-14
-15
-14
-12
-13
-17
-18
-23
-25
-32
-37
-38
-45
-49
-51
-55
-55
-54
-55
-57
-56
-57
-64
-67
-71
-72
-75
-78
-81
-79
-80
-82
-83
-85
-88
-91
-94
-97
-99
-103
-106
-108
-111
-111
-115
-118
-120
-121
-121
-121
-122
-122
-124
-123
-124
-124
-123
-120
-120
-120
-118
-115
-112
-113
-111
-113
-114
-114
-112
-111
-110
-109
-108
-106
-105
-103
-98
-95
-94
-96
-98
-94
-91
-87
-86
-80
-76
-72
-69
-65
-62
-58
-54
-49
-47
-42
-37
-32
-30
-26
-21
-19
-16
-14
-13
-15
-14
-15
-17
-17
-18
-21
-22
-24
-25
-26
-25
-26
-28
-30
-33
-33
-35
-35
-35
-33
-31
-29
-26
-22
-20
-17
-16
-16
-15
-15
-13
-10
-8
-7
-5
-2
-2
-3
-2
-4
-7
-11
-16
-20
-21
-23
-24
-24
-24
-23
-24
-25
-26
-31
-31
-32
-35
-34
-34
-35
-32
-30
-30
-30
-32
-36
-41
-45
-47
-52
-56
-63
-68
-71
-75
-79
-82
-85
-91
-96
-99
-102
-104
-105
-106
-107
-106
-106
-106
-109
-111
-109
-112
-114
-110
-107
-106
-104
-103
-101
-96
-95
-95
-94
-93
-90
-88
-87
-86
-82
-78
-75
-74
-71
-69
-68
-64
-60
-58
-55
-53
-53
-51
-49
-47
-46
-45
-45
-41
-38
-38
-36
-34
-32
-28
-28
-25
-23
-21
-18
-15
-12
-8
-6
-5
-5
-3
0
2
4
9
14
21
27
31
39
44
48
53
56
60
65
71
74
78
84
90
93
98
106
111
118
124
132
137
140
142
147
152
157
161
162
165
171
173
178
184
189
196
202
206
212
218
223
226
229
236
239
239
245
250
253
257
259
255
255
255
255
253
251
250
249
246
239
237
235
231
225
224
222
218
216
212
210
208
206
205
205
204
201
198
196
195
193
189
185
182
181
176
175
173
168
166
162
158
157
157
156
152
148
145
142
138
133
128
124
125
121
115
110
105
100
96
93
90
86
84
82
79
77
74
71
68
64
61
57
53
50
46
44
43
36
30
27
23
16
12
7
-1
-4
-8
-13
-16
-21
-21
-22
-23
-25
-28
-30
-32
-33
-32
-28
-29
-29
-29
-28
-29
-29
-27
-26
-27
-27
-30
-33
-34
-37
-38
-39
-41
-40
-40
-44
-46
-49
-51
-53
-56
-56
-59
-64
-67
-71
-74
-76
-76
-81
-83
-82
-83
-83
-84
-83
-84
-85
-85
-87
-86
-88
-88
-89
-93
-92
-92
-92
-95
-95
-94
-96
-100
-103
-103
-108
-109
-110
-113
-113
-114
-115
-118
-121
-123
-124
-124
-126
-128
-128
-130
-129
-128
-130
-129
-128
-131
-131
-132
-134
-135
-136
-138
-142
-145
-147
-150
-154
-156
-159
-163
-166
-171
-177
-183
-186
-189
-192
-195
-195
-196
-197
-196
-196
-197
-195
-193
-191
-192
-189
-188
-185
-182
-181
-176
-172
-169
-166
-163
-161
-158
-156
-155
-153
-150
-146
-143
-141
-139
-138
-132
-129
-127
-121
-118
-115
-109
-109
-103
-100
-95
-91
-88
-79
-73
-68
-62
-59
-55
-50
-48
-40
-34
-29
-24
-19
-17
-14
-6
-6
-2
0
2
6
4
8
10
6
6
6
9
9
8
12
13
14
16
19
21
23
25
25
28
28
31
32
32
31
31
36
38
38
41
42
46
47
49
49
49
52
50
49
50
49
49
46
46
45
43
45
41
39
38
37
36
32
33
33
32
30
28
31
31
28
30
30
29
28
32
33
32
32
33
34
34
34
34
34
33
31
31
32
32
32
31
32
33
34
38
41
42
44
48
49
54
59
63
66
65
67
69
70
74
77
79
82
82
86
86
87
88
87
90
91
90
90
87
86
84
83
80
78
76
71
68
67
64
63
60
55
53
52
53
55
53
53
56
54
53
56
58
58
54
54
57
57
58
60
61
62
60
61
59
58
54
50
44
40
38
33
31
30
28
24
21
21
19
18
15
16
14
11
10
5
5
5
6
5
6
8
10
11
10
12
10
12
11
9
14
14
14
12
11
8
5
5
4
4
3
0
2
1
4
7
7
9
12
16
19
22
26
27
30
34
37
39
41
44
44
50
54
58
58
57
58
58
59
57
53
51
48
46
42
42
39
37
37
35
32
29
28
26
25
25
26
25
27
27
28
27
27
30
28
30
29
30
34
35
35
36
37
38
38
39
39
40
39
39
38
40
41
39
39
39
40
39
36
37
35
36
39
38
37
35
35
35
34
34
34
34
33
34
35
34
34
33
30
31
31
31
29
28
28
25
23
22
20
18
15
12
10
8
9
8
5
3
3
1
-2
-6
-7
-9
-10
-11
-13
-14
-14
-16
-16
-16
-17
-18
-20
-23
-21
-21
-20
-14
-16
-15
-15
-14
-15
-16
-16
-19
-16
-17
-17
-17
-18
-15
-19
-23
-29
-33
-35
-42
-43
-47
-47
-46
-49
-53
-54
-53
-55
-56
-55
-57
-58
-57
-56
-55
-55
-56
-58
-58
-57
-56
-57
-57
-53
-49
-48
-48
-47
-45
-45
-44
-44
-43
-42
-41
-38
-35
-34
-33
-31
-30
-31
-27
-23
-20
-15
-11
-8
-3
-3
1
6
6
6
8
9
13
14
15
20
21
23
23
21
25
23
23
25
27
26
24
25
24
20
17
16
13
10
10
8
10
11
10
8
4
5
2
2
3
1
3
1
2
4
3
4
2
2
3
2
4
6
6
8
8
9
10
5
4
6
4
5
8
5
3
3
3
0
-2
-6
-12
-13
-17
-19
-21
-23
-23
-26
-29
-31
-30
-31
-32
-31
-36
-34
-33
-33
-32
-32
-28
-26
-28
-26
-24
-22
-20
-22
-22
-20
-20
-22
-22
-22
-22
-23
-20
-22
-22
-23
-24
-22
-22
-22
-22
-24
-22
-20
-20
-21
-21
-18
-18
-18
-14
-13
-11
-7
-7
-6
-5
-3
-1
0
0
1
5
5
6
7
8
6
7
8
3
1
0
-3
-2
-6
-8
-11
-14
-14
-18
-17
-16
-20
-19
-21
-21
-19
-18
-17
-16
-16
-14
-14
-15
-14
-13
-13
-11
-13
-12
-10
-9
-8
-8
-7
-5
-7
-7
-7
-7
-6
-9
-9
-11
-14
-15
-15
-13
-15
-19
-16
-15
-16
-13
-15
-13
-14
-15
-12
-12
-11
-10
-11
-9
-9
-7
-6
-7
-3
-2
0
3
3
3
5
8
11
9
10
11
11
11
10
12
12
8
8
8
6
8
9
10
11
11
9
10
11
12
10
11
12
11
14
16
17
16
13
13
12
11
8
11
12
11
10
10
8
4
4
3
3
3
0
1
2
-2
-2
-3
-3
-5
-9
-7
-10
-11
-11
-11
-9
-9
-7
-7
-8
-6
-8
-9
-8
-8
-7
-8
-5
-4
-4
-5
-3
-1
-1
1
-1
0
1
-2
-2
-5
-7
-5
-6
-7
-6
-6
-3
-1
3
4
3
3
3
4
5
4
7
9
11
12
13
16
18
22
21
24
29
29
30
33
31
33
34
32
31
32
34
35
35
37
37
38
38
37
38
38
37
40
38
38
38
39
40
39
38
37
36
36
36
36
36
33
34
34
32
30
31
31
29
29
27
24
25
26
23
19
19
17
17
18
17
21
20
17
17
17
19
17
17
18
17
19
20
18
16
16
15
11
12
12
9
6
3
3
1
-3
-3
-7
-8
-8
-11
-14
-16
-16
-21
-20
-18
-19
-19
-18
-18
-18
-18
-19
-22
-18
-18
-20
-18
-17
-17
-15
-12
-15
-16
-15
-19
-21
-20
-23
-27
-27
-30
-30
-32
-34
-34
-39
-38
-35
-37
-37
-36
-36
-36
-37
-35
-36
-37
-37
-39
-38
-38
-36
-37
-35
-33
-31
-29
-28
-31
-31
-31
-34
-33
-34
-35
-33
-32
-35
-34
-32
-32
-29
-26
-26
-26
-24
-23
-19
-17
-17
-17
-13
-10
-9
-7
-8
-6
-5
-5
-1
-2
-2
1
1
4
1
2
3
1
1
1
0
0
-1
-2
-1
-1
-1
2
5
5
7
8
12
11
11
12
12
12
14
19
19
18
20
18
20
22
19
20
19
17
17
16
18
15
15
17
17
14
11
9
8
6
4
3
4
3
3
3
1
1
1
2
-1
-3
-7
-7
-7
-9
-7
-7
-8
-7
-7
-8
-7
-6
-7
-5
-2
-4
-4
-5
-5
-3
-5
-3
-4
-5
-4
-3
0
0
-1
-1
-1
0
-1
0
2
3
6
8
10
8
9
10
11
10
11
13
12
15
16
16
17
15
15
14
16
18
15
15
16
15
15
15
18
15
14
15
12
15
14
12
15
16
16
15
13
10
9
9
8
6
7
7
7
4
2
1
0
0
1
3
3
3
1
1
1
2
1
0
1
3
1
0
0
-1
-3
-1
-1
-2
-4
-5
-4
-4
-5
-2
-3
-1
2
2
3
5
7
8
9
9
11
12
12
13
14
14
15
14
15
15
13
13
15
14
16
17
14
14
16
12
11
11
12
12
11
13
15
18
18
19
19
16
16
13
13
14
14
14
16
17
16
14
12
10
11
10
10
10
6
7
7
7
4
0
0
-4
-3
-4
-7
-6
-10
-11
-11
-12
-14
-14
-14
-16
-19
-21
-20
-19
-18
-16
-15
-15
-18
-18
-16
-18
-15
-13
-12
-12
-14
-14
-11
-10
-14
-13
-12
-14
-12
-11
-10
-7
-9
-8
-6
-9
-7
-5
-4
-5
-4
-3
-1
1
2
2
4
3
2
2
1
1
2
2
2
0
2
2
1
2
3
1
-1
1
3
0
2
2
2
2
0
-1
1
2
4
5
7
6
4
2
1
1
0
-1
-3
-1
-4
-6
-4
-3
-3
-3
-5
-6
-2
-2
-1
-1
-1
0
1
1
2
2
4
4
1
2
6
6
5
6
1
2
3
1
2
2
1
2
-1
0
3
-1
-1
3
3
1
0
4
2
5
9
7
4
6
7
3
5
5
4
7
5
5
7
6
6
5
4
6
4
2
2
2
2
1
1
0
3
3
2
5
3
2
4
3
2
1
-1
-1
-1
-2
-3
-5
-5
-5
-5
-4
-9
-7
-11
-14
-12
-17
-17
-16
-16
-18
-18
-14
-18
-18
-18
-18
-16
-17
-16
-14
-14
-13
-13
-11
-10
-10
-9
-7
-4
-7
-5
-5
-8
-7
-7
-6
-5
-7
-7
-9
-7
-6
-6
-5
-8
-7
-6
-6
-7
-6
-9
-9
-8
-11
-11
-8
-9
-11
-11
-10
-12
-13
-11
-11
-13
-15
-14
-12
-13
-15
-14
-16
-18
-18
-19
-18
-13
-14
-15
-11
-12
-12
-10
-10
-9
-6
-6
-7
-6
-2
-2
-1
0
1
1
2
5
4
7
10
11
11
11
13
14
13
12
13
13
15
18
19
20
22
20
21
20
18
17
15
15
16
13
13
12
12
11
6
5
4
0
-2
0
1
-2
0
1
-1
-5
-5
-7
-7
-8
-7
-7
-8
-5
-6
-5
-3
-5
-2
-3
-3
0
-3
-4
-4
-3
-3
-4
-6
-8
-7
-4
-5
-6
-6
-4
-5
-5
-5
-7
-5
-6
-10
-9
-7
-9
-8
-8
-9
-9
-9
-11
-11
-12
-9
-10
-12
-14
-13
-13
-13
-15
-14
-15
-15
-10
-12
-13
-9
-6
-7
-5
0
-1
1
4
7
9
7
10
11
11
14
14
15
16
18
18
17
19
17
17
17
15
14
13
12
11
8
6
5
5
2
0
0
-5
-5
-4
-8
-9
-9
-10
-10
-11
-13
-13
-13
-11
-8
-6
-6
-7
-8
-7
-5
-5
-3
1
-1
0
4
5
6
6
7
8
10
10
13
12
12
14
13
13
13
13
13
11
11
9
10
8
6
7
5
4
2
1
3
-1
0
-1
-6
-5
-8
-10
-8
-12
-9
-11
-12
-9
-8
-6
-4
-3
-7
-7
-5
-6
-6
-2
2
3
3
7
8
5
8
11
11
14
14
17
15
15
20
16
13
16
15
14
13
15
14
12
13
13
12
10
8
7
7
7
3
4
5
3
3
0
-3
-4
-2
-1
-2
0
-1
3
2
1
4
3
2
1
2
5
3
7
9
8
11
8
8
8
8
7
7
9
10
7
5
5
6
3
3
2
-1
1
0
-3
-4
-4
-5
-5
-5
-2
-2
-3
-3
-4
-5
-7
-8
-7
-9
-9
-7
-7
-8
-7
-5
-4
-4
-3
-2
-1
0
0
3
4
5
4
7
8
8
9
10
10
9
11
13
12
10
10
10
8
7
8
5
3
2
1
-4
-3
-3
-6
-6
-8
-7
-6
-9
-9
-8
-7
-7
-7
-7
-7
-7
-8
-5
-7
-6
-4
-4
-4
-4
-1
0
0
2
2
0
0
1
-2
2
5
4
3
3
2
0
2
5
5
4
4
5
2
0
0
-1
-2
-3
-3
-3
-7
-4
-5
-8
-7
-8
-11
-10
-10
-10
-11
-9
-9
-8
-7
-9
-9
-9
-8
-4
-5
-4
-1
1
2
3
5
3
2
3
4
4
5
8
10
8
10
8
8
9
6
7
8
7
8
6
4
2
3
2
1
-1
-2
-1
-2
-1
-1
-4
-5
-6
-5
-4
-4
-5
-6
-6
-6
-5
-6
-6
-4
-8
-7
-4
-5
-5
-6
-6
-5
-4
-5
-4
-4
-7
-4
-4
-7
-6
-5
-3
-4
-5
-5
-4
-4
-6
-7
-5
-3
-4
-6
-5
-3
-3
-5
-3
-3
-6
-7
-6
-4
-5
-3
-1
-5
-6
-4
-6
-4
-3
-2
2
2
3
1
0
0
-1
1
0
3
4
2
2
3
4
4
5
8
5
3
5
4
5
5
5
4
3
3
3
1
0
5
5
6
8
8
9
7
5
4
3
3
3
2
2
4
6
4
6
7
3
8
6
4
8
8
10
10
7
10
9
7
8
9
11
12
9
11
12
10
9
9
7
7
6
4
4
4
3
4
2
-3
-2
-3
-2
-3
-5
-3
-3
-5
-5
-7
-7
-8
-8
-10
-9
-10
-8
-6
-9
-12
-9
-10
-10
-8
-10
-8
-6
-6
-3
-3
-4
-1
-2
-1
1
2
3
3
3
5
5
6
5
5
7
5
7
6
6
6
5
4
0
0
3
0
-1
-2
-3
0
0
-2
-2
-3
-3
-5
-6
-6
-6
-6
-6
-9
-8
-7
-4
-4
-7
-4
-3
-3
-2
-5
-3
-2
-6
-3
-5
-3
0
-3
0
-2
0
-1
-2
-1
-2
1
1
2
1
2
5
4
1
3
2
3
1
0
2
3
4
1
2
2
2
3
0
-2
-1
1
0
-3
-3
-3
-5
-7
-9
-9
-9
-7
-6
-8
-7
-6
-5
-6
-5
-4
-3
-5
-5
-9
-6
-4
-2
-3
-3
-4
-3
-3
-2
-1
0
3
3
1
-5
-3
-3
-5
-2
-1
1
0
1
4
3
0
1
3
3
3
4
5
3
5
6
1
2
1
3
0
0
0
-1
1
1
1
2
-1
-2
-3
-4
-2
0
1
1
1
1
-2
-4
-2
-1
-2
0
2
2
3
5
6
5
5
5
3
1
3
5
1
2
6
5
3
3
3
4
5
3
3
5
3
3
4
5
4
2
0
1
1
1
0
2
6
2
5
3
2
1
-1
1
1
-1
2
3
2
1
4
5
6
6
5
4
8
10
11
10
9
10
10
11
10
9
10
10
9
9
9
8
9
8
6
5
4
2
0
0
1
0
-1
-1
-2
-2
-2
-4
-5
-6
-4
-5
-5
-5
-2
-3
-2
0
-2
-4
-2
0
1
1
1
2
2
2
2
-2
-2
2
1
1
0
1
1
-1
-1
-1
-2
-6
-3
-3
-6
-4
-4
-5
-3
-4
-4
-6
-7
-4
-5
-6
-5
-3
-3
-4
-2
-1
1
-1
0
1
0
1
1
1
2
0
1
0
-1
0
-1
-4
-3
-3
-2
1
2
0
-1
-2
-6
-4
-3
-5
-3
-4
-6
-3
-5
-5
-4
-3
-4
-3
-3
-2
-2
-4
-3
-2
-3
-1
-4
-6
-4
-5
-3
-2
-2
0
1
2
2
-1
-2
-1
-1
-2
1
1
-1
1
-1
-3
-2
-2
-2
-6
-5
-1
-3
0
0
-4
-2
-4
-7
-7
-7
-6
-6
-8
-7
-5
-7
-7
-8
-8
-5
-5
-8
-6
-7
-7
-5
-6
-6
-6
-6
-5
-7
-6
-5
-8
-9
-6
-5
-5
-7
-7
-8
-10
-9
-8
-9
-9
-8
-6
-8
-7
-4
-4
-4
-3
0
2
2
2
2
6
4
3
4
4
5
6
7
8
10
11
9
11
11
10
11
9
9
12
11
12
12
11
12
11
10
10
10
10
8
6
8
8
4
4
4
2
2
2
-1
0
-2
-3
-1
-1
1
-1
-1
0
-1
1
1
2
3
1
1
-1
-2
1
0
0
-1
-3
-2
-2
-3
-5
-4
-4
-7
-4
-4
-5
-5
-4
-4
-6
-6
-8
-7
-3
-6
-4
-1
-3
1
0
-1
0
1
1
1
2
2
2
5
5
6
4
3
6
5
5
6
7
8
9
9
10
10
10
8
6
8
9
6
7
6
7
6
5
5
3
3
1
4
1
-1
1
0
0
1
-1
0
1
1
4
2
4
5
4
5
4
3
4
3
4
5
5
1
2
2
3
3
1
0
0
0
1
-1
-2
-3
-3
-3
-4
-3
-4
-6
-5
-5
-7
-7
-8
-8
-4
-5
-7
-5
-3
-2
-3
-2
-3
-3
-4
-2
0
0
1
3
3
4
5
3
4
3
7
9
6
7
7
5
5
5
4
3
3
4
6
6
5
6
5
3
3
3
1
0
0
0
-2
0
0
0
-1
1
-1
-2
-2
-3
-4
-3
-3
-3
-2
-2
-1
0
-1
-2
0
-1
-3
-5
