4
6
5
7
9
8
10
9
11
11
13
15
10
11
10
10
13
12
12
15
11
9
8
8
9
9
9
8
9
7
4
5
3
2
3
-2
-2
-1
-1
0
-3
-6
-5
-8
-9
-8
-12
-13
-14
-15
-15
-14
-12
-15
-15
-16
-17
-13
-15
-11
-8
-10
-9
-9
-8
-10
-7
-6
-6
-5
-6
-4
-4
-6
-3
-1
-1
3
6
8
9
10
12
8
9
9
11
12
13
15
14
13
16
15
14
13
12
11
10
11
10
10
10
10
8
6
5
4
3
1
0
0
-1
0
1
1
-1
-2
-2
-2
-4
-5
-2
1
-1
-3
-3
-2
-3
-5
-4
-2
-2
-2
-4
-3
-2
-1
0
-1
-2
-2
-1
2
3
5
5
5
6
5
5
4
1
2
2
5
3
1
4
2
2
2
1
1
0
0
1
0
2
1
2
3
3
2
3
2
1
0
-2
-2
-1
-2
-1
-2
-1
-1
-1
2
2
3
3
1
2
-1
-3
-1
-2
-3
-1
-1
1
0
0
-1
-2
-1
0
-1
-1
-1
2
3
3
4
4
3
4
3
1
0
-1
0
0
1
4
2
3
2
-1
-2
-2
-2
-4
-4
-5
-6
-6
-7
-6
-7
-7
-5
-6
-8
-7
-9
-12
-10
-8
-7
-5
-4
-5
-4
-5
-3
-3
-4
-4
-3
-2
-3
-4
0
-1
-3
0
-1
0
-1
-2
1
0
-3
-3
-3
-1
-1
-1
0
1
-1
-2
2
3
4
6
7
9
10
8
8
8
7
6
7
5
5
2
2
4
1
4
2
-2
-1
-2
-4
-5
-7
-2
-3
-5
-4
-5
-6
-8
-9
-8
-8
-6
-8
-9
-10
-11
-8
-7
-8
-9
-9
-8
-6
-6
-6
-3
-6
-6
-4
-3
2
2
1
4
2
4
4
3
5
5
7
5
3
3
3
3
2
1
-1
-3
-4
-6
-6
-6
-8
-8
-6
-9
-12
-11
-14
-12
-12
-11
-7
-9
-8
-8
-5
-4
-2
0
0
-4
-3
-1
0
1
2
6
8
9
11
10
11
11
13
14
13
16
14
16
16
16
15
13
13
12
8
9
8
5
4
4
2
3
2
-3
-4
-5
-6
-6
-8
-6
-3
-5
-4
-3
-6
-5
-5
-5
-4
-3
-2
-2
-2
-5
-3
-3
-7
-7
-5
-5
-4
0
-1
-2
-3
-3
0
2
2
2
4
6
7
8
8
6
6
4
3
3
2
2
1
3
1
-1
-2
-6
-6
-7
-8
-7
-7
-8
-5
-5
-5
-3
-4
-5
-4
-4
-4
-2
-2
0
0
0
2
1
1
2
2
3
0
1
3
4
5
4
5
5
4
5
7
9
9
10
10
11
11
7
7
7
6
6
7
6
5
3
4
5
1
-1
-1
-3
-7
-8
-5
-6
-6
-5
-4
-3
-5
-5
-5
-5
-7
-6
-5
-5
-4
-2
-2
-5
-2
-2
-1
-1
0
-2
1
3
0
2
2
0
0
2
1
0
1
3
6
4
4
4
2
2
1
1
1
1
2
1
0
-2
0
0
-3
-3
-3
-3
-3
-3
0
2
1
-2
-2
-2
-3
-2
-5
-2
-1
-1
1
2
1
0
-1
0
-2
-3
-1
-3
-4
-3
-1
-1
-3
-4
-3
-4
-6
-8
-6
-3
-3
-1
2
0
0
-2
-1
-1
0
2
2
0
4
4
3
4
3
2
3
2
1
2
3
4
5
5
4
6
4
3
4
4
3
1
1
1
-1
-1
-2
-1
-1
-1
-2
-4
-2
-3
-1
1
-1
-1
0
2
0
-1
4
4
3
5
3
5
2
3
4
5
3
3
7
8
7
8
8
6
5
5
4
2
1
0
0
2
3
3
3
2
0
-2
-1
0
-1
2
3
2
3
3
3
2
2
3
0
1
1
3
5
3
4
5
3
3
5
4
6
8
5
6
6
5
5
5
7
6
5
5
5
3
3
3
2
2
2
2
0
-2
0
-1
-1
0
2
2
0
0
1
2
1
-2
-3
-2
-2
-3
-5
-5
-4
-5
-7
-5
-5
-5
-5
-4
-4
-5
-6
-6
-5
-3
-1
-1
-1
0
1
4
4
2
2
4
2
0
2
6
4
7
5
4
8
6
5
3
4
5
2
1
0
0
1
0
1
-1
-4
-3
-5
-7
-8
-6
-5
-8
-7
-8
-9
-10
-11
-9
-10
-10
-9
-9
-10
-9
-9
-8
-7
-9
-9
-8
-8
-7
-3
-4
-4
-3
-4
-3
0
-2
-1
-1
0
-2
-2
2
4
3
4
3
1
3
1
0
1
2
0
1
5
6
4
5
5
1
0
-1
-6
-9
-7
-8
-12
-12
-15
-16
-17
-19
-18
-15
-14
-15
-14
-12
-11
-8
-8
-8
-4
-2
-1
1
1
4
5
10
8
8
12
10
13
13
14
16
14
15
15
15
14
14
15
14
15
14
12
12
9
8
5
5
4
3
0
-3
-2
-4
-6
-5
-6
-8
-8
-10
-12
-11
-11
-14
-12
-14
-14
-11
-11
-10
-11
-10
-11
-11
-7
-7
-7
-5
-5
-5
-1
3
2
2
3
4
3
4
8
8
6
8
12
13
9
8
9
10
9
9
8
8
6
7
6
5
5
3
5
3
-1
0
-1
0
-5
-6
-5
-9
-11
-11
-11
-12
-14
-13
-13
-13
-12
-11
-10
-11
-11
-11
-10
-10
-9
-8
-9
-6
-8
-8
-7
-7
-8
-7
-6
-5
-3
1
2
2
3
6
9
11
13
13
12
13
15
16
12
14
12
10
11
11
11
12
11
9
9
10
11
10
12
11
9
9
11
9
9
10
8
8
9
9
9
7
7
5
5
7
7
8
9
9
11
6
8
9
8
10
10
10
9
9
11
11
11
12
13
14
15
17
16
15
17
17
16
15
14
13
9
6
3
3
1
0
-1
-5
-5
-7
-11
-9
-9
-12
-10
-13
-15
-17
-17
-18
-17
-16
-18
-18
-17
-19
-19
-18
-19
-17
-18
-19
-18
-20
-19
-17
-17
-16
-14
-14
-13
-13
-10
-8
-9
-7
-2
-1
0
1
4
5
4
3
1
-2
-1
0
1
0
-2
-1
-2
-4
-2
-2
-3
-1
-1
1
1
1
3
0
2
-1
-3
-2
-5
-6
-4
-4
-3
-2
-4
-5
-3
-4
-5
-5
-5
-6
-5
-6
-5
-6
-4
-3
-3
0
-1
0
0
0
-1
1
2
1
4
7
5
8
9
8
8
7
7
7
6
7
7
8
11
9
7
12
10
9
9
5
2
2
3
5
4
3
2
0
0
-1
0
-2
-3
-3
-4
-4
-5
-6
-7
-6
-8
-8
-6
-7
-9
-8
-9
-7
-4
-3
-2
0
0
-1
-1
0
1
2
4
3
3
4
3
3
2
3
4
1
0
2
2
1
3
6
6
7
7
7
6
4
2
1
2
0
1
0
-1
-1
-2
-2
0
0
0
-2
-2
-3
-3
0
-2
0
-1
0
2
0
0
-1
-2
-2
-1
-1
1
2
2
3
2
3
5
5
3
3
1
0
1
2
2
3
5
7
7
7
6
7
7
5
5
4
4
5
4
4
6
3
3
3
2
2
3
1
-1
0
0
2
2
1
1
1
0
-1
0
0
-2
-1
1
1
2
1
0
1
1
0
1
0
1
-1
1
2
0
2
3
2
1
0
0
-1
0
1
0
1
-1
1
2
0
2
1
-1
-1
-2
0
-2
-3
-2
-4
-4
-3
-2
-1
-1
-1
0
-2
-2
-1
-1
1
2
2
5
1
2
4
2
2
3
1
0
0
-3
-4
-3
-2
-3
-4
-6
-7
-10
-10
-11
-10
-9
-10
-9
-10
-11
-11
-9
-6
-7
-5
-3
-6
-7
-8
-6
-6
-4
-3
-4
-1
-2
-4
-2
-2
-1
1
0
1
2
0
-1
-2
2
2
2
0
-6
-6
-6
-7
-5
-6
-6
-6
-6
-6
-8
-9
-5
-7
-8
-6
-3
-4
-6
-3
-3
-4
-1
-3
-2
-2
1
2
0
4
8
8
12
12
11
12
13
11
11
10
11
13
12
14
15
12
13
12
10
14
14
10
8
9
6
5
6
4
3
4
4
2
-1
-3
-7
-9
-10
-11
-13
-16
-19
-19
-18
-20
-20
-19
-19
-17
-18
-19
-17
-16
-13
-12
-10
-8
-7
-4
-3
0
1
2
8
9
11
15
18
21
22
23
26
27
28
24
22
23
22
22
17
16
17
14
13
11
11
9
4
1
-3
-7
-8
-10
-13
-14
-17
-17
-19
-20
-20
-23
-25
-26
-27
-26
-27
-28
-27
-25
-22
-19
-16
-15
-13
-10
-8
-6
-7
-4
-4
-4
-2
-1
0
1
5
8
10
14
15
16
21
21
25
26
27
32
33
35
34
35
34
33
32
29
27
26
26
22
17
17
16
12
9
6
-1
-7
-11
-17
-22
-24
-29
-30
-34
-39
-39
-41
-45
-44
-47
-53
-55
-57
-61
-60
-61
-58
-57
-54
-50
-45
-38
-34
-27
-21
-14
-6
2
11
19
25
32
40
49
56
67
74
80
87
92
100
104
106
108
107
108
108
106
102
101
98
91
84
76
67
57
47
37
26
13
0
-14
-24
-37
-48
-61
-76
-87
-97
-107
-114
-125
-131
-137
-143
-147
-150
-150
-154
-153
-153
-151
-145
-136
-128
-119
-109
-100
-88
-75
-61
-47
-32
-15
0
16
33
50
66
85
103
120
135
152
166
179
192
201
207
213
217
221
223
219
219
211
206
196
183
171
153
135
114
94
71
46
25
0
-25
-50
-78
-104
-127
-149
-171
-192
-209
-226
-242
-257
-269
-279
-289
-293
-296
-298
-294
-291
-284
-276
-267
-253
-238
-220
-198
-176
-149
-120
-90
-61
-29
6
40
74
105
138
172
208
238
265
295
321
342
364
380
397
404
410
412
409
404
395
379
362
343
320
293
265
236
203
167
129
91
54
16
-20
-57
-96
-136
-169
-201
-231
-257
-286
-312
-335
-358
-374
-390
-407
-418
-426
-430
-432
-432
-427
-422
-412
-401
-387
-370
-353
-330
-307
-279
-250
-220
-186
-152
-114
-76
-37
2
37
79
119
161
202
240
275
309
345
378
405
432
454
472
486
497
504
507
507
502
491
474
454
430
403
373
340
305
268
228
187
144
103
61
19
-22
-60
-100
-137
-171
-205
-232
-260
-284
-309
-328
-344
-362
-375
-386
-394
-398
-403
-403
-401
-397
-393
-386
-379
-371
-360
-348
-333
-315
-298
-279
-260
-237
-215
-191
-162
-134
-108
-78
-46
-14
16
48
78
109
142
173
205
235
266
293
318
343
362
380
396
409
420
431
438
443
443
441
432
419
406
389
369
347
323
299
271
240
205
171
137
100
63
28
-8
-43
-75
-108
-140
-170
-202
-229
-253
-277
-295
-313
-331
-345
-358
-370
-380
-388
-396
-396
-397
-396
-392
-388
-380
-373
-365
-353
-340
-323
-306
-284
-262
-235
-210
-186
-156
-126
-95
-58
-21
17
54
94
134
173
213
254
289
326
363
393
423
451
473
492
506
518
524
527
526
519
510
490
469
443
412
380
342
304
265
222
179
136
91
47
0
-45
-84
-126
-165
-198
-230
-261
-289
-316
-341
-361
-379
-396
-406
-415
-419
-420
-419
-414
-411
-403
-395
-388
-372
-358
-342
-325
-309
-288
-271
-252
-232
-211
-188
-165
-145
-126
-105
-85
-62
-40
-18
5
27
51
74
98
123
146
169
190
213
237
260
282
300
323
345
365
382
397
413
422
428
432
436
437
432
425
417
403
383
361
337
308
276
240
204
164
126
87
45
3
-38
-80
-121
-159
-195
-230
-261
-293
-319
-343
-365
-383
-398
-407
-418
-423
-429
-435
-435
-435
-431
-427
-421
-413
-405
-393
-383
-372
-358
-343
-330
-314
-293
-269
-244
-216
-188
-156
-123
-88
-49
-7
37
83
131
178
228
281
329
378
426
471
515
555
589
618
644
664
678
686
685
679
664
644
615
579
540
495
446
394
340
281
224
165
105
45
-11
-66
-121
-174
-225
-269
-311
-349
-382
-412
-436
-459
-474
-489
-501
-507
-514
-517
-515
-510
-503
-492
-481
-466
-452
-438
-418
-398
-377
-354
-330
-308
-285
-261
-237
-209
-185
-160
-132
-105
-78
-51
-24
3
32
58
88
118
145
177
206
232
262
292
324
356
383
415
441
467
492
512
532
548
560
570
574
574
570
560
547
529
505
476
440
400
357
310
259
205
151
97
41
-16
-70
-123
-176
-225
-271
-315
-354
-390
-421
-447
-471
-488
-501
-512
-519
-521
-521
-519
-511
-502
-490
-478
-465
-453
-439
-420
-402
-383
-366
-348
-326
-307
-284
-263
-240
-214
-189
-162
-133
-104
-73
-40
-3
32
70
109
151
194
238
281
325
369
410
452
493
531
567
597
622
644
663
673
682
685
682
672
655
634
605
569
529
487
439
389
336
280
222
160
98
38
-22
-81
-140
-194
-245
-296
-345
-390
-428
-464
-492
-516
-538
-558
-572
-581
-587
-588
-588
-585
-578
-568
-558
-544
-529
-514
-493
-476
-454
-429
-407
-383
-357
-330
-304
-276
-246
-217
-185
-148
-109
-70
-32
8
48
90
133
176
215
258
301
342
383
423
460
495
530
565
594
619
640
655
667
675
675
674
663
647
630
601
566
533
489
443
396
342
289
234
175
117
55
-3
-59
-114
-166
-217
-265
-308
-347
-384
-416
-443
-464
-484
-501
-513
-522
-528
-531
-530
-527
-521
-512
-502
-489
-477
-460
-443
-427
-409
-392
-374
-350
-326
-304
-277
-248
-221
-192
-161
-129
-93
-57
-20
18
58
96
136
175
213
253
293
330
364
397
432
465
495
523
549
571
590
604
613
619
621
620
611
600
586
566
539
509
476
435
395
350
302
255
204
150
96
43
-10
-62
-112
-163
-215
-259
-303
-347
-384
-420
-450
-478
-504
-524
-540
-555
-566
-569
-574
-575
-571
-567
-557
-546
-533
-519
-504
-485
-465
-444
-419
-396
-371
-343
-315
-285
-253
-223
-191
-159
-125
-90
-56
-20
17
56
92
129
166
204
241
274
306
339
368
397
425
452
479
503
523
543
559
573
586
594
596
596
591
581
568
549
529
507
476
443
405
365
323
280
235
188
139
91
44
-5
-49
-94
-137
-179
-221
-257
-293
-327
-357
-379
-400
-419
-437
-452
-463
-471
-476
-479
-482
-480
-478
-472
-466
-457
-448
-438
-425
-409
-392
-373
-354
-330
-307
-285
-258
-233
-208
-179
-149
-119
-88
-57
-25
4
35
66
93
122
155
182
208
238
263
288
311
333
354
372
392
410
421
433
445
454
459
464
466
464
462
457
448
436
420
400
377
351
324
292
261
228
190
155
119
80
44
9
-27
-63
-97
-130
-163
-192
-221
-246
-272
-294
-314
-334
-349
-362
-378
-389
-396
-402
-406
-406
-405
-405
-400
-396
-391
-385
-378
-368
-358
-346
-332
-313
-295
-275
-252
-228
-205
-180
-154
-127
-99
-69
-36
-6
26
55
84
112
143
171
196
225
251
279
306
329
351
370
389
405
420
433
446
453
457
461
457
453
447
437
424
408
389
366
341
317
286
256
224
189
153
117
83
48
11
-22
-55
-89
-121
-154
-182
-207
-231
-254
-276
-297
-314
-329
-343
-356
-371
-382
-389
-398
-406
-408
-411
-411
-409
-407
-402
-392
-382
-370
-359
-342
-324
-303
-282
-260
-231
-204
-178
-148
-118
-88
-59
-30
2
31
59
89
120
146
171
193
214
236
253
271
288
305
321
333
342
353
362
367
372
375
377
375
375
374
368
362
349
336
321
303
286
264
242
219
193
164
137
108
79
51
23
-6
-33
-57
-84
-110
-133
-157
-177
-199
-218
-234
-250
-263
-276
-288
-299
-311
-320
-329
-337
-341
-346
-351
-351
-352
-348
-341
-337
-327
-316
-301
-285
-267
-247
-227
-199
-175
-150
-120
-93
-64
-34
-5
24
51
79
107
134
158
179
198
216
232
247
262
274
286
295
304
311
314
320
322
323
322
322
321
315
311
306
298
289
276
262
248
229
210
192
168
147
123
97
73
47
21
-1
-26
-51
-73
-98
-120
-144
-165
-182
-203
-219
-235
-253
-263
-280
-289
-298
-309
-314
-321
-324
-327
-331
-328
-324
-320
-311
-307
-297
-281
-271
-256
-236
-217
-194
-171
-146
-120
-93
-66
-39
-12
15
38
62
85
107
128
150
170
190
207
223
239
251
259
270
279
285
293
297
301
305
305
309
308
303
300
298
292
280
270
258
243
231
215
197
178
158
137
118
96
74
49
24
-1
-28
-52
-73
-98
-119
-137
-158
-176
-197
-214
-226
-243
-256
-271
-278
-286
-295
-299
-303
-304
-299
-298
-294
-286
-282
-270
-257
-246
-228
-213
-194
-172
-158
-138
-116
-96
-75
-57
-34
-11
7
26
47
62
79
94
108
119
132
145
156
164
174
179
183
188
192
196
200
200
201
202
202
200
196
194
192
187
181
174
166
158
149
142
133
123
114
101
86
74
60
47
32
18
4
-12
-24
-37
-56
-70
-87
-103
-117
-132
-144
-158
-170
-176
-184
-192
-196
-205
-206
-209
-209
-205
-202
-199
-197
-189
-180
-174
-166
-155
-144
-131
-120
-107
-92
-79
-64
-49
-38
-25
-7
7
21
33
44
58
71
84
93
101
112
120
129
138
145
153
160
166
169
175
176
177
178
178
178
178
176
170
165
162
155
150
143
134
125
114
101
89
76
60
47
32
17
3
-9
-23
-38
-53
-65
-78
-92
-103
-114
-123
-132
-140
-148
-156
-161
-165
-168
-170
-168
-169
-167
-164
-159
-151
-145
-137
-129
-121
-111
-103
-94
-87
-78
-68
-61
-51
-41
-34
-23
-16
-10
1
9
17
24
30
39
48
56
61
68
76
82
89
95
102
108
113
117
123
128
130
133
133
132
131
131
127
121
117
111
106
100
93
87
78
71
62
52
45
34
25
17
9
3
-6
-14
-21
-30
-34
-40
-44
-45
-51
-54
-58
-63
-65
-71
-74
-75
-82
-83
-83
-85
-87
-90
-90
-87
-84
-81
-80
-79
-73
-69
-64
-60
-56
-50
-46
-39
-30
-26
-23
-18
-15
-10
-8
-5
-3
-1
6
9
10
17
20
20
24
25
24
25
27
29
32
38
41
45
47
46
49
50
52
52
50
49
47
47
45
42
39
36
35
30
24
22
18
13
8
7
4
0
-2
-4
-6
-9
-10
-12
-15
-15
-13
-16
-17
-15
-17
-20
-24
-23
-26
-27
-26
-27
-32
-34
-35
-37
-41
-44
-43
-42
-43
-41
-41
-41
-40
-38
-35
-33
-28
-26
-25
-20
-14
-10
-5
-2
1
6
9
13
15
20
24
26
28
29
33
35
38
41
44
45
50
53
51
55
55
54
57
57
56
55
53
54
50
45
40
33
28
25
20
15
11
4
-4
-8
-13
-22
-25
-25
-30
-34
-38
-39
-42
-46
-48
-51
-52
-52
-51
-53
-52
-49
-47
-47
-45
-43
-43
-39
-36
-35
-30
-24
-19
-18
-14
-11
-9
-6
-2
2
5
7
11
15
18
21
25
28
33
37
42
43
43
44
47
47
46
45
44
45
44
39
36
36
36
34
32
32
31
30
28
27
23
21
17
13
11
6
-1
-3
-6
-11
-15
-19
-20
-22
-25
-31
-38
-42
-45
-46
-48
-50
-50
-51
-50
-50
-52
-53
-56
-54
-49
-44
-39
-37
-31
-27
-22
-18
-16
-10
-9
-7
-4
-1
2
5
5
6
6
6
8
10
15
16
15
17
22
23
23
24
22
24
25
25
24
18
13
6
-1
-8
-16
-18
-19
-22
-26
-33
-39
-47
-59
-66
-72
-70
-66
-64
-62
-60
-59
-64
-64
-65
-69
-64
-61
-56
-49
-44
-40
-38
-37
-39
-39
-36
-35
-34
-31
-30
-35
-41
-48
-56
-63
-68
-66
-59
-48
-37
-24
-14
-8
3
11
20
35
50
65
77
85
88
91
88
84
81
80
84
83
80
74
65
59
47
39
34
28
27
28
26
25
22
16
12
7
7
9
13
18
24
25
24
26
24
21
19
18
16
17
14
8
2
-8
-17
-23
-28
-30
-31
-32
-34
-34
-33
-30
-24
-20
-17
-11
-2
9
20
28
31
38
44
50
54
57
61
65
70
71
70
70
67
63
61
60
59
64
67
69
69
66
66
65
65
66
68
71
73
75
75
75
75
74
71
70
72
70
67
62
53
46
38
30
23
13
3
-3
-9
-13
-17
-24
-28
-29
-30
-33
-32
-30
-30
-30
-30
-29
-28
-28
-30
-32
-33
-33
-30
-23
-18
-17
-15
-13
-12
-6
-1
7
10
12
14
12
11
5
-3
-12
-18
-13
-4
6
16
17
19
22
31
43
53
61
69
75
82
90
95
98
97
89
78
68
62
56
42
24
1
-17
-33
-51
-63
-77
-95
-110
-123
-132
-135
-145
-155
-164
-174
-175
-169
-169
-172
-175
-179
-178
-170
-159
-150
-145
-138
-126
-109
-93
-76
-62
-46
-31
-18
-1
13
30
46
54
66
82
95
111
126
134
142
154
167
181
193
198
201
205
211
220
225
232
234
233
234
230
225
219
204
191
173
154
137
116
91
62
31
-3
-38
-71
-106
-144
-180
-219
-252
-283
-313
-340
-367
-393
-414
-428
-438
-443
-447
-447
-443
-434
-417
-396
-372
-347
-318
-281
-246
-208
-168
-132
-94
-55
-19
22
62
101
138
175
210
243
280
312
345
378
412
448
477
505
534
562
595
621
647
670
687
703
715
717
708
691
664
624
575
513
441
361
273
180
79
-25
-133
-242
-351
-452
-547
-635
-713
-784
-841
-889
-921
-936
-942
-929
-902
-859
-801
-741
-671
-594
-517
-433
-350
-266
-185
-107
-33
37
98
150
196
236
272
303
329
353
373
394
416
442
474
503
543
588
632
687
742
800
860
907
944
964
968
956
931
897
847
779
696
591
471
337
199
60
-81
-213
-345
-469
-580
-684
-768
-832
-877
-900
-909
-897
-870
-825
-764
-696
-623
-548
-475
-407
-345
-288
-236
-196
-168
-152
-151
-165
-187
-217
-249
-282
-315
-348
-384
-417
-440
-450
-442
-424
-395
-354
-301
-236
-152
-47
69
193
322
449
578
703
826
950
1067
1175
1266
1326
1351
1340
1305
1248
1171
1073
946
789
614
420
213
7
-193
-385
-565
-735
-891
-1029
-1143
-1226
-1274
-1292
-1282
-1251
-1198
-1126
-1031
-912
-779
-633
-479
-333
-196
-77
18
98
154
189
206
203
175
121
46
-42
-137
-233
-329
-419
-508
-587
-651
-701
-729
-736
-718
-675
-608
-515
-404
-274
-124
41
223
415
608
798
978
1149
1315
1475
1625
1760
1873
1948
1972
1951
1883
1787
1667
1525
1360
1163
935
680
410
141
-116
-346
-551
-732
-895
-1039
-1160
-1246
-1290
-1282
-1226
-1135
-1018
-886
-735
-564
-374
-167
47
256
442
599
726
816
881
914
915
880
813
713
581
432
272
109
-48
-200
-345
-484
-611
-717
-799
-855
-876
-865
-827
-759
-663
-544
-397
-239
-64
119
298
476
652
827
991
1135
1263
1367
1453
1522
1575
1620
1642
1631
1571
1453
1299
1124
935
735
524
297
45
-221
-495
-762
-1001
-1203
-1366
-1500
-1618
-1716
-1794
-1836
-1824
-1765
-1660
-1526
-1375
-1209
-1030
-846
-653
-452
-251
-60
105
229
310
351
358
330
270
185
66
-81
-252
-437
-619
-796
-962
-1112
-1245
-1361
-1457
-1528
-1563
-1560
-1520
-1447
-1337
-1200
-1034
-846
-644
-425
-200
23
237
435
624
796
946
1078
1181
1267
1333
1377
1409
1421
1403
1344
1241
1103
939
765
580
387
191
-17
-236
-461
-678
-870
-1027
-1146
-1233
-1299
-1346
-1381
-1389
-1356
-1279
-1160
-1015
-852
-682
-513
-342
-175
-6
167
332
471
568
618
623
591
531
446
342
215
61
-113
-296
-478
-649
-800
-925
-1024
-1098
-1155
-1189
-1198
-1169
-1098
-990
-848
-684
-505
-318
-126
74
281
488
684
866
1030
1167
1281
1376
1449
1508
1558
1602
1635
1644
1613
1532
1400
1237
1056
869
675
464
251
28
-207
-442
-666
-860
-1005
-1109
-1181
-1236
-1276
-1293
-1275
-1212
-1102
-957
-786
-603
-412
-220
-40
134
299
461
608
724
796
814
780
707
598
470
321
155
-28
-226
-427
-624
-806
-963
-1093
-1184
-1241
-1267
-1258
-1216
-1139
-1025
-869
-674
-455
-222
8
230
442
646
846
1035
1208
1356
1479
1573
1633
1670
1695
1725
1761
1791
1792
1727
1589
1392
1173
953
733
517
298
72
-167
-423
-679
-908
-1079
-1181
-1225
-1232
-1228
-1225
-1208
-1152
-1037
-874
-679
-463
-250
-53
132
301
460
612
755
878
953
969
924
824
687
524
354
169
-37
-258
-488
-706
-906
-1076
-1203
-1285
-1327
-1328
-1296
-1228
-1124
-983
-805
-595
-361
-116
125
351
563
763
952
1123
1274
1399
1492
1557
1592
1602
1592
1577
1565
1559
1556
1520
1423
1258
1049
838
632
429
230
35
-161
-362
-568
-775
-952
-1079
-1142
-1149
-1131
-1108
-1091
-1057
-985
-864
-698
-512
-322
-133
47
206
345
473
596
706
800
850
840
770
645
491
322
138
-58
-270
-498
-725
-937
-1121
-1268
-1369
-1423
-1429
-1388
-1318
-1216
-1083
-921
-729
-515
-285
-54
165
362
539
708
867
1017
1148
1250
1324
1365
1377
1374
1361
1352
1360
1381
1390
1337
1200
990
757
540
356
192
26
-149
-342
-543
-735
-913
-1048
-1118
-1128
-1095
-1049
-1012
-983
-930
-822
-664
-473
-281
-105
54
196
326
437
531
614
677
710
691
616
496
339
164
-18
-208
-404
-601
-793
-964
-1109
-1226
-1306
-1341
-1337
-1292
-1213
-1100
-953
-782
-595
-399
-202
-1
201
387
552
690
806
905
987
1047
1086
1107
1110
1101
1082
1060
1059
1095
1171
1259
1293
1226
1052
825
622
472
366
260
125
-52
-258
-470
-659
-797
-869
-884
-855
-822
-820
-837
-831
-769
-649
-495
-335
-193
-70
45
152
249
339
422
491
535
527
466
355
211
47
-138
-327
-513
-690
-848
-984
-1105
-1193
-1239
-1238
-1189
-1104
-993
-861
-712
-557
-405
-263
-123
23
169
304
420
514
599
691
789
890
981
1048
1101
1142
1174
1207
1264
1361
1490
1601
1608
1454
1158
803
487
249
61
-137
-390
-688
-980
-1219
-1361
-1391
-1323
-1180
-1013
-855
-712
-563
-367
-116
163
407
570
647
662
650
617
565
488
367
194
-25
-261
-479
-666
-816
-946
-1080
-1219
-1337
-1395
-1366
-1265
-1117
-948
-777
-610
-445
-280
-109
61
208
304
330
295
229
169
133
108
81
48
24
40
109
237
412
612
824
1024
1210
1399
1605
1851
2110
2295
2298
2045
1576
1024
523
131
-189
-516
-899
-1310
-1659
-1867
-1894
-1747
-1475
-1143
-805
-497
-218
60
363
673
934
1085
1099
997
816
597
366
134
-104
-354
-609
-846
-1035
-1147
-1173
-1146
-1101
-1055
-993
-893
-750
-581
-433
-330
-262
-217
-181
-157
-151
-164
-196
-241
-297
-352
-388
-400
-376
-325
-255
-168
-55
104
307
541
784
1009
1208
1377
1514
1624
1713
1785
1865
1940
1960
1834
1483
934
315
-224
-604
-850
-1046
-1257
-1469
-1604
-1583
-1382
-1046
-654
-269
57
304
487
627
738
814
816
717
517
252
-21
-267
-465
-606
-704
-765
-790
-774
-705
-576
-397
-226
-120
-99
-144
-204
-251
-298
-364
-472
-608
-732
-810
-835
-805
-741
-671
-595
-518
-433
-329
-209
-71
60
171
266
352
453
564
687
812
925
1020
1093
1158
1212
1257
1321
1426
1584
1741
1800
1645
1240
682
138
-260
-491
-641
-805
-1022
-1228
-1334
-1270
-1042
-714
-366
-65
163
321
430
521
593
627
588
459
260
29
-185
-352
-460
-512
-532
-534
-523
-482
-399
-287
-189
-153
-201
-302
-396
-450
-478
-523
-627
-766
-893
-959
-939
-854
-741
-634
-552
-481
-404
-301
-173
-38
77
161
218
271
339
432
534
639
733
815
888
952
1015
1077
1151
1246
1379
1538
1659
1637
1385
924
379
-99
-421
-613
-760
-928
-1107
-1230
-1226
-1066
-789
-463
-155
99
284
403
475
508
511
468
365
211
20
-178
-348
-468
-517
-506
-456
-392
-326
-252
-172
-103
-85
-135
-237
-358
-472
-581
-694
-816
-921
-980
-975
-907
-803
-675
-544
-424
-313
-216
-129
-49
24
87
144
196
255
320
392
468
556
660
772
877
958
1018
1068
1127
1207
1327
1485
1622
1640
1431
977
382
-179
-565
-760
-851
-939
-1070
-1187
-1196
-1039
-735
-364
-4
278
454
533
538
500
433
343
218
51
-148
-356
-527
-619
-617
-538
-420
-297
-188
-95
-16
35
22
-79
-235
-396
-519
-601
-676
-757
-840
-895
-897
-842
-734
-596
-454
-328
-230
-156
-93
-23
53
132
188
223
254
293
356
442
537
628
698
742
779
823
894
980
1072
1175
1306
1479
1642
1675
1465
999
396
-164
-550
-761
-880
-999
-1136
-1227
-1197
-1008
-705
-348
3
289
486
569
551
471
365
265
155
11
-173
-380
-546
-624
-594
-488
-360
-245
-168
-127
-114
-134
-184
-259
-345
-443
-558
-688
-815
-890
-880
-792
-663
-540
-442
-356
-267
-175
-85
-16
23
45
54
66
96
150
228
321
415
505
590
678
767
858
942
1012
1069
1127
1213
1331
1479
1603
1592
1343
842
212
-361
-736
-901
-949
-990
-1055
-1090
-1014
-788
-446
-74
255
491
617
632
542
393
225
60
-99
-269
-450
-617
-724
-730
-636
-476
-297
-141
-30
33
40
-27
-168
-352
-527
-661
-755
-826
-893
-935
-922
-844
-717
-570
-426
-295
-178
-84
-24
2
7
22
55
100
147
187
236
301
379
460
536
606
667
724
785
845
906
976
1059
1169
1311
1470
1575
1519
1215
692
91
-415
-730
-869
-926
-985
-1043
-1042
-918
-656
-311
40
343
548
640
611
486
311
131
-30
-179
-333
-501
-650
-733
-714
-586
-388
-181
-13
75
72
-16
-160
-308
-432
-523
-619
-750
-897
-1007
-1014
-897
-700
-494
-335
-231
-169
-119
-74
-35
-11
-10
-22
-35
-35
2
81
196
322
434
522
595
663
731
794
843
884
931
987
1060
1155
1267
1371
1388
1236
868
346
-190
-597
-811
-885
-910
-944
-961
-893
-702
-407
-76
219
440
566
589
514
360
162
-30
-194
-335
-467
-588
-676
-691
-612
-448
-245
-66
34
27
-69
-208
-332
-407
-447
-485
-546
-630
-700
-709
-645
-533
-413
-320
-257
-216
-188
-162
-138
-112
-85
-51
-12
36
100
188
291
392
476
539
586
629
668
701
723
745
781
837
909
998
1113
1254
1372
1376
1168
731
169
-340
-669
-801
-820
-830
-861
-859
-753
-527
-221
88
334
487
542
501
376
191
-16
-203
-352
-471
-573
-652
-679
-626
-481
-280
-94
10
-2
-103
-218
-298
-330
-345
-387
-477
-596
-694
-729
-677
-560
-430
-326
-271
-257
-251
-227
-181
-124
-75
-44
-20
7
58
139
237
331
400
444
474
501
536
573
602
627
664
728
819
933
1057
1188
1319
1393
1330
1055
584
43
-412
-688
-793
-818
-842
-870
-844
-704
-448
-133
157
373
487
504
429
276
80
-114
-263
-367
-448
-524
-586
-597
-524
-366
-182
-44
-10
-78
-199
-311
-378
-407
-435
-487
-565
-638
-676
-659
-586
-484
-383
-309
-263
-234
-209
-181
-152
-125
-97
-59
-13
44
114
195
275
348
413
460
494
520
540
558
580
620
683
768
862
966
1087
1229
1363
1406
1255
871
325
-218
-608
-789
-827
-824
-836
-838
-765
-574
-296
0
243
402
475
465
360
178
-32
-215
-342
-421
-483
-542
-577
-551
-446
-292
-161
-113
-150
-239
-318
-354
-363
-378
-426
-503
-567
-583
-533
-438
-335
-261
-225
-217
-210
-187
-148
-108
-87
-74
-57
-23
38
123
219
310
380
429
458
474
488
502
515
530
548
585
644
729
836
964
1114
1267
1364
1310
1040
571
22
-444
-724
-826
-831
-826
-828
-779
-625
-361
-52
220
406
498
508
437
288
87
-121
-295
-414
-497
-554
-586
-575
-498
-368
-243
-167
-164
-213
-266
-308
-331
-361
-421
-502
-571
-591
-549
-458
-352
-269
-233
-235
-250
-256
-245
-220
-196
-175
-151
-117
-58
25
130
234
319
381
413
425
425
431
451
480
513
549
594
650
719
808
920
1053
1180
1238
1145
852
403
-69
-437
-636
-700
-706
-714
-711
-654
-503
-267
-8
211
365
436
427
330
162
-31
-203
-331
-412
-465
-497
-501
-460
-366
-259
-186
-179
-226
-285
-320
-324
-323
-344
-402
-472
-514
-498
-429
-330
-242
-193
-185
-212
-243
-255
-245
-216
-183
-150
-115
-65
1
92
193
292
377
438
473
480
474
466
466
484
513
556
609
678
773
901
1054
1209
1308
1264
1028
620
145
-261
-522
-638
-675
-704
-726
-710
-607
-410
-168
62
231
322
334
264
133
-31
-195
-323
-408
-463
-497
-506
-482
-414
-322
-247
-224
-255
-314
-352
-358
-351
-354
-391
-453
-504
-507
-454
-360
-262
-188
-142
-122
-117
-109
-108
-113
-115
-109
-80
-25
45
119
182
238
297
360
420
466
484
471
440
423
440
492
570
662
755
860
981
1101
1191
1180
1020
716
324
-56
-348
-536
-640
-703
-735
-710
-609
-438
-228
-24
142
256
305
291
205
70
-78
-219
-333
-418
-483
-521
-514
-461
-379
-308
-290
-324
-377
-404
-382
-335
-306
-329
-393
-460
-487
-457
-392
-323
-273
-251
-247
-243
-226
-192
-151
-111
-80
-52
-17
27
80
140
204
272
344
412
463
491
497
504
528
576
642
716
801
905
1036
1176
1262
1222
1012
652
231
-140
-400
-536
-597
-631
-653
-644
-561
-391
-170
52
226
323
348
309
217
91
-50
-183
-294
-382
-450
-495
-504
-463
-369
-258
-177
-163
-220
-305
-374
-405
-407
-415
-456
-527
-597
-636
-618
-542
-435
-330
-259
-228
-225
-220
-192
-145
-91
-59
-45
-38
-18
32
104
189
275
354
421
471
508
539
578
641
720
806
886
964
1066
1191
1297
1302
1121
753
285
-156
-457
-602
-649
-670
-696
-701
-628
-451
-202
55
259
378
408
362
254
105
-60
-216
-334
-414
-471
-522
-552
-526
-430
-279
-136
-66
-98
-205
-322
-398
-418
-417
-436
-486
-553
-598
-597
-543
-449
-345
-254
-193
-163
-156
-152
-140
-111
-66
-16
26
60
89
124
179
255
348
436
501
542
565
594
649
727
816
906
995
1095
1209
1299
1292
1118
780
351
-47
-321
-470
-542
-602
-670
-698
-637
-467
-228
11
194
305
348
331
265
152
4
-149
-284
-387
-455
-498
-518
-495
-421
-314
-219
-179
-209
-281
-349
-387
-395
-405
-441
-503
-561
-586
-565
-504
-431
-368
-321
-290
-263
-237
-207
-171
-131
-93
-58
-22
20
73
136
210
287
358
417
459
490
530
591
670
755
831
892
963
1066
1193
1291
1273
1078
719
294
-74
-316
-442
-513
-588
-666
-693
-616
-435
-198
25
186
277
313
302
248
150
21
-112
-233
-328
-405
-465
-498
-480
-406
-299
-206
-173
-210
-283
-347
-377
-385
-411
-479
-584
-683
-727
-695
-607
-501
-415
-363
-331
-298
-255
-210
-177
-156
-142
-119
-82
-26
49
134
229
330
430
516
584
645
704
768
838
908
981
1069
1176
1274
1299
1175
879
469
60
-241
-404
-475
-520
-585
-643
-630
-511
-299
-63
139
273
342
365
349
292
197
76
-50
-172
-286
-390
-466
-496
-461
-368
-257
-178
-166
-212
-277
-322
-326
-318
-335
-400
-509
-622
-690
-687
-619
-516
-425
-364
-336
-314
-275
-214
-148
-98
-67
-51
-31
11
81
174
275
371
448
503
549
599
669
752
831
898
968
1055
1156
1231
1209
1033
701
303
-50
-289
-414
-488
-569
-660
-711
-669
-512
-293
-82
77
178
247
291
292
243
149
33
-76
-166
-248
-332
-410
-445
-420
-352
-275
-238
-251
-296
-333
-342
-333
-337
-379
-446
-506
-531
-509
-456
-399
-358
-328
-303
-273
-242
-209
-184
-158
-126
-90
-41
20
93
184
285
385
470
545
615
689
768
846
923
997
1079
1177
1267
1286
1158
856
431
0
-326
-501
-570
-622
-708
-802
-828
-720
-493
-216
27
186
275
322
345
336
285
199
96
-3
-96
-195
-292
-366
-391
-353
-281
-223
-224
-277
-343
-384
-383
-362
-355
-377
-421
-464
-482
-471
-436
-388
-337
-299
-280
-280
-290
-291
-268
-219
-156
-94
-35
29
114
223
335
436
514
583
656
745
852
959
1062
1173
1290
1379
1368
1184
822
368
-52
-341
-494
-583
-684
-812
-911
-902
-750
-496
-230
-9
148
260
345
400
404
356
270
164
49
-76
-209
-332
-409
-423
-383
-326
-296
-306
-340
-366
-367
-352
-346
-365
-399
-432
-448
-439
-416
-391
-361
-326
-285
-250
-228
-218
-217
-208
-179
-139
-94
-44
9
82
181
291
398
494
578
666
762
871
983
1094
1204
1301
1351
1281
1043
663
240
-116
-343
-471
-576
-713
-869
-968
-939
-774
-532
-285
-87
57
171
266
338
370
353
291
204
97
-27
-158
-271
-345
-371
-357
-335
-335
-358
-402
-428
-434
-425
-403
-389
-389
-394
-399
-394
-376
-340
-298
-255
-220
-203
-200
-193
-177
-139
-84
-34
9
45
94
171
279
396
504
605
706
813
930
1062
1198
1336
1444
1467
1347
1055
651
241
-78
-280
-416
-563
-754
-938
-1025
-964
-777
-545
-343
-190
-54
92
247
374
439
433
375
293
193
75
-53
-175
-272
-331
-363
-394
-442
-496
-537
-555
-549
-540
-535
-520
-490
-444
-393
-357
-335
-322
-305
-276
-242
-225
-225
-226
-221
-199
-163
-117
-63
6
97
208
328
447
562
670
780
891
999
1122
1262
1395
1478
1435
1231
890
505
178
-51
-208
-363
-566
-782
-934
-956
-843
-658
-472
-324
-199
-62
94
255
380
441
450
415
357
274
165
43
-78
-183
-270
-356
-454
-573
-693
-781
-818
-800
-748
-689
-629
-578
-522
-450
-371
-288
-219
-176
-155
-152
-161
-172
-181
-186
-183
-159
-114
-49
35
133
248
381
525
668
806
937
1079
1242
1416
1551
1578
1442
1151
796
470
219
27
-175
-430
-705
-925
-1020
-978
-847
-692
-550
-411
-247
-53
145
305
407
463
489
498
474
401
283
149
18
-95
-207
-348
-519
-699
-850
-937
-951
-912
-851
-786
-721
-648
-555
-441
-319
-210
-123
-60
-24
-8
-4
-8
-13
-13
-1
12
26
46
83
147
243
363
487
609
741
906
1108
1314
1465
1484
1349
1113
845
622
445
264
28
-278
-590
-830
-944
-939
-882
-818
-755
-663
-516
-326
-124
52
186
298
401
484
526
520
473
403
329
234
89
-114
-359
-598
-775
-876
-923
-954
-984
-995
-963
-879
-755
-615
-480
-353
-228
-108
-5
70
119
148
182
224
259
271
264
255
270
317
380
443
507
584
705
871
1053
1186
1203
1095
915
741
617
530
418
231
-22
-280
-480
-592
-638
-666
-702
-734
-728
-660
-547
-420
-303
-195
-79
50
182
291
364
403
417
411
379
296
158
-15
-192
-345
-468
-578
-691
-799
-881
-930
-934
-903
-845
-766
-662
-539
-406
-279
-159
-43
69
183
289
375
438
486
534
580
624
652
669
698
756
846
953
1031
1029
940
794
643
532
451
355
204
1
-212
-375
-467
-510
-542
-593
-651
-665
-625
-535
-424
-324
-240
-161
-76
13
100
174
235
280
297
275
203
102
-8
-101
-180
-269
-376
-488
-593
-668
-702
-716
-717
-710
-686
-638
-567
-483
-391
-290
-187
-82
22
119
214
312
414
518
610
685
745
804
870
942
1013
1058
1045
966
835
692
569
475
381
252
79
-110
-267
-360
-408
-443
-494
-562
-614
-618
-574
-506
-438
-380
-316
-239
-148
-52
37
112
169
196
185
138
73
11
-46
-101
-170
-262
-361
-454
-519
-560
-595
-619
-628
-618
-584
-532
-471
-399
-316
-224
-128
-32
60
158
257
360
457
542
609
659
712
768
826
890
935
939
895
806
703
617
545
470
361
206
33
-123
-235
-307
-370
-441
-514
-563
-574
-545
-491
-432
-378
-316
-243
-168
-92
-33
10
37
47
40
25
5
-22
-54
-95
-151
-211
-265
-309
-347
-381
-417
-451
-472
-471
-445
-406
-359
-308
-250
-186
-113
-32
56
142
218
281
340
402
467
533
595
636
661
677
684
676
643
580
500
420
354
294
227
144
58
-19
-77
-115
-155
-196
-239
-274
-290
-298
-300
-306
-309
-299
-276
-245
-212
-185
-160
-131
-104
-79
-59
-49
-44
-52
-72
-98
-131
-166
-204
-234
-255
-277
-293
-301
-302
-285
-256
-215
-167
-125
-87
-49
-5
47
100
152
193
222
253
287
323
350
363
369
371
372
372
366
347
326
309
294
276
251
218
186
155
122
84
31
-28
-82
-121
-142
-156
-166
-181
-189
-187
-178
-164
-154
-151
-153
-161
-171
-177
-180
-186
-183
-181
-179
-171
-162
-146
-129
-111
-97
-93
-92
-95
-104
-109
-109
-108
-108
-111
-114
-111
-100
-77
-48
-18
15
44
76
110
143
176
207
230
242
245
245
243
243
244
244
239
230
217
203
190
178
169
161
147
129
108
85
60
31
5
-25
-53
-78
-104
-131
-155
-176
-191
-201
-207
-207
-208
-211
-212
-208
-203
-200
-193
-186
-179
-171
-158
-143
-122
-96
-71
-46
-27
-16
-2
7
13
16
17
13
2
-10
-17
-18
-12
2
22
44
69
101
132
158
181
205
224
239
257
265
267
257
243
229
210
191
169
148
123
101
75
46
17
-13
-37
-54
-71
-84
-98
-113
-126
-136
-145
-153
-163
-176
-195
-211
-220
-226
-222
-217
-214
-204
-188
-170
-150
-127
-101
-76
-52
-30
-15
-3
15
33
46
53
57
61
61
57
54
50
48
51
53
57
65
78
96
117
136
150
165
179
196
212
222
226
221
208
194
175
152
130
103
73
40
9
-17
-37
-54
-65
-75
-85
-98
-108
-115
-115
-113
-110
-109
-112
-119
-126
-133
-137
-136
-140
-141
-144
-148
-150
-152
-150
-145
-135
-119
-104
-84
-65
-42
-15
8
32
53
72
85
89
91
94
97
96
93
86
82
83
84
89
91
95
103
113
124
135
143
147
149
146
138
130
113
86
58
31
4
-18
-34
-49
-63
-74
-77
-78
-80
-76
-72
-62
-53
-46
-38
-35
-37
-36
-38
-44
-47
-54
-67
-84
-100
-113
-119
-121
-123
-121
-118
-113
-98
-83
-70
-53
-33
-16
2
16
23
31
37
43
52
58
59
62
65
65
62
58
56
54
53
50
50
50
53
57
63
71
80
90
93
89
83
71
60
44
25
5
-20
-42
-60
-78
-90
-96
-95
-92
-86
-75
-61
-45
-27
-11
2
16
28
35
37
36
29
19
6
-4
-17
-31
-39
-41
-46
-52
-56
-55
-52
-47
-39
-32
-26
-16
-4
3
13
20
21
23
20
14
9
3
-1
-3
-6
-5
-3
0
3
8
16
25
35
44
47
48
48
49
53
53
49
43
36
29
21
8
-6
-21
-40
-54
-66
-76
-83
-84
-77
-66
-50
-25
-1
21
40
59
74
88
96
100
99
91
83
74
60
41
20
4
-11
-27
-35
-45
-52
-53
-53
-47
-40
-29
-17
-9
-3
0
0
-2
-7
-13
-16
-19
-25
-30
-34
-40
-44
-41
-38
-33
-27
-18
-9
2
14
23
30
37
40
42
41
37
34
31
20
9
-2
-14
-24
-31
-32
-31
-30
-28
-25
-23
-17
-5
10
28
44
60
75
84
88
90
87
80
73
61
45
29
11
-9
-26
-42
-58
-68
-76
-83
-88
-89
-87
-80
-70
-60
-47
-33
-23
-11
-2
0
2
0
-2
-9
-15
-23
-30
-30
-26
-24
-18
-7
4
14
22
31
40
43
45
47
45
43
40
37
34
28
22
12
6
5
1
-2
-8
-10
-10
-9
-5
2
10
13
17
20
19
23
22
22
22
17
14
12
4
-4
-11
-20
-29
-38
-49
-54
-60
-64
-67
-71
-74
-71
-66
-55
-42
-30
-21
-13
-4
4
11
16
20
20
21
21
20
20
22
21
17
14
15
17
15
19
22
22
27
27
28
29
27
28
25
24
25
25
25
24
21
20
21
21
19
15
13
9
10
10
6
5
2
-1
-5
-11
-16
-24
-29
-33
-36
-38
-41
-39
-40
-41
-35
-32
-27
-19
-16
-11
-6
-5
-5
-2
-1
1
4
7
12
16
21
23
23
21
21
18
13
12
12
7
9
12
14
15
11
9
7
7
8
9
10
10
11
12
12
13
12
17
21
22
18
16
16
10
5
-2
-12
-20
-29
-33
-37
-38
-38
-42
-42
-38
-38
-34
-28
-26
-22
-19
-15
-12
-9
-8
-6
-2
0
3
6
8
12
17
19
22
22
22
22
21
19
16
11
5
5
5
2
3
5
6
8
7
8
11
10
10
13
9
7
7
3
-1
-7
-12
-15
-14
-10
-8
-5
2
9
11
11
9
11
13
13
13
8
2
-4
-14
-19
-24
-31
-36
-36
-38
-34
-28
-23
-19
-15
-10
-5
-1
2
8
12
15
20
22
19
16
11
6
6
7
9
11
14
16
16
16
19
20
19
18
16
8
6
6
2
0
-3
-5
-8
-13
-15
-17
-19
-18
-16
-16
-19
-20
-19
-18
-15
-13
-11
-8
-3
2
6
11
15
18
19
23
26
25
26
24
23
21
14
10
6
0
-9
-13
-12
-9
-6
-2
-2
-1
0
0
-1
-3
-6
-8
-8
-8
-7
-3
-3
-2
0
2
4
6
10
11
14
17
16
15
14
13
9
2
-2
-9
-15
-23
-27
-32
-37
-37
-37
-36
-33
-28
-22
-20
-13
-6
-2
2
4
6
4
5
6
6
10
14
17
17
17
17
15
14
21
23
23
23
19
18
18
17
14
8
0
-6
-10
-14
-15
-16
-15
-13
-12
-8
-6
-4
-3
-3
4
7
11
17
20
24
25
26
25
21
21
14
5
-1
-8
-16
-21
-27
-29
-32
-34
-29
-24
-23
-22
-17
-14
-12
-9
-4
-2
1
5
7
8
12
13
10
10
6
5
5
5
6
8
9
17
21
22
24
21
20
16
8
5
0
-3
-2
-3
-3
-2
-3
-5
-4
-7
-6
-6
-7
-6
-2
0
1
6
7
10
11
12
13
13
11
6
3
1
-5
-9
-14
-19
-20
-22
-22
-22
-24
-21
-24
-24
-20
-15
-10
-3
-1
0
4
8
9
11
14
14
11
9
7
7
6
10
13
11
7
6
4
1
2
2
-3
-6
-10
-13
-14
-13
-11
-11
-11
-12
-10
-7
-3
1
7
8
10
13
14
16
16
15
17
15
10
6
4
1
-2
-6
-8
-11
-11
-10
-12
-14
-14
-13
-11
-9
-8
-9
-10
-13
-12
-12
-15
-14
-14
-14
-13
-12
-12
-8
-7
-6
-1
5
8
12
13
14
13
10
10
9
6
3
0
-1
-1
-2
-3
-1
-4
-4
-2
-2
-2
-2
-1
0
0
0
2
3
6
12
16
18
20
21
22
22
25
21
17
14
9
6
1
-1
-4
-9
-9
-9
-11
-11
-12
-9
-5
-3
1
3
4
6
6
2
-2
-4
-10
-15
-20
-23
-23
-22
-20
-16
-11
-7
-3
2
4
6
11
13
14
13
13
14
10
10
7
5
4
2
2
3
-1
-2
-3
-3
-3
-4
-2
-1
1
0
2
2
1
3
3
6
8
6
3
3
1
-2
-3
-4
-8
-12
-16
-18
-12
-11
-9
-4
0
1
6
10
12
14
14
11
9
9
5
2
0
-2
-7
-11
-11
-10
-11
-11
-8
-7
-6
-3
1
4
9
11
12
11
8
7
4
-1
-5
-10
-11
-12
-13
-13
-12
-10
-9
-6
-2
0
4
6
7
7
7
6
6
8
7
7
7
7
8
4
4
2
-2
-4
-4
-3
-4
-5
-7
-6
-4
-3
0
2
1
1
1
2
5
6
4
4
2
1
1
-2
-2
0
1
-1
3
5
2
7
7
6
6
2
3
5
3
3
2
2
1
-4
-2
-4
-5
-3
-3
-5
-6
-6
-5
-5
0
-1
0
2
3
5
5
8
8
6
8
6
8
10
10
9
7
6
7
9
7
4
3
1
0
-3
-4
-5
-8
-8
-11
-14
-16
-16
-16
-14
-12
-13
-13
-9
-10
-7
-5
-6
-4
-4
-5
-4
0
1
4
6
8
12
17
21
21
20
19
19
15
13
13
8
7
5
3
3
1
1
3
4
2
2
1
1
2
4
4
4
5
5
5
3
3
5
3
1
-2
-4
-5
-8
-8
-8
-9
-9
-10
-10
-7
-10
-11
-11
-11
-10
-8
-6
-3
1
3
5
8
8
13
13
12
15
13
11
9
3
0
0
-3
-5
-4
-4
-6
-4
-3
-3
-3
-4
-2
-1
-3
0
0
-3
-3
-3
-2
-2
-5
-3
-5
-7
-5
-5
-4
-2
-4
-1
-4
-6
-4
-3
-6
-6
-7
-7
-6
-7
-5
-1
-2
-1
-1
-2
-2
-1
-1
-2
-3
-5
-8
-8
-7
-7
-7
-6
-3
0
3
3
3
6
6
4
4
3
3
4
1
-1
-3
-8
-15
-17
-17
-18
-22
-20
-19
-19
-16
-14
-10
-5
-3
-1
4
5
8
10
10
10
12
13
11
12
13
10
5
4
4
5
4
2
4
4
2
3
5
7
7
6
8
7
8
9
5
5
3
0
-1
-4
-7
-8
-13
-18
-21
-21
-23
-21
-21
-22
-21
-20
-20
-17
-14
-12
-12
-11
-10
-11
-13
-13
-13
-17
-17
-18
-19
-16
-15
-13
-11
-9
-8
-8
-5
0
3
8
9
12
15
13
13
13
11
10
10
7
4
2
0
-3
-3
-5
-6
-6
-8
-3
1
3
7
10
12
14
16
15
13
13
13
12
12
12
9
4
2
0
-4
-7
-8
-9
-8
-10
-8
-5
-6
-2
3
5
9
13
13
15
15
15
14
12
11
12
9
8
6
5
5
8
7
6
7
9
12
14
16
19
21
23
25
28
30
32
35
32
33
31
27
25
23
20
16
16
16
12
11
9
10
13
16
20
23
24
25
25
24
24
24
22
18
15
13
12
8
5
4
3
0
-2
-3
-3
-5
-5
-8
-8
-7
-8
-8
-6
-4
-5
-4
-6
-8
-8
-7
-11
-12
-10
-9
-10
-11
-11
-12
-14
-11
-8
-8
-7
-6
-4
-5
-7
-4
-4
-4
-3
-3
-1
0
-1
-3
-3
-4
-6
-7
-7
-7
-11
-11
-12
-16
-19
-21
-21
-20
-19
-21
-20
-19
-21
-20
-21
-22
-22
-22
-22
-21
-20
-20
-21
-22
-23
-26
-29
-31
-32
-33
-37
-39
-38
-37
-36
-35
-32
-31
-29
-25
-19
-18
-15
-11
-11
-7
-3
-1
0
-1
-2
-4
-4
-6
-7
-7
-9
-9
-9
-9
-10
-9
-9
-7
-3
1
5
8
12
15
18
20
21
22
24
23
18
17
17
12
12
10
9
8
8
9
8
8
10
14
18
21
20
19
21
21
22
21
18
18
16
17
17
17
16
15
16
16
16
18
20
19
20
23
25
24
23
22
22
21
18
17
15
11
11
10
9
8
4
3
1
-1
2
2
1
2
1
2
8
9
13
15
16
19
21
22
23
23
22
18
18
18
14
12
7
0
-1
-5
-7
-8
-11
-11
-14
-13
-11
-11
-10
-12
-8
-8
-9
-8
-8
-8
-7
-7
-9
-8
-10
-10
-10
-11
-12
-14
-14
-15
-18
-19
-19
-19
-19
-17
-16
-14
-8
-3
-2
0
1
-2
-1
-3
-8
-10
-14
-14
-14
-14
-13
-11
-10
-7
-5
-2
0
2
2
4
5
8
8
8
7
3
2
1
-3
-6
-8
-12
-16
-19
-22
-23
-23
-23
-24
-24
-23
-19
-15
-13
-8
-4
-1
4
8
9
9
9
8
6
5
0
-2
-3
-7
-11
-12
-15
-17
-16
-16
-13
-12
-9
-5
-3
-2
0
4
4
5
6
5
4
4
3
0
-5
-4
-4
-4
-4
-4
-1
-2
0
3
4
5
6
7
8
6
7
5
4
4
-1
-4
-5
-8
-9
-10
-15
-19
-22
-24
-24
-24
-24
-23
-22
-23
-20
-16
-13
-10
-7
-5
-3
-3
-2
-2
-3
-4
-6
-8
-10
-13
-12
-14
-12
-9
-7
-5
-1
2
6
6
8
13
16
17
20
23
23
24
23
22
21
16
17
19
17
15
14
18
17
18
19
16
19
17
17
18
19
20
18
18
14
14
12
7
7
5
5
5
4
5
9
12
11
11
11
11
13
12
13
15
14
13
15
13
13
15
11
8
5
2
2
-2
-6
-9
-10
-12
-12
-9
-6
-4
-1
0
4
8
11
15
17
16
18
22
24
26
28
27
28
28
29
27
25
22
19
19
20
20
18
17
16
16
16
16
14
12
9
6
2
-2
-5
-8
-13
-16
-20
-21
-21
-22
-22
-22
-21
-19
-18
-18
-17
-15
-15
-12
-11
-10
-7
-7
-5
-5
-7
-8
-8
-10
-12
-15
-19
-18
-18
-18
-14
-12
-14
-10
-5
-4
-2
2
5
9
9
7
12
8
5
6
2
0
-2
-6
-8
-10
-13
-15
-17
-15
-15
-14
-15
-20
-17
-16
-14
-13
-12
-11
-12
-13
-13
-10
-10
-11
-11
-10
-10
-12
-13
-13
-15
-14
-13
-10
-4
0
6
10
8
8
8
6
3
2
-1
-2
-4
-5
-5
-7
-10
-11
-10
-9
-6
-4
1
4
7
8
6
8
10
12
13
13
14
17
15
12
10
6
1
-4
-2
-1
-1
0
0
3
5
8
12
17
21
21
17
12
4
2
3
6
11
12
10
7
1
-2
-3
-4
-5
-1
-3
-2
-2
-7
-5
-2
0
4
3
2
0
-2
0
0
1
-1
-2
-3
-3
-6
-7
-9
-10
-10
-13
-14
-15
-15
-11
-8
-3
2
4
4
6
5
3
1
2
5
4
5
7
8
9
10
9
6
4
4
3
4
8
10
12
10
7
5
1
-2
1
3
3
2
1
0
1
2
7
10
9
7
2
-3
-8
-11
-11
-9
-9
-12
-13
-13
-15
-16
-10
-9
-10
-8
-7
-8
-7
-4
2
11
11
10
10
7
8
11
13
14
10
9
12
9
8
3
3
4
5
9
14
13
9
8
7
8
8
8
4
2
1
-1
2
7
8
12
14
7
-1
-20
-50
-85
-120
-136
-124
-86
-28
25
55
57
36
9
-10
-8
11
34
52
57
48
28
4
-13
-14
-6
8
16
12
-1
-15
-29
-32
-24
-15
-9
-8
-7
-9
-11
-6
1
4
0
-11
-22
-30
-32
-27
-17
-15
-20
-26
-32
-27
-20
-6
10
18
25
25
23
21
13
6
1
-3
-7
-9
-10
-9
-12
-15
-15
-13
-3
16
40
54
51
20
-44
-126
-197
-226
-195
-107
14
134
217
237
201
128
43
-38
-108
-150
-160
-147
-101
-38
18
52
57
36
10
-8
-4
25
62
95
113
107
75
24
-27
-60
-74
-68
-51
-35
-35
-52
-69
-76
-73
-53
-26
-5
4
-9
-27
-50
-60
-50
-12
53
137
222
291
318
281
181
36
-111
-207
-227
-172
-79
2
30
2
-60
-117
-134
-96
-21
58
113
128
101
56
24
16
32
63
90
92
70
38
10
-2
12
34
48
46
22
-5
-20
-18
1
26
45
47
31
13
0
3
18
33
42
32
8
-19
-36
-32
-13
12
35
44
41
31
12
2
3
9
16
17
14
6
-3
-4
1
8
12
13
8
3
-1
-3
2
9
11
11
4
0
0
3
16
29
37
43
39
28
13
2
-7
-8
-5
-1
2
-1
-8
-16
-20
-22
-25
-25
-24
-23
-22
-14
-4
4
4
-5
-16
-26
-28
-24
-15
-2
7
10
9
5
0
-2
0
-2
-5
-10
-19
-27
-32
-32
-30
-25
-18
-23
-35
-45
-51
-50
-41
-25
-9
1
1
-7
-18
-22
-15
-4
5
10
4
-11
-28
-43
-48
-51
-46
-38
-32
-30
-36
-42
-45
-45
-38
-25
-18
-13
-12
-15
-16
-16
-13
-8
-4
-5
-8
-12
-16
-16
-10
0
7
5
0
-18
-33
-40
-43
-33
-19
-8
-6
-15
-26
-34
-33
-20
-4
5
6
0
-11
-17
-14
-1
16
27
29
15
-5
-24
-30
-19
-3
12
28
28
17
2
-10
-12
-7
0
5
6
-2
-11
-19
-22
-19
-14
-9
-6
-4
0
9
20
31
42
44
40
38
32
31
36
39
42
41
33
24
15
6
2
4
10
18
26
28
29
30
25
23
24
24
20
15
9
6
8
12
22
29
31
30
29
26
25
26
28
26
22
14
5
-3
-4
2
5
15
21
23
20
16
18
22
28
36
41
37
25
12
-1
-8
-5
5
12
17
20
10
-2
-10
-18
-18
-15
-12
-8
-10
-12
-13
-11
-7
0
12
22
29
30
30
29
23
20
24
31
38
39
28
4
-22
-45
-53
-40
-12
19
48
60
51
22
-16
-50
-73
-70
-54
-36
-24
-26
-41
-60
-70
-65
-43
-12
15
37
46
47
44
41
41
40
37
31
19
0
-20
-34
-42
-41
-33
-31
-30
-36
-48
-57
-63
-63
-55
-40
-29
-19
-12
-9
-5
1
5
11
19
24
27
25
21
18
15
11
7
2
-9
-16
-23
-25
-22
-19
-15
-14
-20
-26
-30
-32
-27
-23
-18
-14
-8
-5
-1
5
12
21
29
29
26
18
9
5
4
4
9
7
1
-8
-16
-25
-28
-20
-8
12
22
22
18
5
-9
-15
-18
-11
3
17
26
29
23
13
3
-1
-1
3
15
24
28
27
21
14
11
7
8
8
6
3
-5
-8
-10
-11
-7
-3
1
1
-5
-15
-22
-25
-23
-17
-6
6
16
24
27
23
19
14
13
10
8
8
7
3
-3
-12
-17
-18
-18
-15
-12
-11
-10
-10
-9
-4
2
12
19
20
18
9
-2
-14
-25
-27
-24
-11
0
7
10
4
-8
-17
-21
-18
-10
0
3
4
-3
-18
-30
-33
-29
-16
0
8
10
10
3
-2
-2
1
12
22
23
15
1
-20
-33
-37
-35
-24
-10
-3
0
-8
-15
-15
-6
7
16
21
15
1
-19
-33
-35
-29
-13
9
23
25
18
6
-3
-1
9
22
34
35
30
15
-4
-14
-19
-13
-4
5
7
2
-7
-10
-9
-1
12
24
29
22
7
-8
-20
-21
-17
-4
11
18
21
18
13
11
11
14
16
16
12
2
-4
-6
-8
-6
-5
-4
-6
-11
-12
-10
-5
3
8
11
12
10
7
8
9
7
9
6
1
-5
-6
-2
3
11
15
11
2
-10
-18
-16
-5
12
26
32
30
14
-4
-16
-14
-1
16
25
22
5
-18
-36
-42
-32
-11
11
23
20
9
-11
-25
-23
-11
8
21
26
16
-2
-20
-28
-22
-7
12
19
15
1
-16
-22
-15
0
20
34
33
21
3
-12
-14
-5
12
27
35
27
10
-4
-13
-10
6
20
27
24
8
-7
-16
-18
-6
7
19
20
14
3
-7
-9
-2
10
18
21
18
9
6
8
15
24
28
25
16
6
-3
-2
9
17
21
16
1
-13
-25
-29
-19
-6
7
10
5
-10
-24
-31
-26
-7
17
34
36
29
14
-3
-7
-3
10
27
31
31
19
0
-16
-26
-22
-10
4
14
12
2
-11
-21
-23
-15
-4
6
11
5
-4
-16
-28
-36
-30
-19
-10
-1
1
-4
-7
-8
-5
4
10
15
16
12
6
0
-6
-9
-8
-5
-2
-1
1
0
0
1
1
2
-2
-4
-6
-6
-11
-13
-18
-23
-22
-24
-21
-15
-13
-8
-4
-1
-2
-3
-4
-4
-2
0
1
-1
-6
-9
-8
-10
-10
-6
0
1
1
1
-2
-8
-11
-12
-9
-6
-3
-1
-1
-4
-6
-5
-4
4
13
21
22
18
11
3
-3
-4
-2
2
4
4
-1
-7
-15
-20
-15
-10
3
13
17
16
12
5
2
6
14
21
26
27
29
26
17
10
4
5
6
6
5
0
-6
-15
-20
-19
-21
-17
-9
-3
4
4
1
-8
-14
-14
-12
-6
0
4
4
-1
-6
-10
-9
-3
6
17
20
21
15
9
6
2
2
1
-3
-8
-16
-27
-38
-39
-37
-32
-26
-24
-23
-23
-26
-20
-14
-6
1
3
2
-2
-7
-11
-10
-6
2
8
6
3
-1
-7
-6
-1
2
8
10
3
-6
-14
-22
-24
-21
-17
-11
-9
-11
-12
-16
-20
-21
-17
-13
-8
-4
-8
-8
-7
-8
-9
-7
-1
1
1
3
5
5
3
3
-1
-4
-6
-11
-10
-7
-3
1
0
-3
-7
-15
-15
-12
-3
8
17
22
19
11
2
-4
-2
4
15
23
23
21
10
1
-5
-6
1
9
16
17
14
6
-2
-6
-7
1
9
14
16
15
14
11
10
10
11
9
6
0
-5
-3
1
1
4
4
0
-6
-11
-16
-16
-12
-9
-9
-8
-13
-17
-23
-21
-14
-6
5
13
15
12
6
4
6
10
20
28
29
23
11
1
-6
-6
-2
8
13
13
8
-3
-11
-14
-10
0
6
8
8
3
-2
-4
-3
5
12
16
14
7
0
-7
-7
2
12
21
28
24
14
5
-3
-2
1
11
18
17
10
-2
-16
-22
-20
-20
-15
-15
-18
-24
-31
-35
-32
-23
-13
-3
0
-2
-4
-10
-12
-7
0
10
14
13
7
-1
-7
-6
-4
1
5
3
-5
-12
-18
-20
-15
-10
-3
-3
-9
-14
-21
-24
-23
-13
0
6
2
-11
-21
-33
-36
-31
-25
-13
-11
-19
-28
-46
-55
-55
-49
-38
-30
-31
-37
-50
-61
-65
-60
-51
-38
-32
-35
-42
-54
-61
-62
-56
-45
-34
-35
-40
-51
-62
-70
-69
-66
-59
-54
-54
-55
-65
-68
-67
-61
-49
-39
-34
-38
-44
-47
-48
-45
-36
-30
-26
-26
-29
-33
-35
-31
-22
-15
-7
-6
-9
-11
-15
-15
-12
-9
-7
-7
-12
-13
-17
-19
-16
-9
-5
-5
-4
-8
-12
-8
-3
6
15
20
22
20
20
17
24
32
41
52
58
55
53
49
48
53
62
69
76
79
74
70
66
63
67
73
79
83
85
81
77
74
74
81
87
92
95
96
94
91
93
94
99
107
110
114
114
109
110
107
112
119
118
122
122
118
120
120
121
128
132
134
133
133
133
135
142
148
154
161
161
162
165
169
177
183
192
199
199
201
202
200
204
210
217
219
218
217
213
213
214
217
222
228
233
235
231
227
229
235
240
250
260
262
266
267
264
266
269
271
276
278
274
267
256
248
239
229
223
215
206
196
180
165
152
140
128
118
107
95
87
76
64
55
44
37
34
27
24
19
13
9
4
-2
-9
-19
-30
-37
-48
-58
-71
-87
-104
-122
-137
-156
-175
-192
-210
-226
-241
-252
-264
-274
-276
-276
-278
-279
-279
-280
-279
-277
-272
-266
-260
-255
-251
-249
-249
-249
-244
-239
-233
-230
-230
-232
-233
-228
-224
-216
-206
-195
-184
-173
-162
-154
-142
-127
-108
-85
-66
-51
-39
-29
-18
-8
5
20
33
40
45
46
44
46
47
48
51
52
47
38
31
24
16
15
14
12
12
5
-1
-11
-20
-26
-30
-32
-38
-46
-57
-74
-91
-106
-123
-140
-158
-177
-200
-230
-256
-284
-308
-329
-351
-373
-395
-421
-445
-465
-483
-495
-506
-519
-529
-543
-557
-573
-584
-593
-601
-603
-605
-611
-617
-627
-632
-638
-636
-630
-627
-619
-618
-616
-611
-605
-594
-582
-569
-556
-547
-540
-532
-521
-512
-495
-472
-455
-440
-425
-411
-398
-385
-368
-349
-329
-309
-292
-279
-263
-250
-234
-211
-187
-165
-139
-120
-105
-86
-67
-45
-22
0
22
40
58
74
88
104
123
141
156
172
181
193
204
211
222
234
246
256
266
274
279
285
290
298
309
319
329
333
342
350
354
362
369
375
381
382
382
381
382
383
383
383
382
382
378
373
372
366
363
363
361
359
358
354
345
342
339
334
334
334
330
324
315
305
296
289
284
277
273
266
255
246
237
228
221
214
208
203
197
188
178
172
166
159
153
151
143
136
128
119
114
106
100
97
87
78
69
59
50
45
43
38
32
25
17
12
4
-4
-8
-11
-13
-16
-20
-23
-31
-36
-39
-43
-42
-43
-50
-52
-57
-61
-61
-63
-65
-66
-66
-68
-72
-76
-76
-75
-77
-77
-75
-76
-77
-78
-79
-79
-79
-75
-72
-73
-75
-74
-75
-77
-74
-71
-66
-66
-64
-62
-65
-66
-63
-57
-53
-47
-44
-45
-46
-44
-41
-37
-33
-29
-24
-24
-25
-27
-26
-24
-19
-16
-14
-14
-16
-19
-20
-16
-8
-5
-2
3
1
-2
-2
-3
-1
6
8
7
4
-1
2
0
0
4
4
5
4
0
-3
-8
-9
-8
-7
-6
-5
-6
-8
-11
-10
-10
-11
-10
-7
-7
-11
-13
-14
-14
-10
-5
0
2
2
1
0
1
4
6
8
11
10
8
7
6
7
9
11
14
14
12
12
11
8
7
9
9
8
6
4
-1
-4
-4
-6
-6
-8
-8
-7
-10
-13
-14
-14
-12
-10
-8
-6
-8
-11
-13
-14
-14
-12
-10
-8
-7
-10
-13
-15
-13
-10
-9
-7
-7
-9
-8
-13
-12
-8
0
7
9
13
15
14
16
17
20
26
29
32
30
28
30
32
34
38
41
44
46
47
46
46
49
49
53
59
61
63
67
67
71
76
80
81
84
87
87
85
85
87
89
94
95
94
94
90
90
87
89
92
90
91
88
86
83
81
83
88
88
88
89
85
85
84
81
83
82
84
81
76
76
73
70
69
68
66
61
59
56
56
53
48
46
45
45
45
43
42
37
35
35
31
33
32
32
34
33
33
30
30
33
37
37
38
41
38
35
39
40
39
45
45
40
43
46
47
48
51
53
56
59
59
60
61
59
60
62
62
62
62
61
59
58
55
51
52
54
55
56
55
54
50
48
49
50
49
49
48
47
44
42
42
39
39
39
36
36
36
31
29
28
26
25
24
21
19
19
16
14
12
11
9
6
6
6
5
4
2
3
1
-2
-1
-1
-4
-6
-7
-11
-12
-13
-14
-14
-16
-17
-18
-19
-19
-19
-18
-17
-16
-14
-14
-15
-14
-17
-14
-12
-12
-11
-13
-15
-16
-15
-17
-16
-15
-17
-20
-21
-22
-24
-23
-23
-23
-22
-22
-21
-23
-23
-23
-24
-22
-21
-21
-24
-25
-26
-28
-30
-30
-31
-31
-32
-33
-34
-39
-44
-45
-44
-44
-44
-45
-45
-49
-51
-53
-53
-52
-52
-51
-53
-55
-56
-61
-63
-64
-63
-63
-64
-67
-68
-69
-72
-74
-74
-73
-74
-76
-75
-77
-77
-79
-80
-79
-75
-75
-75
-72
-73
-75
-71
-69
-70
-66
-64
-62
-58
-60
-60
-58
-57
-55
-54
-53
-52
-54
-53
-51
-48
-46
-45
-43
-39
-38
-36
-34
-34
-27
-25
-25
-21
-22
-22
-20
-18
-15
-15
-12
-13
-14
-13
-14
-13
-13
-10
-8
-6
-5
-4
-4
-4
0
1
1
3
4
7
4
3
7
7
11
12
10
13
12
9
10
7
7
10
11
11
13
11
12
13
13
14
14
14
16
15
19
20
18
20
22
20
20
21
20
20
20
18
18
20
17
18
18
17
18
19
21
21
20
22
23
23
21
24
22
23
27
26
24
26
27
25
26
29
29
28
28
32
31
30
29
25
29
31
29
33
31
32
34
33
31
31
33
30
28
29
28
28
28
27
27
26
21
19
18
17
17
15
12
10
9
7
8
7
7
8
8
7
5
4
1
-1
-3
-4
-3
-3
-3
-4
-6
-8
-10
-12
-13
-15
-18
-18
-17
-20
-20
-20
-23
-23
-24
-24
-19
-21
-21
-20
-22
-22
-22
-23
-21
-18
-23
-22
-21
-21
-20
-24
-23
-23
-26
-24
-23
-23
-25
-27
-27
-27
-28
-27
-25
-27
-27
-25
-26
-30
-29
-29
-31
-28
-27
-28
-29
-32
-33
-36
-38
-39
-39
-38
-42
-41
-40
-41
-43
-42
-42
-44
-41
-43
-45
-41
-45
-42
-44
-43
-39
-39
-39
-35
-34
-35
-35
-36
-35
-37
-36
-32
-32
-31
-31
-31
-30
-30
-30
-29
-29
-28
-26
-25
-23
-24
-23
-21
-22
-19
-20
-21
-17
-20
-18
-17
-17
-15
-16
-16
-12
-13
-14
-8
-7
-6
-3
-3
0
0
2
4
6
11
11
10
12
14
18
21
22
24
26
29
29
27
33
34
35
37
37
40
40
43
45
48
51
52
51
54
55
54
54
55
56
58
60
59
58
59
59
59
58
58
60
61
59
59
58
58
62
62
61
66
69
68
69
69
70
71
69
68
69
69
66
64
64
63
63
61
58
56
52
53
50
46
46
44
44
43
43
46
45
45
44
42
44
41
41
40
39
39
35
35
33
32
34
32
30
27
25
23
23
23
22
22
21
19
19
19
20
22
23
23
18
18
18
16
12
10
9
6
2
0
-3
-6
-7
-11
-12
-14
-18
-19
-21
-23
-24
-28
-30
-32
-34
-31
-33
-34
-33
-35
-35
-39
-38
-35
-40
-42
-42
-47
-47
-46
-48
-50
-49
-48
-51
-56
-55
-55
-58
-60
-63
-62
-63
-65
-64
-62
-63
-62
-61
-64
-65
-64
-62
-67
-69
-70
-73
-74
-75
-74
-73
-74
-77
-79
-81
-82
-81
-81
-82
-82
-80
-81
-78
-72
-68
-65
-61
-60
-58
-56
-55
-53
-50
-48
-48
-50
-49
-50
-49
-46
-46
-46
-43
-46
-46
-44
-46
-45
-44
-41
-40
-36
-30
-29
-26
-22
-21
-20
-20
-16
-15
-16
-14
-14
-13
-8
-6
-6
-3
3
5
6
9
12
14
16
18
20
19
18
21
25
25
26
27
26
27
24
25
27
24
23
24
24
24
22
23
21
23
29
25
24
25
22
23
23
24
24
23
25
25
26
28
26
27
31
30
29
30
33
36
34
33
38
37
39
41
40
45
44
43
46
44
45
46
47
48
49
48
48
48
46
47
48
48
49
48
48
48
49
51
50
50
51
49
49
47
46
50
52
52
52
53
52
49
52
52
51
51
48
43
43
43
41
39
40
37
32
31
30
25
24
23
21
18
15
13
11
10
9
9
9
5
2
2
1
1
-2
-6
-6
-7
-8
-7
-8
-6
-8
-10
-9
-10
-10
-9
-9
-7
-7
-6
-6
-8
-7
-5
-3
-3
-3
-2
-3
-1
-1
-2
-2
-3
-2
-4
-5
-2
-1
-3
-4
-3
-2
-3
-3
-1
1
2
4
4
2
4
7
8
8
10
12
11
12
9
10
11
8
9
9
8
7
6
6
7
9
9
8
8
11
11
7
7
6
8
11
9
10
10
6
6
5
3
0
-4
-5
-5
-6
-7
-4
-4
-4
-2
-1
-1
0
1
2
2
6
4
6
8
2
2
2
2
1
-1
-3
-4
-4
-3
-4
-3
0
-2
0
0
0
2
1
1
4
3
4
4
2
5
5
3
4
5
4
3
4
2
2
2
3
2
3
5
7
7
9
9
7
7
8
6
6
4
3
3
3
0
-1
0
1
1
1
1
0
0
-3
-4
-5
-5
-5
-6
-4
-6
-6
-6
-7
-7
-7
-8
-6
-5
-7
-7
-7
-7
-3
-1
0
2
1
3
4
7
7
3
5
5
3
4
2
2
1
-1
1
1
-3
-4
-5
-4
-5
-9
-9
-8
-13
-14
-13
-13
-12
-13
-12
-12
-13
-13
-11
-14
-16
-16
-19
-21
-23
-27
-25
-24
-25
-24
-25
-27
-25
-25
-23
-21
-20
-21
-21
-20
-18
-17
-15
-14
-11
-12
-12
-11
-11
-11
-10
-11
-12
-13
-17
-17
-19
-18
-17
-19
-17
-18
-19
-18
-15
-11
-8
-7
-10
-8
-8
-11
-13
-14
-15
-15
-16
-16
-15
-16
-14
-12
-15
-16
-16
-18
-15
-14
-16
-15
-15
-15
-14
-16
-15
-14
-14
-15
-16
-15
-18
-18
-21
-22
-26
-29
-30
-31
-29
-29
-29
-25
-22
-21
-18
-15
-14
-13
-15
-16
-14
-16
-18
-16
-12
-12
-13
-12
-12
-10
-12
-12
-12
-15
-15
-18
-20
-18
-19
-17
-14
-14
-12
-12
-11
-9
-11
-11
-10
-11
-14
-13
-12
-13
-13
-16
-16
-15
-15
-13
-14
-15
-15
-16
-17
-16
-15
-13
-12
-11
-13
-10
-10
-13
-11
-13
-12
-12
-12
-14
-12
-11
-10
-8
-10
-10
-10
-11
-12
-14
-13
-12
-11
-10
-10
-9
-11
-10
-8
-7
-6
-4
-3
-3
-4
-2
0
-2
0
3
5
8
8
8
7
5
7
4
2
2
1
1
2
1
0
3
6
9
12
13
13
13
14
15
15
20
23
23
22
24
26
26
27
28
27
27
25
23
22
22
22
23
24
22
21
19
20
20
16
17
18
17
15
16
17
14
15
16
19
18
15
13
12
12
12
9
11
11
13
14
11
10
12
14
15
16
17
14
13
13
13
14
12
12
16
17
17
16
16
17
19
19
18
17
16
16
16
14
13
18
21
21
23
23
23
24
20
19
19
19
21
23
24
26
22
23
25
24
23
22
22
19
19
20
19
19
18
19
21
20
19
17
18
17
16
15
12
11
8
8
6
6
5
5
4
4
3
1
2
1
1
4
3
5
4
3
7
6
6
10
8
9
12
11
12
18
17
15
16
16
16
17
18
18
17
16
14
14
16
14
14
14
13
10
9
9
11
8
5
5
4
6
3
4
4
4
3
1
0
0
0
-2
-3
-6
-8
-8
-9
-11
-9
-12
-15
-15
-15
-14
-15
-14
-15
-16
-18
-14
-15
-16
-14
-14
-17
-17
-15
-15
-14
-16
-17
-17
-17
-16
-15
-15
-13
-15
-15
-14
-12
-11
-11
-6
-6
-5
-3
-5
-2
-1
-3
0
-2
-1
-1
-4
-2
1
2
3
4
3
3
4
1
2
0
-1
1
1
1
2
0
0
1
2
1
1
2
1
1
2
4
3
4
5
5
5
2
2
1
1
2
1
2
3
2
2
2
2
0
1
1
1
0
4
6
6
8
9
9
8
6
8
9
8
11
14
12
13
15
15
13
15
15
14
14
13
13
15
17
17
17
17
18
18
15
15
16
16
15
14
13
15
14
15
15
14
14
12
11
11
9
9
9
8
5
4
2
1
5
2
-1
-2
-5
-5
-5
-6
-8
-8
-8
-11
-9
-9
-10
-9
-11
-13
-12
-13
-11
-11
-10
-9
-9
-9
-9
-8
-6
-5
-6
-5
-2
-2
1
7
10
10
10
8
7
5
2
4
4
6
7
7
8
8
10
8
7
6
3
3
2
2
3
1
1
2
0
0
-2
-3
-3
-3
-6
-8
-10
-9
-9
-10
-9
-11
-11
-10
-11
-8
-8
-8
-9
-13
-15
-14
-14
-15
-15
-15
-17
-17
-16
-17
-17
-19
-16
-18
-20
-20
-20
-19
-18
-17
-15
-15
-13
-11
-11
-11
-11
-13
-11
-11
-10
-8
-6
-8
-6
-3
-3
1
1
0
3
3
2
3
1
0
1
1
0
0
1
-2
-1
-1
-4
-2
-4
-3
-3
-5
-4
-4
-3
-3
-3
-3
-2
0
-1
-1
0
-1
0
0
1
-1
-3
-1
0
-1
1
2
3
4
5
4
6
6
5
4
4
3
0
1
4
0
-1
-1
-2
-2
-2
-2
-3
-2
-4
-5
-6
-7
-6
-3
-4
-6
-4
-3
-2
-1
-2
-2
-4
-1
-2
-4
-3
-4
-3
-6
-6
-6
-6
-4
-5
-6
-7
-7
-7
-6
-5
-7
-7
-6
-5
-5
-4
-3
-3
-4
-4
-2
-5
-4
-5
-6
-6
-6
-7
-6
-5
-3
-3
-1
0
2
4
4
4
4
3
3
0
1
3
3
2
4
4
7
9
8
9
9
9
9
7
8
11
11
13
12
14
16
16
18
16
17
17
17
14
15
16
14
14
10
11
11
9
9
10
9
7
6
5
3
5
8
7
6
5
5
5
6
6
7
9
8
8
8
7
8
7
6
8
4
1
4
4
6
7
8
6
5
5
6
4
2
-1
1
-1
-1
-1
-4
-6
-6
-7
-7
-9
-10
-10
-11
-10
-11
-11
-10
-12
-12
-14
-14
-14
-16
-16
-14
-16
-12
-10
-11
-9
-14
-13
-11
-15
-12
-11
-9
-8
-7
-9
-8
-9
-12
-11
-9
-10
-11
-10
-11
-12
-13
-13
-11
-10
-10
-8
-7
-6
-7
-7
-7
-6
-5
-4
-3
-2
2
2
1
3
3
4
2
4
6
4
5
3
0
0
0
-1
0
0
-2
-3
-2
-3
-4
-7
-5
-3
-2
-3
-1
-1
-1
0
-3
-1
-2
-1
-2
-1
0
1
0
-1
-2
-2
-1
-2
0
2
1
4
6
8
5
5
5
5
8
9
9
11
10
11
11
10
9
7
9
9
7
9
11
9
9
10
8
7
8
7
6
7
6
6
5
7
7
6
7
7
8
12
9
8
11
10
10
11
12
11
12
10
8
10
9
6
5
7
5
3
4
3
3
4
6
4
1
2
2
3
2
3
2
2
3
0
0
0
-3
-2
-3
-3
-2
-2
-2
-3
-2
-2
-2
2
0
0
2
3
3
3
3
2
-1
-1
-2
-2
-2
-3
-3
-4
-6
-5
-8
-9
-8
-10
-9
-8
-7
-8
-7
-7
-10
-9
-9
-11
-9
-8
-10
-11
-9
-11
-13
-13
-13
-13
-14
-12
-8
-5
-5
-6
-6
-5
-5
-8
-6
-6
-7
-4
-3
-3
-2
-2
1
1
-1
-2
-3
-2
1
1
1
3
4
1
2
2
2
3
2
0
0
2
0
-1
1
-1
0
1
-1
-4
-2
-2
-1
-3
-4
-4
-4
-3
-3
-6
-7
-10
-13
-11
-12
-11
-9
-9
-8
-10
-13
-11
-9
-10
-7
-6
-6
-3
-3
-2
-1
-2
-3
-4
-2
-3
-1
4
4
3
5
5
4
3
3
3
4
3
4
5
10
11
9
11
10
10
10
9
9
5
5
5
3
4
4
3
4
4
5
6
6
5
6
7
7
8
7
6
7
7
9
8
5
6
8
6
7
8
2
2
3
2
-1
0
1
-1
-1
-1
-4
-3
-4
-4
-1
0
-3
-3
-3
-4
0
-1
0
0
1
3
3
4
3
1
3
5
4
5
8
7
6
6
6
6
7
10
12
12
10
9
8
9
9
9
10
9
9
10
9
10
9
6
7
4
2
2
0
-1
1
-2
-4
-3
-3
-4
-5
-5
-4
-6
-4
-2
-2
-3
-3
-5
-4
-3
-5
-3
-3
-4
-3
-2
-4
-3
-3
-4
-5
-6
-4
-5
-5
-3
-4
-5
-6
-7
-8
-5
-3
-5
-4
-5
-4
-3
-3
-3
-5
-5
-4
-4
-7
-7
-5
-5
-3
-1
-5
-5
-4
-5
-5
-4
-4
-5
-3
-1
0
2
2
0
0
0
1
2
2
2
2
3
2
3
4
6
8
7
8
7
10
12
12
11
11
12
12
13
14
11
12
10
10
9
7
7
5
3
2
1
1
-1
-1
-2
-3
-3
-6
-6
-7
-8
-7
-9
-12
-13
-13
-12
-14
-15
-15
-16
-15
-15
-16
-16
-16
-17
-16
-15
-18
-18
-15
-17
-16
-16
-16
-15
-15
-15
-17
-15
-12
-9
-8
-11
-8
-8
-5
-3
-2
-1
1
3
2
2
2
3
3
0
2
0
2
3
2
3
4
5
7
9
9
9
11
14
14
15
14
16
18
16
15
15
16
16
14
14
15
14
13
15
15
14
10
10
12
10
7
8
7
7
5
4
3
3
3
3
3
3
4
5
6
6
6
7
5
5
6
6
5
4
2
3
3
0
0
0
1
2
2
2
3
3
3
3
3
3
3
5
5
3
2
1
1
2
1
2
0
0
0
-2
-4
-4
-4
-5
-5
-6
-3
-4
-6
-4
-7
-8
-6
-7
-7
-4
-3
-1
-1
-1
0
0
1
1
0
2
1
1
3
3
2
3
2
-2
-2
-2
-5
-5
-3
-3
-5
-7
-7
-5
-7
-7
-6
-6
-4
-4
-6
-6
-4
-4
-6
-2
-4
-4
-2
0
1
-2
-2
-3
-5
-7
-8
-7
-8
-9
-8
-9
-10
-12
-13
-12
-13
-11
-10
-10
-9
-10
-10
-11
-12
-12
-10
-9
-8
-9
-9
-7
-7
-6
-6
-6
-7
-8
-7
-7
-6
-5
-6
-5
-6
-6
-7
-7
-8
-7
-7
-7
-5
-6
-4
-3
-2
-1
-3
-4
-4
0
-1
-2
2
2
-1
1
0
-3
2
2
-4
-3
-1
-6
-4
-2
-5
-3
2
-1
0
1
1
3
4
6
8
8
9
7
7
9
9
9
10
10
12
12
13
15
11
12
10
7
8
7
7
10
10
10
12
9
8
7
10
10
8
11
11
9
10
10
10
10
7
6
5
8
10
10
10
8
6
5
3
0
-1
0
-1
0
2
4
0
1
5
2
1
3
3
2
6
7
7
9
8
5
7
6
6
8
8
7
8
7
10
7
2
2
2
1
-1
-2
-1
2
2
-1
0
-1
-4
-1
-3
-6
-4
-1
-1
-2
-1
0
-1
-1
-5
-2
-1
-2
-2
1
0
-1
0
0
0
1
-1
0
0
0
3
2
4
7
5
5
5
4
5
6
5
6
9
6
5
3
4
2
1
0
0
2
1
2
1
-2
0
1
-2
-4
-3
-2
-3
-2
-1
0
2
2
5
3
0
2
1
1
5
5
7
6
6
5
2
1
2
-2
0
1
-1
-2
-3
-4
-4
-3
-3
-4
-5
-4
-5
-4
-5
-6
-5
-4
-4
-5
-7
-8
-7
-6
-5
-5
-5
-7
-6
-6
-8
-11
-12
-14
-12
-12
-11
-9
-11
-7
-7
-7
-6
-7
-3
-3
-4
1
1
-1
-1
2
1
1
3
4
4
4
5
7
4
3
3
2
-2
-1
-3
-3
-1
-2
-2
-1
-1
-4
-1
-1
-3
-3
0
-1
-4
-1
0
-2
-2
-1
0
-1
-1
0
-1
-3
-3
0
-1
-1
-3
-3
-3
-4
-4
-5
-3
-3
-1
1
-1
1
1
1
-1
-1
2
3
2
1
6
4
1
4
1
0
1
0
-3
-1
-2
-3
0
-2
-4
-1
-1
-2
-1
1
-1
-1
1
3
1
0
1
2
5
4
4
6
5
5
7
5
4
7
6
4
6
5
3
1
1
2
1
-1
-1
-1
1
2
-1
0
4
4
2
1
1
-1
0
2
0
1
-1
-1
0
1
0
0
-1
0
1
-1
-1
-1
-1
-1
-1
-3
-6
-5
-5
-5
-5
-4
-5
-3
-1
0
1
4
3
3
2
4
3
2
4
5
3
2
3
4
3
5
3
3
3
2
1
0
-1
-4
-6
-6
-5
-6
-5
-4
-5
-5
-7
-6
-7
-4
-4
-6
-6
-4
-4
-5
-4
-6
-7
-5
-4
-3
-3
0
3
1
1
4
5
4
5
6
1
3
6
5
7
10
7
7
7
7
6
6
8
8
6
8
9
8
9
10
9
8
8
8
8
6
6
9
7
7
6
3
3
-1
-1
-1
-2
0
0
-1
-4
-4
-2
-3
-2
-2
-2
-2
0
-1
-1
-1
0
0
0
-1
-3
-3
0
0
1
2
-1
1
-2
-2
-3
-3
-3
-4
-2
-2
-3
-1
-1
-4
-3
-3
-4
-4
-3
-3
-2
0
-1
1
0
-1
-1
-2
-2
0
1
-1
-2
1
-1
1
4
1
2
4
2
0
-1
-1
0
-1
0
-3
-3
0
-1
0
1
-2
-3
-2
-2
-3
-3
-2
-3
-2
-1
-2
-3
1
-3
-4
0
-3
-4
-3
-3
-2
-2
0
-1
0
1
0
-1
-1
-1
0
2
1
1
2
1
1
3
4
3
5
8
7
6
7
5
5
6
6
4
5
7
7
6
7
5
3
6
6
4
4
3
4
6
5
5
3
3
3
2
2
1
2
2
2
2
1
2
1
-1
1
