-3
-2
-3
-5
-4
-5
-6
-6
-6
-8
-7
-9
-9
-8
-9
-10
-8
-9
-9
-7
-5
-4
-4
-3
-2
-3
-3
-2
-1
1
-3
-2
1
0
3
3
2
2
4
3
5
7
5
4
5
2
1
2
6
4
4
5
4
6
8
7
9
9
9
9
6
7
8
9
9
8
9
11
11
8
7
5
6
5
5
6
4
4
3
0
3
2
1
3
3
1
2
2
2
2
2
0
-1
0
0
-2
-1
0
-1
-2
-3
-4
-3
-5
-7
-7
-7
-9
-9
-6
-6
-7
-5
-4
-3
-2
-3
-2
-2
-1
-1
-2
0
-1
-3
-2
-2
-1
0
0
0
1
0
-2
-2
-1
-2
-1
1
-2
-3
-4
-2
-1
-4
-3
0
0
2
0
1
0
1
2
0
1
0
0
2
4
2
3
5
5
4
3
4
4
4
5
2
3
3
1
2
0
1
2
0
1
-1
-1
1
0
3
2
1
2
2
-1
0
0
0
0
-3
-1
0
-1
1
-1
-2
-1
-2
-1
-2
-6
-4
-3
-3
-4
-3
-4
-5
-7
-8
-10
-10
-11
-13
-11
-10
-9
-7
-8
-5
-4
-6
-5
-2
-2
-3
-1
-1
-4
-6
-2
-1
-1
1
1
3
5
5
5
6
5
1
3
4
2
7
6
6
6
3
2
1
0
3
2
2
1
-1
1
-4
-4
-3
-6
-7
-5
-5
-4
-5
-4
-2
-4
-4
0
0
0
2
2
1
1
0
-3
-3
-4
-3
2
4
5
6
4
5
6
4
2
1
2
2
3
5
7
5
2
3
3
3
3
5
6
3
3
5
4
3
2
3
5
4
4
6
5
4
3
4
4
4
3
1
1
1
2
3
-1
0
-1
-2
-2
-5
-3
-5
-4
-1
-4
-4
-5
-6
-5
-8
-6
-5
-5
-7
-6
-4
-4
-4
-1
1
1
0
-1
1
0
-1
-2
-2
-2
-2
-1
-1
-4
-1
0
-1
-1
-1
0
-2
-2
0
-1
1
4
3
4
3
3
4
0
2
4
2
4
4
5
6
4
7
8
7
7
6
7
5
4
6
5
5
4
1
4
5
6
8
7
2
3
3
3
3
3
2
1
3
4
3
4
3
0
1
-1
-2
1
-2
0
1
0
-2
-1
0
-1
-1
-2
-3
-1
-4
-5
-3
-3
-3
-3
-1
-1
-2
-3
2
1
-1
-1
-6
-6
-5
-4
-3
-3
-2
-1
1
2
0
0
1
2
2
3
3
4
1
1
0
-2
1
-1
-3
-2
-5
-7
-5
-7
-2
-4
-5
-5
-8
-7
-8
-8
-8
-8
-6
-7
-5
-4
-1
0
-2
1
2
2
2
3
3
4
2
1
3
3
1
0
2
5
2
2
2
2
2
3
2
1
0
-3
-3
-1
-4
-2
-3
-7
-4
-3
-2
0
0
-1
-4
-4
-3
-2
-3
-1
0
0
1
3
2
4
4
3
2
2
1
0
1
2
1
1
2
1
-1
0
0
-2
-2
-4
-6
-4
-3
-4
-6
-6
-7
-5
-4
-6
-2
-3
-5
-2
-4
-5
-6
-2
1
0
0
1
0
1
2
4
3
3
4
1
3
5
3
4
4
5
6
4
6
7
6
7
7
9
8
8
7
7
4
5
5
2
2
4
2
3
4
3
4
6
4
2
1
0
0
0
-1
-3
-4
-5
-7
-8
-8
-8
-6
-4
-5
-6
-6
-8
-9
-7
-6
-5
-6
-4
-6
-8
-5
-4
-3
-2
0
-2
-2
3
2
6
5
5
7
6
7
7
6
9
7
8
7
7
7
6
6
4
4
5
3
7
8
8
7
4
5
6
5
8
8
9
8
3
4
3
3
5
6
6
5
5
7
5
4
4
3
3
3
3
2
3
2
1
1
-1
-1
-1
0
1
2
1
1
1
-2
-1
1
2
4
2
4
4
4
4
3
3
2
2
3
2
3
4
2
2
1
2
2
1
-3
-3
-5
-6
-4
-4
-5
-5
-7
-8
-9
-10
-16
-16
-14
-13
-14
-15
-16
-15
-14
-13
-14
-15
-15
-15
-14
-13
-12
-14
-13
-9
-7
-8
-6
-6
-7
-4
-3
-1
-2
-2
-3
-4
-1
0
0
1
0
1
1
-2
-1
-3
-3
1
1
0
-1
-4
-7
-8
-8
-7
-5
-6
-6
-4
-3
-4
-4
-6
-7
-6
-6
-8
-6
-8
-7
-5
-6
-2
-3
-2
-1
0
0
-1
-2
-1
-2
-1
1
0
1
1
1
1
1
1
3
2
4
7
7
7
8
9
9
10
9
8
8
8
10
10
7
8
11
10
7
7
6
7
8
7
7
6
5
6
6
6
6
7
5
5
4
5
7
4
5
4
3
2
3
4
4
5
4
4
7
5
4
4
3
4
6
8
6
4
5
4
3
4
2
3
7
6
4
3
1
1
0
-4
-3
-4
-5
-6
-4
-3
-3
-1
-3
-6
-3
-2
-2
-1
-1
1
0
4
5
3
3
4
5
6
5
5
7
8
6
4
3
5
4
5
6
5
6
5
5
6
6
6
6
4
4
1
-3
-3
-3
-4
-3
-3
-4
-2
-3
-5
-5
-8
-11
-13
-13
-13
-11
-13
-12
-10
-13
-11
-13
-11
-9
-9
-8
-9
-7
-6
-4
-2
-2
0
1
1
0
0
2
1
2
3
5
6
5
3
2
3
4
3
0
2
3
3
0
0
0
2
2
2
3
3
1
1
0
-4
-5
-4
-6
-7
-7
-7
-8
-9
-7
-4
-5
-9
-9
-8
-7
-7
-8
-9
-8
-5
-7
-7
-3
-2
-3
-4
-2
0
-2
1
3
4
2
0
1
2
2
2
1
2
4
5
6
7
9
7
7
7
7
8
7
8
9
6
7
9
8
7
7
8
8
5
6
9
10
8
8
8
9
9
10
10
8
11
14
11
11
14
14
11
11
10
8
8
7
10
8
7
6
3
4
3
2
-2
-7
-5
-4
-5
-5
-4
-3
-2
-5
-7
-6
-6
-7
-5
-3
-1
-1
-2
-1
-1
-1
-2
-3
-3
-4
-4
-1
1
2
0
-2
-1
-3
-4
-5
-3
-1
-4
-5
-6
-6
-5
-7
-6
-5
-6
-6
-4
-4
-5
-7
-7
-6
-8
-11
-11
-11
-10
-11
-10
-10
-11
-10
-10
-9
-9
-9
-10
-12
-11
-8
-11
-11
-11
-12
-12
-13
-12
-11
-9
-10
-11
-10
-10
-8
-5
-8
-8
-6
-5
-3
-2
0
0
1
1
1
5
3
1
4
3
3
4
2
3
3
3
1
0
-1
-2
-2
0
-2
-4
-5
-5
-5
-4
-4
-5
-5
-4
-4
-5
-1
-1
-1
-1
0
5
5
4
6
7
7
7
5
8
8
7
6
6
5
6
6
5
4
4
4
4
5
2
2
4
2
3
1
-2
0
-2
-3
-4
-6
-4
-1
-2
-4
-2
-2
-4
-1
0
-1
-2
2
2
-1
1
3
3
3
3
4
3
3
4
4
2
0
1
-1
2
4
5
6
5
5
8
8
9
9
10
10
10
10
12
13
13
14
14
14
14
14
16
15
15
16
13
11
9
9
7
7
7
4
4
2
3
0
-3
-5
-9
-9
-9
-11
-10
-10
-9
-11
-8
-7
-10
-10
-12
-14
-14
-14
-12
-11
-12
-12
-11
-10
-5
-2
-3
-1
0
-2
-1
1
2
2
3
4
2
6
6
10
10
8
5
5
7
8
9
8
8
9
8
8
9
8
6
7
7
3
2
2
1
2
-1
1
1
-1
-1
1
-4
-4
-3
-7
-6
-6
-9
-10
-9
-9
-10
-9
-6
-7
-7
-5
-7
-6
-3
-1
-1
-1
1
0
0
2
2
4
6
8
8
6
7
11
9
8
10
13
14
19
22
21
25
28
29
28
28
30
32
30
29
28
26
28
27
26
20
18
17
13
9
4
-2
-6
-8
-10
-15
-18
-22
-24
-29
-34
-38
-41
-43
-46
-51
-55
-54
-55
-57
-56
-58
-62
-60
-63
-66
-62
-61
-60
-56
-54
-54
-52
-49
-44
-40
-36
-31
-25
-17
-9
-3
6
11
20
31
39
47
55
62
72
81
90
97
106
114
118
123
122
127
129
128
125
122
119
114
111
105
96
90
78
68
58
45
34
25
12
-1
-15
-29
-43
-58
-72
-84
-97
-109
-123
-135
-147
-156
-164
-172
-180
-185
-190
-196
-195
-194
-194
-191
-185
-179
-173
-163
-155
-145
-131
-116
-96
-79
-61
-38
-17
5
28
50
74
98
120
144
166
190
213
233
253
269
285
294
303
307
310
312
309
306
299
287
273
257
242
221
198
173
146
119
91
63
33
-1
-31
-64
-96
-130
-161
-192
-221
-251
-279
-304
-329
-354
-373
-394
-411
-421
-431
-436
-438
-436
-432
-423
-409
-395
-374
-350
-324
-294
-262
-224
-183
-141
-97
-53
-4
42
92
142
188
238
286
334
379
424
466
504
543
575
599
623
638
649
650
647
636
620
599
570
537
497
453
403
350
296
236
176
116
55
-7
-66
-121
-178
-236
-286
-336
-385
-429
-471
-512
-549
-583
-614
-642
-665
-685
-701
-713
-722
-724
-721
-715
-704
-684
-662
-634
-600
-563
-518
-471
-419
-366
-308
-247
-185
-120
-54
14
84
152
222
291
357
421
481
540
597
650
700
746
789
826
856
881
895
904
907
900
881
857
825
786
740
687
626
561
490
414
334
254
175
98
17
-58
-132
-206
-272
-337
-395
-448
-497
-541
-578
-615
-647
-674
-697
-715
-730
-744
-755
-760
-764
-761
-757
-750
-734
-714
-694
-672
-643
-608
-569
-526
-481
-433
-378
-320
-263
-203
-139
-74
-10
56
121
186
251
313
374
438
496
554
612
668
719
766
807
843
874
897
911
917
918
911
892
865
831
789
737
674
609
539
464
389
309
230
151
72
-4
-78
-150
-215
-278
-335
-387
-433
-473
-509
-543
-572
-598
-619
-639
-655
-667
-676
-683
-689
-691
-693
-693
-691
-684
-676
-662
-645
-627
-604
-578
-547
-513
-476
-433
-387
-338
-285
-234
-178
-118
-58
5
67
135
199
264
332
397
465
530
591
652
710
764
814
857
896
926
946
960
963
956
941
919
884
839
788
727
659
585
507
423
337
252
167
84
0
-81
-156
-229
-299
-362
-419
-472
-518
-559
-597
-629
-654
-676
-695
-713
-730
-743
-750
-756
-759
-758
-754
-749
-740
-728
-714
-694
-674
-649
-618
-582
-546
-505
-457
-406
-351
-293
-234
-171
-103
-33
38
110
182
257
331
405
479
549
622
692
758
824
883
938
985
1022
1050
1069
1079
1075
1063
1043
1011
969
916
855
786
707
620
529
434
337
239
141
49
-44
-135
-220
-301
-375
-442
-505
-558
-605
-648
-686
-719
-744
-765
-781
-797
-809
-817
-822
-823
-822
-823
-818
-809
-801
-787
-771
-754
-728
-698
-665
-629
-587
-542
-492
-433
-373
-312
-245
-175
-101
-21
58
137
215
297
377
460
540
617
696
773
845
915
976
1031
1077
1113
1143
1163
1168
1164
1147
1121
1082
1029
971
898
818
730
635
536
431
324
218
111
7
-92
-190
-280
-363
-442
-514
-576
-629
-678
-723
-759
-787
-810
-828
-841
-857
-865
-869
-869
-869
-865
-859
-849
-836
-823
-802
-781
-756
-726
-693
-653
-612
-567
-514
-455
-392
-327
-260
-187
-115
-34
46
125
212
292
373
457
540
620
698
770
842
910
973
1030
1077
1118
1148
1169
1180
1180
1170
1147
1113
1067
1009
942
867
786
697
598
497
392
285
178
71
-34
-135
-231
-324
-411
-492
-565
-630
-687
-738
-783
-820
-852
-876
-895
-911
-919
-924
-925
-921
-914
-903
-887
-871
-849
-825
-797
-766
-732
-695
-651
-607
-557
-508
-451
-392
-328
-260
-194
-125
-50
24
99
175
248
322
393
468
538
605
672
733
793
846
895
939
975
1003
1029
1044
1052
1054
1040
1022
992
952
906
850
787
717
643
561
476
385
296
202
108
18
-72
-159
-242
-322
-399
-467
-529
-587
-636
-681
-721
-752
-777
-798
-815
-826
-835
-837
-832
-826
-817
-801
-783
-764
-739
-711
-683
-652
-619
-579
-537
-494
-448
-402
-352
-298
-240
-184
-130
-68
-5
55
120
179
239
300
360
422
478
533
587
637
684
726
767
800
830
858
872
888
894
894
888
873
853
828
793
752
706
653
597
533
463
395
321
247
171
95
22
-50
-122
-193
-259
-323
-383
-439
-490
-536
-576
-611
-645
-670
-691
-711
-723
-731
-734
-734
-730
-722
-712
-700
-683
-663
-638
-613
-586
-554
-522
-488
-452
-413
-375
-333
-288
-244
-196
-148
-101
-49
4
55
108
159
208
257
307
358
402
447
486
523
560
590
619
644
663
680
692
700
703
698
689
678
660
638
612
581
545
506
465
419
368
317
263
209
157
101
44
-11
-68
-118
-169
-215
-258
-299
-338
-372
-403
-431
-458
-480
-496
-511
-522
-529
-537
-537
-535
-532
-522
-514
-504
-490
-475
-463
-447
-425
-405
-382
-357
-334
-304
-274
-243
-211
-179
-146
-109
-74
-38
-2
32
69
106
141
177
210
241
270
297
324
349
371
396
415
431
448
461
471
479
486
488
489
486
477
471
457
442
425
404
380
353
326
297
265
231
195
158
122
84
45
8
-31
-65
-97
-129
-160
-187
-212
-237
-258
-275
-294
-311
-323
-336
-345
-353
-362
-369
-372
-372
-373
-369
-364
-359
-355
-348
-338
-326
-318
-310
-301
-289
-274
-260
-245
-227
-206
-182
-162
-141
-119
-97
-73
-52
-27
-3
18
42
66
87
110
135
157
182
205
226
244
264
284
299
316
327
336
344
347
352
354
354
353
351
347
340
331
319
303
287
269
249
227
204
182
158
138
113
89
66
41
18
-2
-23
-45
-68
-87
-106
-126
-143
-158
-174
-190
-201
-212
-223
-232
-243
-250
-259
-268
-275
-279
-283
-288
-294
-296
-296
-297
-293
-289
-285
-277
-267
-260
-248
-233
-218
-204
-190
-175
-156
-137
-117
-97
-77
-55
-35
-14
8
30
52
72
94
118
140
163
184
203
222
239
253
268
279
286
294
299
301
300
301
302
298
297
295
289
281
272
264
249
234
217
199
181
163
145
128
111
92
77
57
43
28
8
-10
-29
-51
-66
-86
-103
-119
-135
-151
-168
-180
-191
-201
-208
-217
-227
-231
-236
-240
-242
-248
-252
-253
-253
-251
-246
-241
-234
-221
-209
-198
-184
-168
-152
-134
-115
-99
-78
-57
-37
-12
10
32
54
74
93
113
130
146
161
173
186
197
205
212
218
221
220
222
224
222
219
215
207
201
195
189
179
168
154
143
129
113
97
82
66
53
40
29
17
5
-6
-19
-31
-44
-60
-75
-90
-104
-115
-123
-133
-139
-143
-152
-153
-159
-164
-167
-168
-166
-167
-171
-170
-171
-173
-175
-175
-173
-166
-152
-138
-119
-99
-79
-61
-44
-33
-21
-14
-5
4
11
22
35
50
63
77
90
100
110
115
116
112
107
100
92
89
87
86
92
99
108
118
130
138
140
137
126
108
79
42
2
-34
-65
-86
-93
-86
-67
-41
-14
9
23
26
14
-8
-38
-63
-81
-89
-84
-66
-35
7
50
95
127
147
154
141
110
65
9
-46
-105
-158
-197
-221
-230
-221
-197
-166
-126
-85
-53
-31
-27
-38
-59
-93
-136
-172
-197
-210
-204
-175
-130
-72
-7
57
115
159
192
207
203
179
140
90
26
-43
-110
-169
-212
-233
-226
-188
-126
-39
62
158
239
292
312
297
246
170
80
-6
-76
-121
-131
-107
-47
41
142
247
340
415
457
464
437
375
293
195
90
-8
-91
-151
-191
-204
-198
-181
-155
-131
-114
-106
-109
-119
-136
-153
-163
-160
-147
-122
-91
-63
-41
-31
-44
-78
-127
-182
-239
-289
-320
-328
-310
-266
-206
-131
-53
19
81
128
154
164
162
146
127
112
104
111
133
166
212
263
309
351
381
390
381
357
318
267
212
160
117
87
74
78
95
122
159
189
210
218
207
177
128
64
-8
-86
-157
-220
-268
-303
-327
-333
-330
-320
-306
-290
-279
-276
-278
-291
-307
-328
-348
-363
-371
-365
-349
-321
-280
-231
-178
-121
-73
-29
7
29
43
50
54
52
55
61
74
95
121
155
189
221
251
276
297
310
314
315
315
306
301
303
303
309
319
331
350
364
380
395
397
391
378
355
323
282
235
185
130
76
24
-29
-83
-136
-187
-239
-293
-345
-398
-453
-503
-552
-596
-634
-663
-682
-692
-685
-664
-637
-600
-557
-509
-460
-411
-365
-321
-277
-237
-196
-155
-116
-77
-35
6
43
78
112
138
164
190
209
230
250
269
290
316
341
366
395
423
453
487
520
556
590
626
663
695
726
747
759
759
743
713
668
599
516
424
317
205
90
-28
-144
-250
-349
-436
-514
-578
-628
-673
-706
-727
-737
-740
-725
-702
-671
-629
-582
-528
-474
-425
-376
-337
-308
-288
-279
-283
-296
-316
-339
-369
-401
-423
-446
-465
-469
-466
-456
-428
-388
-334
-269
-191
-102
-1
104
214
324
432
535
632
720
802
875
941
1002
1055
1104
1149
1187
1219
1244
1254
1251
1227
1174
1094
987
851
691
509
315
116
-85
-277
-451
-603
-729
-825
-894
-940
-967
-973
-968
-951
-924
-888
-844
-792
-726
-646
-555
-451
-339
-228
-118
-21
57
112
133
123
77
-2
-105
-227
-362
-497
-625
-736
-827
-889
-922
-927
-903
-857
-789
-701
-596
-480
-357
-224
-84
65
218
379
546
712
882
1050
1211
1361
1494
1609
1701
1764
1802
1811
1792
1740
1658
1545
1404
1236
1045
829
598
351
96
-158
-407
-643
-855
-1043
-1199
-1317
-1402
-1448
-1457
-1431
-1377
-1297
-1194
-1076
-940
-793
-638
-471
-302
-136
26
175
305
411
480
512
503
447
348
209
37
-157
-364
-573
-771
-947
-1093
-1205
-1279
-1311
-1300
-1255
-1177
-1068
-930
-769
-588
-388
-174
51
290
531
772
1007
1233
1441
1630
1800
1946
2064
2157
2226
2266
2281
2267
2215
2125
1992
1812
1581
1303
982
626
248
-140
-524
-888
-1217
-1502
-1732
-1904
-2009
-2052
-2037
-1973
-1872
-1740
-1584
-1414
-1229
-1034
-830
-616
-398
-178
47
267
466
639
778
868
898
871
779
619
402
143
-151
-458
-765
-1051
-1301
-1507
-1660
-1749
-1781
-1753
-1669
-1540
-1376
-1174
-946
-704
-449
-182
92
366
639
907
1169
1419
1655
1878
2075
2249
2399
2518
2607
2664
2681
2658
2588
2465
2283
2043
1744
1384
980
539
74
-392
-843
-1257
-1618
-1918
-2146
-2291
-2363
-2363
-2296
-2178
-2021
-1833
-1624
-1400
-1168
-929
-680
-431
-174
90
346
593
812
996
1127
1196
1192
1113
954
722
432
89
-280
-655
-1017
-1342
-1617
-1827
-1966
-2031
-2021
-1946
-1811
-1627
-1400
-1141
-862
-563
-256
54
365
672
966
1247
1517
1775
2010
2225
2424
2601
2748
2867
2952
2991
2975
2897
2749
2522
2216
1834
1386
882
340
-211
-753
-1269
-1726
-2112
-2415
-2625
-2739
-2761
-2702
-2571
-2383
-2156
-1902
-1634
-1356
-1075
-796
-519
-239
39
310
571
815
1026
1188
1289
1325
1283
1154
950
675
338
-41
-445
-849
-1230
-1573
-1849
-2053
-2177
-2216
-2168
-2040
-1845
-1591
-1293
-964
-623
-271
81
420
743
1049
1333
1594
1840
2066
2278
2477
2664
2835
2987
3106
3181
3198
3137
2985
2736
2384
1937
1405
805
165
-483
-1108
-1679
-2165
-2555
-2825
-2979
-3021
-2958
-2811
-2601
-2343
-2059
-1767
-1474
-1184
-901
-620
-339
-54
234
520
799
1052
1272
1436
1526
1529
1433
1235
944
566
123
-356
-846
-1317
-1740
-2093
-2353
-2513
-2568
-2522
-2381
-2158
-1872
-1538
-1167
-780
-389
0
375
733
1072
1386
1680
1955
2209
2446
2668
2879
3076
3248
3393
3486
3516
3466
3317
3060
2689
2210
1637
988
298
-403
-1081
-1701
-2230
-2650
-2943
-3102
-3138
-3059
-2887
-2645
-2357
-2044
-1723
-1408
-1105
-808
-518
-234
58
357
655
950
1226
1460
1637
1733
1734
1628
1407
1079
653
153
-390
-947
-1481
-1966
-2369
-2666
-2850
-2910
-2855
-2694
-2444
-2121
-1748
-1346
-927
-508
-98
290
655
997
1313
1607
1883
2143
2387
2624
2847
3055
3244
3401
3510
3555
3520
3389
3143
2784
2311
1738
1085
383
-337
-1036
-1677
-2240
-2684
-3001
-3191
-3245
-3180
-3017
-2774
-2481
-2159
-1825
-1490
-1164
-846
-538
-234
75
386
696
999
1281
1522
1703
1805
1809
1704
1482
1151
726
220
-332
-904
-1455
-1957
-2381
-2695
-2895
-2975
-2932
-2778
-2532
-2209
-1832
-1420
-992
-562
-142
262
643
997
1325
1630
1908
2166
2413
2644
2864
3072
3263
3425
3543
3600
3576
3450
3210
2851
2372
1788
1115
392
-349
-1071
-1732
-2307
-2766
-3088
-3276
-3323
-3247
-3074
-2821
-2516
-2181
-1836
-1497
-1167
-848
-538
-224
93
413
730
1037
1322
1562
1733
1817
1796
1662
1410
1046
596
75
-486
-1052
-1590
-2067
-2458
-2739
-2906
-2946
-2872
-2696
-2430
-2098
-1715
-1299
-869
-434
-8
403
793
1162
1508
1828
2123
2396
2650
2889
3109
3312
3488
3625
3709
3714
3624
3420
3095
2648
2084
1420
688
-77
-837
-1551
-2178
-2693
-3072
-3309
-3403
-3361
-3205
-2962
-2660
-2320
-1963
-1606
-1257
-914
-577
-241
97
444
798
1141
1459
1729
1923
2021
2000
1851
1572
1170
674
103
-507
-1117
-1692
-2195
-2603
-2892
-3063
-3109
-3042
-2875
-2619
-2300
-1934
-1538
-1124
-693
-264
163
584
991
1386
1760
2108
2423
2713
2970
3193
3385
3541
3654
3713
3708
3625
3446
3158
2752
2238
1628
939
208
-533
-1246
-1894
-2444
-2878
-3174
-3329
-3354
-3257
-3061
-2789
-2467
-2116
-1751
-1384
-1020
-663
-305
59
429
804
1175
1524
1830
2063
2194
2207
2084
1816
1409
890
282
-376
-1041
-1670
-2232
-2691
-3025
-3229
-3300
-3251
-3098
-2854
-2545
-2197
-1815
-1408
-992
-563
-120
328
779
1228
1669
2091
2478
2818
3109
3348
3532
3663
3742
3769
3742
3653
3493
3246
2901
2459
1922
1304
621
-96
-815
-1495
-2101
-2612
-2999
-3256
-3374
-3355
-3228
-3005
-2709
-2363
-1990
-1607
-1223
-850
-478
-106
267
650
1030
1398
1738
2025
2223
2308
2257
2056
1702
1207
599
-86
-802
-1505
-2147
-2689
-3106
-3385
-3520
-3519
-3403
-3196
-2918
-2591
-2237
-1863
-1470
-1060
-625
-171
306
803
1305
1800
2269
2686
3044
3325
3532
3668
3738
3753
3724
3654
3536
3361
3115
2792
2376
1868
1275
614
-84
-789
-1455
-2048
-2542
-2912
-3142
-3233
-3185
-3020
-2767
-2446
-2086
-1705
-1320
-947
-587
-236
115
471
836
1204
1559
1882
2147
2321
2370
2272
2020
1612
1071
423
-286
-1008
-1699
-2309
-2800
-3160
-3381
-3466
-3431
-3300
-3092
-2832
-2541
-2227
-1891
-1531
-1138
-710
-242
258
785
1323
1838
2308
2707
3023
3249
3383
3442
3443
3408
3351
3280
3196
3076
2900
2649
2303
1852
1294
646
-59
-780
-1466
-2075
-2572
-2930
-3138
-3190
-3101
-2902
-2622
-2296
-1953
-1607
-1276
-962
-659
-358
-38
313
693
1096
1503
1882
2203
2427
2513
2430
2170
1741
1164
486
-251
-992
-1680
-2270
-2730
-3050
-3230
-3290
-3250
-3134
-2966
-2767
-2549
-2310
-2041
-1729
-1362
-934
-435
118
705
1303
1875
2386
2804
3109
3303
3393
3398
3350
3279
3212
3161
3124
3078
2988
2812
2528
2118
1572
903
150
-632
-1385
-2049
-2579
-2946
-3143
-3171
-3051
-2820
-2526
-2207
-1892
-1597
-1330
-1084
-837
-572
-269
95
518
988
1477
1942
2339
2623
2746
2682
2420
1969
1368
665
-82
-814
-1477
-2036
-2463
-2756
-2928
-3004
-3013
-2978
-2917
-2832
-2726
-2588
-2392
-2124
-1765
-1309
-765
-156
486
1127
1730
2250
2654
2931
3092
3148
3134
3085
3033
3012
3031
3081
3134
3139
3047
2820
2432
1879
1183
389
-441
-1236
-1926
-2466
-2828
-3005
-3025
-2920
-2726
-2497
-2271
-2068
-1894
-1735
-1567
-1362
-1092
-744
-310
199
757
1330
1858
2291
2587
2710
2648
2399
1979
1426
796
146
-477
-1039
-1516
-1901
-2198
-2420
-2590
-2722
-2833
-2916
-2956
-2940
-2847
-2656
-2360
-1952
-1441
-852
-220
416
1020
1562
2019
2377
2628
2785
2874
2914
2941
2979
3037
3122
3224
3309
3339
3263
3048
2670
2136
1471
716
-67
-818
-1477
-1997
-2354
-2556
-2628
-2610
-2538
-2443
-2352
-2273
-2202
-2116
-1979
-1765
-1456
-1051
-561
-12
563
1121
1614
2004
2263
2377
2341
2172
1880
1493
1043
558
70
-404
-855
-1278
-1671
-2031
-2358
-2643
-2878
-3053
-3152
-3156
-3055
-2845
-2533
-2130
-1652
-1124
-567
-13
526
1026
1474
1873
2214
2494
2717
2888
3021
3122
3202
3270
3325
3365
3374
3327
3192
2941
2564
2067
1466
797
108
-556
-1150
-1641
-2010
-2266
-2423
-2507
-2544
-2546
-2524
-2476
-2395
-2269
-2071
-1791
-1428
-992
-505
4
502
962
1357
1667
1877
1987
1992
1899
1714
1442
1096
682
225
-256
-750
-1240
-1709
-2143
-2522
-2838
-3076
-3226
-3290
-3263
-3139
-2931
-2647
-2298
-1895
-1446
-963
-453
67
580
1073
1530
1937
2282
2556
2765
2908
3000
3064
3116
3165
3212
3246
3238
3161
2974
2650
2193
1619
963
275
-396
-1001
-1495
-1867
-2117
-2264
-2341
-2372
-2381
-2377
-2351
-2296
-2192
-2016
-1750
-1385
-937
-429
97
608
1072
1459
1759
1959
2063
2081
2017
1883
1674
1391
1046
639
183
-300
-798
-1288
-1751
-2163
-2506
-2765
-2927
-2997
-2974
-2866
-2677
-2422
-2112
-1754
-1353
-913
-441
52
550
1037
1497
1910
2268
2552
2762
2901
2982
3032
3067
3102
3145
3185
3202
3158
3010
2732
2314
1772
1137
463
-199
-799
-1295
-1668
-1924
-2089
-2198
-2278
-2347
-2411
-2457
-2458
-2399
-2254
-1999
-1638
-1192
-692
-186
288
701
1037
1293
1473
1592
1663
1692
1677
1604
1454
1210
861
419
-87
-634
-1179
-1689
-2128
-2471
-2714
-2855
-2907
-2889
-2814
-2696
-2539
-2341
-2092
-1789
-1427
-1003
-528
-15
501
993
1439
1814
2115
2338
2492
2600
2679
2751
2837
2930
3030
3111
3136
3066
2862
2512
2030
1451
822
199
-369
-850
-1217
-1486
-1682
-1837
-1990
-2147
-2306
-2446
-2531
-2536
-2434
-2213
-1881
-1462
-996
-527
-97
272
570
802
992
1155
1309
1454
1575
1645
1625
1488
1223
829
334
-217
-773
-1284
-1716
-2049
-2282
-2431
-2513
-2548
-2557
-2546
-2509
-2430
-2291
-2070
-1762
-1367
-903
-390
134
638
1093
1480
1796
2049
2254
2429
2587
2737
2882
3024
3150
3245
3291
3256
3118
2860
2480
2005
1471
922
400
-65
-458
-782
-1051
-1288
-1510
-1733
-1951
-2144
-2285
-2351
-2318
-2180
-1951
-1647
-1299
-934
-580
-262
15
255
472
682
895
1108
1298
1439
1502
1457
1287
998
613
164
-297
-729
-1106
-1409
-1648
-1835
-1985
-2116
-2230
-2330
-2401
-2422
-2375
-2246
-2024
-1717
-1342
-927
-495
-69
329
695
1023
1325
1599
1849
2084
2295
2480
2643
2774
2870
2931
2959
2942
2864
2703
2451
2111
1706
1269
836
431
69
-243
-512
-748
-964
-1173
-1377
-1563
-1721
-1826
-1867
-1838
-1735
-1579
-1389
-1180
-976
-777
-595
-425
-257
-84
103
300
497
669
789
834
786
653
445
192
-63
-299
-495
-646
-761
-862
-962
-1072
-1194
-1314
-1418
-1481
-1495
-1448
-1341
-1180
-972
-742
-502
-256
-16
221
462
710
961
1209
1443
1649
1825
1967
2076
2165
2244
2320
2394
2447
2457
2396
2252
2026
1739
1423
1109
824
575
356
152
-57
-283
-529
-786
-1038
-1262
-1441
-1567
-1635
-1652
-1633
-1588
-1537
-1489
-1439
-1381
-1304
-1197
-1052
-874
-670
-470
-290
-159
-93
-85
-126
-193
-259
-306
-332
-344
-359
-395
-468
-577
-703
-836
-953
-1038
-1081
-1084
-1057
-1011
-957
-899
-834
-753
-649
-513
-338
-127
109
350
577
780
949
1093
1228
1369
1530
1716
1912
2092
2230
2292
2265
2151
1969
1754
1537
1338
1166
1013
852
665
438
175
-111
-394
-653
-869
-1028
-1138
-1207
-1253
-1292
-1328
-1356
-1372
-1365
-1321
-1230
-1093
-920
-731
-546
-388
-266
-188
-151
-136
-134
-127
-103
-68
-33
-15
-30
-84
-169
-273
-381
-466
-527
-567
-590
-608
-630
-661
-691
-708
-696
-645
-554
-431
-284
-125
35
187
332
480
635
806
1000
1212
1435
1658
1856
2011
2105
2128
2085
1987
1861
1734
1612
1496
1381
1238
1050
811
531
231
-66
-335
-570
-770
-941
-1098
-1249
-1393
-1523
-1625
-1689
-1705
-1669
-1586
-1466
-1320
-1161
-999
-841
-695
-562
-440
-337
-249
-172
-102
-44
-2
18
5
-37
-108
-196
-286
-370
-441
-509
-579
-654
-739
-823
-889
-925
-921
-876
-793
-681
-549
-402
-244
-72
115
320
537
771
1017
1274
1537
1797
2040
2251
2404
2484
2493
2433
2331
2217
2102
1983
1847
1666
1421
1112
754
377
14
-313
-596
-841
-1059
-1267
-1467
-1645
-1791
-1894
-1940
-1929
-1866
-1764
-1636
-1485
-1318
-1135
-940
-743
-547
-366
-208
-76
23
90
135
159
166
150
110
52
-26
-120
-221
-331
-440
-554
-667
-776
-873
-946
-988
-995
-963
-900
-806
-686
-542
-372
-174
44
275
515
766
1022
1288
1561
1840
2106
2335
2506
2600
2616
2565
2467
2356
2242
2117
1960
1750
1469
1121
733
342
-18
-339
-617
-866
-1104
-1338
-1558
-1751
-1896
-1981
-2002
-1971
-1903
-1805
-1692
-1557
-1396
-1209
-995
-765
-533
-322
-143
-3
97
166
215
251
273
277
257
205
124
18
-99
-220
-341
-456
-566
-672
-766
-845
-905
-941
-943
-911
-849
-757
-633
-476
-287
-73
160
405
653
901
1155
1421
1700
1979
2240
2459
2609
2669
2649
2571
2467
2358
2243
2106
1914
1649
1318
945
562
208
-102
-375
-629
-874
-1118
-1352
-1553
-1702
-1796
-1834
-1831
-1802
-1745
-1665
-1550
-1393
-1200
-974
-742
-523
-325
-165
-38
65
156
243
318
375
392
359
287
178
59
-58
-169
-280
-396
-523
-659
-791
-903
-983
-1025
-1033
-1011
-967
-902
-813
-686
-520
-318
-79
174
426
675
921
1179
1447
1719
1991
2225
2392
2471
2466
2395
2290
2182
2074
1949
1775
1528
1206
841
467
122
-173
-433
-677
-922
-1180
-1425
-1634
-1786
-1869
-1901
-1893
-1874
-1840
-1783
-1693
-1548
-1359
-1139
-914
-713
-547
-422
-328
-245
-158
-70
15
82
108
79
3
-98
-209
-308
-388
-463
-539
-629
-736
-842
-931
-992
-1012
-995
-959
-911
-846
-758
-633
-468
-262
-29
213
457
693
931
1178
1436
1706
1964
2186
2340
2410
2402
2330
2232
2134
2044
1938
1789
1573
1278
934
582
257
-20
-258
-480
-708
-949
-1186
-1394
-1549
-1639
-1675
-1675
-1664
-1644
-1605
-1535
-1416
-1250
-1052
-851
-669
-524
-414
-324
-246
-160
-65
22
86
106
80
19
-64
-144
-207
-256
-302
-361
-446
-545
-645
-724
-771
-784
-768
-734
-697
-649
-578
-472
-322
-140
72
289
499
698
895
1101
1324
1562
1799
2008
2157
2230
2225
2164
2082
1999
1927
1850
1734
1554
1306
1011
706
425
184
-24
-223
-435
-670
-906
-1113
-1271
-1363
-1406
-1427
-1438
-1451
-1453
-1424
-1351
-1232
-1084
-931
-788
-675
-590
-515
-439
-350
-260
-180
-123
-107
-125
-167
-215
-258
-289
-309
-336
-380
-441
-516
-591
-646
-677
-679
-663
-643
-610
-561
-491
-384
-238
-63
121
303
484
652
823
1004
1197
1411
1624
1816
1966
2055
2078
2048
1994
1939
1889
1839
1763
1633
1439
1201
941
698
492
314
140
-57
-280
-515
-733
-902
-1012
-1074
-1117
-1165
-1222
-1277
-1303
-1281
-1207
-1097
-977
-870
-791
-731
-670
-598
-511
-417
-337
-292
-283
-301
-330
-344
-341
-321
-305
-308
-333
-380
-432
-471
-493
-492
-483
-470
-461
-450
-417
-357
-260
-136
-4
130
257
378
499
630
775
929
1094
1263
1426
1568
1677
1745
1764
1750
1718
1682
1648
1603
1528
1404
1231
1027
818
628
468
317
158
-33
-248
-461
-647
-785
-880
-949
-1015
-1095
-1181
-1251
-1283
-1263
-1203
-1126
-1053
-996
-956
-923
-875
-803
-718
-639
-580
-546
-533
-525
-509
-479
-435
-392
-364
-361
-378
-404
-428
-436
-432
-417
-401
-386
-374
-349
-306
-239
-152
-53
50
148
240
336
438
548
673
805
943
1084
1221
1344
1439
1496
1510
1495
1471
1448
1430
1400
1342
1244
1100
933
759
602
462
330
182
5
-192
-391
-567
-704
-805
-886
-968
-1061
-1155
-1231
-1269
-1263
-1224
-1173
-1129
-1101
-1079
-1049
-1007
-947
-874
-806
-751
-707
-673
-641
-603
-560
-513
-472
-441
-420
-408
-403
-392
-376
-355
-328
-294
-260
-224
-186
-142
-88
-28
43
122
206
287
368
450
532
625
726
835
955
1074
1177
1259
1311
1333
1341
1345
1348
1353
1345
1315
1249
1147
1026
900
784
675
565
435
277
97
-87
-258
-399
-511
-610
-708
-809
-909
-997
-1059
-1089
-1095
-1090
-1082
-1078
-1077
-1067
-1039
-995
-942
-887
-833
-784
-743
-700
-659
-618
-573
-528
-483
-440
-399
-364
-338
-312
-281
-246
-205
-160
-114
-74
-37
2
46
99
158
224
292
359
425
493
561
636
721
811
906
999
1081
1144
1187
1209
1219
1225
1236
1242
1234
1202
1137
1048
948
848
753
653
538
400
241
72
-86
-225
-337
-431
-527
-625
-728
-825
-902
-950
-974
-981
-987
-988
-984
-973
-944
-901
-846
-793
-745
-696
-652
-607
-561
-513
-463
-420
-378
-334
-293
-255
-222
-196
-178
-162
-139
-111
-77
-41
-7
20
43
73
108
159
220
286
350
410
474
539
611
691
777
867
947
1017
1071
1109
1132
1145
1156
1163
1163
1153
1118
1056
974
876
776
674
568
449
318
177
33
-104
-223
-324
-416
-507
-605
-707
-798
-864
-899
-911
-910
-907
-905
-896
-873
-834
-782
-727
-678
-638
-603
-567
-523
-473
-420
-373
-334
-302
-274
-240
-203
-172
-150
-142
-139
-136
-128
-111
-88
-67
-50
-36
-22
1
36
82
129
173
213
254
298
352
420
490
558
625
689
746
792
829
857
878
896
910
916
906
873
816
737
648
564
481
401
312
205
81
-47
-166
-266
-352
-432
-510
-590
-670
-733
-773
-787
-780
-768
-755
-745
-735
-711
-676
-631
-583
-541
-508
-478
-449
-412
-372
-330
-294
-269
-246
-227
-209
-192
-180
-175
-175
-176
-169
-156
-140
-121
-106
-90
-71
-45
-13
25
72
116
159
206
262
323
389
456
518
578
637
692
746
796
831
856
870
876
876
869
846
808
750
674
593
514
441
368
285
192
83
-27
-124
-202
-266
-325
-384
-447
-509
-553
-575
-579
-568
-554
-543
-540
-539
-525
-494
-458
-422
-395
-378
-367
-355
-339
-316
-297
-281
-275
-277
-279
-278
-274
-273
-275
-278
-282
-282
-269
-248
-222
-197
-177
-160
-135
-96
-47
6
61
102
138
182
234
292
354
406
453
494
529
567
609
648
672
684
676
663
649
635
622
594
551
494
429
369
320
276
229
176
111
38
-30
-81
-115
-143
-171
-199
-230
-257
-273
-275
-264
-253
-251
-256
-262
-267
-262
-251
-242
-243
-250
-265
-278
-283
-288
-291
-301
-318
-342
-363
-372
-372
-364
-357
-352
-351
-344
-325
-297
-263
-226
-192
-164
-135
-99
-51
2
53
98
132
158
187
218
254
294
325
347
358
365
376
394
411
417
412
395
377
367
363
360
355
339
312
282
258
237
223
206
186
156
118
87
70
61
57
49
30
4
-26
-46
-56
-59
-61
-74
-100
-132
-158
-177
-192
-207
-227
-260
-299
-339
-367
-389
-400
-407
-421
-438
-451
-455
-450
-440
-427
-415
-404
-393
-370
-340
-301
-257
-220
-188
-160
-131
-99
-64
-29
-1
21
37
50
70
94
120
141
155
156
154
161
172
190
213
228
237
241
249
263
282
304
324
338
343
348
353
357
364
373
375
366
353
338
318
303
284
262
241
216
184
151
118
85
50
12
-30
-69
-104
-143
-176
-212
-245
-272
-294
-312
-323
-333
-342
-357
-371
-378
-384
-381
-369
-352
-333
-318
-304
-291
-270
-249
-226
-204
-188
-175
-164
-157
-145
-129
-112
-96
-85
-81
-76
-71
-58
-43
-22
4
21
38
57
80
113
150
188
226
261
292
325
357
393
425
449
467
481
490
500
507
507
501
488
469
444
416
386
352
314
272
227
178
136
93
55
21
-16
-48
-83
-119
-149
-175
-199
-220
-240
-265
-283
-300
-319
-332
-340
-344
-346
-348
-350
-355
-362
-365
-363
-357
-348
-338
-335
-336
-330
-325
-315
-301
-286
-276
-268
-261
-253
-239
-217
-190
-161
-136
-114
-93
-63
-27
15
64
108
150
187
222
261
305
347
388
426
457
483
504
522
541
552
557
550
537
521
500
476
451
423
393
357
320
285
247
211
178
143
109
74
40
9
-24
-57
-89
-120
-151
-179
-206
-233
-259
-287
-308
-331
-353
-371
-390
-407
-421
-433
-439
-444
-448
-449
-449
-447
-444
-437
-424
-411
-395
-378
-364
-345
-320
-295
-263
-232
-201
-170
-137
-103
-64
-19
25
69
113
157
202
244
284
327
374
416
454
489
516
532
545
559
571
577
580
577
566
553
536
514
495
473
445
417
381
342
304
264
225
187
149
108
66
22
-19
-63
-102
-136
-170
-203
-236
-269
-301
-329
-356
-381
-401
-423
-442
-458
-472
-483
-491
-501
-507
-510
-512
-508
-504
-497
-487
-472
-454
-429
-400
-372
-343
-310
-275
-237
-194
-149
-101
-55
-11
35
82
130
178
226
271
308
343
376
405
428
445
463
478
493
504
511
515
513
509
502
492
477
460
441
419
391
359
320
283
245
210
174
132
87
40
-9
-51
-89
-126
-160
-194
-223
-250
-280
-303
-323
-341
-355
-370
-384
-398
-411
-420
-424
-428
-429
-428
-429
-426
-424
-417
-405
-389
-370
-344
-318
-293
-262
-233
-199
-159
-123
-84
-45
-7
28
62
97
128
162
193
220
240
260
280
295
310
324
336
345
350
359
365
370
377
380
377
370
361
346
331
318
300
278
246
210
175
139
104
67
27
-13
-55
-95
-126
-155
-182
-204
-226
-249
-272
-291
-307
-318
-323
-330
-335
-336
-337
-338
-337
-335
-331
-317
-302
-294
-283
-270
-261
-245
-227
-209
-188
-163
-140
-112
-83
-53
-21
2
28
51
72
94
114
135
158
182
207
229
250
270
291
307
324
340
350
358
368
374
380
382
385
387
380
365
344
321
297
272
247
218
186
152
117
84
54
29
6
-21
-47
-76
-111
-143
-171
-195
-214
-233
-253
-280
-310
-338
-356
-368
-371
-374
-385
-412
-454
-495
-507
-480
-433
-393
-366
-347
-316
-270
-218
-172
-130
-92
-53
-17
14
39
60
80
107
134
153
166
172
180
197
214
235
259
279
297
314
332
350
368
383
395
405
410
411
406
392
373
351
326
294
258
218
180
140
97
55
15
-27
-65
-101
-138
-175
-206
-233
-257
-279
-291
-297
-300
-302
-307
-309
-309
-302
-291
-284
-277
-274
-273
-269
-260
-244
-221
-194
-173
-159
-143
-123
-99
-68
-40
-26
-36
-60
-75
-64
-29
18
60
94
131
170
212
261
316
365
408
435
447
455
458
454
452
448
434
415
381
342
298
255
225
196
166
122
60
-9
-75
-135
-181
-225
-272
-327
-391
-461
-537
-607
-662
-700
-710
-700
-682
-663
-631
-576
-501
-409
-312
-226
-164
-129
-107
-80
-42
-6
21
36
36
29
29
41
68
101
127
146
156
166
185
214
259
308
360
410
456
505
561
631
705
780
849
905
948
982
1004
1023
1033
1022
979
890
766
615
451
282
108
-79
-288
-508
-731
-932
-1104
-1250
-1370
-1465
-1534
-1574
-1585
-1555
-1489
-1392
-1267
-1120
-965
-812
-654
-490
-321
-147
17
153
256
320
356
380
400
417
427
423
400
373
349
342
368
420
488
560
639
736
857
998
1152
1300
1417
1487
1495
1443
1346
1228
1100
953
771
546
273
-36
-332
-585
-787
-942
-1071
-1181
-1272
-1321
-1317
-1240
-1101
-929
-749
-581
-434
-295
-156
-20
108
216
278
281
228
122
-17
-172
-337
-512
-700
-903
-1103
-1282
-1419
-1505
-1541
-1526
-1469
-1358
-1192
-977
-716
-418
-100
235
578
916
1244
1554
1834
2071
2260
2415
2556
2694
2794
2795
2635
2298
1863
1427
1040
682
308
-130
-626
-1123
-1552
-1865
-2058
-2137
-2131
-2069
-1970
-1831
-1620
-1314
-917
-454
7
412
742
1019
1262
1476
1637
1712
1660
1461
1139
741
323
-91
-503
-925
-1359
-1778
-2136
-2395
-2541
-2577
-2518
-2388
-2202
-1963
-1668
-1315
-905
-462
-23
384
743
1053
1333
1584
1802
1970
2080
2124
2099
2014
1904
1822
1795
1808
1790
1632
1296
859
458
190
47
-59
-226
-494
-805
-1068
-1218
-1242
-1171
-1046
-921
-831
-774
-712
-602
-410
-147
123
330
438
468
473
490
518
528
459
286
26
-284
-583
-834
-1030
-1188
-1347
-1513
-1663
-1767
-1787
-1711
-1558
-1368
-1169
-972
-774
-558
-307
-32
246
500
706
858
971
1072
1171
1270
1357
1415
1432
1396
1333
1300
1347
1483
1653
1744
1655
1400
1081
821
678
604
499
284
-35
-388
-686
-883
-975
-978
-941
-917
-919
-939
-929
-835
-639
-370
-103
89
198
252
296
362
431
451
375
196
-62
-357
-644
-891
-1094
-1272
-1445
-1614
-1763
-1855
-1857
-1759
-1590
-1386
-1178
-975
-764
-529
-263
26
305
554
753
903
1022
1127
1233
1334
1418
1471
1475
1432
1379
1373
1458
1622
1777
1801
1625
1305
975
736
609
523
379
129
-203
-539
-809
-976
-1030
-993
-924
-876
-866
-876
-842
-711
-481
-204
30
179
253
294
335
384
416
374
235
5
-283
-585
-856
-1078
-1259
-1416
-1562
-1688
-1773
-1785
-1702
-1540
-1331
-1110
-900
-697
-486
-252
8
275
515
714
860
963
1041
1114
1196
1277
1349
1395
1392
1361
1349
1411
1571
1766
1877
1798
1524
1170
862
669
563
441
231
-82
-442
-768
-999
-1104
-1093
-1010
-919
-875
-875
-863
-775
-573
-295
-23
171
266
293
300
315
324
278
148
-69
-347
-646
-925
-1155
-1323
-1444
-1539
-1611
-1657
-1653
-1568
-1402
-1185
-952
-731
-533
-341
-144
69
290
489
652
774
849
896
926
971
1041
1125
1195
1229
1230
1243
1337
1534
1789
1982
1991
1794
1469
1154
929
794
668
467
170
-194
-551
-829
-985
-1009
-937
-837
-778
-777
-789
-737
-581
-331
-68
136
243
258
229
192
151
80
-51
-257
-531
-835
-1121
-1352
-1511
-1612
-1673
-1706
-1711
-1668
-1555
-1371
-1134
-882
-648
-446
-273
-98
86
271
439
569
655
711
744
770
807
872
962
1045
1104
1144
1214
1383
1663
1972
2159
2120
1875
1543
1253
1056
917
744
476
116
-277
-634
-897
-1021
-1003
-895
-778
-721
-722
-714
-622
-416
-136
125
302
361
333
265
181
101
-4
-172
-424
-755
-1110
-1423
-1649
-1777
-1826
-1825
-1800
-1744
-1651
-1499
-1281
-1013
-734
-484
-290
-144
-7
136
289
428
532
607
660
702
745
807
894
995
1090
1169
1253
1404
1658
1972
2197
2204
1979
1628
1292
1046
873
690
421
69
-320
-684
-961
-1110
-1100
-974
-810
-692
-650
-624
-540
-351
-73
196
385
456
419
320
195
71
-61
-229
-462
-766
-1110
-1425
-1662
-1798
-1846
-1834
-1783
-1706
-1594
-1436
-1234
-985
-723
-483
-295
-161
-55
47
152
254
335
393
431
468
521
601
725
875
1018
1141
1270
1465
1761
2107
2373
2422
2218
1858
1484
1190
974
769
500
152
-235
-599
-881
-1031
-1018
-868
-673
-519
-441
-407
-331
-157
101
369
559
621
555
400
209
26
-140
-325
-570
-890
-1261
-1607
-1844
-1942
-1925
-1838
-1721
-1594
-1457
-1288
-1063
-794
-510
-259
-83
15
60
93
141
208
282
347
391
406
414
445
533
684
867
1046
1218
1430
1720
2058
2327
2396
2223
1895
1538
1231
973
711
403
47
-326
-673
-945
-1098
-1089
-936
-721
-539
-428
-361
-264
-93
137
371
533
585
526
375
165
-52
-242
-416
-621
-900
-1248
-1593
-1847
-1962
-1947
-1847
-1703
-1552
-1397
-1220
-1011
-761
-483
-222
-21
91
122
113
103
111
142
188
239
288
341
408
510
665
858
1072
1304
1579
1913
2251
2470
2461
2215
1839
1464
1167
923
656
316
-84
-487
-830
-1064
-1147
-1066
-861
-628
-456
-356
-277
-149
63
313
526
633
613
484
290
73
-130
-319
-524
-791
-1121
-1469
-1756
-1911
-1926
-1838
-1701
-1554
-1411
-1263
-1084
-858
-590
-323
-116
3
35
20
7
16
50
94
146
192
233
290
392
556
773
1005
1218
1439
1705
2036
2361
2533
2455
2154
1746
1354
1026
741
449
120
-246
-614
-933
-1147
-1196
-1069
-828
-577
-396
-289
-203
-76
119
340
524
620
599
456
232
-8
-211
-382
-574
-839
-1164
-1478
-1701
-1800
-1795
-1717
-1599
-1460
-1314
-1161
-984
-765
-509
-262
-83
-9
-14
-42
-53
-32
1
27
54
87
141
236
386
597
844
1085
1312
1557
1865
2229
2529
2630
2462
2087
1645
1244
913
620
311
-38
-413
-776
-1071
-1229
-1201
-1006
-730
-478
-307
-200
-94
72
295
519
684
739
669
491
244
-24
-270
-507
-769
-1065
-1374
-1627
-1771
-1794
-1723
-1605
-1471
-1330
-1183
-1021
-835
-630
-430
-270
-179
-161
-176
-185
-172
-134
-84
-27
31
101
202
345
538
763
997
1226
1467
1760
2105
2418
2567
2464
2144
1721
1312
970
680
387
43
-338
-712
-1019
-1197
-1200
-1033
-776
-536
-373
-274
-181
-37
176
409
585
653
596
435
213
-11
-199
-372
-580
-844
-1142
-1408
-1591
-1663
-1631
-1539
-1417
-1280
-1151
-1018
-860
-673
-464
-274
-155
-115
-128
-154
-165
-161
-149
-124
-80
-11
82
208
386
611
861
1121
1390
1690
2026
2346
2532
2476
2189
1777
1360
1007
716
434
112
-249
-613
-928
-1132
-1173
-1044
-808
-568
-400
-298
-214
-93
91
297
465
545
504
357
126
-130
-369
-587
-800
-1028
-1254
-1434
-1532
-1541
-1478
-1366
-1218
-1054
-888
-732
-586
-443
-304
-192
-132
-118
-121
-116
-97
-73
-58
-34
12
85
188
316
471
653
866
1106
1383
1706
2038
2293
2366
2217
1900
1522
1169
874
607
321
-10
-367
-700
-950
-1059
-1002
-829
-625
-460
-351
-263
-156
-8
171
331
430
435
348
187
-17
-218
-403
-592
-810
-1050
-1274
-1433
-1499
-1478
-1385
-1256
-1116
-966
-817
-661
-492
-317
-163
-60
-7
9
12
15
28
54
87
134
196
270
363
481
626
792
993
1242
1543
1869
2132
2231
2121
1844
1502
1174
891
636
367
57
-281
-606
-864
-1003
-991
-853
-668
-521
-438
-386
-306
-165
23
204
315
328
243
90
-86
-262
-435
-625
-852
-1101
-1335
-1498
-1560
-1529
-1437
-1315
-1185
-1056
-918
-758
-573
-376
-198
-77
-17
6
24
59
114
175
244
316
394
474
558
665
801
965
1152
1369
1617
1881
2102
2195
2095
1834
1498
1167
882
628
365
66
-255
-566
-816
-954
-956
-847
-699
-574
-498
-454
-394
-280
-126
29
139
165
106
-24
-182
-327
-457
-598
-771
-983
-1208
-1384
-1470
-1462
-1379
-1270
-1164
-1068
-970
-850
-695
-516
-341
-206
-116
-69
-47
-22
28
104
206
313
413
507
607
723
871
1047
1250
1486
1749
1997
2159
2168
2016
1761
1471
1194
941
695
436
146
-163
-455
-683
-800
-790
-702
-603
-535
-507
-480
-420
-324
-207
-100
-30
-23
-96
-240
-430
-627
-801
-949
-1068
-1166
-1241
-1281
-1286
-1249
-1175
-1069
-944
-815
-698
-596
-506
-423
-348
-267
-181
-86
9
95
175
257
354
475
611
743
871
995
1121
1278
1471
1690
1904
2041
2041
1889
1643
1375
1131
922
723
494
217
-87
-369
-575
-661
-631
-535
-444
-410
-425
-445
-430
-362
-258
-163
-117
-144
-242
-383
-535
-683
-826
-965
-1108
-1241
-1335
-1364
-1335
-1271
-1191
-1104
-1016
-918
-811
-694
-575
-463
-367
-288
-227
-169
-91
13
141
286
429
560
677
788
913
1060
1239
1450
1679
1896
2042
2056
1929
1708
1463
1239
1042
845
625
370
95
-163
-372
-494
-515
-458
-378
-326
-320
-335
-338
-306
-233
-150
-94
-88
-149
-274
-445
-625
-786
-917
-1019
-1118
-1209
-1274
-1302
-1285
-1231
-1146
-1043
-930
-815
-708
-614
-528
-447
-363
-274
-193
-107
-20
71
186
318
460
604
735
859
982
1117
1284
1484
1697
1868
1928
1851
1660
1421
1192
998
827
650
443
199
-58
-295
-467
-536
-518
-461
-417
-414
-447
-476
-467
-417
-331
-247
-204
-224
-320
-477
-661
-823
-928
-988
-1022
-1048
-1077
-1103
-1113
-1090
-1028
-930
-811
-686
-580
-499
-428
-354
-271
-180
-82
19
113
196
268
349
446
561
685
794
894
992
1092
1220
1362
1491
1566
1549
1445
1286
1111
944
803
681
552
392
205
8
-169
-293
-347
-348
-334
-341
-377
-431
-469
-474
-442
-389
-339
-314
-336
-413
-530
-651
-743
-792
-809
-809
-805
-803
-801
-793
-769
-715
-630
-525
-422
-342
-294
-258
-221
-169
-102
-33
23
71
104
125
151
185
236
300
362
420
470
528
598
679
764
830
866
869
843
806
773
749
731
708
667
610
536
449
366
295
242
195
148
96
31
-31
-88
-136
-177
-225
-275
-332
-399
-463
-528
-589
-640
-683
-717
-748
-774
-801
-830
-853
-869
-866
-843
-807
-768
-722
-670
-613
-546
-475
-403
-334
-263
-188
-120
-44
38
120
211
298
387
477
567
669
774
874
967
1039
1089
1116
1131
1149
1160
1164
1147
1097
1017
918
811
705
613
531
450
355
242
119
2
-99
-185
-257
-325
-397
-473
-552
-631
-710
-772
-820
-861
-899
-943
-992
-1039
-1076
-1104
-1122
-1128
-1118
-1094
-1061
-1019
-966
-899
-818
-736
-645
-540
-430
-316
-200
-82
37
162
298
429
564
700
833
955
1052
1127
1184
1230
1276
1322
1362
1379
1371
1340
1283
1201
1104
1008
918
827
726
612
487
359
239
131
35
-53
-151
-263
-384
-500
-599
-676
-733
-783
-833
-888
-953
-1020
-1082
-1134
-1170
-1193
-1210
-1218
-1217
-1211
-1192
-1157
-1100
-1024
-937
-839
-745
-649
-543
-427
-296
-149
9
170
327
472
611
751
884
1016
1135
1230
1294
1333
1356
1372
1385
1389
1381
1357
1306
1223
1121
1014
915
820
730
629
512
388
261
138
26
-78
-173
-276
-392
-518
-643
-755
-850
-921
-976
-1025
-1068
-1112
-1157
-1200
-1233
-1251
-1249
-1235
-1217
-1194
-1165
-1122
-1064
-988
-898
-794
-688
-580
-464
-339
-203
-54
103
260
415
572
728
882
1031
1163
1270
1350
1401
1432
1449
1462
1466
1450
1411
1345
1259
1162
1068
980
887
789
684
564
430
300
186
84
-11
-108
-208
-321
-445
-561
-671
-768
-853
-937
-1020
-1104
-1181
-1245
-1291
-1320
-1332
-1329
-1315
-1293
-1260
-1221
-1167
-1098
-1014
-919
-822
-721
-617
-506
-386
-252
-110
38
184
321
453
589
730
880
1030
1166
1278
1368
1435
1476
1499
1506
1498
1468
1412
1331
1229
1121
1019
921
818
705
583
459
333
211
98
-4
-98
-192
-291
-406
-522
-626
-727
-826
-917
-1004
-1094
-1175
-1248
-1309
-1355
-1383
-1399
-1402
-1392
-1364
-1315
-1249
-1165
-1068
-966
-857
-743
-623
-501
-375
-248
-114
24
162
301
434
566
701
829
952
1070
1172
1257
1332
1394
1439
1474
1497
1494
1471
1431
1374
1299
1210
1118
1022
915
798
672
541
409
278
149
21
-103
-224
-339
-455
-570
-681
-784
-880
-972
-1060
-1144
-1220
-1291
-1352
-1397
-1425
-1437
-1435
-1416
-1383
-1330
-1254
-1159
-1039
-912
-780
-635
-484
-334
-180
-26
124
269
407
537
658
772
880
978
1067
1140
1201
1248
1284
1315
1333
1337
1332
1308
1265
1209
1146
1074
999
913
813
703
581
449
315
180
49
-78
-207
-341
-473
-597
-706
-806
-897
-977
-1053
-1124
-1185
-1238
-1280
-1308
-1324
-1324
-1315
-1295
-1262
-1218
-1159
-1085
-995
-889
-776
-650
-513
-367
-211
-53
106
260
411
559
698
827
938
1033
1108
1168
1215
1244
1262
1270
1265
1247
1216
1170
1117
1064
1007
942
866
778
677
570
455
338
222
105
-17
-142
-270
-403
-532
-648
-754
-850
-933
-1005
-1066
-1120
-1166
-1198
-1210
-1207
-1191
-1165
-1130
-1088
-1034
-968
-894
-808
-715
-612
-499
-386
-265
-141
-11
125
268
409
542
670
789
898
998
1082
1151
1209
1248
1264
1266
1251
1219
1174
1116
1049
971
887
798
703
602
498
393
290
185
83
-16
-116
-221
-326
-433
-540
-642
-739
-831
-914
-993
-1065
-1121
-1166
-1200
-1218
-1222
-1205
-1173
-1126
-1067
-1001
-919
-827
-725
-612
-498
-380
-261
-144
-24
94
211
334
452
564
672
771
859
937
1008
1070
1124
1170
1199
1206
1196
1168
1121
1064
993
911
815
708
593
471
348
228
109
-6
-120
-228
-329
-425
-515
-596
-671
-742
-802
-854
-902
-941
-972
-1000
-1017
-1021
-1019
-1001
-968
-926
-875
-814
-743
-657
-560
-459
-350
-232
-110
13
134
249
361
470
569
654
727
788
840
885
918
940
950
954
945
925
896
856
813
766
710
646
572
492
406
311
211
110
13
-86
-186
-283
-385
-479
-559
-629
-685
-734
-772
-803
-825
-835
-835
-822
-800
-767
-727
-683
-636
-581
-518
-453
-384
-311
-234
-151
-68
15
100
184
267
349
427
494
557
611
657
695
720
734
742
736
723
697
662
617
560
500
434
362
293
223
154
85
17
-49
-116
-177
-233
-287
-336
-381
-423
-460
-492
-518
-538
-546
-550
-549
-536
-521
-505
-479
-447
-406
-357
-303
-246
-187
-127
-64
-4
59
121
178
229
275
314
349
377
398
415
426
433
433
429
422
408
395
377
353
327
297
267
231
192
151
105
61
15
-32
-81
-134
-186
-236
-282
-324
-357
-389
-417
-437
-453
-460
-455
-441
-422
-399
-374
-348
-315
-274
-231
-184
-131
-75
-22
32
82
132
178
219
259
296
331
363
388
406
415
414
414
406
395
380
356
324
285
238
190
143
95
51
5
-41
-87
-129
-169
-207
-237
-261
-282
-300
-314
-324
-331
-339
-342
-338
-328
-316
-299
-281
-263
-243
-220
-194
-164
-131
-95
-60
-23
17
57
101
141
180
225
264
295
322
345
367
385
400
405
407
401
387
370
345
315
281
245
209
167
122
79
32
-16
-65
-108
-151
-191
-228
-269
-309
-345
-376
-400
-415
-425
-430
-431
-429
-423
-413
-394
-365
-330
-292
-250
-209
-165
-119
-69
-18
33
82
129
169
206
240
271
298
320
340
355
365
373
377
378
377
372
363
352
338
316
290
258
224
186
146
105
58
11
-37
-88
-140
-187
-233
-278
-314
-345
-370
-390
-405
-410
-409
-400
-390
-375
-353
-330
-303
-276
-246
-213
-178
-138
-94
-51
-6
36
79
121
162
204
244
282
316
346
372
391
403
411
414
408
392
376
352
317
281
241
199
157
118
76
37
-1
-38
-72
-104
-133
-161
-185
-206
-229
-248
-270
-290
-305
-319
-327
-332
-337
-337
-333
-325
-312
-290
-269
-243
-212
-180
-145
-105
-68
-30
13
50
82
118
152
180
207
231
250
267
282
295
308
319
326
331
335
335
333
326
317
303
283
258
228
195
156
114
71
22
-27
-77
-125
-170
-212
-251
-282
-309
-330
-344
-350
-351
-347
-344
-335
-320
-302
-279
-253
-231
-208
-180
-154
-126
-98
-64
-29
3
36
69
103
135
166
196
221
242
260
272
281
288
288
288
282
269
253
235
214
195
174
154
134
119
104
91
74
56
39
25
9
-9
-26
-44
-66
-92
-120
-147
-174
-198
-222
-242
-264
-279
-290
-298
-299
-295
-287
-272
-256
-235
-212
-185
-155
-123
-88
-59
-29
0
29
57
82
102
127
147
164
180
195
209
218
227
233
238
239
237
235
225
212
196
178
157
133
108
80
53
25
2
-21
-45
-65
-79
-91
-102
-109
-113
-115
-118
-121
-123
-123
-120
-120
-122
-122
-125
-125
-124
-123
-122
-116
-110
-103
-95
-85
-72
-54
-37
-20
0
20
37
54
69
76
82
90
95
94
94
94
91
86
81
78
75
73
68
63
59
53
50
47
40
32
24
16
3
-7
-20
-34
-46
-59
-69
-79
-88
-96
-101
-105
-106
-101
-96
-89
-81
-71
-63
-51
-40
-29
-17
-7
2
11
19
24
30
36
41
45
46
52
57
63
69
73
76
79
83
85
82
82
79
73
66
57
48
38
25
12
1
-8
-17
-23
-30
-38
-41
-40
-44
-46
-49
-53
-51
-54
-58
-59
-60
-63
-65
-65
-67
-67
-63
-63
-59
-52
-46
-36
-26
-13
1
11
23
33
42
53
63
69
76
81
81
80
78
74
72
71
64
62
60
54
55
57
56
57
56
54
52
48
46
39
31
24
13
4
-7
-19
-28
-37
-46
-52
-56
-63
-68
-70
-71
-69
-68
-66
-60
-55
-52
-49
-46
-42
-38
-32
-30
-28
-26
-25
-23
-18
-12
-6
0
3
7
12
15
20
23
23
24
21
19
17
15
10
6
1
-7
-11
-16
-22
-24
-25
-24
-23
-21
-20
-16
-13
-10
-4
1
7
14
20
23
23
25
28
30
31
29
31
30
27
27
27
28
31
33
34
34
34
34
34
34
31
27
22
18
15
7
-2
-10
-20
-27
-35
-44
-53
-55
-56
-58
-56
-58
-58
-57
-54
-50
-49
-45
-44
-38
-39
-42
-41
-42
-43
-45
-48
-49
-52
-49
-46
-44
-41
-36
-25
-17
-7
0
10
19
25
34
40
46
51
54
58
56
58
58
59
60
60
59
62
66
67
71
69
69
71
70
70
68
65
61
56
50
40
33
23
16
7
-6
-15
-21
-31
-39
-43
-47
-51
-56
-58
-62
-66
-69
-72
-76
-77
-80
-82
-85
-90
-94
-95
-97
-94
-91
-86
-75
-65
-53
-36
-19
-2
12
30
46
60
72
84
96
102
104
103
102
98
97
95
91
86
82
80
74
68
65
61
58
53
47
44
37
28
19
6
-3
-15
-27
-37
-48
-62
-71
-79
-85
-87
-85
-81
-79
-75
-70
-66
-61
-54
-47
-40
-33
-27
-26
-25
-22
-20
-16
-13
-8
-4
0
7
11
19
27
36
43
50
55
64
70
74
73
72
67
59
50
45
37
29
18
7
-3
-11
-16
-21
-23
-26
-26
-26
-27
-26
-26
-25
-28
-27
-27
-31
-33
-36
-37
-35
-35
-36
-32
-25
-22
-18
-11
-1
8
20
28
35
37
40
40
42
40
36
34
25
19
14
8
6
2
0
-3
-3
-3
-3
1
1
5
10
9
9
10
10
9
6
4
4
3
-2
-4
-6
-10
-9
-10
-12
-9
-9
-10
-11
-11
-10
-10
-6
-7
-6
-4
-4
-3
-6
-6
-2
-4
-5
-6
-7
-5
-4
-3
-4
-2
1
3
2
2
3
3
2
0
0
-3
-3
-3
-4
-3
-5
-5
-6
-5
-2
2
5
7
9
12
14
17
18
20
23
25
23
24
23
22
23
23
23
25
23
21
19
14
11
10
7
4
1
-4
-11
-16
-21
-23
-24
-27
-28
-29
-33
-33
-32
-31
-27
-25
-23
-20
-19
-19
-19
-17
-17
-16
-14
-14
-15
-12
-9
-6
-2
0
6
13
16
21
25
27
28
29
30
31
29
27
25
22
21
19
16
14
12
10
9
11
11
12
11
12
12
12
10
6
4
0
-6
-13
-20
-23
-26
-34
-41
-44
-47
-49
-49
-48
-45
-40
-35
-32
-26
-20
-16
-10
-5
-2
0
-3
-4
-4
-7
-9
-10
-8
-4
-2
-2
1
7
13
17
22
25
31
36
36
37
37
34
35
32
24
23
16
6
1
-4
-8
-8
-7
-6
-5
-2
1
6
9
10
11
11
9
3
-4
-12
-18
-25
-31
-35
-39
-41
-43
-43
-41
-35
-30
-21
-14
-5
7
15
17
23
26
27
28
26
24
20
17
16
12
8
6
5
6
8
10
13
14
18
20
19
20
20
16
13
10
5
-4
-9
-13
-18
-21
-27
-31
-30
-31
-26
-19
-11
-5
1
6
11
17
21
25
25
23
20
14
10
3
-3
-9
-19
-23
-24
-26
-24
-20
-16
-12
-8
-3
4
6
11
15
14
16
16
14
10
6
1
-1
-3
-9
-8
-8
-9
-3
0
4
7
12
15
14
14
12
11
7
-1
-5
-10
-15
-19
-22
-25
-27
-23
-21
-16
-12
-6
1
8
15
20
25
28
32
33
30
28
23
19
14
11
6
0
-5
-10
-13
-13
-10
-9
-7
-7
-8
-6
-6
-7
-9
-8
-10
-11
-11
-15
-19
-20
-20
-22
-23
-19
-18
-12
-7
-3
5
10
14
20
24
27
27
28
27
25
19
14
10
3
1
-6
-7
-10
-15
-14
-15
-13
-9
-7
-2
1
0
0
3
4
5
5
2
-1
-5
-7
-7
-10
-12
-11
-13
-10
-7
-7
-4
0
1
5
8
8
6
5
5
2
0
-3
-8
-8
-10
-13
-10
-8
-6
-4
-1
2
6
8
11
15
16
17
20
19
16
11
8
4
1
-4
-9
-12
-15
-14
-15
-16
-15
-15
-13
-12
-8
0
2
4
4
7
5
7
9
8
9
7
6
5
4
6
4
7
8
8
11
10
12
13
15
14
15
16
12
10
6
2
-2
-6
-7
-12
-15
-15
-15
-16
-15
-12
-11
-6
-4
1
1
0
3
3
2
1
-1
0
0
-3
-7
-8
-6
-6
-7
-5
-3
1
3
6
10
13
18
21
24
22
21
22
19
19
17
15
13
11
10
6
4
2
2
2
2
1
-3
0
-2
-4
-1
-3
-5
-7
-9
-9
-10
-12
-16
-20
-21
-23
-23
-24
-25
-22
-20
-19
-15
-13
-11
-10
-9
-10
-10
-10
-11
-13
-11
-9
-11
-11
-8
-6
-6
-6
-2
-2
0
3
5
11
14
17
20
22
22
25
27
27
27
26
23
23
21
19
18
17
16
17
16
15
16
16
15
12
12
12
11
12
10
9
9
8
7
5
2
-3
-8
-11
-12
-13
-13
-14
-15
-17
-17
-20
-21
-22
-24
-25
-27
-28
-30
-32
-29
-31
-29
-29
-29
-28
-28
-26
-25
-23
-16
-14
-11
-8
-7
-5
-1
1
7
9
12
15
13
14
14
15
16
14
16
16
18
19
20
22
20
21
19
21
22
23
26
26
27
26
24
23
18
16
13
8
5
1
-2
-4
-8
-10
-15
-16
-18
-18
-20
-24
-23
-25
-29
-29
-31
-31
-32
-32
-31
-32
-31
-30
-29
-31
-29
-26
-23
-20
-16
-13
-7
-1
1
6
8
10
12
16
19
21
23
23
25
24
26
26
25
27
26
24
22
24
23
24
27
28
29
28
26
23
19
14
12
10
6
4
-4
-6
-9
-15
-17
-19
-22
-22
-22
-23
-22
-24
-24
-22
-21
-21
-22
-24
-24
-25
-26
-27
-31
-28
-28
-30
-29
-27
-23
-19
-15
-10
-7
-2
1
4
6
7
10
13
14
15
15
17
19
19
20
21
23
26
31
31
33
38
40
42
44
44
44
41
39
36
34
31
27
23
16
10
4
1
-4
-8
-11
-14
-14
-13
-13
-14
-15
-16
-15
-13
-17
-19
-21
-26
-25
-25
-29
-32
-35
-36
-35
-35
-35
-34
-34
-29
-28
-28
-23
-19
-17
-13
-9
-10
-7
-7
-6
-5
-3
-1
1
4
8
13
16
22
27
28
32
32
34
39
41
41
41
41
37
35
33
27
23
19
16
13
7
7
5
2
1
1
-2
-2
1
-1
-2
-2
-6
-9
-11
-13
-15
-19
-21
-20
-22
-25
-25
-28
-29
-29
-29
-30
-29
-29
-30
-26
-25
-24
-24
-22
-22
-24
-23
-23
-22
-20
-19
-15
-13
-10
-6
-2
0
7
9
12
18
18
23
25
26
30
32
32
33
33
30
31
32
31
31
31
30
29
29
29
31
33
33
35
33
30
26
23
22
17
12
7
1
-6
-7
-11
-17
-19
-26
-31
-30
-36
-38
-38
-40
-41
-43
-47
-47
-47
-45
-45
-45
-45
-44
-41
-39
-36
-33
-31
-25
-21
-17
-9
-5
2
9
11
15
19
21
22
23
25
30
34
34
35
40
40
39
39
38
41
43
43
42
40
40
37
35
35
33
31
26
20
18
14
7
2
-2
-7
-12
-15
-22
-26
-28
-34
-35
-36
-36
-38
-39
-41
-42
-41
-42
-42
-41
-41
-38
-36
-33
-33
-30
-27
-27
-24
-17
-14
-10
-5
0
5
5
7
12
14
17
22
22
22
22
24
24
25
25
25
28
28
27
28
28
30
30
27
26
23
23
21
18
17
15
11
10
7
2
-1
-2
-4
-5
-8
-10
-10
-13
-18
-17
-19
-22
-24
-28
-28
-30
-30
-29
-30
-31
-31
-29
-30
-28
-25
-21
-19
-15
-10
-7
-5
-3
1
1
3
6
8
16
18
20
24
24
29
32
31
33
33
35
35
36
38
38
39
37
34
32
29
29
28
24
19
19
14
12
10
7
3
1
-2
-3
-5
-11
-13
-14
-16
-20
-22
-25
-31
-33
-37
-40
-38
-40
-42
-41
-44
-43
-39
-38
-35
-31
-29
-23
-19
-15
-11
-8
-4
2
3
6
10
11
15
20
22
27
28
30
35
36
38
39
39
37
37
37
38
35
34
32
29
29
26
21
17
13
12
8
4
0
-1
-5
-8
-9
-13
-14
-13
-17
-17
-20
-23
-26
-28
-28
-30
-31
-33
-35
-35
-32
-30
-23
-23
-20
-13
-15
-12
-6
-3
-1
2
5
9
13
14
17
19
21
23
22
24
24
23
27
26
28
28
28
28
25
22
23
21
15
14
10
7
4
0
-4
-7
-12
-16
-21
-23
-26
-27
-29
-29
-30
-33
-33
-30
-29
-27
-26
-24
-25
-27
-24
-24
-24
-25
-21
-18
-14
-10
-8
-6
-3
1
6
9
13
18
18
22
26
28
31
34
36
37
39
39
39
41
39
37
34
34
35
33
30
29
25
19
20
17
14
10
5
4
3
0
-1
-6
-13
-17
-19
-22
-23
-24
-28
-30
-29
-28
-29
-27
-29
-29
-26
-26
-27
-24
-22
-24
-23
-24
-24
-23
-22
-19
-18
-15
-13
-11
-8
-9
-5
-2
0
5
6
10
11
12
13
13
15
17
15
16
15
14
12
12
12
10
13
13
14
15
13
16
16
17
17
14
13
10
9
7
4
3
0
-2
-6
-8
-7
-6
-7
-8
-8
-9
-7
-8
-9
-4
-1
0
0
-2
-1
-2
-4
-5
-5
-7
-9
-8
-10
-8
-6
-8
-9
-9
-9
-7
-5
-5
-6
-3
-4
-5
-4
-5
-6
-7
-7
-6
-8
-10
-12
-13
-11
-10
-6
-3
2
6
7
7
11
10
11
11
10
12
14
12
8
6
5
5
6
7
8
9
10
8
9
9
11
11
12
14
13
13
12
11
13
9
8
6
3
5
1
-1
-1
-1
-3
-1
-1
-1
2
2
0
0
-3
-4
-5
-9
-10
-12
-12
-14
-16
-18
-21
-20
-20
-20
-17
-14
-14
-13
-9
-5
-3
1
2
3
6
9
10
8
9
8
9
9
6
10
12
12
14
13
13
10
10
10
9
9
10
8
8
6
3
0
-2
-3
-4
-9
-13
-14
-15
-16
-18
-17
-17
-14
-12
-13
-13
-13
-14
-14
-12
-10
-10
-9
-7
-9
-10
-9
-6
-4
-2
0
1
6
7
11
15
18
21
25
27
30
31
32
34
34
32
31
28
29
29
31
31
28
30
26
23
22
17
13
12
10
9
6
3
-2
-7
-13
-19
-22
-29
-32
-35
-42
-45
-46
-48
-52
-53
-52
-50
-49
-47
-46
-42
-41
-38
-35
-33
-30
-26
-21
-17
-14
-11
-6
-2
1
7
11
15
22
28
31
39
45
47
51
54
53
55
56
55
56
52
51
51
51
50
47
45
43
39
34
32
29
25
22
16
10
6
1
-4
-8
-15
-21
-26
-31
-36
-41
-46
-50
-49
-51
-54
-55
-57
-59
-59
-58
-59
-60
-58
-55
-53
-50
-43
-43
-40
-35
-29
-26
-22
-18
-13
-7
-2
3
10
16
22
28
33
36
39
41
43
46
46
46
47
47
48
45
43
42
38
37
35
32
28
26
24
20
18
15
11
7
2
1
-5
-11
-17
-20
-23
-24
-27
-30
-33
-37
-38
-40
-43
-43
-41
-38
-36
-37
-36
-33
-36
-35
-31
-30
-27
-25
-23
-19
-17
-16
-15
-11
-6
-2
3
8
12
18
21
22
27
29
31
32
32
35
37
36
34
35
37
37
31
31
32
29
29
28
27
26
22
21
18
15
13
11
10
6
2
-1
-4
-6
-8
-10
-11
-15
-18
-16
-16
-17
-17
-18
-17
-16
-17
-14
-16
-14
-11
-11
-10
-8
-5
-5
-5
-4
-4
-2
2
4
4
6
9
13
15
15
16
18
18
20
20
21
22
20
19
16
15
15
12
13
12
11
10
8
9
8
3
4
2
1
2
-4
-2
-2
-7
-8
-10
-10
-10
-16
-16
-16
-17
-19
-18
-18
-19
-17
-14
-12
-12
-11
-10
-6
-5
-3
-4
-2
-1
-2
0
3
3
1
3
5
4
5
6
5
6
5
6
6
7
9
9
7
5
1
0
-3
-4
-4
-10
-13
-13
-16
-17
-18
-20
-20
-22
-24
-23
-19
-20
-21
-23
-21
-21
-24
-23
-21
-20
-21
-21
-20
-23
-23
-21
-20
-20
-19
-17
-15
-13
-10
-8
-5
-1
3
5
8
8
10
11
13
15
17
20
22
24
25
26
24
25
25
25
26
25
25
25
22
18
16
13
8
7
5
3
1
-6
-8
-8
-12
-16
-18
-20
-22
-22
-22
-23
-23
-23
-21
-23
-21
-20
-20
-17
-16
-15
-15
-12
-11
-10
-6
-5
-4
-1
0
3
2
4
5
5
7
9
11
11
11
12
12
13
15
16
17
16
13
18
20
18
20
19
18
18
19
19
19
18
18
17
14
16
16
15
15
13
11
13
11
9
10
8
11
9
7
6
3
3
3
5
3
2
2
2
2
1
1
-1
-1
2
4
5
5
5
6
5
6
7
7
8
8
6
6
6
3
6
5
5
6
4
2
3
2
3
3
0
-1
0
-2
-2
-2
-3
-3
-6
-6
-9
-11
-10
-10
-12
-10
-10
-11
-7
-9
-9
-9
-9
-7
-6
-6
-5
-6
-6
-6
-8
-8
-8
-11
-8
-8
-8
-7
-6
-4
-3
-2
3
5
7
9
11
10
12
13
12
15
15
16
19
16
17
18
16
14
14
13
13
11
9
7
5
2
0
-5
-10
-12
-15
-17
-19
-24
-25
-29
-34
-34
-36
-38
-37
-38
-38
-36
-35
-32
-32
-30
-25
-25
-21
-14
-17
-15
-13
-9
-6
-5
-1
2
5
6
9
14
14
19
22
22
27
29
31
31
30
33
32
33
33
30
28
26
25
21
19
20
18
15
14
15
13
12
11
8
4
4
-1
-3
-3
-6
-7
-8
-8
-13
-18
-19
-23
-22
-22
-23
-24
-23
-25
-24
-21
-23
-22
-21
-18
-18
-17
-15
-12
-10
-8
-8
-6
-5
-2
0
4
6
6
10
15
18
20
18
19
21
26
26
24
25
22
23
24
20
19
18
17
14
12
13
10
5
5
2
1
0
0
-5
-7
-9
-15
-17
-18
-22
-24
-28
-30
-30
-30
-31
-33
-32
-31
-31
-31
-28
-29
-27
-20
-19
-15
-11
-9
-7
-6
-2
0
0
4
4
5
9
14
15
18
19
18
22
24
24
28
27
26
26
26
26
23
24
24
19
19
17
12
12
9
6
5
4
3
1
-1
-6
-7
-8
-12
-12
-15
-18
-19
-23
-23
-26
-29
-30
-30
-30
-31
-30
-28
-26
-27
-25
-23
-21
-19
-16
-15
-11
-9
-8
-5
-5
-5
-2
0
4
7
8
13
15
18
23
24
25
26
29
30
32
36
38
39
35
37
37
36
34
32
28
25
22
19
18
16
14
12
6
5
2
-1
-3
-5
-7
-11
-14
-12
-15
-19
-21
-25
-26
-27
-29
-30
-31
-31
-31
-29
-27
-25
-23
-24
-18
-17
-16
-13
-12
-9
-8
-7
-2
1
1
1
2
3
7
8
7
8
12
16
18
16
16
20
20
20
22
21
22
20
19
18
19
17
13
10
7
6
3
2
3
2
-2
-4
-5
-4
-5
-7
-6
-7
-9
-10
-12
-14
-16
-15
-15
-18
-18
-17
-16
-13
-14
-14
-14
-14
-11
-7
-4
-2
2
2
5
8
6
6
9
8
7
8
8
8
8
10
12
8
6
9
10
10
10
10
10
12
11
12
13
9
9
8
6
3
0
-1
-1
-6
-8
-10
-12
-11
-14
-13
-13
-13
-12
-11
-9
-12
-15
-13
-13
-13
-14
-16
-16
-17
-17
-17
-18
-17
-19
-18
-16
-16
-14
-11
-9
-7
-5
-3
-3
-2
0
4
7
7
6
8
9
7
9
11
11
12
14
16
16
18
20
22
22
19
21
22
21
21
21
23
21
17
17
15
13
12
10
9
8
8
6
7
8
10
9
