-5
-1
1
1
4
6
5
5
7
6
5
6
4
0
-1
-1
-5
-7
-5
-9
-10
-9
-12
-9
-9
-12
-10
-9
-6
-7
-6
0
0
3
3
6
7
4
8
9
7
8
5
0
-3
-2
-4
-5
-4
-4
-5
-6
-6
-7
-5
-2
-1
1
3
5
6
6
8
8
9
11
10
10
10
8
4
3
0
-1
-2
-2
-5
-7
-6
-5
-5
-4
-4
-4
-1
4
4
7
8
10
11
13
14
12
13
10
10
10
5
1
1
1
-3
-8
-8
-10
-10
-10
-10
-12
-13
-13
-12
-11
-6
-5
-4
-1
1
1
3
5
4
5
7
4
2
2
0
-2
-4
-5
-6
-8
-7
-8
-6
-5
-5
-4
0
3
5
8
8
8
12
15
16
16
16
16
16
14
9
8
3
-1
0
-4
-8
-10
-11
-11
-15
-13
-10
-13
-11
-8
-3
0
4
6
8
14
18
17
17
14
11
11
12
11
7
5
1
-3
-4
-5
-8
-10
-9
-8
-10
-7
-4
-2
2
5
7
7
7
7
12
13
10
11
11
9
7
3
-1
-4
-7
-9
-12
-14
-17
-17
-16
-18
-15
-14
-15
-9
-6
-4
0
4
5
4
6
10
11
11
11
9
6
5
3
-1
0
-2
-4
-3
-8
-9
-8
-9
-9
-7
-3
-3
-1
1
3
5
5
6
8
6
8
6
4
5
3
0
0
-2
-7
-10
-13
-15
-13
-14
-14
-13
-13
-11
-7
-5
-4
-4
1
5
8
10
10
11
12
15
13
10
10
9
9
6
2
0
-4
-9
-9
-8
-11
-14
-14
-14
-14
-12
-12
-8
-6
-6
-3
-2
-4
-4
0
-1
-3
-2
-6
-5
-4
-5
-6
-7
-9
-10
-9
-13
-13
-10
-9
-8
-6
-5
1
3
4
8
10
13
18
21
22
22
23
22
21
22
18
14
15
11
9
8
6
4
5
2
-1
1
-2
-2
0
-2
0
4
2
3
7
8
8
10
10
10
7
5
6
3
2
1
-2
-2
-4
-6
-4
-5
-4
-4
-6
-3
0
0
1
1
0
1
3
3
7
10
6
6
5
3
3
0
-1
-1
-5
-8
-8
-9
-10
-10
-10
-8
-8
-8
-6
-5
-2
-2
1
3
6
6
6
7
7
9
9
7
6
3
-2
-2
-5
-6
-6
-8
-8
-8
-8
-8
-9
-10
-10
-7
-5
-5
-3
-2
-1
0
1
4
4
3
5
4
2
0
-3
-1
-3
-4
-5
-9
-7
-7
-7
-6
-3
-1
2
4
3
7
8
10
15
19
16
17
15
14
14
14
12
12
11
6
4
2
4
3
0
-1
-6
-5
-4
-9
-5
-2
-4
-1
-3
-1
2
1
1
0
3
5
2
1
-1
-3
-7
-7
-9
-14
-15
-16
-19
-21
-20
-20
-18
-18
-17
-15
-16
-15
-15
-14
-11
-11
-9
-7
-5
-5
-7
-7
-6
-6
-9
-9
-8
-10
-12
-11
-13
-12
-10
-7
-3
-1
0
1
2
6
9
11
12
13
14
17
17
18
20
22
22
22
17
15
13
11
12
10
9
7
5
3
2
2
3
6
4
6
9
7
8
9
10
10
10
12
10
12
10
8
8
6
8
8
6
5
5
2
2
1
3
3
4
5
7
7
7
7
10
9
9
12
12
11
8
4
3
-3
-7
-7
-9
-13
-18
-18
-21
-21
-21
-22
-19
-22
-21
-19
-18
-14
-12
-10
-6
-4
0
0
0
1
0
0
-1
-2
0
-3
-4
-6
-10
-11
-13
-13
-14
-12
-12
-12
-10
-10
-7
-4
-5
1
3
2
6
6
4
8
7
7
6
4
4
4
3
4
1
-2
-2
-2
-2
-1
0
0
3
6
6
7
12
15
18
20
21
20
20
20
19
17
17
12
11
9
7
6
3
0
-1
-5
-3
-3
-6
-2
-4
-5
-3
-4
0
0
1
2
1
3
1
4
3
-1
-1
-5
-8
-13
-16
-14
-17
-20
-20
-22
-22
-21
-21
-20
-21
-18
-16
-14
-11
-11
-8
-5
-6
-1
4
2
3
3
6
5
1
1
-1
-5
-3
-2
-4
-4
-6
-6
-3
-1
0
2
3
6
7
9
13
15
16
19
19
19
18
13
11
9
7
3
0
-5
-6
-6
-9
-13
-16
-16
-16
-16
-14
-13
-13
-11
-7
-6
-2
2
5
8
10
12
15
13
15
14
13
10
5
4
4
-1
-4
-5
-6
-9
-10
-9
-9
-8
-4
-5
-3
0
2
8
10
14
14
12
14
14
14
14
14
10
5
3
-2
-8
-8
-11
-14
-13
-13
-13
-13
-13
-13
-8
-5
-3
-2
1
2
3
8
12
13
14
15
15
13
12
9
5
2
2
1
2
0
-3
-3
-2
-2
-5
-2
-1
-1
4
2
1
4
2
3
5
6
7
5
4
4
1
0
-2
-5
-5
-4
-8
-9
-7
-9
-9
-6
-7
-5
-7
-7
-3
-1
2
-1
-1
3
4
7
8
6
5
0
1
0
-3
-3
-3
-4
-8
-10
-10
-9
-7
-8
-7
-6
-6
-6
-4
-1
-1
2
3
3
3
3
4
3
1
0
-2
-4
-6
-7
-7
-7
-10
-9
-9
-10
-7
-5
-5
-1
0
3
6
7
13
15
16
18
22
21
21
21
21
20
17
12
7
4
2
0
-3
-5
-6
-8
-11
-11
-11
-10
-7
-7
-4
-3
-1
-1
2
6
7
9
10
8
8
6
2
1
0
-6
-7
-7
-8
-9
-12
-13
-10
-9
-8
-7
-6
-5
-5
-2
-1
0
2
4
8
8
6
4
1
1
4
5
1
-4
-5
-9
-11
-8
-8
-9
-10
-11
-9
-7
-6
-3
-2
-1
2
4
3
3
4
7
10
9
8
4
0
-2
-3
-2
-4
-4
-3
-2
-2
-5
-4
-7
-8
-6
-6
-4
-4
-3
0
2
3
5
7
9
10
11
8
6
5
5
5
3
4
2
0
-2
-1
-1
2
7
8
6
4
3
4
2
4
6
7
6
6
4
5
3
2
4
0
0
-2
-5
-9
-11
-13
-14
-16
-16
-15
-14
-10
-9
-8
-5
-2
4
9
9
9
9
9
11
10
12
13
13
11
9
7
5
2
-1
0
0
-4
-5
-6
-7
-5
-5
-5
-3
-1
1
2
5
6
9
12
12
15
16
15
14
13
10
9
6
3
2
-1
-2
-3
-5
-6
-5
-1
-1
-1
0
3
4
3
6
7
7
7
6
8
6
4
2
1
-1
-2
-3
-6
-10
-12
-17
-15
-14
-16
-17
-15
-12
-11
-9
-4
-2
4
5
7
9
10
10
9
9
6
5
3
1
-3
-5
-6
-10
-13
-15
-14
-15
-15
-13
-13
-14
-14
-11
-12
-9
-7
-5
-3
-1
-1
-1
-1
-2
-3
-3
-5
-6
-8
-10
-13
-12
-13
-13
-11
-9
-6
-3
-1
-2
-1
3
7
13
16
16
17
18
18
17
18
17
13
12
6
4
0
-5
-4
-8
-10
-11
-14
-16
-15
-19
-18
-14
-13
-12
-8
-5
-5
-1
0
0
3
5
7
5
5
3
1
2
0
-2
-1
-1
-2
-4
-6
-6
-6
-6
-3
-2
1
4
6
9
10
14
20
21
24
22
21
22
19
18
17
12
10
8
4
0
2
0
0
0
0
0
-6
-5
-3
-2
1
3
2
5
6
8
9
10
11
8
10
8
5
3
0
-1
-3
-4
-4
-9
-9
-7
-8
-11
-9
-7
-7
-7
-5
-3
-1
4
8
11
14
14
16
17
14
12
10
9
8
4
0
-3
-5
-7
-7
-7
-10
-9
-9
-11
-8
-5
0
2
2
4
7
7
9
9
12
13
11
10
9
5
2
1
-1
-4
-6
-9
-12
-17
-18
-15
-15
-14
-12
-11
-10
-7
-4
0
3
6
7
7
7
5
5
10
7
5
3
0
-2
-4
-6
-7
-7
-9
-12
-14
-15
-14
-11
-7
-6
-3
0
4
11
15
17
22
25
24
25
23
21
18
12
9
7
5
0
-2
-6
-9
-11
-13
-13
-13
-13
-13
-11
-9
-9
-9
-6
-2
3
5
7
8
10
11
10
10
7
4
1
-5
-9
-12
-14
-16
-19
-22
-23
-25
-28
-27
-27
-26
-24
-22
-20
-16
-13
-8
-8
-6
-1
-2
-1
1
0
1
2
-1
-3
-2
-4
-3
-5
-5
-3
-3
-5
0
3
5
11
15
20
25
30
36
38
39
42
44
42
41
41
42
38
34
32
27
25
23
16
10
5
-2
-5
-7
-14
-19
-23
-24
-22
-22
-22
-21
-24
-25
-24
-25
-26
-28
-31
-34
-37
-37
-40
-40
-39
-42
-42
-41
-46
-43
-39
-36
-33
-25
-17
-11
-1
8
14
24
32
38
45
50
56
62
66
66
68
66
64
64
58
54
52
43
35
28
21
15
9
4
-3
-9
-15
-23
-23
-24
-29
-30
-32
-34
-35
-40
-43
-47
-52
-53
-57
-56
-61
-65
-65
-65
-64
-64
-61
-58
-57
-54
-50
-46
-42
-35
-25
-18
-10
1
11
19
28
37
47
57
61
68
74
75
81
88
92
93
99
97
94
97
99
96
96
98
94
91
92
86
80
75
67
61
51
44
34
21
7
-8
-23
-43
-58
-75
-93
-110
-127
-141
-155
-170
-184
-191
-200
-206
-207
-208
-208
-203
-197
-191
-182
-169
-157
-143
-121
-105
-88
-68
-48
-28
-5
17
38
62
86
115
141
162
187
212
234
254
271
289
306
321
337
345
351
353
354
352
345
334
321
298
274
249
219
183
146
104
63
24
-24
-71
-117
-164
-210
-255
-298
-341
-378
-413
-443
-470
-492
-514
-528
-539
-544
-544
-539
-528
-516
-497
-474
-448
-418
-386
-344
-300
-250
-196
-139
-82
-20
44
114
181
248
319
388
461
526
585
643
696
743
784
819
842
851
852
842
818
783
740
685
620
554
478
394
315
231
144
60
-20
-96
-168
-236
-299
-358
-414
-466
-518
-573
-622
-664
-706
-744
-785
-820
-852
-882
-908
-927
-940
-943
-939
-930
-913
-887
-848
-799
-737
-666
-581
-485
-373
-259
-142
-15
116
245
375
506
633
755
872
978
1072
1154
1226
1279
1319
1342
1347
1335
1304
1255
1188
1109
1023
925
817
706
592
475
359
246
135
32
-65
-155
-239
-313
-381
-443
-499
-551
-594
-635
-676
-716
-752
-790
-827
-868
-908
-949
-986
-1020
-1049
-1067
-1076
-1077
-1068
-1048
-1014
-969
-914
-844
-760
-671
-574
-473
-363
-250
-132
-9
109
227
343
452
554
651
744
829
910
986
1051
1111
1164
1210
1252
1285
1307
1315
1308
1285
1243
1190
1124
1044
958
858
745
625
499
364
231
103
-21
-142
-256
-364
-464
-554
-634
-701
-754
-798
-833
-863
-890
-916
-940
-959
-975
-986
-993
-995
-999
-1002
-1003
-998
-984
-965
-940
-904
-865
-816
-762
-696
-618
-533
-435
-328
-218
-101
24
153
281
414
551
681
808
933
1052
1160
1259
1350
1421
1478
1518
1537
1536
1515
1475
1417
1339
1244
1136
1012
876
738
593
444
296
149
10
-125
-252
-365
-472
-570
-650
-717
-775
-819
-855
-881
-902
-916
-927
-943
-955
-965
-983
-996
-1006
-1025
-1041
-1048
-1055
-1057
-1055
-1047
-1030
-1004
-965
-913
-850
-775
-687
-590
-477
-350
-221
-79
67
214
360
499
638
770
894
1010
1117
1215
1297
1372
1431
1476
1508
1527
1531
1514
1476
1423
1351
1268
1175
1074
964
844
715
585
448
310
177
43
-84
-205
-324
-431
-530
-619
-694
-755
-806
-849
-887
-924
-957
-989
-1022
-1047
-1074
-1096
-1112
-1128
-1140
-1146
-1147
-1142
-1127
-1104
-1073
-1033
-983
-922
-850
-764
-667
-558
-441
-316
-185
-53
80
216
355
492
630
760
883
998
1108
1212
1303
1390
1465
1528
1573
1601
1610
1598
1573
1531
1470
1398
1310
1205
1086
957
818
673
524
377
230
81
-65
-205
-341
-464
-570
-666
-750
-821
-882
-937
-981
-1021
-1057
-1085
-1111
-1137
-1160
-1182
-1201
-1211
-1215
-1217
-1212
-1201
-1186
-1161
-1128
-1085
-1033
-973
-899
-815
-722
-614
-504
-380
-250
-117
18
152
287
416
548
673
796
912
1025
1134
1236
1331
1415
1487
1549
1593
1621
1626
1613
1582
1530
1465
1382
1286
1174
1049
917
776
629
478
323
172
25
-120
-258
-384
-501
-606
-695
-773
-837
-892
-938
-978
-1013
-1044
-1069
-1092
-1113
-1131
-1146
-1159
-1169
-1173
-1168
-1159
-1142
-1121
-1093
-1055
-1007
-950
-889
-816
-730
-636
-533
-425
-314
-202
-82
40
162
284
400
519
630
736
839
938
1033
1123
1208
1283
1347
1402
1446
1476
1491
1493
1478
1448
1405
1352
1282
1199
1103
997
882
758
626
488
348
205
61
-84
-222
-355
-480
-593
-698
-793
-876
-950
-1012
-1064
-1109
-1146
-1171
-1196
-1208
-1211
-1214
-1209
-1201
-1183
-1160
-1128
-1093
-1053
-1004
-954
-900
-841
-780
-713
-635
-556
-473
-388
-300
-204
-106
-5
94
202
312
420
529
633
733
831
925
1016
1101
1182
1254
1315
1368
1406
1433
1452
1451
1435
1410
1367
1314
1248
1169
1080
979
872
754
626
496
362
229
94
-44
-173
-297
-418
-528
-633
-728
-816
-894
-966
-1030
-1083
-1129
-1170
-1198
-1218
-1227
-1227
-1223
-1212
-1189
-1158
-1122
-1080
-1033
-982
-923
-861
-797
-730
-660
-585
-505
-423
-341
-257
-166
-74
17
111
202
291
377
463
545
628
711
792
871
947
1018
1086
1144
1191
1237
1272
1300
1314
1314
1304
1282
1246
1196
1135
1064
981
887
783
668
547
422
292
162
30
-99
-223
-345
-458
-562
-657
-740
-815
-876
-929
-977
-1012
-1046
-1071
-1081
-1087
-1082
-1071
-1055
-1036
-1012
-983
-955
-926
-889
-849
-809
-768
-725
-675
-620
-556
-488
-419
-342
-263
-179
-96
-12
74
159
248
335
420
503
575
651
727
798
866
930
986
1039
1083
1116
1141
1157
1168
1170
1159
1140
1109
1069
1020
958
890
815
729
636
535
432
322
209
98
-14
-120
-228
-331
-428
-516
-598
-673
-739
-795
-844
-887
-923
-949
-965
-975
-978
-971
-956
-938
-918
-898
-869
-841
-810
-777
-744
-704
-664
-622
-581
-536
-482
-426
-367
-303
-236
-168
-103
-37
33
103
172
244
316
384
451
523
589
653
718
780
837
890
937
974
1003
1026
1043
1055
1055
1048
1031
1007
973
929
875
815
745
669
587
500
404
305
205
108
11
-83
-175
-269
-355
-434
-506
-572
-628
-675
-715
-747
-775
-799
-815
-827
-838
-842
-842
-838
-834
-834
-829
-820
-806
-790
-768
-741
-709
-673
-633
-593
-545
-489
-428
-367
-311
-256
-194
-131
-66
-3
60
127
198
269
334
394
456
519
575
630
683
731
777
821
859
891
918
939
956
969
972
966
954
936
909
868
821
765
705
640
565
483
397
310
220
130
40
-48
-136
-219
-292
-356
-418
-474
-516
-556
-591
-618
-642
-665
-682
-698
-708
-717
-723
-721
-722
-725
-726
-721
-713
-705
-691
-680
-665
-643
-621
-591
-557
-520
-472
-425
-377
-331
-279
-217
-161
-101
-43
11
72
131
183
234
285
339
390
442
492
539
583
629
672
709
745
776
804
825
839
848
852
850
840
821
797
763
722
673
615
556
494
426
350
275
198
119
42
-29
-99
-159
-215
-268
-315
-358
-396
-427
-458
-481
-500
-520
-544
-566
-579
-591
-604
-620
-636
-647
-659
-671
-679
-684
-682
-674
-668
-659
-646
-625
-599
-572
-537
-493
-449
-398
-340
-281
-222
-162
-98
-35
28
88
147
208
271
333
390
446
498
546
591
633
673
706
737
764
785
804
818
822
823
819
811
790
759
719
675
629
573
508
441
371
303
233
157
87
23
-40
-99
-155
-207
-260
-304
-346
-387
-419
-447
-473
-499
-520
-538
-555
-571
-585
-599
-613
-620
-626
-636
-644
-647
-646
-639
-629
-618
-602
-579
-553
-524
-491
-451
-406
-356
-304
-254
-199
-144
-85
-26
25
82
140
200
254
304
355
408
461
507
547
591
635
673
702
726
746
767
779
783
779
772
762
743
717
682
648
612
565
514
457
396
336
270
201
134
70
6
-53
-112
-165
-215
-263
-306
-347
-383
-417
-450
-481
-514
-543
-569
-593
-609
-625
-636
-648
-655
-659
-662
-660
-648
-639
-626
-608
-590
-567
-542
-516
-480
-441
-395
-350
-308
-260
-213
-164
-112
-62
-8
49
100
147
196
244
292
341
387
430
475
516
554
588
619
651
676
698
716
724
730
731
726
719
704
682
659
622
580
537
487
437
381
323
267
209
148
89
31
-27
-78
-129
-179
-227
-269
-308
-341
-375
-404
-432
-458
-482
-511
-529
-545
-560
-573
-588
-601
-613
-619
-623
-626
-620
-610
-596
-578
-561
-541
-514
-479
-440
-401
-364
-320
-267
-217
-176
-134
-80
-17
40
86
127
176
229
276
314
346
387
432
471
503
532
566
603
632
652
669
687
700
705
703
699
693
680
659
628
592
555
511
463
410
357
298
236
172
111
51
-7
-60
-110
-157
-199
-238
-274
-309
-342
-367
-394
-421
-453
-479
-501
-517
-534
-548
-560
-571
-580
-589
-598
-605
-603
-598
-593
-587
-574
-549
-522
-497
-471
-430
-379
-331
-293
-250
-195
-139
-89
-48
-7
46
97
141
180
223
270
310
350
384
420
457
488
514
545
577
602
613
625
644
662
663
656
650
647
639
614
573
537
512
477
425
366
318
275
223
160
102
51
5
-51
-108
-158
-197
-231
-268
-309
-340
-357
-377
-407
-436
-459
-477
-493
-511
-532
-539
-544
-555
-565
-567
-561
-553
-546
-540
-521
-493
-473
-459
-444
-409
-365
-328
-299
-262
-212
-159
-116
-81
-40
15
67
97
122
160
203
234
257
283
324
363
384
402
429
458
485
506
524
545
568
580
580
585
597
602
591
574
554
542
524
482
430
392
362
320
260
193
136
96
55
-2
-62
-105
-132
-166
-210
-261
-297
-309
-321
-346
-379
-397
-402
-417
-450
-476
-473
-466
-482
-509
-524
-518
-511
-520
-530
-523
-503
-486
-477
-468
-446
-411
-377
-340
-294
-251
-220
-184
-134
-84
-38
-3
31
81
133
166
187
213
251
293
326
345
365
396
437
469
484
508
542
573
593
603
610
615
624
624
614
599
578
556
526
486
441
390
343
301
252
188
119
63
15
-33
-96
-158
-196
-218
-248
-300
-347
-362
-356
-369
-418
-462
-463
-455
-481
-539
-571
-546
-530
-564
-613
-616
-581
-565
-590
-607
-576
-527
-510
-514
-504
-452
-396
-371
-347
-289
-215
-169
-137
-77
3
62
88
127
199
267
295
294
327
408
470
476
468
511
593
638
615
598
646
713
724
673
644
675
708
682
614
578
590
589
531
448
393
373
338
268
183
113
65
18
-47
-123
-190
-236
-258
-280
-340
-406
-430
-414
-415
-470
-530
-525
-483
-489
-559
-602
-564
-514
-543
-616
-621
-557
-522
-559
-600
-563
-488
-478
-517
-512
-439
-371
-362
-362
-301
-201
-138
-132
-99
2
98
130
139
199
295
354
362
376
440
514
541
531
553
620
661
647
639
675
718
722
689
664
679
695
667
610
566
555
543
494
413
341
299
270
211
120
32
-25
-58
-102
-180
-259
-304
-320
-333
-376
-442
-476
-454
-432
-465
-532
-549
-506
-489
-540
-601
-586
-514
-501
-580
-638
-581
-491
-512
-606
-604
-489
-424
-487
-546
-467
-327
-291
-353
-329
-188
-82
-91
-106
-7
142
193
157
178
302
403
397
377
447
571
634
608
589
654
746
772
736
718
757
802
787
719
671
680
697
651
560
504
480
423
336
264
218
154
63
-15
-61
-114
-204
-296
-331
-322
-349
-430
-487
-473
-438
-457
-508
-522
-491
-478
-513
-555
-575
-584
-586
-588
-608
-635
-636
-609
-592
-617
-626
-568
-497
-492
-530
-497
-375
-287
-308
-334
-225
-49
4
-74
-68
120
311
310
203
250
468
600
516
418
538
774
843
711
640
798
993
991
857
834
970
1046
931
770
752
826
808
652
505
467
451
330
139
29
33
24
-113
-307
-405
-389
-394
-499
-618
-621
-530
-492
-580
-675
-644
-540
-504
-554
-582
-536
-518
-594
-673
-663
-611
-625
-695
-718
-684
-683
-739
-767
-717
-636
-591
-583
-571
-531
-478
-422
-339
-227
-126
-56
19
124
214
260
308
424
575
653
663
698
790
881
922
950
1027
1125
1167
1140
1118
1146
1167
1126
1052
1008
978
900
772
654
572
489
371
238
117
5
-117
-239
-338
-417
-499
-570
-615
-646
-680
-704
-685
-639
-617
-617
-601
-541
-492
-494
-507
-490
-464
-484
-560
-622
-627
-621
-651
-699
-733
-760
-791
-807
-794
-778
-762
-723
-651
-584
-549
-516
-430
-286
-143
-35
62
169
285
376
452
563
701
797
836
883
976
1062
1084
1076
1131
1261
1348
1314
1229
1187
1183
1149
1056
955
893
831
710
540
391
273
157
19
-112
-213
-306
-420
-553
-664
-720
-738
-753
-770
-773
-753
-720
-685
-650
-607
-545
-477
-422
-385
-370
-375
-398
-430
-466
-493
-519
-564
-628
-690
-734
-774
-815
-842
-834
-795
-762
-750
-734
-681
-597
-498
-389
-260
-107
44
161
264
386
540
697
830
946
1060
1157
1228
1282
1352
1452
1548
1599
1594
1565
1525
1446
1327
1202
1104
1015
884
691
471
274
110
-54
-218
-369
-495
-614
-753
-891
-990
-1030
-1036
-1036
-1026
-989
-937
-890
-842
-772
-661
-539
-445
-393
-357
-319
-297
-309
-353
-389
-425
-496
-600
-704
-783
-843
-912
-981
-1024
-1041
-1050
-1055
-1034
-973
-893
-803
-698
-567
-410
-246
-75
128
346
537
693
847
1015
1181
1341
1491
1635
1765
1868
1951
2031
2091
2096
2048
1972
1879
1740
1545
1324
1117
932
723
470
210
-29
-247
-462
-678
-862
-1005
-1124
-1227
-1299
-1324
-1315
-1277
-1206
-1108
-980
-848
-727
-599
-461
-329
-222
-141
-71
-17
11
-12
-96
-222
-363
-509
-655
-801
-943
-1081
-1213
-1329
-1429
-1486
-1498
-1472
-1413
-1329
-1226
-1095
-934
-727
-466
-179
93
336
566
804
1044
1274
1491
1707
1934
2137
2288
2403
2508
2608
2672
2665
2582
2430
2233
2010
1765
1511
1230
922
606
283
-42
-365
-667
-917
-1123
-1301
-1466
-1613
-1708
-1740
-1714
-1635
-1522
-1388
-1236
-1072
-891
-687
-477
-277
-93
75
211
288
296
243
158
50
-119
-356
-621
-867
-1079
-1278
-1478
-1660
-1803
-1902
-1974
-2022
-2015
-1936
-1795
-1607
-1384
-1131
-855
-549
-195
200
604
987
1355
1727
2094
2441
2764
3088
3426
3737
3962
4057
4002
3816
3542
3231
2904
2540
2103
1570
970
344
-265
-829
-1325
-1742
-2102
-2428
-2727
-2979
-3135
-3156
-3038
-2808
-2515
-2200
-1868
-1498
-1083
-630
-157
312
742
1097
1358
1527
1618
1633
1559
1367
1041
596
83
-444
-951
-1438
-1909
-2351
-2728
-3035
-3268
-3418
-3462
-3364
-3126
-2785
-2388
-1954
-1455
-876
-219
485
1187
1842
2436
2976
3475
3944
4370
4759
5116
5410
5558
5463
5111
4562
3921
3285
2653
1984
1232
386
-514
-1388
-2159
-2781
-3254
-3597
-3842
-4012
-4112
-4123
-4000
-3690
-3199
-2609
-2011
-1448
-908
-350
234
839
1433
1957
2355
2602
2706
2694
2576
2349
1999
1511
866
75
-803
-1654
-2398
-3019
-3540
-3980
-4324
-4560
-4671
-4636
-4427
-4022
-3468
-2831
-2165
-1494
-798
-48
762
1601
2405
3123
3718
4193
4588
4918
5210
5476
5700
5852
5860
5639
5098
4276
3346
2493
1772
1078
284
-632
-1584
-2461
-3188
-3714
-4018
-4136
-4136
-4089
-4023
-3908
-3664
-3209
-2541
-1760
-1015
-405
90
570
1104
1674
2206
2634
2901
2966
2830
2543
2190
1838
1459
936
171
-819
-1873
-2788
-3454
-3898
-4223
-4492
-4709
-4842
-4845
-4661
-4235
-3576
-2770
-1960
-1251
-646
-44
667
1513
2401
3186
3771
4153
4414
4638
4876
5135
5390
5594
5688
5545
5041
4190
3190
2309
1642
1052
338
-573
-1566
-2469
-3163
-3622
-3864
-3945
-3920
-3836
-3726
-3582
-3331
-2882
-2205
-1395
-627
-28
415
822
1288
1811
2318
2699
2890
2892
2740
2464
2076
1596
1073
509
-171
-1033
-2022
-2946
-3645
-4098
-4398
-4627
-4785
-4820
-4697
-4398
-3932
-3324
-2611
-1832
-1048
-328
318
947
1623
2341
3011
3533
3888
4125
4314
4490
4641
4760
4861
4964
5007
4808
4209
3261
2248
1456
913
411
-269
-1130
-1998
-2702
-3178
-3442
-3529
-3468
-3295
-3087
-2915
-2767
-2522
-2041
-1311
-516
123
523
795
1105
1517
1961
2314
2496
2506
2358
2061
1633
1150
708
294
-243
-1024
-1994
-2933
-3625
-4010
-4185
-4274
-4336
-4352
-4254
-3981
-3514
-2881
-2129
-1334
-593
29
552
1067
1663
2332
2966
3447
3728
3859
3944
4070
4241
4413
4562
4686
4748
4602
4066
3163
2175
1397
875
400
-245
-1078
-1933
-2620
-3065
-3294
-3355
-3299
-3152
-2958
-2768
-2591
-2327
-1847
-1151
-410
175
538
783
1058
1420
1805
2103
2234
2177
1987
1725
1382
947
457
-53
-600
-1276
-2126
-3016
-3718
-4117
-4261
-4283
-4274
-4229
-4068
-3716
-3175
-2507
-1795
-1090
-412
216
762
1237
1704
2204
2699
3095
3334
3427
3478
3585
3748
3903
4004
4084
4181
4204
3939
3272
2356
1508
925
515
41
-631
-1412
-2106
-2575
-2817
-2904
-2884
-2755
-2531
-2291
-2124
-1974
-1675
-1134
-448
165
564
774
950
1214
1550
1839
1972
1920
1754
1538
1257
879
419
-58
-530
-1097
-1851
-2713
-3470
-3936
-4103
-4099
-4052
-3995
-3861
-3574
-3099
-2480
-1803
-1124
-469
130
635
1047
1438
1873
2330
2714
2949
3035
3063
3135
3284
3460
3615
3749
3912
4069
4023
3580
2764
1871
1196
772
390
-168
-909
-1664
-2264
-2632
-2797
-2813
-2712
-2519
-2294
-2123
-2002
-1803
-1389
-771
-127
346
613
785
994
1285
1590
1792
1820
1684
1453
1174
848
463
42
-396
-892
-1525
-2294
-3052
-3609
-3887
-3948
-3914
-3853
-3735
-3479
-3055
-2486
-1845
-1200
-573
11
517
921
1267
1622
1992
2331
2553
2640
2653
2682
2777
2922
3076
3219
3383
3616
3844
3841
3422
2657
1838
1236
860
504
-15
-701
-1408
-1978
-2335
-2507
-2542
-2464
-2299
-2125
-2007
-1925
-1738
-1326
-740
-156
253
472
615
809
1089
1369
1544
1555
1424
1215
958
651
286
-113
-528
-1013
-1629
-2338
-3005
-3476
-3703
-3756
-3728
-3653
-3492
-3189
-2737
-2178
-1571
-970
-399
122
575
957
1289
1595
1872
2103
2268
2357
2400
2453
2553
2697
2845
2991
3187
3473
3754
3793
3403
2661
1873
1288
903
542
21
-666
-1372
-1947
-2308
-2481
-2511
-2417
-2250
-2084
-1976
-1880
-1659
-1214
-612
-38
358
563
686
856
1110
1369
1525
1509
1352
1124
859
558
212
-171
-599
-1132
-1799
-2513
-3107
-3470
-3609
-3610
-3546
-3424
-3203
-2850
-2363
-1776
-1163
-577
-50
396
767
1077
1361
1632
1856
1995
2052
2062
2083
2141
2236
2359
2497
2665
2909
3248
3579
3667
3324
2622
1857
1282
918
583
96
-568
-1284
-1889
-2282
-2451
-2453
-2351
-2201
-2068
-1981
-1889
-1672
-1245
-665
-107
277
481
616
796
1049
1300
1450
1441
1295
1060
784
495
202
-123
-552
-1148
-1885
-2629
-3203
-3510
-3592
-3544
-3445
-3314
-3094
-2733
-2225
-1607
-961
-374
100
464
764
1043
1327
1597
1810
1934
1978
1988
2020
2111
2250
2394
2518
2658
2906
3310
3734
3877
3525
2772
1973
1411
1087
773
257
-467
-1239
-1864
-2245
-2409
-2410
-2298
-2122
-1976
-1918
-1873
-1670
-1206
-572
-1
346
488
585
775
1049
1302
1419
1361
1165
888
576
260
-17
-257
-572
-1119
-1917
-2760
-3365
-3589
-3530
-3399
-3316
-3246
-3067
-2698
-2140
-1475
-810
-222
230
540
750
943
1184
1465
1695
1782
1733
1657
1671
1819
2030
2217
2343
2458
2691
3108
3583
3826
3592
2929
2141
1529
1144
819
359
-295
-1040
-1704
-2156
-2357
-2351
-2214
-2032
-1890
-1828
-1777
-1585
-1144
-524
60
431
584
660
802
1040
1287
1422
1382
1189
891
555
237
-24
-235
-505
-998
-1760
-2604
-3230
-3469
-3395
-3226
-3121
-3054
-2895
-2549
-2007
-1357
-715
-160
264
553
740
901
1108
1356
1563
1635
1567
1455
1426
1548
1777
1998
2137
2231
2419
2823
3374
3774
3709
3126
2297
1588
1149
855
482
-86
-794
-1498
-2048
-2363
-2434
-2302
-2062
-1850
-1761
-1753
-1641
-1265
-665
-48
389
589
674
785
967
1181
1321
1317
1155
868
501
124
-186
-427
-703
-1165
-1857
-2620
-3208
-3475
-3461
-3323
-3178
-3029
-2808
-2453
-1945
-1337
-715
-166
247
522
708
877
1072
1277
1417
1446
1390
1334
1354
1455
1609
1779
1943
2122
2399
2851
3420
3854
3834
3283
2468
1760
1330
1052
673
56
-723
-1477
-2027
-2295
-2329
-2216
-2033
-1864
-1772
-1724
-1570
-1175
-574
38
450
627
696
812
1028
1269
1407
1364
1153
846
504
158
-145
-382
-624
-1031
-1686
-2471
-3107
-3383
-3341
-3172
-3043
-2961
-2803
-2472
-1950
-1319
-695
-161
249
530
706
842
1001
1192
1357
1408
1338
1236
1212
1313
1497
1695
1865
2022
2267
2704
3297
3778
3808
3289
2476
1752
1303
1008
633
48
-696
-1434
-2000
-2304
-2355
-2216
-1993
-1800
-1701
-1642
-1472
-1064
-461
135
530
698
769
881
1075
1286
1390
1316
1079
746
385
47
-237
-465
-709
-1107
-1706
-2382
-2917
-3171
-3184
-3087
-2970
-2832
-2604
-2238
-1751
-1198
-639
-134
265
539
703
818
943
1075
1160
1153
1087
1035
1061
1163
1314
1491
1685
1907
2216
2683
3284
3794
3872
3387
2574
1834
1383
1108
743
121
-699
-1509
-2100
-2378
-2400
-2277
-2105
-1959
-1871
-1799
-1609
-1189
-585
16
419
584
650
775
1005
1252
1360
1256
985
654
340
52
-218
-472
-761
-1173
-1748
-2367
-2840
-3064
-3078
-2995
-2880
-2721
-2468
-2087
-1595
-1053
-524
-54
326
604
789
923
1041
1138
1185
1159
1094
1067
1110
1215
1355
1512
1687
1910
2254
2781
3401
3831
3776
3202
2415
1786
1420
1143
705
13
-815
-1576
-2102
-2338
-2340
-2198
-2019
-1886
-1813
-1722
-1461
-965
-335
216
525
631
699
860
1108
1306
1336
1177
898
582
272
-21
-286
-529
-831
-1304
-1946
-2582
-2994
-3098
-2989
-2843
-2739
-2617
-2372
-1948
-1394
-818
-306
101
404
614
757
873
990
1092
1133
1096
1025
1005
1084
1260
1475
1676
1854
2094
2513
3113
3672
3846
3453
2671
1904
1420
1152
830
246
-557
-1366
-1979
-2303
-2368
-2271
-2106
-1940
-1822
-1726
-1531
-1128
-540
51
444
591
631
740
965
1205
1313
1206
937
609
295
31
-201
-436
-740
-1197
-1803
-2409
-2805
-2908
-2811
-2690
-2627
-2544
-2314
-1890
-1337
-781
-309
58
337
556
737
892
1023
1117
1137
1070
984
980
1103
1315
1514
1654
1798
2054
2513
3126
3665
3823
3451
2709
1959
1453
1153
821
261
-514
-1322
-1958
-2308
-2382
-2269
-2090
-1942
-1857
-1773
-1566
-1149
-569
-5
371
532
591
698
902
1124
1226
1132
870
529
207
-54
-270
-494
-826
-1316
-1893
-2411
-2738
-2839
-2795
-2707
-2616
-2472
-2200
-1774
-1250
-724
-278
62
322
547
761
953
1088
1138
1100
1022
991
1071
1254
1474
1640
1742
1886
2196
2715
3321
3746
3739
3255
2512
1836
1397
1103
720
100
-716
-1523
-2102
-2358
-2347
-2198
-2044
-1949
-1890
-1772
-1491
-1023
-457
38
336
453
515
656
885
1087
1130
972
681
363
88
-139
-383
-713
-1166
-1704
-2219
-2605
-2804
-2853
-2814
-2728
-2602
-2380
-2023
-1546
-1021
-542
-160
133
385
624
850
1032
1137
1158
1128
1113
1169
1308
1503
1702
1870
2028
2254
2628
3128
3546
3607
3222
2554
1893
1428
1104
734
181
-538
-1268
-1826
-2132
-2206
-2125
-1980
-1847
-1758
-1662
-1452
-1051
-527
-49
253
382
456
579
766
939
986
868
621
330
71
-157
-386
-685
-1111
-1643
-2197
-2634
-2864
-2893
-2798
-2680
-2562
-2371
-2039
-1563
-1023
-518
-103
216
459
665
857
1033
1183
1282
1316
1323
1369
1502
1708
1923
2106
2293
2571
2960
3355
3540
3357
2845
2188
1604
1162
773
307
-305
-986
-1585
-1981
-2128
-2089
-1958
-1820
-1710
-1598
-1409
-1087
-650
-195
160
372
488
588
730
876
949
890
699
432
162
-63
-262
-514
-899
-1416
-1960
-2403
-2679
-2802
-2819
-2758
-2639
-2443
-2151
-1764
-1303
-818
-361
20
307
524
710
900
1072
1188
1240
1272
1342
1473
1648
1829
2003
2206
2512
2937
3365
3577
3400
2879
2240
1702
1312
949
460
-198
-912
-1510
-1880
-2012
-1989
-1904
-1802
-1700
-1580
-1386
-1070
-640
-192
160
364
472
583
745
914
990
908
701
450
221
20
-210
-548
-1020
-1568
-2063
-2423
-2644
-2767
-2823
-2800
-2684
-2462
-2128
-1722
-1282
-849
-443
-80
227
487
715
922
1086
1188
1252
1328
1454
1628
1812
1979
2140
2351
2666
3056
3358
3375
3053
2523
1982
1532
1129
660
65
-599
-1213
-1661
-1909
-1994
-1971
-1894
-1795
-1683
-1520
-1248
-863
-433
-62
189
345
477
642
822
952
971
852
644
421
223
49
-177
-557
-1116
-1733
-2227
-2507
-2625
-2684
-2737
-2738
-2624
-2361
-1978
-1531
-1086
-666
-286
50
336
587
840
1082
1269
1374
1428
1510
1669
1885
2095
2246
2386
2623
2980
3301
3327
2959
2370
1832
1458
1139
696
67
-627
-1211
-1592
-1799
-1901
-1923
-1853
-1719
-1579
-1430
-1201
-830
-383
-1
230
339
445
616
819
952
933
773
554
360
195
4
-270
-654
-1138
-1663
-2130
-2471
-2656
-2714
-2709
-2677
-2600
-2409
-2062
-1593
-1097
-671
-323
-20
280
593
890
1138
1320
1447
1557
1703
1894
2094
2265
2411
2595
2875
3188
3343
3161
2669
2092
1639
1310
944
410
-259
-905
-1391
-1677
-1813
-1867
-1871
-1822
-1731
-1597
-1395
-1085
-689
-304
-28
129
247
414
635
832
909
829
646
463
326
201
-11
-385
-903
-1461
-1941
-2277
-2479
-2597
-2670
-2691
-2634
-2466
-2166
-1763
-1313
-889
-523
-197
113
444
792
1111
1363
1534
1672
1845
2077
2320
2509
2653
2832
3107
3391
3476
3189
2603
1975
1509
1182
793
198
-527
-1178
-1619
-1853
-1966
-2021
-2022
-1950
-1810
-1634
-1398
-1067
-654
-239
74
260
388
555
771
952
1001
884
682
501
370
214
-81
-576
-1185
-1739
-2121
-2350
-2513
-2659
-2769
-2788
-2671
-2420
-2065
-1649
-1223
-821
-455
-122
216
582
966
1296
1533
1708
1890
2134
2404
2619
2759
2886
3103
3389
3546
3354
2793
2117
1602
1276
942
408
-311
-1026
-1554
-1852
-1999
-2076
-2105
-2063
-1951
-1788
-1573
-1253
-816
-351
9
212
338
515
768
995
1075
979
794
624
478
252
-141
-652
-1141
-1523
-1835
-2149
-2446
-2645
-2693
-2614
-2467
-2277
-2032
-1700
-1298
-887
-525
-204
132
506
883
1210
1477
1735
2015
2296
2531
2693
2841
3070
3402
3699
3707
3294
2616
1996
1607
1326
897
203
-621
-1334
-1788
-2003
-2105
-2194
-2272
-2287
-2202
-2008
-1696
-1263
-775
-353
-75
112
327
643
988
1209
1217
1072
910
798
657
338
-182
-777
-1290
-1662
-1966
-2267
-2555
-2763
-2835
-2777
-2618
-2374
-2049
-1658
-1261
-898
-553
-159
306
789
1205
1530
1826
2153
2503
2803
3005
3161
3385
3701
3940
3847
3339
2630
2028
1639
1297
786
59
-734
-1382
-1805
-2045
-2192
-2305
-2363
-2347
-2254
-2069
-1757
-1309
-818
-412
-134
98
398
775
1117
1300
1296
1194
1086
976
765
362
-200
-786
-1302
-1729
-2090
-2404
-2655
-2832
-2943
-2960
-2841
-2572
-2185
-1765
-1382
-1039
-659
-177
383
928
1385
1765
2133
2517
2880
3182
3440
3711
4003
4186
4065
3578
2909
2334
1942
1563
977
168
-673
-1338
-1773
-2059
-2286
-2475
-2584
-2579
-2468
-2270
-1971
-1550
-1074
-651
-330
-57
286
714
1110
1340
1378
1319
1261
1193
1020
653
123
-442
-947
-1378
-1773
-2143
-2446
-2666
-2817
-2907
-2895
-2729
-2430
-2071
-1729
-1396
-1004
-504
71
638
1142
1607
2066
2521
2936
3301
3661
4038
4361
4453
4183
3628
3034
2592
2232
1735
981
73
-753
-1362
-1782
-2121
-2434
-2691
-2849
-2884
-2794
-2579
-2232
-1796
-1358
-988
-665
-282
195
689
1061
1247
1310
1342
1369
1319
1113
740
262
-220
-671
-1106
-1524
-1905
-2218
-2460
-2648
-2757
-2739
-2578
-2335
-2075
-1801
-1461
-998
-442
138
686
1204
1723
2250
2761
3232
3666
4066
4357
4421
4203
3802
3386
3030
2645
2092
1338
509
-239
-833
-1321
-1772
-2200
-2571
-2834
-2977
-2993
-2863
-2598
-2250
-1891
-1552
-1179
-722
-190
324
710
959
1132
1272
1365
1352
1216
977
659
287
-116
-520
-906
-1276
-1637
-1970
-2244
-2422
-2492
-2473
-2390
-2260
-2059
-1752
-1328
-821
-274
274
810
1341
1871
2411
2945
3425
3777
3929
3871
3666
3430
3209
2939
2534
1964
1313
687
134
-357
-817
-1252
-1652
-2009
-2301
-2488
-2551
-2484
-2334
-2162
-1979
-1748
-1430
-1032
-608
-227
78
322
529
711
849
903
857
736
576
387
157
-115
-407
-680
-921
-1137
-1331
-1474
-1543
-1548
-1510
-1426
-1280
-1046
-725
-359
6
345
673
1019
1378
1730
2031
2236
2324
2302
2214
2116
2024
1910
1727
1465
1148
820
524
265
33
-207
-449
-674
-863
-1002
-1088
-1127
-1140
-1144
-1139
-1113
-1046
-931
-794
-659
-539
-444
-383
-339
-293
-234
-169
-133
-148
-190
-232
-257
-269
-295
-341
-385
-414
-431
-445
-446
-419
-364
-310
-265
-208
-124
-10
92
165
224
294
401
518
621
681
704
719
734
764
800
828
840
821
779
731
682
636
585
525
451
360
258
154
71
4
-60
-125
-191
-248
-297
-340
-374
-397
-406
-414
-428
-456
-490
-501
-480
-438
-404
-391
-386
-375
-355
-329
-313
-314
-319
-325
-337
-361
-385
-394
-376
-349
-336
-331
-321
-293
-253
-216
-182
-138
-84
-21
43
108
175
240
302
362
422
485
549
609
652
677
697
713
719
712
691
660
623
568
497
433
374
326
282
237
190
136
86
49
22
-14
-58
-107
-143
-162
-178
-193
-219
-256
-290
-318
-347
-381
-428
-476
-516
-546
-573
-599
-613
-615
-610
-609
-609
-592
-559
-516
-474
-428
-378
-311
-240
-170
-101
-41
24
93
157
218
275
329
376
419
464
511
560
601
628
645
656
669
685
698
704
696
678
655
626
598
564
519
472
423
376
331
278
216
152
86
25
-34
-101
-167
-236
-310
-382
-445
-504
-563
-618
-669
-712
-744
-765
-775
-776
-772
-759
-734
-699
-657
-613
-568
-525
-477
-418
-348
-274
-203
-135
-67
3
81
160
237
318
396
469
534
592
641
685
726
759
786
802
813
820
815
801
782
759
736
706
663
609
546
486
427
371
308
241
169
93
16
-59
-133
-206
-281
-353
-423
-489
-553
-612
-669
-724
-772
-808
-836
-855
-871
-881
-882
-869
-835
-788
-737
-688
-638
-578
-505
-426
-341
-255
-166
-79
9
96
178
261
348
429
500
561
616
667
713
752
783
807
823
831
826
812
789
759
730
696
655
608
561
515
465
415
364
306
244
174
104
41
-19
-89
-168
-253
-336
-415
-492
-566
-635
-700
-756
-803
-846
-877
-897
-909
-907
-898
-885
-858
-819
-774
-721
-665
-605
-535
-459
-378
-290
-205
-120
-34
47
132
215
298
377
443
497
545
591
637
679
717
749
775
790
796
794
787
773
749
714
670
620
570
518
464
409
345
273
203
130
59
-10
-78
-152
-225
-298
-374
-447
-516
-583
-649
-710
-769
-816
-852
-877
-887
-888
-878
-855
-824
-786
-741
-694
-640
-579
-511
-445
-381
-315
-251
-185
-117
-51
22
98
179
263
342
418
492
565
636
697
749
793
826
849
863
868
866
853
828
796
754
706
654
595
534
467
393
314
235
153
71
-14
-101
-188
-275
-358
-437
-512
-578
-639
-693
-740
-777
-808
-829
-842
-850
-848
-842
-823
-795
-763
-721
-676
-621
-558
-491
-419
-346
-271
-200
-127
-54
16
84
152
223
290
355
415
474
534
592
651
704
747
785
816
843
859
864
859
844
819
776
722
662
596
532
458
379
298
217
140
62
-20
-104
-184
-264
-341
-418
-495
-561
-620
-669
-709
-742
-767
-780
-783
-777
-763
-741
-715
-680
-638
-592
-541
-483
-423
-358
-292
-222
-147
-70
5
79
147
214
279
343
401
452
492
529
566
590
610
622
627
634
630
625
616
600
578
558
526
489
445
396
350
296
243
186
126
70
10
-48
-105
-163
-217
-270
-320
-371
-420
-464
-504
-539
-571
-597
-617
-629
-632
-625
-609
-585
-556
-516
-466
-408
-348
-285
-220
-150
-79
-8
65
136
196
252
305
350
390
428
457
483
503
513
517
512
505
492
468
439
402
370
339
303
269
232
196
163
129
93
59
21
-14
-47
-81
-111
-137
-162
-188
-215
-244
-271
-293
-315
-337
-355
-377
-392
-405
-412
-417
-420
-413
-403
-386
-363
-334
-297
-254
-209
-161
-113
-55
4
60
121
176
230
280
321
358
391
421
446
461
470
469
461
444
422
395
364
331
291
248
203
160
115
73
33
-5
-43
-76
-105
-130
-154
-176
-198
-216
-233
-247
-258
-268
-275
-280
-282
-280
-273
-270
-262
-257
-250
-236
-225
-212
-197
-187
-171
-153
-131
-109
-83
-56
-24
10
44
79
112
149
185
214
244
270
286
300
310
311
311
306
294
282
265
240
216
192
168
137
109
78
40
7
-22
-57
-87
-116
-145
-169
-192
-211
-225
-232
-236
-238
-236
-234
-230
-222
-216
-208
-200
-196
-189
-173
-159
-147
-133
-117
-97
-74
-51
-31
-12
9
33
59
83
108
131
152
174
193
211
227
239
252
257
255
253
244
230
214
193
169
142
114
84
49
19
-12
-41
-69
-95
-114
-132
-144
-154
-161
-165
-169
-168
-164
-162
-156
-152
-147
-143
-139
-136
-133
-132
-125
-118
-117
-113
-113
-110
-103
-99
-91
-79
-71
-60
-50
-35
-18
2
21
36
53
74
100
127
152
177
200
224
243
257
266
271
271
262
247
227
205
177
146
112
74
32
-8
-41
-73
-99
-128
-151
-167
-181
-194
-203
-206
-204
-200
-191
-181
-167
-149
-134
-115
-98
-85
-71
-56
-44
-32
-28
-23
-19
-18
-16
-18
-18
-19
-25
-26
-26
-30
-26
-21
-17
-8
2
12
27
45
64
82
99
115
127
143
160
174
183
189
195
200
200
196
187
177
163
144
125
97
73
48
21
-1
-31
-55
-78
-98
-113
-130
-142
-150
-157
-160
-162
-164
-161
-153
-144
-132
-120
-109
-92
-79
-67
-54
-43
-28
-16
-4
6
8
14
18
19
16
11
5
4
5
-1
-8
-8
-7
0
5
10
18
25
36
47
56
68
76
84
93
99
102
104
108
110
110
106
103
98
89
83
69
52
37
19
4
-12
-27
-44
-59
-71
-80
-89
-96
-96
-97
-101
-101
-100
-97
-94
-87
-79
-72
-65
-57
-50
-40
-28
-20
-11
-6
-1
4
9
11
12
13
14
16
14
10
9
12
14
15
12
12
13
16
18
20
22
23
22
24
22
19
21
26
29
31
36
44
52
59
63
68
68
69
67
61
58
49
44
40
33
26
16
9
2
-12
-21
-29
-37
-43
-48
-54
-62
-68
-72
-73
-76
-78
-77
-76
-69
-63
-57
-44
-31
-17
-6
1
12
21
32
45
50
51
52
50
45
40
34
21
15
8
-6
-16
-21
-29
-35
-35
-40
-40
-38
-36
-28
-22
-13
-4
8
19
30
45
59
72
82
87
92
96
94
91
87
78
70
56
41
28
15
0
-14
-26
-38
-47
-55
-64
-72
-79
-83
-82
-81
-79
-76
-69
-63
-55
-43
-31
-17
-4
6
19
28
37
43
50
55
53
54
48
42
37
28
21
17
7
0
-7
-16
-21
-25
-30
-34
-38
-41
-41
-42
-40
-35
-27
-21
-13
-3
9
20
32
47
57
67
77
81
85
83
78
71
62
49
36
24
10
-3
-15
-27
-38
-51
-59
-66
-72
-76
-77
-73
-68
-65
-60
-53
-43
-34
-22
-9
5
19
29
38
45
49
52
54
50
46
37
27
18
6
-5
-16
-25
-37
-50
-56
-62
-65
-62
-62
-57
-48
-39
-28
-15
-3
9
23
34
46
59
69
77
82
87
91
93
90
84
75
65
55
44
29
14
3
-5
-19
-29
-35
-41
-43
-43
-43
-40
-38
-35
-29
-23
-19
-16
-13
-9
-6
-5
-2
-2
-3
-5
-6
-10
-13
-18
-25
-29
-35
-41
-45
-50
-52
-56
-59
-57
-56
-51
-45
-38
-33
-27
-20
-10
-3
6
15
20
28
28
29
32
36
40
42
42
45
46
48
48
50
53
52
53
53
50
47
43
40
35
31
25
22
18
15
13
10
8
5
2
-4
-7
-10
-13
-16
-19
-21
-24
-27
-27
-26
-25
-25
-21
-21
-19
-14
-14
-14
-8
-8
-7
-6
-7
-8
-10
-13
-12
-14
-17
-20
-20
-22
-22
-23
-23
-23
-22
-20
-15
-10
-5
2
7
15
21
27
35
42
49
53
53
55
56
53
50
44
38
33
24
17
12
8
5
-1
-6
-9
-14
-20
-18
-17
-18
-19
-19
-17
-18
-15
-15
-17
-19
-21
-19
-19
-22
-22
-22
-23
-25
-26
-27
-30
-31
-32
-35
-35
-36
-34
-33
-31
-30
-32
-30
-27
-25
-20
-14
-12
-7
-1
3
8
15
18
22
29
30
33
35
36
38
41
42
40
41
42
41
44
47
46
47
45
43
43
40
39
37
32
32
28
23
21
18
13
11
6
0
-2
-5
-11
-15
-17
-21
-24
-25
-30
-31
-32
-37
-35
-38
-41
-43
-40
-44
-50
-50
-52
-56
-54
-56
-58
-56
-54
-53
-46
-42
-42
-36
-31
-26
-22
-16
-9
-3
2
4
5
9
10
10
15
13
16
19
16
18
21
19
19
19
17
15
19
23
27
29
33
35
37
37
35
39
43
41
40
40
38
33
31
28
21
18
11
3
3
2
1
-3
-5
-7
-8
-5
-3
-1
2
1
4
9
9
10
13
14
9
3
-2
-9
-14
-19
-25
-33
-41
-47
-54
-57
-60
-63
-63
-64
-65
-61
-53
-47
-38
-24
-18
-10
-2
6
15
26
35
42
46
46
49
50
48
47
43
36
29
22
14
9
4
-2
-6
-9
-10
-12
-12
-11
-9
-6
-1
2
6
12
18
19
20
25
25
29
31
31
32
31
26
23
18
13
7
0
-7
-12
-16
-22
-28
-24
-26
-29
-27
-27
-23
-19
-14
-13
-11
-3
3
6
10
12
14
14
15
12
10
11
10
5
3
4
4
4
6
4
2
1
2
3
3
7
8
4
4
5
1
-4
-1
-2
-5
-6
-6
-7
-4
0
5
7
9
12
15
16
19
20
21
25
28
26
26
24
21
17
11
5
-2
-6
-11
-14
-16
-20
-26
-32
-36
-41
-45
-43
-42
-39
-35
-31
-22
-15
-9
-1
4
6
12
20
25
29
34
36
37
30
24
18
14
10
-1
-7
-12
-19
-23
-28
-26
-24
-26
-25
-21
-16
-4
6
13
20
26
27
28
34
38
40
41
36
32
27
23
20
16
11
3
-9
-20
-28
-34
-35
-39
-45
-47
-46
-43
-40
-37
-32
-31
-31
-30
-28
-23
-17
-13
-11
-10
-11
-9
-9
-7
-6
-11
-10
-8
-5
-5
-6
-4
-5
-8
-12
-15
-17
-16
-15
-15
-14
-9
-2
7
10
12
15
17
20
26
29
29
32
30
22
23
18
10
9
6
-4
-15
-16
-14
-8
-2
-6
-7
-4
0
12
26
34
39
41
42
55
66
69
70
58
32
-8
-50
-69
-66
-57
-60
-79
-92
-83
-68
-56
-55
-58
-65
-84
-100
-95
-75
-55
-72
-120
-179
-225
-251
-266
-265
-243
-219
-206
-191
-154
-87
-15
37
59
71
85
101
118
141
157
147
108
53
5
-23
-40
-56
-89
-130
-169
-199
-208
-191
-168
-146
-136
-135
-127
-100
-52
1
51
87
107
125
148
181
217
240
249
243
222
200
185
178
166
143
106
63
25
-1
-10
-14
-22
-33
-42
-40
-25
-3
21
46
67
80
95
114
140
170
192
203
203
201
203
205
201
192
176
153
129
110
101
90
79
61
37
20
8
8
15
20
18
8
-1
0
8
22
35
40
41
46
48
52
61
70
70
56
35
19
13
15
21
16
-1
-31
-53
-56
-57
-50
-39
-34
-33
-41
-45
-33
-10
10
16
13
3
-3
3
17
33
32
19
6
-5
-13
-10
2
8
4
-13
-29
-35
-28
-14
-1
3
-5
-12
-13
1
17
30
30
22
17
12
17
26
30
31
19
1
-9
-13
-9
0
7
3
-3
-2
4
18
30
32
33
28
18
19
25
38
45
39
31
25
30
42
53
62
58
49
44
45
52
63
73
77
73
62
59
64
71
82
82
71
57
44
51
66
72
68
49
24
11
6
8
17
20
14
-1
-20
-26
-18
-8
-3
-4
-16
-27
-27
-16
8
23
30
25
10
4
9
24
44
50
45
33
22
22
29
39
39
29
11
-9
-18
-13
8
26
34
31
19
14
24
47
70
89
98
97
98
105
117
137
156
158
148
135
132
138
145
147
138
121
100
82
72
70
68
68
58
44
33
28
33
42
49
49
41
32
31
36
45
54
54
46
32
20
7
-5
-7
-10
-19
-36
-56
-69
-73
-78
-82
-90
-104
-118
-132
-143
-149
-152
-154
-160
-172
-185
-191
-188
-177
-165
-166
-171
-172
-171
-166
-155
-137
-124
-120
-121
-121
-120
-114
-107
-104
-108
-119
-133
-143
-145
-144
-149
-158
-171
-182
-189
-197
-199
-196
-197
-202
-208
-210
-209
-198
-185
-177
-173
-172
-171
-164
-155
-147
-140
-135
-131
-126
-124
-119
-110
-105
-101
-97
-98
-103
-104
-106
-114
-127
-139
-145
-149
-154
-162
-166
-168
-169
-165
-157
-148
-141
-130
-121
-109
-92
-77
-64
-49
-40
-38
-40
-39
-35
-34
-35
-38
-39
-43
-42
-33
-30
-28
-28
-32
-34
-38
-34
-26
-22
-19
-24
-29
-30
-27
-16
-9
-8
-8
-15
-18
-15
-9
-10
-16
-26
-35
-44
-46
-39
-28
-23
-22
-28
-35
-32
-24
-12
0
8
10
11
12
18
28
40
47
44
38
29
32
42
53
62
64
59
57
56
62
69
70
68
58
47
35
32
39
44
50
47
42
38
38
47
58
66
69
64
58
51
54
61
65
66
63
55
47
42
42
44
46
44
36
26
20
17
18
21
23
22
14
9
7
4
8
11
13
13
11
10
12
16
18
17
15
7
1
-1
-2
2
3
6
7
6
7
9
17
24
31
33
32
35
37
42
50
56
59
61
58
54
55
59
63
67
62
60
56
45
40
35
35
33
28
24
17
12
10
13
19
24
31
33
36
39
44
48
51
53
52
48
46
45
45
47
49
47
43
38
34
33
35
37
39
38
32
26
23
21
21
23
20
16
11
5
6
8
12
14
11
8
5
3
4
12
18
18
15
9
4
2
8
17
19
17
12
8
9
7
9
11
9
3
-8
-15
-18
-18
-17
-24
-31
-41
-48
-51
-47
-41
-40
-37
-40
-43
-42
-38
-34
-27
-19
-17
-17
-17
-16
-11
-10
-10
-10
-14
-17
-20
-18
-19
-21
-24
-27
-27
-29
-26
-21
-19
-18
-15
-14
-14
-10
-5
3
9
13
14
18
21
23
25
26
26
25
21
14
4
-3
-6
-9
-14
-20
-30
-35
-36
-35
-34
-31
-27
-26
-23
-15
-8
1
12
18
23
23
24
23
24
26
24
21
15
13
14
14
14
14
14
13
12
13
13
11
11
13
14
15
19
25
30
32
32
29
26
26
25
21
17
11
7
6
3
1
0
0
1
2
3
3
4
5
5
6
4
5
10
14
17
20
20
18
20
20
15
9
4
-3
-7
-9
-12
-13
-11
-14
-19
-23
-27
-30
-27
-24
-20
-18
-14
-9
-3
4
12
18
20
24
24
26
25
22
21
18
16
12
6
2
-2
-5
-11
-17
-19
-21
-24
-23
-25
-28
-26
-21
-17
-12
-7
0
1
3
4
6
7
8
7
5
-2
-5
-8
-11
-10
-13
-15
-17
-22
-25
-28
-27
-23
-20
-14
-12
-13
-7
-4
-2
0
0
0
0
-3
-7
-14
-19
-22
-25
-27
-29
-27
-26
-27
-25
-23
-22
-18
-17
-15
-14
-14
-7
-1
4
11
13
13
12
12
10
10
9
6
2
-2
-5
-6
-7
-7
-8
-11
-15
-14
-14
-12
-9
-7
-5
0
1
2
6
11
19
20
21
22
18
17
15
13
8
2
0
-5
-9
-10
-12
-14
-15
-18
-21
-19
-17
-15
-7
-4
-1
2
9
14
18
23
24
25
33
32
30
29
24
23
19
14
7
2
-1
-7
-12
-17
-24
-25
-25
-25
-21
-20
-16
-12
-7
-3
1
7
13
19
22
25
26
24
21
17
16
13
9
10
8
6
4
3
2
2
2
-1
-1
4
6
8
11
15
16
13
13
11
8
9
7
8
7
3
4
0
-2
-6
-10
-10
-13
-12
-14
-12
-9
-9
-7
-9
-14
-15
-15
-10
-7
-4
-3
-3
-4
-4
-2
0
1
4
3
0
0
-2
-3
-3
1
1
-1
-1
0
-3
-2
0
2
8
8
11
15
17
18
21
20
19
20
20
20
17
17
18
13
12
9
2
-2
-3
-3
-2
-4
-5
-6
-7
-8
-10
-8
-4
-5
-7
-8
-9
-9
-7
-9
-12
-11
-12
-14
-17
-20
-18
-18
-19
-19
-19
-21
-24
-19
-18
-20
-15
-14
-11
-6
-1
2
7
12
15
14
15
17
20
21
23
25
24
24
22
20
21
18
18
18
17
16
15
14
14
20
22
22
25
28
27
27
26
25
26
26
24
20
19
15
14
12
7
4
-1
-4
-8
-10
-14
-14
-12
-9
-8
-8
-9
-8
-3
-2
0
6
10
13
14
16
17
17
16
15
12
9
5
4
4
2
0
-5
-8
-11
-14
-16
-16
-17
-16
-10
-9
-9
-5
1
5
12
13
11
13
14
13
11
9
6
4
3
-1
-7
-9
-10
-15
-20
-26
-29
-29
-30
-32
-29
-30
-34
-35
-35
-35
-33
-28
-26
-24
-23
-26
-25
-24
-20
-20
-20
-22
-25
-24
-22
-21
-21
-19
-20
-21
-20
-19
-21
-18
-14
-12
-8
-3
2
8
15
13
13
13
12
10
8
11
10
12
17
14
11
13
11
13
13
11
12
11
14
16
21
25
26
30
30
30
29
24
22
20
16
12
12
6
1
3
1
-3
-6
-10
-12
-16
-16
-18
-19
-17
-18
-16
-12
-11
-6
0
3
9
10
11
10
11
13
11
11
9
6
7
6
7
7
9
8
7
10
9
8
8
11
13
16
21
22
21
25
26
26
26
23
21
18
14
11
5
4
0
-4
-8
-10
-13
-20
-22
-26
-30
-30
-29
-30
-28
-26
-22
-18
-14
-10
-9
-10
-7
-7
-8
-7
-7
-10
-9
-8
-12
-11
-8
-14
-16
-17
-19
-19
-18
-18
-14
-7
-6
-1
1
4
8
10
16
19
21
21
18
19
18
14
13
8
1
-1
-4
-9
-14
-15
-17
-19
-19
-19
-18
-14
-12
-10
-7
-5
-3
0
1
-1
1
1
-2
-2
-5
-8
-9
-10
-13
-15
-18
-19
-20
-23
-26
-29
-26
-26
-27
-26
-26
-25
-17
-12
-9
-5
3
6
11
15
18
22
24
27
29
27
29
28
28
30
29
29
30
30
30
32
34
36
36
30
34
33
30
33
32
34
34
30
32
30
28
25
22
22
22
19
17
14
11
8
6
2
-1
-1
-4
-2
-2
-3
2
3
2
3
4
5
6
6
3
0
-5
-6
-10
-15
-13
-15
-18
-16
-19
-21
-21
-20
-19
-17
-13
-12
-11
-8
-6
-5
-2
1
1
0
6
6
7
7
6
3
1
-2
-4
-9
-12
-13
-16
-15
-16
-16
-17
-17
-17
-13
-10
-10
-6
-2
-1
3
5
6
10
11
10
11
9
6
6
5
1
0
-3
-7
-9
-12
-13
-13
-16
-17
-16
-14
-14
-14
-10
-9
-6
0
3
6
11
12
13
15
15
12
14
13
9
9
7
6
3
-1
-2
-3
-5
-5
-8
-7
-6
-8
-4
-2
-4
-1
1
2
3
5
6
6
9
10
9
6
8
7
3
5
4
1
0
-5
-8
-5
-5
-9
-10
-10
-10
-8
-9
-8
-6
-6
-2
-2
-2
3
3
3
3
6
3
3
3
3
3
2
1
-3
-3
-1
-4
-4
-3
-5
-6
-1
0
2
5
3
5
6
5
6
6
8
9
8
9
4
4
4
2
3
4
4
3
3
6
7
7
9
12
13
14
17
18
18
21
20
15
16
15
13
13
8
7
7
3
2
1
-2
-4
-6
-7
-9
-10
-8
-8
-6
-4
-5
-3
-1
0
0
2
2
3
3
0
-5
-9
-10
-11
-14
-14
-15
-17
-19
-21
-22
-25
-26
-24
-23
-20
-17
-16
-10
-6
-2
2
3
6
6
6
6
5
1
-1
-4
-8
-9
-9
-10
-11
-11
-10
-9
-9
-7
-6
-6
-3
-2
0
2
5
10
13
12
16
17
15
14
15
17
14
13
13
10
4
0
-4
-10
-12
-15
-16
-15
-15
-14
-12
-10
-10
-8
-1
2
2
8
8
7
7
9
12
16
16
15
15
14
8
5
2
-1
-6
-11
-13
-13
-13
-12
-11
-8
-6
-4
-2
2
5
6
7
7
4
4
9
8
9
9
12
9
4
2
-1
-8
-11
-13
-21
-27
-31
-31
-27
-30
-25
-20
-20
-18
-15
-10
-9
-5
0
-2
-4
-4
-5
-7
-9
-7
-8
-11
-15
-18
-22
-25
-21
-19
-17
-13
-9
-5
-1
2
7
11
14
15
18
18
17
15
10
2
-4
-10
-13
-15
-14
-12
-14
-12
-10
-7
-7
-5
-3
-2
1
-1
-1
3
-2
-2
1
1
1
-2
-4
-7
-13
-13
-13
-17
-15
-17
-14
-9
-9
-3
-1
-3
0
-1
0
4
6
7
11
10
4
1
-4
-11
-13
-12
-12
-11
-11
-9
-6
-2
4
8
7
5
4
6
8
7
4
4
4
5
6
10
13
12
11
5
2
1
-3
-4
0
5
8
10
16
15
17
18
17
18
16
12
8
2
-2
-6
-11
-20
-23
-22
-19
-14
-12
-8
-7
-4
-1
3
4
3
5
9
10
11
14
13
11
7
4
2
-5
-8
-14
-21
-26
-31
-29
-32
-29
-22
-16
-9
-5
2
6
10
16
17
20
22
22
25
26
24
23
18
15
8
1
1
-4
-9
-12
-19
-21
-21
-17
-11
-6
2
9
12
15
18
22
26
27
28
25
25
24
24
24
25
23
18
14
11
6
1
2
3
-3
-4
-4
-2
-3
-1
0
-2
-2
1
6
13
16
18
19
22
21
17
14
12
7
0
-4
-7
-13
-17
-18
-19
-19
-15
-15
-15
-15
-14
-11
-10
-7
-7
-3
-1
4
7
8
12
14
15
17
14
9
5
3
0
-4
-5
-8
-10
-11
-12
-16
-17
-19
-20
-20
-20
-17
-12
-6
-3
1
6
4
7
10
9
11
10
7
5
-4
-8
-11
-18
-24
-25
-25
-23
-23
-18
-12
-5
1
2
1
1
-1
0
2
1
1
4
7
5
6
7
6
6
5
5
2
1
-1
-3
-4
-7
-11
-12
-12
-8
-3
0
3
8
8
9
8
6
6
2
3
0
-3
-2
-2
-2
-6
-8
-10
-13
-15
-11
-11
-11
-11
-14
-13
-14
-12
-12
-10
-4
-3
1
6
6
7
6
4
0
-5
-10
-10
-11
-9
-6
-11
-12
-16
-18
-20
-22
-17
-17
-16
-11
-5
-3
1
4
8
13
16
18
24
27
30
32
32
31
27
22
13
6
3
-2
-7
-10
-13
-14
-13
-14
-12
-8
-5
1
9
16
22
26
31
30
29
30
30
24
26
25
21
21
15
7
3
-3
-8
-10
-10
-6
-6
0
3
5
11
15
19
23
28
31
33
33
31
27
24
20
16
13
10
3
-1
-4
-7
-8
-10
-8
-6
-5
-2
-1
1
8
10
14
19
19
21
24
23
23
22
21
19
16
13
10
6
0
-3
-7
-10
-12
-12
-12
-10
-11
-10
-13
-16
-18
-17
-14
-13
-10
-7
-3
-1
0
1
-2
-3
0
-1
-2
-2
-3
-2
-4
-7
-10
-16
-19
-20
-20
-20
-21
-24
-22
-26
-26
-26
-26
-23
-20
-16
-15
-13
-11
-11
-10
-8
-6
-11
-12
-12
-16
-17
-15
-19
-20
-17
-16
-17
-11
-7
-7
-4
-6
-8
-7
-3
0
0
1
1
2
0
-4
-7
-7
-5
-2
-1
-1
-2
-2
-1
-2
-3
-2
-2
-1
0
-2
-3
1
1
4
7
5
10
11
11
13
15
20
24
26
26
24
21
16
14
12
8
3
1
-2
-5
-6
-8
-7
-9
-9
-5
-3
2
6
8
13
19
24
27
27
28
27
25
24
21
19
14
10
8
5
-1
-7
-12
-14
-15
-13
-13
-11
-7
-5
0
4
7
11
13
15
14
14
12
13
12
10
5
-2
-7
-12
-18
-20
-25
-26
-26
-27
-27
-22
-20
-16
-7
-1
11
15
18
24
23
25
25
25
25
20
16
12
5
1
-5
-11
-18
-24
-25
-28
-29
-27
-26
-23
-23
-20
-14
-9
-4
3
10
15
19
25
26
27
26
23
19
13
10
5
-1
-3
-8
-12
-14
-16
-20
-22
-22
-19
-15
-15
-15
-9
-6
-3
3
8
9
8
7
9
6
7
10
7
6
3
2
-1
-2
-3
-5
-6
-6
-8
-11
-15
-14
-13
-13
-11
-9
-11
-9
-10
-6
1
-1
3
2
-4
-3
-4
-3
-1
-2
-2
-4
-6
-7
-10
-14
-13
-13
-13
-12
-9
-8
-3
1
5
8
13
16
21
23
21
24
24
18
17
15
11
6
1
0
-3
-12
-11
-11
-11
-8
-7
-5
-4
-2
-1
1
5
10
11
11
13
12
13
16
15
13
12
9
7
3
-2
-4
-3
-1
-4
-6
-8
-11
-10
-13
-12
-9
-5
1
6
7
13
15
14
16
13
11
11
9
6
4
0
-4
-5
-7
-10
-8
-9
-11
-12
-12
-10
-9
-5
-3
-1
1
5
6
5
7
7
6
7
4
3
3
2
1
2
-2
-3
-7
-9
-9
-14
-13
-15
-16
-14
-15
-14
-10
-9
-4
-2
3
8
11
12
13
18
20
19
21
18
18
16
13
9
5
0
-6
-11
-15
-17
-21
-24
-25
-25
-24
-20
-20
-16
-11
-5
-1
4
9
13
15
18
19
21
21
15
14
10
5
2
-5
-11
-14
-15
-16
-17
-17
-16
-15
-12
-10
-5
-2
1
7
13
16
19
21
22
22
20
17
13
9
6
4
-3
-5
-7
-12
-14
-18
-20
-17
-16
-16
-16
-12
-7
-3
3
7
11
14
18
18
20
22
20
18
17
13
12
10
9
9
8
6
3
2
1
-3
0
-1
-3
-1
-2
-2
0
3
3
1
2
2
2
3
2
2
4
4
1
1
-1
-3
-3
-9
-12
-11
-9
-9
-9
-8
-6
-3
-3
-3
-4
0
3
1
7
10
8
10
8
3
4
6
0
-1
-3
-7
-8
-12
-12
-10
-12
-14
-16
-13
-9
-8
-5
-1
3
4
10
14
15
17
16
17
15
14
13
11
6
3
-1
-6
-8
-11
-13
-13
-14
-16
-15
-13
-14
-13
-11
-8
-3
-2
2
7
7
9
9
6
4
4
-1
-5
-7
-12
-13
-14
-18
-20
-19
-21
-25
-26
-23
-16
-10
-4
0
2
7
9
13
15
16
15
12
11
8
5
1
-5
-6
-9
-12
-14
-16
-15
-18
-19
-18
-16
-13
-11
-9
-4
0
0
5
11
14
18
22
23
26
27
24
20
21
18
13
8
4
-1
-7
-5
-9
-12
-10
-11
-11
-8
-4
-3
1
4
7
9
9
9
10
10
13
12
13
10
10
11
6
6
4
-1
-2
-4
-6
-6
-7
-8
-8
-7
-8
-7
-8
-7
-4
-4
-2
1
5
7
8
7
8
4
1
-1
-2
1
0
0
1
1
0
-2
0
-2
-4
-2
-2
1
3
4
7
6
5
6
7
9
11
12
14
15
16
13
11
8
3
0
-1
-3
-4
-2
2
-1
-1
-1
-2
-1
0
-2
0
3
3
5
6
6
4
4
4
2
-2
-1
0
-5
-7
-8
-12
-12
-9
-10
-11
-11
-11
-9
-10
-8
-9
-6
-4
-1
0
3
4
3
6
5
1
2
0
0
-2
-6
-6
-8
-8
-6
-6
-5
-3
-3
-3
-2
0
-1
2
3
7
10
9
8
7
5
4
5
5
4
4
2
1
-2
-5
-8
-10
-14
-13
-12
-14
-11
-9
-7
-4
-5
-5
-4
-1
3
5
7
9
10
8
8
8
5
2
-3
-3
-4
-6
-7
-10
-15
-20
-23
-23
-21
-20
-15
-12
-11
-7
-6
-7
