-1
0
1
1
1
2
-3
-1
-1
-1
-1
-6
-5
-4
-6
-7
-7
-8
-11
-11
-10
-10
-8
-7
-6
-4
-4
-2
-2
-5
-5
-3
-1
-2
-2
0
-2
-3
-2
-3
-3
-2
-1
-4
-2
-1
-3
-3
-1
2
0
1
3
5
6
4
3
4
1
3
2
1
2
1
0
0
-1
-1
0
0
-1
-3
-2
-3
-3
-1
-1
-3
-4
-4
-6
-4
-3
-4
-4
-6
-3
0
-5
-5
-3
-4
-4
-2
-3
-4
-1
-1
-3
0
1
-1
4
3
1
3
1
0
3
1
4
6
6
10
10
9
10
11
10
8
9
7
5
8
6
4
7
4
1
1
2
1
1
3
1
2
-1
-3
0
-2
-6
-4
-4
-2
1
1
1
3
2
2
4
3
4
5
3
6
7
6
5
2
3
4
3
6
5
4
5
2
4
5
4
6
5
5
6
3
3
3
0
0
1
-2
1
0
1
1
3
3
-1
-1
-1
-3
-4
-4
-7
-8
-4
-3
-3
-2
-1
-2
-3
-3
-5
-8
-3
-2
-5
-2
-5
-5
-4
-4
-3
-4
-3
-2
0
2
2
3
5
2
1
0
0
2
1
1
2
0
1
2
0
2
3
4
5
4
4
6
5
7
6
6
7
6
8
9
9
6
3
3
2
2
1
2
3
4
5
5
4
3
0
-1
-1
-4
-5
-5
-5
-8
-8
-4
-5
-4
-5
-8
-8
-9
-6
-7
-9
-8
-7
-8
-8
-9
-9
-8
-7
-6
-5
-5
-5
-5
-4
-4
-5
-7
-5
-3
-1
-1
2
1
5
8
6
9
8
7
10
10
10
12
9
8
9
7
7
6
5
6
5
5
1
-1
-2
-4
-4
-4
-6
-7
-5
-8
-8
-8
-11
-12
-10
-12
-11
-10
-9
-10
-9
-7
-10
-9
-9
-12
-9
-6
-5
-2
-4
-2
0
-1
0
1
2
1
2
5
5
6
6
4
10
7
4
6
5
3
4
4
3
3
3
4
4
7
6
4
5
3
7
7
6
9
7
5
7
5
6
8
7
6
6
8
9
6
6
3
4
5
3
2
2
-1
0
2
-3
-5
-6
-7
-7
-6
-5
-7
-6
-6
-7
-8
-8
-9
-7
-5
-5
-5
-4
-7
-10
-11
-11
-10
-8
-8
-8
-5
-6
-5
-4
-4
0
-1
1
4
1
7
11
8
8
8
7
9
11
11
9
10
11
9
8
10
12
10
10
11
10
11
9
6
7
6
4
6
7
5
5
4
3
2
1
-2
-1
0
-1
-1
-2
-5
-9
-9
-9
-9
-7
-10
-9
-9
-9
-7
-7
-8
-8
-8
-6
-5
-3
-2
-5
-1
1
0
2
2
4
5
4
4
3
2
2
2
4
2
1
3
3
1
3
3
2
4
3
1
2
1
0
-2
-3
-4
-7
-6
-5
-6
-4
-5
-7
-9
-8
-10
-10
-8
-10
-9
-8
-6
-7
-8
-9
-6
-6
-5
-3
-1
2
2
1
3
2
2
6
6
10
11
12
14
13
13
14
17
16
14
15
15
16
19
17
15
14
13
14
13
13
13
12
11
7
5
4
-1
-2
-3
-9
-9
-10
-14
-14
-15
-17
-18
-19
-21
-22
-22
-23
-21
-22
-23
-22
-19
-20
-19
-17
-17
-16
-14
-16
-12
-12
-13
-9
-10
-7
-6
-6
-3
-4
-3
-1
0
1
2
3
4
4
5
6
7
7
8
8
6
4
6
6
8
10
10
12
14
14
12
11
10
10
10
11
10
10
8
7
8
8
7
6
6
5
5
6
5
5
2
0
1
-1
-3
-3
-1
-2
-1
-3
-5
-3
-3
-5
-5
-4
0
-1
-1
-1
-2
-3
-5
-3
-3
-5
-4
1
0
0
1
-1
2
3
3
3
1
-1
-2
-1
-2
-3
-2
-2
-2
-1
1
0
0
1
-1
2
-1
-1
1
2
3
3
3
2
2
4
4
4
4
2
4
4
5
8
7
6
8
11
12
12
13
13
13
13
11
10
10
10
12
11
8
9
10
9
8
6
6
4
2
2
4
3
3
-1
-2
-1
-1
-4
-5
-5
-5
-5
-4
-8
-9
-7
-9
-10
-11
-11
-9
-11
-10
-10
-10
-10
-13
-13
-12
-13
-9
-8
-7
-7
-8
-3
-5
-6
-4
-2
-1
-1
-1
-1
1
1
2
3
2
5
5
1
0
1
2
2
1
1
1
2
1
0
1
-2
-4
-3
-5
-2
-4
-5
-3
-3
-3
-1
-1
0
1
1
1
-2
-3
-4
-4
-3
-3
-2
0
1
-1
-1
-1
-2
-2
2
0
2
4
2
2
2
2
2
1
2
2
2
2
-1
2
0
0
-1
-4
-2
-2
-2
0
-1
-2
-1
-1
-5
-5
-2
-4
-3
-1
-5
-5
-2
-5
-5
-2
-5
-6
-6
-5
-5
-4
-4
-4
-2
-5
-2
3
0
4
4
1
2
2
1
4
3
6
6
4
3
4
3
2
1
-2
-3
-3
-3
-4
-3
-3
0
0
-1
-1
-1
-2
0
1
-1
0
1
1
3
5
3
3
4
5
7
7
7
6
5
7
5
4
3
2
6
6
4
5
3
2
4
4
5
4
0
1
1
2
1
-1
0
-1
-1
-4
-6
-8
-9
-7
-10
-11
-12
-14
-14
-13
-14
-13
-14
-12
-10
-10
-11
-11
-11
-11
-10
-7
-9
-9
-8
-8
-8
-7
-7
-9
-8
-5
-7
-6
-7
-6
-2
-1
0
2
1
-2
0
1
2
2
2
2
2
2
4
1
0
5
5
5
6
4
4
2
0
0
0
0
4
3
6
8
6
5
3
3
3
3
1
0
2
0
-1
1
1
1
0
-1
1
-3
-5
-8
-10
-9
-12
-10
-8
-7
-6
-6
-7
-8
-8
-8
-8
-8
-8
-9
-8
-7
-5
-2
-2
-1
1
1
-1
-1
-1
-2
-4
-5
-4
-4
-3
-3
-3
-2
-4
-4
-3
-2
-4
-2
0
-1
0
1
2
1
-1
1
1
1
5
2
3
3
-2
-2
-2
-4
-2
0
-1
-2
-5
-6
-7
-9
-10
-11
-10
-12
-13
-13
-14
-14
-13
-13
-13
-16
-16
-15
-16
-13
-13
-12
-8
-7
-7
-4
-3
-5
-4
-1
-1
0
2
2
5
5
7
10
12
11
13
14
10
12
12
11
13
12
15
16
16
16
18
16
16
17
16
18
21
20
21
21
18
21
19
15
14
14
11
12
11
8
8
6
4
5
3
2
1
0
-2
-3
-5
-6
-7
-9
-8
-7
-5
-2
1
2
1
-1
0
1
0
2
3
5
8
7
9
9
9
7
6
7
8
8
6
10
8
8
11
10
8
10
10
9
10
8
9
12
11
12
9
8
6
4
3
3
3
1
0
2
-1
-2
-2
-3
-1
-2
-5
-5
-5
-8
-5
-7
-5
-3
-3
-1
-1
0
-3
-2
-1
-3
-2
-1
1
3
1
1
2
1
2
4
3
2
3
4
4
5
7
10
9
11
11
9
7
9
7
6
8
7
9
7
7
11
11
11
12
11
11
9
3
3
3
4
5
5
4
6
6
5
3
3
0
1
0
0
0
1
0
-1
1
-2
-2
-3
-4
-5
-5
-4
-6
-5
-5
-5
-5
-5
-6
-5
-6
-6
-7
-9
-10
-11
-12
-9
-10
-10
-8
-6
-6
-4
-5
-3
-2
-2
-1
-2
0
2
4
5
7
7
7
7
7
8
10
11
10
9
10
8
8
6
4
5
2
2
-1
-3
-1
-2
-1
-3
-6
-6
-7
-9
-10
-8
-8
-10
-11
-13
-15
-16
-19
-17
-16
-15
-18
-19
-19
-20
-21
-19
-18
-16
-15
-15
-15
-14
-10
-9
-4
-1
3
6
7
8
10
11
11
14
16
19
21
21
21
21
22
20
21
20
21
24
23
22
23
22
22
20
17
15
14
15
14
11
12
11
10
10
8
6
2
-2
-5
-5
-4
-4
-5
-7
-10
-10
-9
-12
-10
-9
-9
-7
-6
-7
-4
-3
-1
3
2
3
5
4
8
8
9
8
8
11
11
11
12
11
9
6
5
5
5
1
-1
-2
-4
-5
-9
-8
-8
-10
-10
-14
-16
-16
-17
-21
-22
-23
-24
-26
-28
-29
-26
-31
-34
-36
-36
-35
-35
-36
-37
-35
-34
-35
-33
-31
-27
-27
-27
-27
-29
-25
-25
-24
-19
-15
-10
-6
-5
-5
-4
-2
-1
2
4
5
5
9
11
13
17
19
20
20
23
25
24
26
26
27
27
28
28
27
30
29
26
26
25
23
22
21
19
16
12
10
9
7
2
1
-1
-2
-7
-12
-13
-17
-21
-24
-27
-29
-29
-33
-35
-32
-35
-37
-38
-39
-36
-35
-36
-32
-30
-25
-22
-21
-18
-14
-11
-4
3
5
12
18
23
31
35
39
40
43
49
53
58
63
64
68
70
71
70
71
74
70
67
65
62
60
56
51
45
42
37
28
19
11
4
-2
-11
-20
-31
-41
-49
-59
-69
-77
-85
-91
-96
-103
-110
-116
-120
-122
-124
-126
-126
-123
-121
-118
-113
-109
-103
-91
-82
-72
-59
-47
-33
-19
-4
10
27
41
56
73
88
103
118
130
144
158
170
181
189
196
206
211
214
215
217
218
210
202
196
187
177
165
153
140
122
108
88
68
47
25
1
-20
-41
-63
-82
-103
-124
-141
-161
-175
-194
-208
-221
-237
-245
-255
-260
-264
-268
-267
-265
-259
-253
-245
-231
-219
-205
-189
-171
-149
-129
-104
-80
-53
-24
0
29
57
85
114
141
167
191
216
236
258
280
294
309
321
329
341
343
343
343
336
334
322
310
294
274
254
230
203
176
146
113
80
47
13
-19
-54
-91
-127
-166
-202
-236
-270
-300
-329
-355
-376
-398
-414
-427
-440
-447
-448
-448
-443
-433
-423
-407
-385
-363
-339
-310
-280
-245
-210
-171
-131
-89
-46
-3
41
82
125
167
209
250
289
328
362
395
427
454
481
502
520
535
546
552
552
549
543
528
514
492
468
438
404
369
329
286
240
185
137
85
31
-23
-82
-141
-196
-252
-308
-363
-414
-462
-502
-542
-578
-606
-635
-657
-676
-689
-697
-699
-691
-680
-666
-641
-615
-584
-547
-506
-461
-413
-360
-307
-250
-193
-129
-67
-5
61
124
181
242
301
356
411
460
510
556
596
631
662
687
707
726
735
742
742
736
727
712
690
660
626
591
548
501
451
400
343
283
223
158
92
26
-40
-105
-170
-236
-297
-355
-409
-463
-513
-555
-597
-635
-669
-698
-716
-734
-743
-746
-744
-736
-724
-707
-684
-657
-624
-586
-543
-496
-445
-392
-337
-282
-222
-161
-100
-41
22
81
140
199
256
310
361
411
460
504
540
571
602
630
653
669
681
688
687
685
678
666
649
630
608
580
546
508
466
424
379
330
279
227
176
122
68
13
-42
-93
-147
-198
-246
-295
-340
-380
-417
-454
-487
-515
-540
-560
-578
-592
-601
-607
-607
-608
-602
-590
-575
-557
-536
-512
-487
-460
-426
-391
-353
-314
-275
-232
-187
-145
-101
-57
-14
31
75
119
159
194
232
270
305
339
369
395
418
441
464
482
497
512
520
528
531
531
531
523
514
503
490
475
452
426
400
369
339
308
269
232
193
151
114
72
29
-14
-59
-102
-140
-176
-214
-251
-287
-317
-348
-376
-402
-425
-444
-463
-480
-494
-505
-513
-520
-520
-517
-514
-509
-496
-482
-466
-449
-429
-403
-379
-352
-324
-292
-259
-224
-190
-156
-118
-83
-43
-4
35
73
108
145
181
215
249
280
307
335
360
382
405
423
439
452
463
471
477
480
481
477
472
466
454
441
427
406
388
364
341
312
281
251
218
187
155
120
86
51
17
-17
-51
-84
-118
-151
-180
-208
-237
-262
-284
-310
-332
-350
-368
-382
-398
-410
-418
-426
-430
-435
-435
-435
-433
-425
-416
-405
-391
-376
-357
-338
-315
-291
-266
-237
-210
-181
-149
-118
-83
-46
-16
18
53
84
115
146
176
206
233
263
288
312
334
352
371
389
403
414
422
429
434
440
442
437
434
425
416
405
393
377
358
336
311
289
260
232
203
171
140
107
71
36
1
-35
-68
-103
-136
-170
-202
-233
-263
-290
-316
-339
-364
-383
-401
-414
-427
-437
-444
-449
-451
-450
-446
-438
-429
-417
-403
-384
-364
-340
-316
-290
-262
-231
-198
-162
-127
-92
-55
-19
18
54
91
125
158
191
223
254
283
308
335
359
379
397
415
430
440
451
453
457
459
457
455
450
443
434
420
402
384
363
339
314
289
258
228
193
159
124
86
50
11
-30
-68
-107
-143
-178
-213
-251
-285
-313
-345
-373
-399
-422
-445
-464
-480
-494
-503
-509
-512
-510
-511
-506
-496
-483
-463
-445
-426
-401
-372
-343
-312
-276
-243
-207
-168
-128
-87
-48
-4
39
75
114
154
192
227
262
296
325
351
381
406
430
450
469
484
496
505
512
517
519
517
512
502
493
479
463
442
421
397
369
338
307
273
236
197
158
116
74
35
-10
-55
-97
-141
-180
-222
-265
-302
-338
-371
-401
-431
-458
-480
-499
-516
-529
-539
-544
-547
-543
-535
-530
-516
-498
-479
-456
-432
-403
-374
-340
-305
-271
-236
-196
-155
-118
-77
-33
6
45
86
125
159
196
230
263
294
324
350
374
397
418
435
449
461
471
476
479
479
476
467
461
450
434
420
401
380
356
328
302
274
242
211
176
142
105
70
36
-1
-39
-76
-112
-146
-178
-210
-242
-271
-297
-323
-347
-369
-386
-399
-412
-423
-429
-434
-435
-431
-426
-419
-407
-395
-378
-359
-338
-315
-291
-268
-238
-210
-182
-153
-125
-96
-67
-34
-2
26
57
86
112
138
164
186
208
230
249
264
280
293
306
317
324
330
330
330
329
326
323
317
310
298
287
272
257
240
220
202
182
160
138
116
91
68
44
21
-2
-30
-51
-75
-97
-118
-137
-157
-172
-189
-205
-219
-233
-242
-253
-258
-263
-264
-264
-264
-261
-258
-252
-244
-236
-226
-213
-198
-182
-166
-148
-133
-117
-100
-82
-62
-42
-26
-11
7
24
40
58
72
87
99
111
122
133
144
155
162
168
177
182
187
192
193
194
195
191
190
187
185
179
172
167
160
152
142
131
121
110
99
85
73
62
50
36
24
10
-4
-15
-25
-34
-43
-53
-62
-71
-79
-85
-94
-97
-101
-106
-111
-113
-116
-118
-120
-120
-121
-121
-117
-117
-114
-111
-107
-102
-96
-91
-87
-81
-78
-72
-67
-62
-54
-45
-38
-28
-19
-10
-1
5
9
19
25
33
42
47
54
59
67
75
84
90
100
106
109
112
116
119
121
125
128
125
127
127
126
126
124
124
118
112
104
98
91
84
80
74
65
57
47
39
29
18
8
0
-7
-15
-23
-31
-42
-51
-59
-69
-77
-82
-88
-95
-101
-105
-111
-117
-121
-125
-129
-133
-137
-138
-141
-140
-138
-134
-130
-128
-128
-124
-124
-124
-121
-116
-109
-102
-95
-82
-69
-56
-41
-29
-16
-3
10
22
34
43
53
63
74
86
96
106
114
122
129
137
143
145
148
151
150
149
148
143
138
135
129
123
116
108
100
93
91
87
82
74
63
52
43
32
21
10
-2
-11
-20
-28
-34
-40
-47
-50
-52
-58
-64
-72
-79
-86
-93
-97
-98
-103
-106
-107
-107
-103
-100
-98
-92
-89
-86
-79
-74
-68
-61
-54
-45
-38
-30
-20
-10
-1
7
17
29
37
42
47
51
57
63
70
80
89
96
102
106
109
109
108
106
101
96
92
90
89
89
88
83
74
67
60
52
43
34
23
13
6
-5
-12
-18
-23
-28
-34
-41
-49
-52
-54
-58
-61
-66
-67
-65
-65
-63
-60
-65
-73
-87
-99
-108
-112
-110
-110
-109
-104
-99
-89
-86
-92
-108
-136
-171
-209
-240
-262
-273
-279
-283
-279
-278
-278
-283
-297
-307
-314
-317
-315
-304
-288
-276
-256
-237
-223
-214
-213
-218
-224
-226
-232
-237
-238
-242
-243
-245
-258
-281
-309
-337
-350
-347
-336
-319
-305
-300
-302
-308
-317
-324
-328
-333
-331
-320
-307
-290
-266
-244
-225
-210
-197
-191
-184
-177
-169
-159
-153
-151
-157
-174
-195
-218
-243
-266
-286
-311
-341
-371
-403
-431
-451
-471
-492
-512
-533
-554
-569
-586
-604
-622
-639
-650
-661
-673
-681
-687
-695
-700
-699
-689
-680
-668
-662
-664
-658
-644
-620
-589
-566
-551
-546
-533
-507
-463
-403
-334
-253
-172
-93
-6
95
209
345
498
655
798
929
1052
1178
1317
1462
1610
1765
1908
2035
2154
2268
2387
2507
2616
2706
2767
2791
2784
2756
2705
2637
2557
2468
2365
2240
2085
1892
1670
1423
1156
882
610
340
88
-127
-277
-342
-337
-279
-189
-64
102
309
536
733
852
874
816
713
581
411
183
-118
-462
-788
-1016
-1103
-1065
-949
-811
-668
-499
-266
56
453
865
1195
1375
1402
1297
1112
890
664
472
346
299
330
421
536
655
766
846
879
844
737
569
364
143
-82
-306
-520
-715
-881
-1004
-1089
-1142
-1166
-1173
-1175
-1176
-1173
-1171
-1179
-1213
-1285
-1390
-1511
-1639
-1761
-1881
-2002
-2124
-2236
-2311
-2351
-2355
-2325
-2275
-2197
-2087
-1948
-1786
-1610
-1426
-1242
-1053
-854
-644
-426
-206
8
209
401
594
788
976
1139
1274
1379
1463
1532
1589
1625
1628
1603
1558
1498
1426
1333
1219
1094
955
807
656
494
320
131
-69
-263
-445
-605
-747
-881
-996
-1098
-1179
-1231
-1257
-1258
-1249
-1241
-1230
-1215
-1193
-1162
-1117
-1066
-1011
-948
-879
-801
-714
-610
-488
-355
-220
-91
41
180
326
483
647
814
982
1142
1284
1415
1546
1676
1806
1934
2050
2156
2266
2379
2489
2582
2658
2714
2738
2722
2665
2587
2498
2400
2287
2148
1979
1784
1565
1337
1115
897
690
481
260
34
-187
-385
-544
-669
-780
-889
-995
-1088
-1156
-1191
-1192
-1165
-1120
-1073
-1030
-992
-950
-888
-804
-716
-633
-570
-528
-498
-471
-436
-394
-354
-320
-292
-262
-226
-179
-119
-54
13
85
160
231
306
397
500
613
736
859
985
1114
1250
1398
1554
1700
1816
1884
1907
1895
1868
1829
1766
1667
1526
1348
1136
908
673
424
167
-99
-368
-636
-911
-1170
-1400
-1603
-1782
-1937
-2064
-2162
-2236
-2290
-2314
-2309
-2279
-2232
-2178
-2131
-2082
-2022
-1947
-1861
-1776
-1694
-1622
-1558
-1503
-1456
-1415
-1387
-1361
-1337
-1312
-1285
-1252
-1208
-1152
-1089
-1016
-928
-828
-718
-610
-504
-394
-270
-120
62
260
454
648
836
1021
1216
1425
1653
1885
2092
2245
2332
2362
2355
2328
2283
2201
2076
1895
1658
1378
1076
769
466
166
-140
-463
-800
-1135
-1438
-1696
-1908
-2074
-2210
-2318
-2398
-2444
-2446
-2398
-2307
-2182
-2038
-1897
-1766
-1640
-1505
-1362
-1218
-1088
-974
-882
-814
-771
-753
-750
-759
-780
-812
-857
-909
-959
-990
-999
-988
-971
-946
-908
-846
-746
-615
-461
-294
-117
70
269
480
710
953
1202
1453
1708
1962
2225
2491
2727
2907
3017
3060
3051
2996
2896
2756
2580
2368
2114
1817
1481
1118
756
414
80
-263
-616
-968
-1293
-1574
-1802
-1978
-2096
-2168
-2208
-2221
-2196
-2122
-1997
-1832
-1652
-1480
-1325
-1177
-1023
-867
-716
-576
-455
-365
-317
-309
-330
-363
-396
-434
-489
-567
-668
-770
-860
-925
-964
-979
-969
-938
-886
-806
-689
-530
-335
-113
122
362
604
854
1113
1386
1677
1980
2296
2604
2885
3118
3289
3386
3416
3396
3324
3200
3020
2782
2501
2171
1797
1400
988
578
173
-218
-597
-971
-1322
-1631
-1888
-2086
-2231
-2321
-2364
-2365
-2317
-2220
-2064
-1859
-1624
-1377
-1146
-938
-753
-579
-407
-250
-115
-17
39
50
12
-62
-153
-248
-345
-460
-598
-752
-904
-1036
-1134
-1200
-1236
-1233
-1200
-1136
-1032
-891
-702
-475
-217
58
339
628
918
1212
1507
1803
2106
2406
2704
2980
3219
3391
3469
3464
3387
3256
3075
2839
2565
2255
1902
1499
1055
599
153
-267
-657
-1025
-1381
-1716
-2014
-2262
-2438
-2537
-2571
-2545
-2478
-2376
-2235
-2041
-1790
-1496
-1177
-868
-595
-371
-193
-36
102
210
283
309
279
190
49
-120
-300
-476
-655
-843
-1041
-1240
-1418
-1562
-1656
-1695
-1674
-1599
-1488
-1339
-1153
-918
-627
-290
75
447
808
1157
1490
1817
2141
2467
2803
3136
3444
3696
3849
3885
3823
3704
3532
3304
3018
2671
2273
1829
1344
827
310
-181
-629
-1033
-1417
-1789
-2137
-2443
-2675
-2822
-2876
-2850
-2767
-2640
-2475
-2259
-1988
-1666
-1301
-928
-577
-276
-39
142
282
390
459
489
476
402
259
56
-183
-427
-656
-877
-1099
-1327
-1549
-1748
-1894
-1973
-1976
-1909
-1780
-1607
-1396
-1150
-862
-519
-122
305
742
1168
1564
1926
2257
2566
2875
3202
3540
3854
4089
4192
4153
4013
3806
3545
3231
2862
2441
1971
1455
901
331
-224
-733
-1179
-1570
-1929
-2270
-2582
-2837
-3009
-3070
-3022
-2882
-2686
-2457
-2202
-1910
-1568
-1184
-774
-370
-11
285
502
644
730
760
738
675
562
389
149
-147
-468
-777
-1057
-1312
-1555
-1789
-2003
-2172
-2272
-2296
-2238
-2099
-1893
-1635
-1336
-1000
-628
-212
238
700
1161
1599
2001
2357
2663
2934
3198
3470
3754
4020
4203
4248
4133
3898
3597
3252
2862
2428
1963
1474
947
381
-214
-794
-1303
-1717
-2043
-2322
-2581
-2815
-3008
-3112
-3101
-2962
-2722
-2420
-2101
-1783
-1457
-1100
-708
-290
120
467
722
877
941
929
862
751
606
422
176
-138
-517
-915
-1274
-1570
-1808
-2008
-2192
-2360
-2484
-2537
-2499
-2359
-2126
-1824
-1473
-1101
-716
-309
142
632
1134
1618
2052
2429
2745
3003
3223
3436
3669
3926
4158
4282
4235
4013
3682
3306
2900
2449
1966
1464
943
405
-172
-772
-1336
-1810
-2167
-2437
-2650
-2833
-2990
-3095
-3118
-3025
-2806
-2484
-2113
-1744
-1393
-1043
-678
-292
95
449
725
908
995
984
878
708
509
293
52
-238
-594
-996
-1398
-1747
-2025
-2233
-2381
-2483
-2541
-2555
-2503
-2364
-2129
-1808
-1418
-987
-543
-99
351
805
1259
1705
2127
2506
2826
3076
3265
3411
3566
3767
3992
4169
4189
4008
3679
3272
2827
2348
1850
1352
863
362
-172
-744
-1308
-1793
-2156
-2395
-2546
-2649
-2730
-2797
-2825
-2759
-2568
-2259
-1879
-1488
-1113
-749
-383
-22
322
624
864
1036
1127
1120
1014
809
532
234
-72
-391
-735
-1113
-1509
-1880
-2196
-2435
-2596
-2687
-2711
-2667
-2560
-2395
-2158
-1846
-1467
-1026
-551
-73
402
858
1285
1692
2069
2412
2723
2986
3187
3332
3460
3628
3861
4119
4294
4266
3997
3540
2993
2425
1863
1327
801
224
-446
-1208
-1985
-2645
-3083
-3273
-3274
-3195
-3132
-3088
-2988
-2734
-2269
-1614
-872
-175
409
868
1226
1527
1797
2011
2106
2018
1707
1197
553
-140
-805
-1408
-1950
-2454
-2950
-3419
-3797
-4011
-4009
-3793
-3426
-2986
-2527
-2054
-1534
-942
-271
428
1087
1649
2076
2366
2551
2674
2769
2836
2850
2776
2615
2411
2226
2115
2121
2278
2575
2911
3083
2925
2446
1838
1303
923
645
357
-31
-526
-1070
-1583
-1966
-2133
-2076
-1886
-1697
-1605
-1626
-1656
-1540
-1208
-713
-204
184
404
502
565
653
782
925
1000
886
503
-108
-791
-1382
-1813
-2138
-2459
-2809
-3152
-3417
-3532
-3454
-3180
-2751
-2253
-1782
-1389
-1046
-680
-241
237
672
982
1142
1196
1215
1249
1302
1348
1364
1342
1285
1215
1190
1276
1501
1825
2191
2608
3128
3758
4349
4615
4361
3674
2831
2059
1397
754
34
-763
-1573
-2315
-2923
-3292
-3332
-3053
-2593
-2149
-1832
-1571
-1198
-615
114
813
1324
1614
1733
1731
1641
1488
1298
1058
665
20
-839
-1737
-2451
-2900
-3169
-3394
-3610
-3727
-3665
-3398
-2956
-2391
-1746
-1100
-550
-135
174
461
758
1004
1119
1064
886
679
509
395
329
300
313
369
472
633
871
1211
1659
2171
2702
3256
3890
4632
5341
5704
5437
4527
3275
2046
1005
83
-867
-1885
-2873
-3700
-4236
-4385
-4094
-3415
-2528
-1667
-986
-456
86
767
1524
2164
2503
2484
2182
1714
1183
638
107
-406
-973
-1658
-2449
-3190
-3674
-3815
-3684
-3440
-3189
-2917
-2552
-2067
-1495
-900
-357
78
349
427
365
257
155
43
-135
-378
-626
-802
-853
-781
-607
-355
-42
324
730
1183
1679
2200
2728
3221
3648
4014
4366
4772
5209
5466
5209
4255
2779
1212
-92
-1059
-1832
-2573
-3288
-3852
-4128
-4012
-3468
-2541
-1393
-276
581
1110
1432
1732
2075
2348
2356
1997
1329
520
-263
-926
-1447
-1814
-2066
-2290
-2542
-2794
-2909
-2766
-2386
-1920
-1531
-1277
-1093
-902
-682
-462
-301
-230
-272
-433
-674
-917
-1080
-1146
-1164
-1176
-1181
-1126
-954
-656
-275
139
546
936
1321
1715
2106
2464
2761
2993
3152
3250
3325
3477
3805
4250
4511
4208
3187
1717
299
-734
-1375
-1839
-2312
-2792
-3170
-3303
-3087
-2473
-1508
-401
551
1114
1284
1272
1302
1432
1528
1395
944
254
-501
-1143
-1580
-1797
-1840
-1815
-1855
-2015
-2206
-2247
-2039
-1651
-1265
-1032
-964
-962
-932
-844
-724
-628
-602
-687
-875
-1092
-1240
-1251
-1134
-971
-832
-717
-571
-328
16
404
767
1073
1346
1610
1884
2146
2373
2554
2690
2794
2875
2984
3205
3597
4079
4347
4028
3010
1584
240
-692
-1240
-1641
-2062
-2500
-2818
-2871
-2574
-1919
-994
2
809
1239
1309
1208
1143
1169
1170
976
505
-165
-847
-1377
-1679
-1763
-1691
-1564
-1493
-1536
-1622
-1612
-1436
-1149
-908
-838
-942
-1100
-1190
-1175
-1101
-1042
-1036
-1087
-1169
-1244
-1258
-1175
-1017
-837
-697
-602
-477
-258
71
445
774
1029
1237
1441
1666
1895
2090
2227
2315
2385
2482
2663
2995
3501
4065
4353
4004
2933
1458
84
-859
-1389
-1749
-2142
-2571
-2877
-2897
-2530
-1780
-764
290
1105
1490
1478
1274
1101
1036
968
724
212
-483
-1167
-1674
-1920
-1904
-1696
-1417
-1217
-1172
-1229
-1245
-1114
-873
-675
-655
-825
-1087
-1309
-1423
-1434
-1389
-1345
-1328
-1342
-1358
-1322
-1191
-966
-701
-466
-303
-172
-1
239
525
800
1023
1194
1337
1476
1631
1790
1937
2062
2165
2269
2418
2678
3120
3721
4245
4333
3724
2497
1059
-156
-958
-1438
-1799
-2165
-2500
-2683
-2584
-2121
-1323
-337
591
1200
1383
1243
993
811
711
565
232
-304
-936
-1502
-1862
-1953
-1791
-1470
-1150
-966
-951
-1021
-1052
-984
-867
-813
-909
-1147
-1428
-1621
-1663
-1584
-1449
-1326
-1245
-1196
-1144
-1050
-886
-670
-454
-294
-196
-121
2
210
468
719
909
1022
1101
1212
1388
1619
1860
2066
2214
2311
2422
2658
3100
3713
4248
4323
3672
2390
892
-368
-1175
-1607
-1879
-2144
-2397
-2523
-2376
-1881
-1060
-55
872
1469
1626
1426
1088
792
587
389
79
-382
-923
-1413
-1729
-1801
-1644
-1351
-1072
-928
-937
-1033
-1112
-1100
-1013
-938
-960
-1092
-1251
-1348
-1341
-1251
-1131
-1033
-985
-982
-1000
-990
-915
-775
-595
-419
-268
-119
65
299
572
840
1069
1246
1386
1508
1609
1687
1758
1836
1949
2109
2338
2679
3152
3696
4076
3957
3164
1867
481
-612
-1277
-1649
-1935
-2215
-2426
-2438
-2158
-1568
-728
212
1015
1471
1518
1268
922
634
416
182
-169
-640
-1152
-1574
-1793
-1765
-1522
-1171
-849
-668
-670
-778
-876
-893
-865
-881
-999
-1198
-1388
-1487
-1466
-1368
-1239
-1117
-1033
-980
-937
-868
-744
-585
-421
-276
-150
-10
159
355
561
750
922
1075
1206
1314
1403
1492
1585
1684
1805
1962
2189
2531
3009
3548
3917
3804
3062
1838
492
-618
-1344
-1755
-2016
-2210
-2321
-2270
-1963
-1365
-538
358
1108
1526
1556
1280
863
462
138
-152
-479
-883
-1312
-1649
-1787
-1674
-1361
-974
-653
-495
-510
-622
-736
-789
-803
-839
-958
-1155
-1347
-1452
-1432
-1316
-1172
-1060
-1004
-986
-976
-935
-832
-672
-488
-308
-140
20
196
394
600
796
952
1065
1158
1253
1359
1459
1544
1626
1733
1890
2127
2482
2962
3500
3887
3820
3130
1938
600
-500
-1188
-1544
-1757
-1957
-2122
-2121
-1840
-1254
-449
413
1127
1516
1509
1181
719
304
5
-242
-532
-922
-1348
-1668
-1761
-1591
-1236
-831
-515
-367
-388
-528
-686
-795
-856
-932
-1098
-1339
-1551
-1645
-1600
-1445
-1250
-1071
-939
-855
-790
-710
-599
-454
-308
-189
-98
-15
89
230
404
591
742
847
919
984
1067
1163
1265
1381
1529
1732
1993
2323
2730
3199
3641
3840
3537
2654
1378
85
-899
-1474
-1771
-1967
-2135
-2207
-2054
-1604
-900
-65
734
1326
1580
1463
1068
579
159
-139
-385
-685
-1060
-1420
-1636
-1615
-1371
-996
-609
-323
-202
-250
-406
-595
-756
-882
-1015
-1183
-1363
-1499
-1525
-1425
-1235
-1023
-848
-734
-668
-619
-561
-486
-396
-299
-197
-96
8
127
278
467
672
854
979
1039
1060
1078
1114
1192
1323
1504
1745
2047
2410
2835
3283
3609
3578
3001
1929
649
-490
-1268
-1703
-1942
-2097
-2169
-2072
-1736
-1162
-430
331
975
1355
1393
1128
697
264
-86
-361
-639
-964
-1296
-1540
-1601
-1443
-1118
-748
-437
-248
-212
-312
-510
-731
-920
-1067
-1196
-1337
-1466
-1517
-1455
-1282
-1059
-857
-709
-620
-560
-520
-502
-483
-451
-388
-294
-179
-43
120
310
507
690
855
1002
1137
1250
1329
1375
1405
1461
1589
1820
2152
2577
3044
3459
3639
3353
2530
1339
127
-804
-1358
-1643
-1817
-1935
-1946
-1755
-1305
-633
149
883
1407
1603
1449
1032
514
53
-294
-581
-886
-1238
-1556
-1717
-1644
-1358
-955
-563
-267
-101
-77
-186
-383
-607
-809
-986
-1163
-1353
-1505
-1546
-1451
-1260
-1039
-862
-746
-668
-611
-561
-515
-461
-399
-333
-257
-165
-43
126
338
560
748
895
996
1059
1099
1121
1141
1191
1299
1480
1730
2049
2425
2848
3237
3400
3114
2302
1142
-48
-970
-1514
-1767
-1871
-1901
-1841
-1627
-1207
-599
108
785
1269
1441
1279
860
345
-121
-481
-760
-1015
-1259
-1443
-1504
-1402
-1147
-786
-416
-114
70
104
-10
-247
-546
-851
-1125
-1358
-1544
-1648
-1637
-1500
-1281
-1034
-806
-623
-477
-362
-288
-254
-255
-263
-253
-207
-114
18
178
346
497
613
707
806
920
1036
1124
1173
1209
1289
1464
1747
2110
2526
2959
3330
3466
3165
2373
1259
121
-783
-1355
-1671
-1854
-1943
-1904
-1669
-1204
-562
153
806
1267
1441
1296
909
414
-54
-427
-728
-1000
-1261
-1455
-1513
-1396
-1122
-770
-426
-156
-3
4
-147
-407
-695
-947
-1149
-1329
-1483
-1580
-1562
-1419
-1194
-938
-707
-535
-422
-371
-362
-371
-369
-329
-255
-161
-59
48
172
325
493
654
798
909
984
1021
1031
1031
1058
1151
1332
1595
1919
2299
2726
3121
3301
3049
2293
1194
57
-839
-1394
-1698
-1870
-1964
-1930
-1687
-1206
-550
161
790
1210
1345
1185
807
348
-71
-404
-673
-931
-1187
-1386
-1447
-1327
-1047
-696
-370
-137
-22
-24
-138
-334
-559
-778
-972
-1148
-1302
-1397
-1393
-1278
-1090
-878
-696
-570
-492
-449
-427
-413
-390
-342
-271
-178
-81
35
177
349
532
694
814
881
909
924
936
968
1044
1186
1422
1710
2021
2352
2705
3020
3136
2849
2089
1017
-72
-904
-1391
-1627
-1743
-1790
-1716
-1453
-976
-350
305
869
1231
1318
1131
747
296
-114
-436
-693
-935
-1169
-1342
-1378
-1241
-958
-619
-318
-96
26
33
-74
-278
-522
-772
-1007
-1213
-1375
-1449
-1406
-1258
-1058
-860
-696
-568
-466
-384
-329
-307
-301
-289
-253
-176
-65
77
239
400
543
662
765
859
936
983
986
960
965
1064
1289
1621
2000
2384
2742
3017
3078
2765
2028
1008
-21
-829
-1339
-1619
-1776
-1838
-1758
-1480
-994
-377
247
763
1083
1161
991
637
196
-223
-556
-814
-1034
-1220
-1343
-1343
-1199
-940
-629
-344
-131
-24
-52
-203
-439
-698
-926
-1112
-1258
-1352
-1366
-1278
-1099
-880
-676
-519
-416
-357
-318
-293
-284
-284
-281
-257
-189
-68
95
279
450
585
689
780
870
956
1017
1040
1046
1093
1244
1514
1870
2258
2629
2927
3044
2828
2206
1267
239
-623
-1192
-1506
-1676
-1775
-1770
-1584
-1172
-580
70
634
999
1106
961
629
216
-173
-486
-734
-935
-1107
-1224
-1238
-1115
-876
-582
-323
-149
-75
-95
-202
-379
-597
-820
-1024
-1196
-1314
-1347
-1273
-1106
-890
-682
-521
-417
-357
-318
-288
-264
-256
-262
-264
-229
-139
7
198
397
566
687
768
833
887
932
960
979
1026
1136
1321
1583
1902
2254
2595
2829
2808
2407
1628
653
-264
-937
-1336
-1560
-1706
-1783
-1725
-1458
-981
-373
235
714
983
1011
824
511
166
-138
-382
-600
-818
-1021
-1152
-1161
-1037
-813
-561
-354
-238
-229
-313
-450
-590
-698
-781
-857
-942
-1021
-1042
-971
-820
-645
-514
-455
-451
-465
-474
-470
-461
-443
-396
-309
-167
15
210
403
579
732
857
954
1014
1046
1066
1096
1159
1273
1449
1677
1951
2258
2548
2714
2605
2129
1327
391
-443
-1031
-1363
-1529
-1613
-1627
-1522
-1237
-780
-223
325
746
965
954
744
418
72
-225
-455
-646
-821
-964
-1049
-1045
-939
-753
-530
-331
-213
-212
-317
-476
-633
-756
-856
-949
-1032
-1072
-1033
-912
-755
-607
-503
-448
-418
-405
-395
-397
-406
-407
-377
-284
-124
84
308
505
667
805
927
1025
1089
1116
1110
1112
1160
1284
1493
1774
2111
2451
2706
2746
2439
1770
877
-6
-688
-1110
-1347
-1513
-1634
-1658
-1497
-1120
-581
4
507
840
951
848
590
268
-37
-299
-529
-754
-980
-1155
-1218
-1138
-939
-689
-456
-299
-243
-284
-401
-540
-662
-756
-836
-925
-1019
-1073
-1045
-936
-784
-646
-564
-531
-530
-520
-496
-454
-399
-343
-272
-171
-22
174
383
580
742
875
979
1044
1066
1058
1049
1082
1194
1381
1627
1902
2194
2465
2612
2486
1989
1183
285
-466
-937
-1168
-1287
-1382
-1437
-1371
-1111
-669
-142
348
698
864
837
656
377
84
-162
-361
-540
-732
-919
-1046
-1048
-908
-682
-448
-281
-215
-244
-335
-450
-557
-644
-727
-823
-932
-1029
-1068
-1014
-878
-721
-605
-552
-541
-542
-522
-476
-414
-346
-277
-200
-102
36
203
389
581
758
912
1024
1081
1087
1077
1096
1173
1324
1531
1776
2059
2358
2581
2568
2180
1445
549
-254
-803
-1101
-1260
-1387
-1489
-1483
-1285
-880
-348
185
603
840
874
731
479
203
-33
-225
-412
-638
-882
-1066
-1114
-999
-776
-541
-379
-316
-340
-420
-510
-587
-644
-695
-768
-873
-980
-1035
-988
-850
-678
-549
-500
-509
-527
-508
-455
-384
-317
-249
-157
-35
110
263
419
581
752
919
1043
1104
1112
1107
1140
1246
1419
1632
1876
2145
2384
2485
2302
1766
972
136
-526
-929
-1140
-1276
-1405
-1479
-1407
-1135
-700
-194
280
636
819
816
663
436
213
41
-108
-290
-529
-785
-964
-991
-874
-686
-520
-429
-415
-447
-488
-525
-564
-610
-674
-761
-856
-919
-922
-845
-722
-615
-567
-581
-609
-614
-568
-487
-410
-341
-268
-177
-56
98
269
441
615
782
918
1011
1056
1073
1098
1160
1278
1449
1686
1968
2255
2454
2419
2065
1416
625
-104
-631
-942
-1132
-1283
-1408
-1443
-1300
-960
-477
33
457
720
791
700
508
292
102
-49
-199
-388
-619
-847
-992
-997
-876
-695
-542
-472
-481
-540
-603
-643
-662
-681
-729
-792
-857
-885
-846
-750
-634
-550
-525
-554
-598
-612
-587
-529
-455
-374
-276
-149
-1
171
359
552
738
897
1010
1073
1113
1171
1270
1414
1595
1803
2042
2280
2415
2309
1874
1171
395
-256
-684
-934
-1117
-1300
-1447
-1452
-1245
-842
-350
115
463
666
730
674
540
376
216
57
-123
-343
-581
-781
-881
-866
-771
-657
-569
-522
-509
-524
-559
-600
-644
-686
-724
-770
-810
-822
-787
-705
-612
-543
-518
-525
-536
-534
-527
-515
-490
-429
-310
-145
27
188
342
508
692
862
988
1057
1103
1177
1306
1491
1707
1926
2139
2320
2386
2217
1750
1061
329
-279
-687
-949
-1160
-1355
-1489
-1470
-1239
-845
-391
27
354
560
647
631
537
401
257
98
-94
-316
-536
-711
-801
-801
-750
-692
-655
-652
-675
-713
-739
-738
-714
-682
-679
-701
-712
-690
-621
-531
-474
-461
-478
-493
-491
-474
-453
-432
-391
-313
-199
-66
75
223
387
575
770
938
1072
1176
1273
1392
1548
1749
1985
2232
2416
2424
2157
1606
887
181
-373
-744
-1003
-1229
-1441
-1577
-1546
-1305
-894
-416
22
349
540
607
583
515
432
339
215
19
-240
-517
-740
-855
-863
-814
-773
-778
-825
-875
-895
-861
-787
-717
-680
-681
-703
-703
-657
-580
-503
-461
-462
-492
-517
-524
-511
-473
-413
-327
-210
-83
42
168
315
492
688
880
1049
1185
1311
1455
1628
1830
2066
2320
2544
2635
2466
1979
1266
514
-105
-530
-814
-1070
-1333
-1548
-1622
-1478
-1139
-688
-226
160
418
544
581
567
537
491
402
241
1
-275
-529
-708
-807
-851
-873
-899
-938
-994
-1051
-1081
-1058
-980
-862
-744
-665
-617
-579
-533
-470
-420
-399
-402
-424
-448
-460
-458
-433
-363
-250
-110
37
174
308
462
645
841
1030
1194
1344
1506
1700
1928
2192
2462
2676
2746
2558
2070
1375
641
28
-402
-709
-995
-1291
-1543
-1643
-1508
-1174
-736
-305
40
275
417
496
535
552
549
490
354
135
-130
-380
-574
-702
-796
-884
-972
-1067
-1157
-1218
-1228
-1175
-1069
-938
-815
-717
-638
-554
-457
-363
-301
-281
-295
-322
-345
-357
-361
-343
-299
-222
-115
8
148
307
490
687
884
1067
1238
1416
1613
1839
2101
2379
2625
2743
2613
2195
1569
898
328
-89
-428
-780
-1158
-1495
-1673
-1620
-1362
-999
-626
-301
-42
171
348
487
586
647
658
597
453
234
-24
-279
-509
-715
-904
-1088
-1265
-1416
-1524
-1560
-1524
-1428
-1295
-1142
-981
-813
-651
-507
-387
-301
-245
-221
-223
-238
-250
-243
-210
-153
-89
-25
55
163
305
475
661
851
1042
1234
1438
1670
1938
2245
2549
2753
2735
2434
1905
1295
743
312
-46
-425
-861
-1294
-1609
-1717
-1616
-1378
-1090
-813
-562
-330
-106
105
297
468
603
673
659
551
377
175
-35
-247
-476
-743
-1038
-1327
-1558
-1689
-1717
-1675
-1585
-1467
-1326
-1153
-952
-746
-549
-379
-250
-167
-129
-118
-107
-75
-24
35
87
128
163
220
305
417
553
700
856
1035
1252
1517
1836
2177
2470
2609
2512
2196
1753
1300
907
561
194
-230
-690
-1107
-1392
-1505
-1478
-1361
-1207
-1038
-853
-637
-402
-157
93
324
515
640
681
640
541
404
242
35
-235
-558
-892
-1190
-1420
-1575
-1674
-1725
-1717
-1647
-1524
-1366
-1191
-1009
-826
-644
-480
-336
-214
-97
23
142
246
320
366
401
435
482
541
613
700
808
951
1135
1381
1687
2005
2249
2322
2186
1894
1548
1234
972
712
389
-5
-413
-747
-943
-1008
-994
-955
-913
-873
-811
-710
-571
-398
-198
-1
175
304
376
411
413
381
305
153
-82
-371
-663
-922
-1136
-1314
-1467
-1576
-1629
-1618
-1556
-1455
-1328
-1189
-1031
-872
-717
-564
-411
-243
-68
96
236
349
446
539
638
733
818
884
940
1014
1125
1294
1513
1738
1879
1865
1692
1429
1165
954
780
578
301
-40
-369
-615
-749
-792
-794
-789
-784
-762
-708
-608
-472
-312
-145
4
117
187
226
247
247
208
107
-51
-237
-420
-580
-723
-856
-981
-1095
-1178
-1223
-1240
-1232
-1199
-1139
-1057
-955
-838
-700
-538
-354
-153
46
237
412
571
719
847
967
1082
1181
1264
1339
1430
1563
1740
1912
1999
1943
1754
1503
1271
1094
937
738
476
176
-104
-305
-421
-472
-489
-494
-489
-476
-453
-413
-346
-245
-125
-7
86
154
208
255
291
279
209
94
-44
-181
-325
-474
-632
-785
-914
-1006
-1069
-1108
-1125
-1115
-1077
-1014
-938
-839
-720
-576
-410
-247
-91
58
210
363
514
655
776
890
990
1076
1163
1255
1366
1485
1560
1543
1409
1204
991
818
677
526
332
93
-146
-344
-482
-570
-631
-678
-713
-728
-720
-691
-638
-561
-469
-374
-291
-227
-180
-147
-129
-136
-172
-226
-282
-334
-384
-439
-514
-590
-656
-704
-732
-756
-786
-818
-842
-853
-846
-814
-757
-670
-560
-434
-298
-149
15
186
359
511
638
743
831
909
968
1007
1032
1050
1063
1053
1000
906
786
676
589
511
418
296
156
26
-69
-136
-183
-234
-289
-334
-363
-376
-374
-360
-338
-317
-300
-299
-305
-310
-301
-281
-258
-245
-249
-258
-262
-257
-253
-253
-261
-273
-290
-311
-333
-354
-361
-351
-332
-306
-276
-235
-180
-124
-70
-22
22
65
113
164
209
250
294
344
399
452
503
554
605
652
682
682
657
613
560
506
449
380
303
226
163
117
79
49
19
-10
-31
-36
-35
-33
-40
-60
-88
-121
-147
-158
-160
-165
-172
-183
-197
-207
-206
-199
-190
-179
-164
-147
-131
-121
-113
-103
-90
-68
-45
-37
-42
-56
-75
-84
-81
-73
-63
-47
-26
-2
25
50
73
97
125
152
175
191
197
197
199
207
218
234
252
269
278
286
287
285
278
264
242
210
168
118
64
12
-36
-76
-107
-130
-147
-157
-164
-167
-166
-166
-169
-174
-182
-194
-215
-242
-271
-303
-331
-354
-371
-378
-383
-385
-378
-363
-337
-304
-265
-232
-204
-181
-166
-156
-149
-147
-151
-153
-155
-157
-159
-157
-148
-133
-108
-79
-47
-18
9
32
51
67
81
86
87
80
61
40
17
-4
-26
-46
-59
-68
-72
-71
-70
-66
-66
-72
-78
-90
-102
-116
-134
-153
-174
-192
-203
-208
-209
-206
-198
-191
-178
-164
-151
-141
-137
-138
-142
-150
-153
-156
-159
-160
-156
-145
-129
-103
-73
-44
-15
18
47
74
95
109
118
120
118
115
112
112
113
118
127
137
147
162
178
194
208
218
229
239
243
240
231
207
177
149
126
109
91
70
46
24
14
14
28
44
60
75
84
90
96
97
92
81
61
40
18
-7
-26
-38
-43
-37
-26
-13
3
19
33
47
57
68
77
81
87
95
99
103
105
112
119
130
145
158
168
175
179
181
183
185
184
180
172
160
151
137
124
116
109
106
102
101
98
94
89
89
89
90
84
74
58
39
24
8
-7
-21
-40
-51
-54
-53
-44
-31
-18
0
15
25
32
30
26
17
7
-6
-26
-51
-75
-100
-114
-122
-131
-133
-135
-130
-118
-102
-83
-67
-51
-40
-29
-25
-21
-20
-25
-26
-24
-25
-27
-30
-32
-28
-17
-7
5
15
23
29
28
23
19
16
9
1
-6
-17
-22
-23
-25
-25
-24
-19
-14
-11
-8
-11
-14
-18
-23
-24
-26
-26
-24
-22
-20
-19
-18
-11
3
15
24
30
34
37
39
36
29
18
5
-11
-35
-61
-83
-101
-116
-123
-122
-119
-113
-100
-86
-66
-45
-29
-15
-5
-2
-3
-8
-18
-27
-36
-45
-56
-69
-80
-87
-93
-93
-88
-79
-69
-61
-53
-48
-46
-46
-46
-48
-49
-52
-58
-64
-65
-62
-54
-47
-35
-25
-18
-8
0
5
12
20
28
36
41
42
44
45
42
42
39
37
37
36
35
36
35
30
26
23
17
13
6
1
-1
-3
-5
-7
-5
-5
-6
-6
-1
6
18
25
32
36
33
27
19
5
-9
-25
-36
-47
-58
-63
-65
-63
-61
-53
-40
-29
-17
-6
4
13
19
27
34
36
40
42
38
33
28
26
27
28
32
36
40
50
61
70
78
83
87
85
74
61
49
36
23
11
-1
-16
-27
-32
-26
-16
-6
8
21
31
41
46
49
48
46
41
35
27
17
7
4
-2
-9
-15
-16
-19
-23
-23
-24
-23
-25
-28
-23
-21
-22
-23
-24
-22
-21
-20
-18
-14
-7
-5
-3
-1
3
13
19
28
34
33
29
23
20
18
16
15
13
14
11
8
7
5
5
7
4
-2
-10
-20
-31
-40
-48
-53
-59
-62
-63
-65
-62
-54
-37
-18
-3
11
21
28
31
31
27
19
5
-9
-21
-39
-53
-63
-67
-65
-58
-49
-36
-23
-15
0
14
27
44
55
64
66
66
62
52
42
31
19
12
6
1
-2
-3
-3
3
9
15
21
22
20
19
17
13
4
-7
-19
-29
-39
-46
-47
-52
-54
-55
-58
-56
-56
-53
-54
-52
-46
-45
-41
-34
-31
-28
-23
-14
-7
2
6
12
18
16
14
10
5
0
-4
-6
-13
-21
-29
-34
-34
-32
-25
-17
-9
-1
13
25
36
45
50
53
57
56
48
35
18
0
-16
-30
-45
-57
-68
-73
-68
-60
-53
-43
-40
-37
-34
-37
-42
-49
-57
-67
-79
-88
-97
-106
-111
-115
-115
-107
-100
-90
-76
-64
-51
-40
-33
-30
-27
-20
-18
-17
-19
-25
-32
-44
-51
-55
-57
-58
-60
-55
-50
-42
-32
-28
-23
-21
-18
-18
-18
-18
-20
-17
-17
-11
-1
2
7
11
12
16
17
18
11
4
-1
-8
-15
-23
-29
-37
-44
-47
-48
-46
-45
-36
-31
-28
-24
-19
-18
-21
-22
-23
-24
-23
-26
-31
-31
-28
-23
-15
-9
-2
8
19
30
41
51
58
63
67
65
57
46
31
19
8
2
-6
-10
-14
-12
-2
8
20
32
45
52
60
67
70
76
77
77
74
68
64
60
56
54
51
51
51
55
61
68
73
76
76
74
71
68
64
60
52
47
41
38
38
37
43
47
57
65
73
78
84
88
89
89
84
81
79
78
80
81
86
87
92
99
101
105
110
114
119
119
119
114
110
106
101
94
84
81
80
80
83
90
97
106
115
126
135
141
146
148
145
137
126
113
98
84
68
56
43
32
26
22
23
25
30
35
39
47
51
54
55
54
51
46
43
40
37
35
33
35
37
43
52
57
61
67
69
68
65
58
54
49
45
40
37
34
32
31
31
31
35
39
44
49
54
54
52
50
44
37
27
16
8
3
-3
-4
-4
-2
4
12
25
33
39
46
50
50
44
35
21
3
-15
-32
-47
-64
-74
-78
-80
-75
-70
-60
-49
-40
-29
-20
-13
-8
-3
-5
-10
-19
-27
-33
-44
-49
-54
-55
-54
-53
-49
-44
-39
-36
-36
-35
-38
-37
-39
-44
-45
-44
-42
-41
-37
-38
-37
-32
-32
-30
-30
-33
-33
-33
-36
-43
-49
-55
-61
-63
-66
-73
-74
-71
-68
-59
-50
-42
-34
-27
-19
-18
-20
-28
-36
-46
-60
-72
-86
-98
-104
-108
-106
-100
-89
-78
-63
-49
-37
-23
-16
-10
-3
-4
-10
-16
-24
-36
-47
-59
-72
-79
-87
-89
-85
-84
-77
-68
-61
-53
-44
-37
-32
-30
-29
-29
-31
-36
-41
-41
-43
-45
-45
-47
-50
-49
-46
-48
-47
-47
-48
-49
-50
-51
-51
-51
-53
-52
-52
-51
-47
-44
-41
-33
-27
-25
-23
-24
-31
-35
-41
-50
-55
-62
-66
-69
-69
-64
-57
-52
-45
-36
-27
-19
-11
-9
-6
-5
-9
-11
-19
-26
-33
-46
-53
-60
-67
-71
-72
-69
-64
-55
-45
-33
-18
-5
7
19
25
28
30
29
27
22
15
10
6
1
-4
-9
-9
-10
-10
-7
-8
-8
-4
-5
-2
0
0
-2
-6
-5
-4
-3
-4
-2
-1
2
5
9
10
14
16
13
10
4
-2
-4
-8
-11
-14
-16
-14
-9
-6
-3
3
9
14
19
18
14
13
13
10
7
4
-1
-4
-6
-7
-3
0
3
13
20
28
40
50
59
67
70
69
65
60
53
41
30
20
11
5
0
-5
-6
-5
-4
-3
-6
-3
-1
0
1
-2
0
-3
-7
-6
-7
-10
-11
-9
-8
-8
-5
-3
-1
4
4
1
1
-4
-8
-10
-14
-15
-17
-20
-19
-19
-15
-10
-7
2
7
14
21
24
28
33
33
34
33
33
35
36
34
34
35
36
36
36
39
42
44
45
49
46
44
42
35
29
18
9
1
-8
-15
-20
-22
-23
-22
-17
-17
-14
-7
-7
-2
0
0
1
0
5
7
8
10
12
14
14
19
22
21
24
23
19
15
15
14
13
10
7
3
-1
-2
0
2
4
11
17
23
30
38
47
51
54
59
55
52
52
45
39
32
26
19
15
13
8
5
7
7
8
9
11
14
13
14
13
11
8
4
-2
-10
-17
-21
-25
-27
-27
-23
-17
-12
-5
4
9
17
25
29
30
33
29
24
23
20
18
14
11
10
8
7
6
5
7
8
7
5
5
4
4
2
2
2
5
7
7
8
13
17
20
21
23
25
24
22
21
15
8
1
-5
-10
-17
-24
-27
-31
-30
-27
-28
-25
-22
-17
-12
-10
-8
-10
-11
-11
-15
-23
-27
-32
-34
-36
-38
-37
-32
-27
-19
-12
-5
3
8
12
12
12
11
5
1
-6
-16
-21
-24
-27
-29
-31
-30
-27
-20
-15
-9
-4
2
8
13
15
16
20
18
17
14
12
8
7
5
0
-3
-6
-7
-9
-8
-9
-13
-14
-16
-19
-21
-24
-23
-23
-24
-22
-23
-24
-21
-16
-18
-16
-14
-13
-14
-14
-11
-12
-14
-16
-15
-15
-16
-15
-12
-12
-13
-9
-6
-2
3
9
12
13
13
9
6
2
-4
-5
-12
-14
-10
-7
-1
6
12
21
25
29
33
39
42
41
39
41
39
34
32
27
25
21
14
8
5
5
2
4
6
10
14
17
22
27
28
27
28
28
26
25
20
17
11
6
1
-4
-5
-4
-1
-2
-3
-2
-1
-3
-4
-2
-4
-6
-6
-9
-9
-8
-9
-9
-12
-15
-16
-16
-18
-18
-19
-21
-22
-20
-19
-19
-16
-14
-11
-3
-1
4
8
12
18
23
21
21
23
20
19
15
13
12
8
6
6
4
5
6
11
14
17
24
30
31
36
43
43
46
45
38
36
32
24
18
11
1
-3
-9
-15
-20
-22
-21
-23
-23
-17
-14
-11
-9
-9
-8
-10
-10
-12
-15
-19
-23
-25
-31
-31
-33
-37
-33
-34
-36
-34
-35
-32
-27
-25
-21
-16
-14
-11
-9
-7
-2
-3
0
4
1
0
3
-1
-4
-7
-8
-6
-5
-6
-4
-1
0
4
6
5
6
8
9
7
8
10
12
12
12
11
8
4
0
-5
-8
-16
-17
-21
-27
-26
-23
-19
-16
-13
-9
-5
-1
1
3
1
3
4
2
0
-4
-7
-9
-14
-16
-18
-19
-20
-19
-17
-15
-13
-11
-6
-5
-4
-3
2
4
7
8
6
7
7
3
2
-1
-2
0
-3
-4
-4
-2
0
-1
-2
0
3
4
6
6
6
7
9
7
6
8
9
7
4
3
2
1
0
1
0
-1
-1
-2
-6
-7
-6
-5
-7
-5
1
3
6
10
13
13
12
12
10
10
8
4
3
-1
-2
-1
-1
0
1
2
1
3
5
11
15
16
19
20
20
21
21
22
19
20
17
12
10
9
7
7
4
4
3
0
-4
-3
-4
-7
-6
-6
-8
-8
-7
-6
-4
-4
-2
-2
-2
-1
1
1
1
1
-2
-3
-4
-5
-6
-6
-5
-4
-4
-1
0
1
5
6
7
10
11
12
11
10
6
4
0
-4
-6
-11
-13
-15
-15
-15
-17
-14
-12
-12
-11
-10
-10
-8
-5
-2
0
-1
-1
-1
-3
-4
-5
-3
-3
0
4
4
4
7
7
8
10
8
9
9
7
7
6
7
7
9
11
12
12
14
16
17
17
17
16
14
13
13
8
6
5
2
3
1
0
-3
-2
-1
1
-2
-1
2
3
3
0
0
-2
-6
-5
-7
-8
-6
-4
-4
-2
0
1
2
2
2
4
5
7
9
9
12
13
12
15
16
15
14
15
14
13
11
8
6
6
2
0
0
-4
-4
-7
-11
-9
-9
-10
-9
-9
-10
-13
-15
-16
-16
-13
-10
-9
-7
-5
-2
-1
0
2
4
2
1
0
-3
-2
-4
-5
-6
-8
-11
-5
-1
1
5
10
13
15
12
7
3
0
2
3
0
0
-3
-7
-12
-16
-15
-14
-13
-7
-4
-4
-2
0
0
1
2
0
-4
-3
0
3
6
11
14
11
5
-1
-9
-11
-12
-11
-7
-8
-7
-5
-4
-3
0
4
7
9
10
13
14
17
21
23
24
24
18
10
2
-6
-14
-20
-21
-23
-22
-20
-20
-15
-9
-4
1
8
12
12
13
9
2
-1
-4
-8
-12
-16
-20
-22
-19
-19
-13
-12
-15
-10
-7
-5
-2
-3
-2
-3
-2
-1
1
2
4
7
8
8
11
11
9
10
8
6
5
0
-4
-8
-14
-17
-18
-17
-18
-17
-20
-18
-12
-7
1
7
12
19
21
22
22
18
15
11
8
2
-2
-8
-9
-8
-8
-2
2
5
11
14
18
21
26
30
34
37
36
31
25
15
8
5
3
3
2
0
-3
-4
0
6
7
8
7
4
6
9
14
17
16
13
11
8
5
6
4
1
2
5
8
13
17
16
13
10
4
-6
-16
-24
-33
-43
-46
-49
-50
-47
-41
-34
-22
-8
3
13
20
22
20
14
3
-10
-23
-29
-30
-30
-27
-28
-31
-32
-29
-20
-8
-1
6
10
11
12
17
17
17
13
7
2
-4
-3
-2
-1
-3
-3
-9
-22
-29
-32
-31
-24
-18
-11
-3
-3
-2
-4
-8
-9
-15
-18
-19
-17
-8
6
21
36
50
55
53
37
20
9
17
37
50
30
-57
-197
-342
-428
-410
-272
-60
144
284
319
263
180
119
116
178
270
321
289
150
-107
-398
-615
-682
-547
-249
90
338
400
264
27
-167
-216
-90
152
385
493
429
216
-59
-283
-387
-354
-229
-99
-28
-51
-152
-260
-303
-250
-112
56
187
243
219
158
103
97
132
174
187
148
68
-17
-72
-73
-26
34
76
75
28
-34
-77
-71
-19
60
121
128
72
-26
-112
-141
-103
-5
106
186
225
231
215
202
180
120
27
-89
-201
-266
-271
-229
-165
-108
-87
-87
-83
-69
-33
30
87
122
135
125
101
90
94
104
108
95
61
17
-24
-48
-54
-45
-35
-34
-42
-53
-60
-54
-25
11
41
55
51
34
14
6
9
17
26
25
16
7
-4
-3
7
14
24
28
22
12
3
0
1
3
2
-4
-16
-27
-32
-26
-23
-16
-9
-3
4
10
18
28
33
31
22
16
6
-3
-7
-10
-12
-11
-10
-11
-8
-7
-4
5
13
21
29
29
17
2
-8
-19
-22
-22
-19
-7
9
20
18
-14
-76
-148
-208
-241
-238
-208
-172
-144
-127
-117
-97
-63
-16
42
93
124
134
128
108
88
79
83
97
103
92
49
-21
-92
-140
-154
-137
-103
-78
-78
-96
-108
-96
-47
24
89
135
148
128
93
54
11
-25
-48
-58
-54
-35
-17
-8
-9
-24
-42
-47
-34
3
56
106
144
168
179
187
182
161
130
87
28
-24
-57
-73
-78
-85
-98
-113
-115
-94
-44
26
83
101
67
-13
-104
-166
-184
-152
-101
-54
-20
-11
-11
-2
10
28
61
106
149
185
197
171
117
45
-27
-68
-87
-91
-86
-83
-90
-103
-109
-104
-88
-61
-30
-4
13
26
46
70
93
112
125
125
118
111
106
105
104
107
109
102
85
65
42
17
3
-2
-4
-6
-19
-40
-64
-85
-86
-68
-36
-10
3
8
2
-4
3
21
31
39
41
36
34
29
23
16
2
-10
-15
-17
-25
-30
-36
-46
-53
-51
-48
-45
-42
-44
-45
-37
-25
-20
-17
-18
-18
-12
-7
-9
-15
-29
-32
-17
7
40
62
58
33
3
-7
6
32
54
53
29
-7
-31
-27
4
43
74
82
65
31
-4
-28
-38
-26
-7
10
15
4
-23
-53
-77
-80
-59
-27
0
16
12
-4
-20
-20
5
40
67
75
65
39
11
-5
-11
-12
-13
-20
-32
-43
-48
-49
-41
-29
-20
-11
-6
-3
-6
-12
-19
-25
-27
-29
-35
-47
-67
-81
-83
-70
-45
-19
-7
-21
-52
-79
-90
-74
-40
-6
15
16
-8
-39
-58
-52
-19
24
55
54
24
-25
-69
-80
-50
-1
47
60
27
-28
-78
-101
-81
-34
14
39
31
-1
-32
-42
-23
18
55
68
55
17
-21
-33
-24
7
38
46
24
-22
-72
-106
-111
-88
-58
-41
-51
-82
-117
-135
-127
-96
-57
-37
-43
-71
-105
-116
-91
-44
6
34
25
-7
-47
-73
-69
-45
-9
13
14
-8
-40
-63
-66
-48
-24
-2
10
10
1
-17
-40
-56
-60
-52
-37
-25
-16
-18
-30
-41
-51
-52
-44
-34
-29
-26
-29
-35
-34
-30
-26
-20
-15
-14
-14
-15
-11
0
13
27
38
45
44
43
37
33
35
41
51
61
65
59
48
38
29
31
35
36
40
39
41
51
62
67
71
77
87
101
112
120
121
111
95
79
68
56
39
18
-8
-31
-35
-20
6
23
27
14
-3
3
39
100
168
219
236
219
185
162
169
208
257
290
289
254
208
170
150
150
166
178
180
182
185
201
232
272
312
345
372
392
412
438
470
510
549
580
589
578
557
541
535
553
582
605
601
568
520
472
448
447
463
475
467
439
402
385
397
438
488
524
532
513
485
466
472
498
522
530
507
457
404
363
340
336
336
316
271
205
135
75
34
12
-4
-25
-65
-115
-161
-196
-212
-214
-217
-234
-268
-315
-362
-391
-390
-372
-357
-366
-403
-467
-537
-592
-619
-622
-627
-651
-699
-773
-847
-892
-897
-874
-849
-843
-868
-913
-956
-978
-973
-950
-933
-948
-987
-1045
-1100
-1133
-1135
-1118
-1099
-1088
-1095
-1114
-1131
-1126
-1102
-1062
-1009
-960
-923
-899
-875
-847
-807
-752
-690
-629
-574
-534
-508
-481
-451
-412
-362
-317
-279
-257
-242
-227
-198
-159
-124
-106
-119
-166
-233
-298
-346
-378
-400
-427
-472
-526
-573
-585
-551
-474
-369
-257
-162
-84
-9
73
181
315
456
582
680
754
815
875
948
1030
1115
1195
1258
1300
1330
1354
1380
1416
1451
1477
1473
1431
1357
1254
1140
1032
924
810
681
534
374
222
95
1
-56
-92
-137
-197
-265
-333
-378
-389
-378
-370
-375
-408
-469
-537
-586
-610
-612
-605
-613
-652
-719
-795
-864
-909
-938
-961
-990
-1035
-1091
-1143
-1179
-1185
-1158
-1105
-1039
-974
-918
-870
-819
-751
-663
-560
-457
-357
-271
-191
-111
-25
68
158
234
290
323
344
363
380
395
404
401
389
376
372
376
382
383
377
366
355
346
340
333
324
319
321
340
386
450
519
583
629
654
670
689
715
746
767
757
714
642
550
457
373
293
204
93
-46
-212
-376
-520
-636
-723
-805
-896
-994
-1095
-1179
-1222
-1215
-1165
-1087
-993
-898
-795
-680
-542
-381
-211
-50
83
166
191
167
106
24
-71
-182
-307
-442
-582
-704
-800
-867
-899
-904
-895
-875
-836
-786
-718
-633
-538
-429
-301
-159
-3
165
338
515
690
859
1020
1164
1282
1367
1416
1434
1430
1421
1414
1418
1427
1435
1436
1423
1401
1383
1372
1374
1380
1376
1351
1307
1250
1194
1157
1152
1175
1223
1277
1328
1370
1398
1419
1442
1465
1484
1484
1457
1397
1304
1198
1091
999
921
850
784
714
648
592
559
557
570
592
612
618
616
608
601
599
600
597
588
568
538
509
502
532
604
719
856
993
1116
1208
1274
1316
1337
1346
1341
1311
1250
1158
1032
892
752
612
481
340
183
15
-154
-309
-442
-548
-638
-723
-809
-904
-1011
-1134
-1278
-1448
-1648
-1883
-2160
-2484
-2840
-3212
-3578
-3911
-4188
-4393
-4522
-4573
-4562
-4496
-4379
-4217
-4009
-3752
-3467
-3170
-2873
-2593
-2333
-2077
-1823
-1557
-1277
-991
-710
-449
-213
3
209
415
632
854
1062
1253
1423
1574
1715
1855
1991
2108
2201
2250
2254
2225
2170
2100
2026
1941
1850
1744
1619
1475
1319
1166
1022
894
783
678
574
468
358
254
166
95
46
14
-11
-42
-82
-135
-192
-243
-284
-311
-328
-345
-367
-392
-411
-413
-390
-338
-265
-184
-97
-25
38
101
162
228
297
357
402
421
406
372
329
283
248
215
178
124
52
-35
-121
-188
-228
-240
-238
-237
-243
-253
-257
-236
-183
-98
11
126
239
337
417
494
570
651
731
793
825
822
796
762
737
728
734
742
743
727
706
693
695
721
759
793
805
787
737
668
601
541
499
470
439
408
374
343
333
348
381
430
475
507
523
529
538
556
577
599
612
614
605
588
573
567
563
560
559
554
538
513
484
450
417
382
341
297
246
186
123
59
-6
-75
-136
-199
-252
-306
-364
-416
-470
-527
-582
-640
-699
-754
-804
-846
-881
-914
-942
-967
-991
-1008
-1019
-1027
-1028
-1033
-1037
-1039
-1038
-1025
-1005
-982
-954
-932
-913
-897
-881
-860
-835
-806
-781
-758
-735
-708
-679
-642
-600
-552
-501
-450
-396
-337
-279
-225
-170
-116
-62
-4
51
102
153
194
232
266
297
317
335
345
344
338
325
303
283
259
232
202
175
143
108
70
30
-10
-48
-87
-123
-160
-194
-229
-269
-307
-339
-370
-401
-427
-461
-496
-531
-568
-599
-627
-651
-669
-683
-698
-706
-711
-710
-697
-676
-644
-607
-564
-516
-466
-411
-353
-295
-237
-178
-116
-60
-11
30
63
89
117
143
172
201
218
232
244
254
275
303
335
369
400
423
439
449
460
467
472
476
466
442
408
372
340
319
312
309
311
312
313
315
321
335
354
375
392
407
415
416
416
418
420
424
432
430
412
382
342
304
273
246
229
213
198
183
169
163
172
189
206
217
207
183
145
95
46
3
-37
-75
-119
-169
-216
-263
-303
-332
-355
-375
-392
-408
-418
-421
-413
-401
-387
-372
-363
-356
-350
-348
-343
-339
-335
-332
-335
-342
-355
-370
-383
-399
-415
-427
-438
-448
-459
-470
-482
-494
-508
-525
-542
-560
-579
-599
-627
-652
-675
-704
-726
-746
-764
-777
-787
-795
-803
-812
-820
-825
-829
-830
-834
-838
-844
-856
-872
-886
-901
-913
-921
-928
-935
-942
-951
-954
-950
-938
-917
-893
-865
-837
-804
-767
-723
-672
-617
-560
-505
-459
-416
-372
-327
-278
-227
-171
-116
-60
-7
46
101
160
227
288
346
398
437
469
495
514
531
539
538
530
514
495
472
450
433
417
401
383
364
344
325
314
306
303
302
302
298
291
289
287
285
290
291
291
291
292
289
284
283
284
288
293
296
297
299
300
300
300
304
309
310
308
298
285
271
256
241
224
205
180
151
123
98
73
53
33
14
-3
-19
-32
-37
-43
-39
-32
-30
-27
-25
-22
-16
-8
5
14
23
34
43
50
55
61
63
65
66
65
69
78
84
97
112
125
142
161
177
192
210
225
240
250
259
269
276
281
286
287
285
285
282
277
274
271
266
261
257
254
249
244
239
238
242
242
243
245
241
238
236
234
229
226
218
209
201
191
182
172
162
155
144
131
120
108
96
83
72
62
48
34
25
14
2
-5
-11
-18
-22
-27
-32
-38
-47
-50
-52
-55
-56
-60
-62
-63
-64
-63
-66
-64
-63
-63
-66
-69
-71
-74
-73
-73
-71
-70
-73
-71
-70
-70
-67
-65
-65
-66
-66
-68
-71
-74
-73
-73
-74
-74
-75
-75
-73
-72
-68
-63
-60
-59
-57
-57
-59
-58
-57
-56
-55
-55
-54
-52
-52
-53
-51
-53
-54
-57
-64
-67
-72
-78
-82
-87
-87
-90
-91
-94
-94
-93
-94
-91
-87
-82
-82
-83
-82
-78
-74
-69
-64
-61
-60
-58
-56
-55
-53
-51
-50
-49
-45
-44
-41
-37
-38
-34
-28
-29
-28
-25
-26
-25
-23
-20
-15
-11
-5
-1
1
4
7
8
11
12
16
23
28
34
39
39
45
51
48
51
58
58
61
63
65
64
65
69
69
69
68
65
63
61
57
57
59
58
59
59
56
55
54
54
56
55
56
53
46
39
32
26
22
15
10
5
-3
-11
-14
-19
-24
-25
-28
-32
-34
-38
-40
-39
-38
-40
-39
-39
-40
-38
-39
-42
-40
-37
-34
-30
-24
-20
-18
-16
-15
-12
-7
-4
-2
-2
-4
-5
-8
-10
-12
-11
-9
-13
-16
-17
-23
-26
-29
-31
-33
-34
-35
-38
-37
-39
-41
-40
-41
-40
-35
-35
-35
-33
-32
-32
-28
-23
-20
-18
-19
-19
-17
-16
-15
-10
-7
-3
5
13
18
26
34
41
46
51
57
61
64
68
71
77
82
86
87
86
82
78
76
75
72
73
75
70
70
67
61
59
56
50
44
37
28
22
16
8
5
-4
-16
-25
-35
-44
-53
-61
-66
-74
-79
-86
-95
-104
-110
-118
-123
-127
-134
-139
-140
-146
-149
-152
-157
-162
-167
-169
-171
-173
-175
-177
-177
-176
-179
-180
-181
-182
-179
-179
-180
-178
-172
-169
-167
-163
-160
-159
-153
-145
-138
-130
-119
-110
-100
-86
-68
-52
-35
-21
-4
11
26
42
54
73
87
103
117
129
149
164
178
193
202
214
222
229
237
243
249
254
258
260
261
262
260
262
263
262
263
257
250
243
232
221
206
190
177
162
146
130
116
98
79
62
40
17
-7
-30
-53
-76
-97
-118
-139
-159
-177
-196
-215
-233
-249
-263
-277
-289
-297
-306
-312
-317
-318
-319
-317
-317
-310
-296
-285
-271
-257
-241
-226
-213
-196
-181
-166
-150
-133
-117
-98
-83
-69
-51
-37
-16
1
18
36
52
67
82
102
117
133
152
166
183
198
211
224
236
249
256
266
275
285
295
302
307
314
320
323
327
329
332
335
337
336
334
332
330
326
322
320
318
313
309
306
306
305
303
301
297
294
291
285
281
277
273
269
264
259
255
252
246
243
239
232
227
222
218
213
208
203
199
190
185
183
179
177
175
170
166
163
161
158
153
149
145
141
139
137
135
133
128
126
126
122
121
120
117
114
115
110
104
106
103
101
98
96
93
87
85
83
78
75
70
63
55
51
48
40
36
29
22
15
6
-1
-8
-15
-20
-24
-33
-39
-43
-52
-57
-64
-71
-75
-79
-83
-87
-90
-95
-99
-103
-106
-110
-112
-114
-119
-123
-127
-129
-130
-136
-136
-140
-144
-151
-156
-158
-162
-162
-165
-164
-164
-167
-167
-166
-167
-167
-164
-162
-159
-154
-153
-148
-146
-143
-141
-139
-139
-138
-137
-139
-138
-138
-140
-137
-134
-132
-133
-129
-129
-131
-129
-134
-139
-141
-146
-152
-156
-161
-167
-171
-175
-182
-188
-191
-195
-196
-197
-198
-198
-197
-199
-199
-200
-199
-197
-195
-191
-188
-185
-182
-180
-178
-176
-174
-172
-166
-163
-159
-155
-150
-144
-142
-135
-129
-124
-118
-114
-106
-102
-98
-92
-89
-86
-83
-81
-79
-78
-76
-78
-75
-76
-80
-80
-79
-78
-80
-79
-79
-82
-78
-77
-75
-71
-71
-72
-69
-66
-64
-61
-60
-60
-57
-58
-55
-52
-51
-49
-50
-48
-45
-44
-42
-38
-38
-36
-33
-32
-28
-25
-25
-24
-22
-18
-17
-13
-11
-8
-5
-3
-2
2
7
9
15
19
21
25
29
31
36
37
39
39
38
37
35
34
32
31
32
29
29
28
29
28
32
33
34
36
37
37
37
39
42
42
42
43
42
42
40
39
41
41
42
42
42
42
44
45
44
44
44
44
46
48
50
55
56
60
64
64
67
68
67
69
66
64
64
60
59
58
55
52
48
44
39
33
31
29
26
23
18
13
9
7
5
6
5
4
3
3
6
6
6
6
3
5
7
6
7
10
14
13
13
15
20
21
22
24
25
27
28
31
35
38
41
43
45
44
42
44
46
47
49
48
50
49
47
46
45
47
47
43
42
39
35
33
27
23
20
16
14
12
11
11
8
8
11
13
14
15
15
16
15
15
19
19
20
24
27
29
32
34
33
34
35
36
36
36
37
38
36
36
36
35
33
33
34
37
37
37
39
41
38
40
41
40
38
35
37
37
38
39
41
42
43
40
36
33
30
27
25
24
23
19
12
11
8
4
0
-3
-4
-5
-7
-6
-3
-3
-2
-1
1
4
3
4
5
6
5
6
5
2
2
3
2
-1
-4
-5
-8
-6
-4
-6
-6
-8
-9
-9
-12
-11
-9
-13
-14
-12
-16
-13
-14
-14
-16
-17
-15
-17
-18
-17
-20
-22
-23
-26
-25
-25
-27
-27
-28
-31
-35
-35
-36
-39
-41
-40
-40
-45
-47
-47
-46
-44
-45
-42
-41
-42
-42
-39
-36
-36
-31
-30
-28
-27
-30
-28
-29
-30
-27
-26
-23
-23
-24
-26
-27
-25
-24
-24
-22
-22
-22
-24
-23
-23
-25
-26
-28
-28
-30
-32
-32
-35
-34
-35
-35
-32
-35
-35
-35
-39
-35
-32
-31
-27
-26
-24
-21
-19
-18
-14
-11
-10
-6
-3
-2
1
1
3
8
9
11
13
16
19
21
23
23
28
31
32
35
36
36
37
38
37
37
37
33
33
30
29
29
24
26
24
22
22
19
19
18
17
18
14
16
15
14
11
6
5
4
2
-1
-1
-3
-7
-5
-8
-9
-10
-15
-13
-13
-15
-15
-14
-15
-15
-12
-11
-14
-14
-16
-19
-19
-20
-25
-24
-25
-29
-27
-31
-32
-28
-30
-29
-26
-25
-24
-25
-23
-25
-22
-21
-21
-17
-18
-17
-17
-17
-13
-12
-9
-7
-5
1
0
4
6
10
13
15
20
22
20
22
23
22
22
20
16
15
13
9
7
6
4
3
2
2
2
-1
-3
-6
-8
-8
-9
-7
-10
-11
-8
-12
-14
-14
-14
-14
-14
-15
-16
-15
-18
-18
-14
-13
-11
-12
-12
-9
-7
-6
-1
0
2
3
3
7
9
8
9
10
9
7
7
6
3
2
3
1
-2
-3
-3
-2
-2
-2
-1
-2
-3
-3
-3
-3
-3
-3
-3
-4
-5
-5
-5
-5
-2
-2
-1
2
3
5
6
6
9
8
11
10
9
11
11
10
7
7
5
3
3
4
3
3
5
6
4
3
3
2
2
1
2
0
1
3
0
-1
-4
-7
-7
-9
-7
-5
-7
-5
-4
-4
-3
-4
-4
-4
-3
-3
-1
0
1
2
3
3
5
5
6
8
10
10
9
9
11
9
10
11
11
15
14
12
11
10
10
9
7
8
10
8
8
9
7
8
10
9
8
5
6
6
4
4
4
3
4
5
6
8
8
11
8
7
10
8
9
11
8
10
8
8
9
5
5
5
3
2
4
4
2
5
3
5
4
2
5
4
4
3
2
1
0
-2
-1
1
-1
1
3
1
0
-2
-1
0
-1
-3
-4
-7
-6
-7
-7
-4
-7
-6
-4
-7
-6
-4
-4
-3
-4
-4
-5
-7
-6
-6
-7
-5
-4
-5
-5
-3
-3
-4
-6
-6
-7
-9
-9
-10
-13
-10
-9
-11
-9
-9
-9
-7
-5
-4
-4
-5
-3
-2
-3
-1
0
-3
0
-1
-2
0
1
1
-2
-4
-1
-1
-2
-3
-4
-4
-3
-5
-1
0
-3
0
-2
-3
0
0
-1
-1
-1
-1
-2
-5
-3
-3
-5
-2
-1
-1
1
2
3
3
4
6
6
5
7
7
5
9
8
9
12
11
14
12
10
12
11
12
12
12
12
10
11
10
8
9
5
4
6
7
7
4
5
1
0
6
4
5
6
5
7
6
3
4
4
8
8
6
6
5
6
7
5
4
5
0
2
4
3
2
0
1
3
4
4
4
3
2
2
4
5
6
4
5
5
4
3
0
4
8
7
9
8
6
7
6
6
8
9
10
12
10
7
6
8
10
9
9
10
8
9
9
6
9
8
6
10
11
8
8
5
3
6
9
10
9
9
9
6
5
3
4
4
3
4
4
-1
-4
-4
-6
-3
-5
-5
-9
-11
-8
-11
-15
-14
-16
-18
-19
-20
-22
-25
-27
-28
-28
-26
-26
-28
-27
-27
-28
-25
-27
-25
-23
-23
-24
-24
-24
-25
-22
-18
-20
-16
-17
-17
-12
-14
-12
-8
-6
-3
-2
-1
0
1
0
0
2
4
3
3
5
3
5
8
5
8
8
8
10
9
10
8
8
11
13
14
12
10
11
10
12
12
11
12
10
9
6
3
4
-1
-3
-3
-5
-7
-9
-11
-10
-12
-11
-11
-11
-9
-9
-12
-10
-14
-14
-14
-16
-16
-17
-16
-16
-17
-19
-20
-19
-18
-16
-17
-17
-17
-15
-12
-14
-13
-9
-9
-8
-5
-7
-8
-7
-5
-2
3
1
5
8
4
6
10
8
10
10
11
13
13
11
12
11
13
14
11
15
16
17
19
19
20
16
17
18
18
20
19
18
19
21
24
23
23
22
22
22
18
19
18
17
18
18
15
16
12
12
12
10
9
8
8
9
9
5
3
-1
-1
-1
-5
-4
-5
-5
-7
-13
-10
-11
-13
-13
-16
-14
-15
-16
-17
-18
-17
-18
-19
-16
-17
-16
-15
-13
-11
-11
-10
-8
-8
-7
-8
-9
-8
-6
-4
-2
-3
-1
-4
-3
-1
-2
3
4
4
9
9
7
7
6
10
11
10
9
9
10
8
9
10
8
7
9
7
8
11
9
9
9
7
6
2
3
1
0
0
1
3
2
5
5
2
3
1
3
6
5
4
6
5
8
8
3
3
2
3
5
2
3
7
6
4
4
2
4
4
2
2
4
4
3
2
2
0
0
0
1
1
-2
-5
-4
-3
-2
-5
-11
-13
-15
-14
-14
-15
-14
-15
-14
-16
-19
-17
-20
-20
-18
-16
-18
-21
-20
-18
-19
-19
-21
-20
-21
-19
-17
-18
-16
-16
-16
-13
-12
-13
-16
-14
-12
-8
-7
-7
-4
-3
-4
-4
1
2
4
6
7
9
8
5
5
4
2
2
-1
1
4
6
6
4
5
5
3
5
6
4
7
8
9
12
9
9
10
9
10
9
7
8
10
10
10
9
9
9
8
7
8
9
9
7
7
9
7
6
4
4
4
3
6
8
7
7
8
7
4
2
0
-2
-1
-1
-3
-4
-4
-3
-3
-3
-4
-2
-3
-3
-1
-1
-1
-1
-2
-3
-2
-4
-4
-3
-1
1
-1
1
-1
-1
1
-4
-6
-2
-3
-4
1
1
0
0
-2
-2
-2
1
3
1
1
1
0
4
1
1
2
1
3
0
-1
3
3
4
6
5
2
2
1
3
0
0
4
5
6
5
3
2
0
-1
-2
-3
-4
-6
-3
-3
-7
-7
-6
-6
-6
-7
-6
-6
-6
-6
-5
-6
-2
-3
-1
1
0
1
3
6
8
8
5
4
7
7
6
9
8
8
8
10
8
7
6
4
2
0
0
0
-4
-3
-4
-5
-4
-5
-2
-4
-6
-6
-5
-6
-7
-7
-5
-5
-7
-5
-6
-6
-4
-6
-4
-2
-3
-3
-3
-1
-1
-2
3
3
4
3
5
5
5
5
4
6
3
6
6
8
9
6
9
9
8
6
8
10
9
8
9
8
4
6
6
5
5
5
4
5
4
4
5
5
2
-1
-1
-3
-5
-4
-6
-7
-6
-8
-8
-7
-9
-9
-10
-12
-11
-13
-12
-9
-11
-10
-11
-10
-7
-10
-6
-4
-6
-5
-4
-6
-2
-4
-2
-3
-3
-3
-1
1
3
1
1
2
-1
1
2
1
3
3
3
6
5
3
4
2
2
1
3
0
-2
0
-4
-4
-5
-7
-6
-10
-9
-7
-8
-6
-6
-8
-6
-8
-7
-6
-7
-4
-3
-1
0
1
0
2
3
3
2
1
2
2
2
1
-1
0
0
2
0
0
2
1
1
1
0
-1
-3
-3
-4
-5
-3
-1
-1
-3
-1
0
-1
-2
-2
-3
-5
-3
1
0
3
4
3
0
2
2
0
-1
-1
-1
-1
3
0
1
2
2
2
4
6
6
7
10
11
11
12
8
9
10
7
7
9
11
10
11
10
9
8
8
6
6
4
4
7
8
5
3
2
2
2
1
-1
-2
-1
-2
-2
-5
-6
-5
-5
-5
-7
-9
-7
-5
-5
-5
-6
-7
-4
-3
-4
-2
-1
-1
0
-2
-5
-5
-5
-7
-6
-5
-5
-3
-2
-3
-4
-3
-2
0
1
1
2
5
6
6
8
8
8
8
7
9
8
7
8
6
6
5
4
5
3
5
7
5
6
7
5
6
6
6
6
6
6
6
7
4
1
1
1
0
-1
-2
-4
-4
-4
-5
-7
-8
-7
-7
-7
-8
-11
-11
-11
-13
-11
-13
-11
-7
-4
-5
-6
-6
-4
-3
-5
-4
-4
-5
-1
-1
-4
-2
-2
-2
2
3
1
1
2
2
3
2
0
3
3
3
4
2
4
4
3
1
0
1
-1
0
0
0
1
2
3
3
2
1
2
1
1
1
1
-1
1
2
1
3
1
0
1
-1
2
3
2
3
0
0
1
0
4
4
1
0
-4
-6
-2
-4
-4
-4
-6
-6
-8
-9
-8
-8
-6
-5
-2
-3
-5
-4
-5
-4
-2
-1
2
2
4
7
6
3
3
1
0
-1
-3
1
1
2
3
-1
-1
1
3
5
2
1
3
2
4
6
5
3
3
2
2
0
-1
1
-1
-3
-1
-4
-5
-3
-4
-1
0
-1
3
4
4
3
4
4
2
5
5
4
7
7
7
10
8
7
7
9
13
12
10
11
12
11
14
11
12
14
12
12
10
10
12
8
8
9
7
4
4
