-4
-8
-6
-5
-7
-5
-6
-5
-3
-2
-1
-2
-2
-3
-5
-5
-1
-4
-6
-5
-6
-5
-2
-2
0
0
0
2
2
1
1
-1
0
-1
1
2
3
5
4
4
5
2
1
0
0
3
3
3
4
3
1
3
-1
-1
-2
-5
-6
-5
-7
-5
-5
-3
-3
-5
-2
-1
-1
-1
-2
-1
-2
-3
-2
0
0
-1
1
2
-2
-3
-2
-2
0
-4
-6
-4
-6
-5
-5
-5
-6
-7
-8
-8
-11
-10
-7
-9
-8
-7
-7
-7
-7
-6
-7
-9
-11
-13
-13
-10
-6
-5
-5
-4
-2
1
1
1
4
5
7
6
6
7
7
9
12
12
11
12
12
12
11
10
10
9
8
10
9
7
8
10
10
8
9
7
6
8
8
8
9
9
7
7
7
7
6
5
4
3
5
4
3
3
3
1
2
4
4
3
4
6
4
5
2
4
4
2
1
-2
0
-3
-5
-6
-4
-1
-1
-2
-3
-1
-1
-2
-3
-2
-2
-3
1
5
1
2
3
2
4
2
0
2
3
4
5
5
5
3
2
4
3
4
4
1
2
3
1
1
2
3
3
1
1
1
1
1
-1
-1
0
1
4
3
4
2
0
0
1
0
-3
-3
-4
-6
-5
-4
-8
-7
-6
-7
-6
-8
-9
-7
-7
-6
-4
-4
-4
-3
-3
-2
-4
-4
-4
-3
-2
-5
-5
-4
-6
-7
-4
-6
-8
-8
-4
-4
-5
-5
-5
-4
-5
-6
-7
-7
-7
-8
-3
-1
0
1
1
0
-1
-5
-7
-4
-4
-1
0
-3
0
1
0
2
-2
0
0
0
4
2
2
3
3
6
6
4
5
6
8
8
5
8
6
4
5
4
3
4
4
3
1
1
2
2
3
5
3
0
0
0
2
2
3
0
-2
0
0
-2
-4
-3
-4
-5
-3
-5
-6
-4
-2
-5
-7
-7
-6
-7
-7
-7
-5
-6
-3
-3
-4
-3
-4
-6
-5
-4
-7
-8
-4
-2
-4
-3
-2
-7
-7
-7
-9
-8
-7
-10
-11
-10
-8
-8
-12
-9
-9
-10
-8
-8
-7
-8
-5
-3
-2
-2
1
0
1
2
1
4
6
5
6
8
9
8
7
7
6
7
9
7
7
12
12
12
13
12
11
10
8
8
9
8
8
8
8
8
10
10
8
8
8
6
3
4
1
0
1
1
3
1
2
2
3
3
1
0
1
0
0
-2
-3
-1
-2
1
-1
-2
0
2
2
0
-1
2
0
-2
0
-1
-1
-2
-2
3
0
2
3
1
2
1
1
2
2
3
2
4
3
-1
1
1
0
2
2
1
1
3
5
4
6
7
6
4
4
5
4
3
3
3
1
5
4
4
2
1
-1
-5
-7
-6
-7
-7
-7
-5
-5
-8
-8
-9
-9
-7
-8
-9
-9
-10
-12
-12
-9
-10
-10
-10
-10
-10
-9
-8
-8
-10
-11
-8
-10
-12
-10
-12
-13
-10
-10
-10
-10
-7
-6
-5
-4
-5
-3
-1
-3
0
0
0
0
0
1
3
2
2
1
3
3
-1
0
2
1
1
2
2
0
0
0
1
0
0
-1
-1
0
-2
-1
-1
-1
-3
-2
-1
-2
-3
-3
-2
-2
-2
-2
-4
-2
-1
-2
-1
0
-1
-1
-1
2
3
0
2
3
1
2
1
1
2
2
3
5
3
5
3
1
2
1
3
5
8
8
7
9
9
11
10
10
9
9
12
10
9
12
10
8
8
8
6
8
7
7
8
7
6
7
8
8
8
8
8
9
9
7
8
9
9
14
14
13
15
13
10
9
8
8
5
6
4
3
3
1
1
3
2
3
2
0
-1
-1
-3
-3
-4
-4
-3
-3
-4
-3
-4
-3
-2
-2
-1
-1
-1
-2
-3
-4
-4
-5
-6
-6
-7
-7
-6
-7
-6
-5
-5
-6
-6
-7
-9
-10
-9
-8
-9
-7
-7
-8
-8
-8
-5
-5
-5
-7
-7
-5
-9
-9
-6
-5
-3
-4
-4
-4
-5
-4
-1
0
1
3
5
5
4
4
4
2
2
2
0
1
1
-2
-2
-2
-2
-3
-4
-3
-3
-3
-2
-1
1
-1
-2
-2
-3
-4
-3
-3
0
-1
0
1
-1
-2
-1
0
-1
-4
-6
-9
-11
-11
-9
-7
-5
-3
-2
-3
-5
-5
-6
-6
-4
-3
-2
0
0
0
3
0
2
0
0
1
0
-1
1
0
1
3
2
0
0
3
2
0
0
0
0
0
-2
-2
-1
-1
-3
-3
-1
-1
-3
-2
-2
-2
-2
-2
-2
-2
-3
-1
2
1
3
3
0
2
0
-4
-3
-2
-2
-2
-2
-2
-1
0
-3
-2
-1
-2
-1
-3
-6
-5
-6
-6
-4
-6
-6
-4
-5
-4
-4
-2
-1
1
1
0
1
2
3
6
7
8
8
11
11
11
11
12
13
9
6
8
9
9
10
10
13
13
11
9
9
10
8
7
7
4
5
6
7
6
5
5
7
7
6
5
5
7
5
3
7
7
3
7
6
7
11
8
9
9
9
8
9
11
11
12
8
7
7
5
4
5
4
2
1
2
0
-1
0
1
-1
-2
-1
-2
0
2
1
4
5
3
7
7
7
6
3
4
3
2
3
3
2
2
-1
-1
0
-2
0
0
0
-3
-2
-1
-3
-3
-3
-5
-3
-3
-1
-1
-2
-2
-1
-4
-7
-7
-7
-6
-8
-9
-7
-9
-8
-10
-10
-10
-11
-10
-10
-10
-9
-8
-7
-6
-7
-6
-3
-2
-2
-3
-4
0
0
-3
-1
-1
0
-2
-1
-1
-2
-1
-3
-6
-3
-4
-6
-7
-7
-8
-9
-8
-7
-9
-8
-9
-8
-7
-10
-10
-8
-8
-9
-12
-10
-9
-8
-10
-11
-9
-8
-10
-9
-9
-9
-11
-10
-10
-11
-11
-11
-11
-11
-13
-11
-9
-9
-8
-10
-9
-6
-7
-6
-6
-5
-4
-5
-4
-2
0
0
2
5
4
5
8
10
11
10
11
13
13
10
10
10
11
10
12
13
10
11
10
11
10
11
8
7
9
7
7
4
5
5
4
5
6
5
4
5
5
4
4
4
4
4
5
4
4
7
4
2
4
5
3
0
1
1
-1
-3
-1
-3
-2
-1
0
0
-1
0
0
0
3
4
3
2
2
4
4
3
5
4
3
5
5
2
4
8
8
5
6
5
8
11
10
11
14
13
15
16
13
11
12
12
12
14
14
14
14
11
10
10
10
8
7
6
2
1
0
-1
-4
-6
-4
-4
-4
-6
-7
-8
-6
-4
-5
-5
-6
-6
-5
-7
-7
-7
-9
-7
-6
-6
-7
-5
-4
-6
-7
-6
-6
-4
-3
-3
-4
-3
-3
-1
-2
-2
-1
-5
-4
1
1
-1
-1
3
2
1
0
-4
-4
-3
-3
-4
-3
-1
-3
-2
-1
2
2
2
3
1
-1
2
3
3
2
0
0
-2
-1
1
1
1
2
4
4
3
2
4
1
1
1
-2
-2
-3
-5
-4
-5
-4
-3
-1
-1
-1
-2
-6
-5
-3
-4
-4
-4
-5
-7
-6
-5
-3
-2
-1
2
2
2
0
0
2
2
0
0
1
2
1
2
4
4
4
3
2
4
3
1
2
1
1
1
2
1
2
1
-1
1
-1
1
2
3
4
1
2
5
4
5
4
5
4
2
2
0
-1
-3
-3
-3
-5
-4
-4
-6
-6
-3
-5
-7
-6
-8
-8
-8
-9
-6
-8
-10
-7
-8
-8
-6
-8
-8
-6
-8
-7
-7
-8
-8
-9
-8
-6
-9
-6
-7
-9
-7
-7
-6
-6
-4
-2
-1
1
-3
-2
-1
-1
0
-1
-1
-2
-2
1
-3
-2
-2
-2
-1
0
-2
-3
1
0
-2
0
0
-1
-1
-4
-3
-1
-4
-3
-2
-4
-1
0
-1
1
1
0
2
1
-1
-1
-3
1
0
-2
0
0
-2
-1
1
-1
-3
-3
-2
-1
-1
-4
-5
-5
-5
-5
-3
-3
-2
1
-1
2
1
-1
2
1
1
3
2
6
6
4
6
6
6
7
6
8
8
8
11
11
11
12
14
14
15
12
9
8
8
6
5
5
5
8
6
3
5
2
-1
0
-4
-5
-1
-3
-2
-1
-2
0
-1
-3
1
-3
-8
-6
-13
-15
-13
-14
-14
-13
-12
-10
-10
-8
-6
-6
-7
-4
-4
-4
-3
-5
-6
-6
-1
1
-1
-1
-1
0
-2
-3
-3
-6
-7
-4
-4
-4
-4
-2
-2
-3
-4
-4
-5
-5
-2
-3
-4
-1
-2
-1
0
0
-1
-4
-2
1
0
0
1
0
3
2
2
3
0
0
-2
-2
-5
-4
-3
-2
-2
1
4
3
5
4
5
7
5
5
6
6
7
7
7
8
12
14
16
20
20
19
19
18
17
20
18
17
18
19
15
13
14
15
13
10
7
6
2
2
2
-2
-6
-5
-6
-10
-10
-9
-12
-15
-15
-21
-25
-26
-24
-26
-25
-21
-20
-18
-14
-12
-12
-9
-7
-7
-5
-3
0
2
9
13
14
16
18
21
20
20
21
22
25
25
24
27
26
29
25
23
23
20
18
15
10
10
7
4
3
-1
-4
-8
-12
-16
-20
-26
-31
-32
-35
-37
-40
-38
-37
-35
-34
-31
-29
-29
-28
-24
-23
-21
-17
-15
-11
-9
-5
0
5
10
16
19
22
23
27
30
31
32
35
35
35
36
35
35
37
36
31
28
25
24
20
16
13
11
6
3
-2
-6
-9
-12
-18
-21
-24
-28
-30
-32
-32
-31
-31
-30
-32
-33
-32
-28
-28
-27
-23
-21
-17
-13
-10
-5
-1
1
4
8
14
21
24
27
32
35
35
38
40
40
40
40
40
39
40
40
38
35
33
29
25
22
17
12
8
2
-5
-13
-19
-26
-33
-41
-46
-51
-57
-58
-61
-61
-59
-61
-63
-62
-59
-57
-57
-55
-51
-48
-43
-37
-31
-22
-13
-7
0
6
15
22
28
35
37
42
49
51
55
59
63
65
67
69
71
71
69
68
64
61
60
52
46
35
29
20
7
-2
-12
-22
-32
-38
-44
-53
-58
-62
-68
-72
-76
-79
-84
-88
-87
-89
-90
-82
-78
-75
-65
-58
-48
-36
-26
-17
-9
2
15
26
38
50
61
76
91
100
108
117
124
127
128
127
121
118
115
110
103
94
85
72
58
48
33
19
4
-12
-26
-41
-52
-66
-82
-94
-106
-118
-129
-139
-147
-155
-160
-159
-163
-163
-158
-153
-146
-135
-124
-109
-95
-73
-48
-26
-3
23
48
73
98
121
141
160
179
196
208
221
231
238
243
243
239
231
222
209
190
175
154
132
111
87
66
42
20
-3
-28
-55
-83
-110
-137
-160
-185
-210
-231
-252
-270
-286
-301
-306
-312
-318
-315
-309
-301
-286
-264
-240
-215
-182
-148
-110
-71
-34
3
44
80
117
154
189
224
256
286
317
340
361
379
386
391
385
371
354
327
295
262
228
190
150
113
80
46
13
-16
-45
-76
-102
-131
-163
-194
-225
-258
-290
-318
-347
-371
-396
-414
-424
-431
-434
-429
-422
-407
-383
-357
-328
-290
-252
-210
-167
-120
-68
-18
35
95
156
216
280
346
409
466
516
557
586
603
606
593
566
530
485
429
370
310
246
187
135
86
40
2
-28
-56
-81
-104
-127
-150
-178
-211
-250
-292
-340
-398
-452
-507
-560
-601
-635
-655
-657
-643
-615
-574
-523
-465
-403
-344
-287
-235
-187
-138
-91
-42
13
77
150
237
331
427
527
623
712
790
849
888
905
895
860
810
741
659
569
471
377
287
202
128
63
11
-27
-58
-76
-89
-99
-109
-126
-154
-189
-240
-306
-384
-474
-573
-675
-771
-852
-913
-945
-945
-913
-849
-760
-656
-540
-430
-331
-248
-188
-149
-129
-123
-117
-102
-71
-14
72
186
328
489
658
825
981
1111
1209
1271
1288
1263
1205
1112
994
857
704
549
392
243
109
-10
-104
-168
-206
-214
-198
-163
-119
-72
-37
-27
-49
-105
-198
-323
-474
-640
-803
-954
-1076
-1158
-1192
-1176
-1117
-1019
-894
-756
-622
-504
-412
-351
-319
-310
-315
-324
-324
-301
-246
-159
-36
122
304
502
709
910
1096
1262
1398
1501
1563
1586
1568
1506
1403
1264
1088
880
645
401
156
-70
-259
-396
-464
-456
-377
-235
-49
158
357
524
632
662
602
446
209
-97
-450
-816
-1168
-1479
-1723
-1878
-1935
-1899
-1770
-1569
-1316
-1039
-770
-530
-347
-229
-177
-191
-254
-346
-449
-538
-594
-605
-558
-456
-299
-101
121
361
599
825
1032
1222
1392
1541
1680
1811
1926
2012
2063
2049
1947
1750
1445
1047
572
67
-423
-843
-1139
-1281
-1249
-1049
-707
-266
206
653
1013
1238
1299
1189
925
534
71
-418
-878
-1265
-1547
-1706
-1746
-1684
-1547
-1371
-1189
-1032
-919
-865
-860
-891
-936
-968
-983
-959
-896
-802
-686
-568
-457
-367
-307
-274
-261
-254
-245
-218
-163
-78
40
186
354
532
711
884
1045
1187
1318
1440
1556
1677
1806
1944
2076
2182
2233
2198
2053
1782
1383
869
283
-323
-885
-1337
-1636
-1737
-1636
-1345
-909
-387
155
648
1029
1247
1285
1143
841
424
-56
-542
-985
-1338
-1576
-1690
-1686
-1591
-1437
-1267
-1115
-1004
-948
-945
-986
-1044
-1097
-1117
-1093
-1017
-896
-746
-586
-435
-315
-238
-203
-207
-237
-273
-297
-298
-258
-175
-50
122
323
542
770
988
1191
1374
1537
1690
1842
1999
2160
2323
2474
2578
2591
2475
2205
1768
1179
471
-302
-1049
-1685
-2136
-2350
-2294
-1976
-1437
-740
15
737
1341
1752
1928
1857
1552
1060
443
-217
-838
-1356
-1726
-1913
-1917
-1762
-1486
-1147
-810
-523
-325
-243
-276
-412
-624
-863
-1092
-1276
-1384
-1411
-1350
-1207
-1008
-787
-570
-378
-232
-141
-103
-115
-163
-221
-274
-305
-295
-234
-118
44
242
471
708
939
1161
1357
1531
1696
1858
2026
2209
2401
2585
2718
2754
2651
2372
1899
1252
467
-387
-1214
-1917
-2416
-2644
-2572
-2205
-1588
-802
50
862
1532
1985
2175
2084
1734
1184
510
-203
-866
-1412
-1789
-1967
-1944
-1750
-1436
-1062
-687
-370
-149
-47
-77
-227
-466
-749
-1040
-1295
-1480
-1579
-1574
-1468
-1285
-1052
-796
-548
-334
-173
-82
-57
-91
-169
-266
-363
-438
-464
-425
-315
-135
97
368
661
950
1216
1452
1649
1816
1972
2122
2279
2449
2611
2733
2758
2646
2367
1900
1260
481
-363
-1180
-1878
-2373
-2609
-2552
-2206
-1611
-850
-20
777
1450
1913
2123
2066
1755
1248
616
-54
-684
-1202
-1560
-1736
-1725
-1559
-1281
-950
-622
-341
-147
-59
-75
-186
-368
-593
-839
-1081
-1286
-1443
-1546
-1576
-1543
-1446
-1290
-1093
-871
-643
-426
-239
-102
-21
-1
-33
-106
-204
-294
-353
-359
-295
-153
70
356
684
1028
1365
1669
1936
2167
2365
2547
2720
2884
3020
3083
3032
2828
2450
1888
1156
301
-588
-1425
-2118
-2594
-2799
-2712
-2338
-1726
-969
-157
617
1260
1707
1912
1867
1593
1138
571
-35
-606
-1084
-1419
-1592
-1602
-1479
-1265
-1007
-754
-544
-406
-360
-400
-504
-648
-822
-995
-1155
-1289
-1386
-1439
-1449
-1423
-1351
-1235
-1085
-904
-707
-509
-324
-163
-46
13
19
-29
-117
-214
-301
-347
-325
-217
-18
262
593
945
1296
1616
1887
2115
2294
2455
2613
2777
2948
3086
3151
3093
2872
2458
1841
1045
122
-832
-1719
-2457
-2961
-3180
-3086
-2694
-2060
-1264
-402
428
1130
1635
1896
1897
1667
1250
714
139
-409
-868
-1198
-1376
-1404
-1309
-1134
-924
-711
-535
-422
-375
-407
-499
-638
-808
-987
-1164
-1315
-1430
-1501
-1514
-1472
-1373
-1218
-1019
-787
-544
-310
-105
50
146
168
121
19
-118
-259
-372
-423
-388
-255
-20
290
657
1045
1419
1758
2049
2290
2493
2673
2842
3010
3147
3217
3177
2981
2603
2029
1266
363
-606
-1551
-2379
-3008
-3367
-3418
-3152
-2600
-1832
-938
-19
819
1490
1932
2109
2023
1709
1230
662
78
-449
-871
-1142
-1259
-1240
-1118
-943
-754
-594
-501
-487
-562
-710
-907
-1125
-1332
-1505
-1625
-1677
-1652
-1554
-1390
-1179
-941
-685
-439
-223
-49
70
132
131
72
-30
-162
-298
-408
-466
-450
-350
-151
135
489
887
1288
1667
2013
2313
2570
2794
2998
3185
3348
3453
3449
3296
2963
2425
1689
779
-238
-1270
-2228
-3014
-3545
-3767
-3648
-3201
-2477
-1562
-561
410
1252
1881
2240
2317
2126
1714
1159
542
-62
-582
-974
-1210
-1291
-1245
-1112
-936
-768
-637
-566
-578
-667
-812
-1000
-1205
-1407
-1581
-1707
-1765
-1747
-1653
-1488
-1261
-986
-687
-390
-120
98
248
312
286
177
5
-197
-394
-550
-635
-616
-479
-225
133
558
1014
1465
1881
2243
2537
2771
2968
3141
3301
3435
3507
3473
3291
2929
2365
1597
657
-384
-1435
-2398
-3180
-3702
-3904
-3758
-3277
-2522
-1587
-573
410
1258
1891
2256
2337
2154
1758
1226
632
46
-459
-837
-1063
-1141
-1104
-987
-840
-704
-624
-638
-750
-954
-1224
-1532
-1832
-2079
-2230
-2261
-2163
-1936
-1603
-1202
-764
-342
21
303
472
528
474
324
109
-145
-397
-610
-753
-806
-751
-586
-322
34
448
883
1312
1712
2072
2382
2651
2899
3135
3374
3604
3778
3843
3751
3456
2925
2150
1158
22
-1162
-2287
-3241
-3929
-4280
-4246
-3833
-3099
-2131
-1038
59
1041
1820
2330
2541
2462
2142
1646
1054
449
-101
-548
-848
-999
-1025
-958
-850
-749
-695
-727
-863
-1097
-1407
-1749
-2072
-2331
-2479
-2479
-2318
-2007
-1577
-1071
-540
-36
385
683
833
834
702
456
135
-215
-542
-807
-977
-1027
-954
-761
-464
-81
352
801
1232
1629
1975
2269
2529
2769
3007
3260
3516
3742
3880
3871
3664
3215
2507
1555
411
-831
-2055
-3144
-3988
-4499
-4622
-4341
-3693
-2758
-1640
-470
630
1559
2233
2607
2673
2465
2047
1493
892
315
-174
-537
-762
-856
-855
-806
-746
-724
-770
-897
-1119
-1410
-1735
-2047
-2302
-2468
-2506
-2397
-2140
-1755
-1281
-763
-247
217
586
826
922
875
706
435
99
-260
-594
-867
-1049
-1110
-1042
-848
-540
-143
312
790
1256
1685
2060
2388
2674
2933
3183
3430
3662
3846
3921
3837
3550
3026
2261
1275
127
-1083
-2251
-3267
-4029
-4457
-4505
-4174
-3504
-2573
-1489
-369
675
1543
2168
2506
2560
2366
1979
1477
928
400
-50
-388
-606
-716
-750
-748
-749
-792
-905
-1102
-1376
-1702
-2041
-2345
-2569
-2670
-2625
-2422
-2064
-1590
-1048
-488
39
478
793
955
961
822
566
230
-149
-520
-840
-1073
-1192
-1188
-1054
-800
-452
-31
436
901
1344
1745
2093
2394
2666
2931
3203
3488
3775
4016
4148
4110
3847
3322
2524
1475
245
-1065
-2337
-3446
-4280
-4751
-4809
-4448
-3719
-2712
-1536
-333
776
1694
2337
2676
2712
2482
2068
1540
975
444
0
-318
-514
-604
-629
-626
-635
-697
-839
-1073
-1386
-1754
-2137
-2486
-2752
-2888
-2870
-2679
-2320
-1829
-1250
-638
-53
454
833
1049
1090
966
705
342
-79
-505
-882
-1167
-1331
-1348
-1219
-960
-586
-128
372
879
1355
1785
2170
2511
2821
3124
3434
3750
4042
4255
4325
4192
3811
3151
2217
1056
-250
-1585
-2828
-3857
-4568
-4889
-4791
-4290
-3450
-2373
-1185
-13
1026
1848
2390
2633
2601
2346
1940
1457
965
521
166
-85
-240
-330
-392
-469
-589
-773
-1037
-1367
-1745
-2130
-2477
-2741
-2886
-2885
-2729
-2413
-1968
-1428
-847
-276
240
654
930
1053
1017
839
543
168
-242
-640
-983
-1236
-1365
-1354
-1201
-918
-525
-53
458
968
1448
1879
2255
2590
2903
3213
3530
3850
4137
4334
4372
4195
3755
3028
2027
810
-528
-1869
-3085
-4058
-4689
-4924
-4735
-4155
-3267
-2174
-1001
126
1108
1855
2327
2520
2459
2207
1830
1397
973
599
308
98
-52
-170
-297
-469
-694
-988
-1346
-1733
-2122
-2471
-2734
-2887
-2901
-2765
-2493
-2100
-1618
-1091
-561
-66
352
666
852
907
833
644
370
40
-315
-658
-950
-1158
-1261
-1242
-1095
-823
-446
11
505
1007
1494
1938
2347
2728
3090
3449
3799
4114
4354
4449
4347
3998
3366
2458
1308
2
-1347
-2624
-3697
-4462
-4850
-4817
-4387
-3618
-2604
-1477
-353
663
1471
2029
2322
2365
2218
1944
1606
1267
960
710
513
347
187
-9
-262
-579
-966
-1397
-1843
-2268
-2625
-2874
-2989
-2956
-2779
-2473
-2063
-1591
-1095
-615
-178
191
468
642
718
688
571
378
121
-170
-474
-761
-998
-1162
-1228
-1177
-1002
-706
-310
156
664
1180
1679
2149
2586
2997
3391
3772
4132
4427
4595
4582
4329
3798
2980
1892
607
-772
-2121
-3308
-4220
-4772
-4913
-4641
-4006
-3094
-2022
-914
119
983
1619
2008
2159
2120
1956
1727
1491
1278
1105
965
828
659
424
96
-323
-819
-1361
-1905
-2393
-2780
-3025
-3100
-3007
-2766
-2410
-1980
-1524
-1081
-680
-340
-64
149
304
403
448
443
380
257
77
-156
-423
-696
-937
-1113
-1194
-1152
-972
-656
-229
277
826
1384
1916
2416
2877
3301
3694
4054
4360
4567
4614
4448
4027
3332
2369
1185
-127
-1453
-2674
-3668
-4347
-4655
-4570
-4127
-3394
-2466
-1463
-493
359
1031
1494
1752
1836
1799
1702
1588
1486
1397
1309
1200
1030
767
389
-105
-680
-1300
-1910
-2447
-2863
-3114
-3180
-3060
-2787
-2408
-1968
-1520
-1103
-743
-451
-224
-51
87
203
301
372
398
368
268
87
-162
-457
-760
-1028
-1211
-1271
-1179
-934
-553
-62
496
1075
1641
2163
2636
3065
3461
3833
4173
4450
4611
4596
4345
3820
3005
1926
656
-701
-2011
-3153
-4017
-4521
-4632
-4366
-3780
-2963
-2024
-1078
-217
487
1008
1347
1528
1603
1621
1629
1644
1665
1669
1621
1482
1222
817
272
-383
-1091
-1787
-2408
-2896
-3205
-3314
-3231
-2983
-2614
-2181
-1732
-1310
-945
-639
-383
-169
18
187
345
477
560
569
488
313
55
-266
-603
-910
-1137
-1246
-1209
-1015
-689
-256
248
779
1301
1788
2240
2664
3070
3470
3864
4221
4489
4602
4495
4116
3442
2485
1302
-6
-1316
-2498
-3442
-4056
-4302
-4188
-3761
-3108
-2331
-1529
-788
-163
321
675
925
1118
1291
1476
1678
1872
2021
2074
1987
1724
1277
664
-68
-846
-1588
-2221
-2695
-2973
-3056
-2971
-2762
-2485
-2190
-1912
-1672
-1466
-1275
-1065
-815
-521
-184
168
493
740
866
844
664
350
-52
-482
-869
-1158
-1296
-1261
-1061
-728
-302
168
636
1075
1469
1825
2180
2561
2987
3469
3972
4430
4751
4848
4643
4090
3194
2007
639
-770
-2069
-3125
-3836
-4161
-4112
-3744
-3159
-2471
-1781
-1171
-681
-308
-18
231
496
814
1195
1617
2035
2366
2546
2513
2233
1718
1008
177
-679
-1463
-2097
-2537
-2782
-2850
-2783
-2646
-2496
-2365
-2268
-2188
-2086
-1921
-1657
-1280
-803
-262
280
749
1079
1222
1160
910
520
52
-411
-803
-1062
-1162
-1101
-904
-611
-271
76
401
700
978
1266
1608
2025
2539
3144
3788
4396
4853
5053
4920
4413
3545
2381
1042
-327
-1574
-2571
-3242
-3562
-3565
-3325
-2932
-2484
-2061
-1704
-1418
-1167
-897
-560
-124
422
1039
1671
2239
2649
2834
2749
2396
1826
1102
319
-428
-1067
-1550
-1871
-2060
-2165
-2240
-2331
-2463
-2620
-2774
-2870
-2844
-2661
-2288
-1746
-1093
-391
264
788
1126
1247
1160
907
554
162
-195
-474
-652
-719
-699
-616
-497
-363
-216
-52
148
403
736
1160
1680
2282
2936
3594
4186
4632
4846
4770
4381
3692
2758
1672
539
-528
-1435
-2126
-2581
-2825
-2896
-2853
-2739
-2588
-2419
-2214
-1949
-1591
-1120
-539
122
812
1471
2024
2409
2590
2549
2308
1915
1419
885
357
-127
-551
-927
-1272
-1611
-1954
-2308
-2655
-2959
-3182
-3279
-3213
-2974
-2568
-2031
-1424
-800
-227
246
587
789
862
830
720
559
379
192
3
-175
-341
-480
-577
-620
-586
-465
-254
44
410
837
1310
1816
2350
2901
3446
3941
4321
4515
4470
4155
3575
2767
1805
783
-200
-1057
-1741
-2234
-2551
-2725
-2794
-2790
-2742
-2643
-2481
-2229
-1857
-1361
-746
-57
648
1309
1854
2233
2421
2414
2239
1940
1567
1161
749
346
-58
-476
-930
-1423
-1947
-2478
-2962
-3346
-3580
-3629
-3479
-3139
-2652
-2072
-1462
-874
-354
74
404
647
810
904
937
912
826
680
481
242
-6
-233
-404
-489
-469
-347
-131
149
469
821
1200
1610
2062
2560
3084
3580
3970
4172
4130
3816
3247
2473
1583
678
-149
-838
-1370
-1753
-2032
-2245
-2421
-2574
-2691
-2739
-2672
-2449
-2055
-1499
-830
-108
588
1189
1645
1934
2056
2042
1939
1779
1590
1375
1120
810
425
-55
-627
-1266
-1917
-2524
-3027
-3373
-3542
-3520
-3327
-3003
-2589
-2129
-1657
-1182
-718
-275
141
513
824
1050
1170
1174
1068
872
619
348
101
-85
-195
-220
-164
-50
95
266
453
679
969
1340
1810
2361
2942
3467
3832
3962
3823
3421
2806
2063
1288
570
-42
-537
-941
-1299
-1648
-2003
-2354
-2660
-2874
-2936
-2808
-2482
-1979
-1367
-715
-95
442
868
1181
1401
1555
1669
1759
1813
1801
1685
1446
1077
587
-2
-646
-1291
-1878
-2368
-2747
-3008
-3158
-3209
-3162
-3025
-2796
-2475
-2056
-1552
-992
-421
110
556
883
1076
1141
1100
992
860
725
610
518
438
365
294
228
176
159
204
341
584
947
1408
1938
2490
2983
3341
3498
3430
3160
2728
2202
1649
1119
629
182
-254
-701
-1177
-1666
-2121
-2492
-2730
-2809
-2717
-2469
-2097
-1654
-1191
-744
-326
69
447
815
1167
1486
1752
1933
1993
1908
1684
1342
918
443
-64
-580
-1090
-1578
-2037
-2460
-2829
-3118
-3293
-3326
-3207
-2941
-2554
-2071
-1532
-992
-490
-49
312
598
815
964
1051
1085
1065
1002
898
769
624
487
384
326
323
375
486
654
888
1185
1545
1955
2384
2773
3041
3134
3041
2769
2369
1898
1412
955
538
152
-231
-644
-1086
-1530
-1927
-2232
-2410
-2447
-2346
-2123
-1818
-1472
-1113
-755
-401
-40
337
711
1060
1362
1586
1708
1705
1582
1359
1067
730
357
-47
-484
-948
-1425
-1894
-2338
-2722
-3003
-3154
-3162
-3024
-2766
-2412
-1993
-1543
-1085
-646
-242
118
431
685
866
973
1009
989
926
839
749
664
593
548
526
520
534
586
693
874
1141
1489
1901
2326
2680
2894
2924
2777
2493
2130
1743
1371
1024
688
334
-69
-529
-1017
-1484
-1868
-2130
-2254
-2255
-2153
-1980
-1762
-1518
-1249
-952
-608
-214
208
625
995
1286
1482
1566
1551
1452
1289
1086
843
544
176
-261
-750
-1262
-1768
-2235
-2623
-2900
-3050
-3068
-2968
-2765
-2483
-2137
-1742
-1321
-895
-481
-99
238
512
717
856
940
982
1003
1010
1002
983
957
918
875
839
826
855
943
1098
1323
1612
1934
2243
2480
2585
2546
2384
2138
1852
1554
1254
951
627
261
-150
-595
-1029
-1402
-1684
-1861
-1948
-1969
-1935
-1854
-1726
-1539
-1291
-982
-618
-223
169
522
807
1015
1154
1235
1264
1245
1177
1046
847
568
208
-209
-657
-1110
-1536
-1921
-2255
-2514
-2697
-2782
-2763
-2650
-2445
-2164
-1827
-1455
-1078
-716
-377
-73
186
408
588
727
841
934
1004
1053
1072
1071
1058
1040
1027
1028
1060
1133
1258
1442
1667
1911
2135
2283
2324
2245
2071
1846
1602
1359
1111
842
549
219
-151
-529
-884
-1178
-1390
-1529
-1616
-1674
-1701
-1686
-1615
-1475
-1270
-1004
-695
-369
-55
218
442
621
772
905
1007
1066
1064
997
863
657
396
93
-230
-555
-878
-1197
-1502
-1780
-1998
-2137
-2190
-2157
-2058
-1902
-1703
-1476
-1231
-974
-708
-435
-163
104
352
567
757
921
1059
1171
1246
1287
1295
1274
1229
1166
1096
1026
975
948
945
958
976
981
952
888
797
689
589
506
445
402
356
304
236
162
91
21
-43
-100
-157
-208
-246
-278
-298
-304
-301
-283
-259
-236
-220
-225
-249
-282
-317
-345
-373
-401
-427
-453
-468
-478
-482
-485
-491
-501
-512
-523
-536
-538
-522
-486
-434
-372
-302
-239
-190
-152
-120
-92
-71
-58
-48
-45
-52
-61
-68
-74
-81
-86
-96
-108
-118
-127
-130
-134
-136
-132
-120
-96
-68
-36
-2
32
66
98
125
148
166
184
203
216
225
227
221
207
194
180
167
153
143
141
146
168
196
235
285
334
383
428
462
485
494
492
479
465
441
415
387
353
313
266
209
145
76
5
-63
-126
-179
-222
-251
-263
-269
-267
-258
-249
-238
-230
-224
-225
-227
-235
-250
-264
-281
-296
-307
-314
-315
-310
-299
-287
-269
-250
-230
-205
-181
-153
-122
-79
-30
23
77
132
184
229
273
308
334
351
359
362
359
348
326
303
275
250
231
219
217
224
240
257
282
308
329
352
370
381
387
384
372
350
318
277
228
168
103
30
-47
-126
-211
-296
-379
-458
-527
-583
-626
-653
-663
-660
-643
-620
-592
-559
-522
-491
-461
-438
-420
-402
-389
-379
-364
-346
-320
-290
-254
-217
-182
-144
-108
-69
-27
21
72
124
180
230
279
327
368
409
450
487
521
544
553
553
543
523
495
462
422
379
337
298
263
237
219
208
209
218
228
237
248
259
268
275
276
267
251
221
183
137
81
19
-51
-127
-205
-284
-361
-435
-503
-563
-610
-640
-654
-655
-645
-628
-599
-561
-519
-472
-427
-381
-340
-311
-288
-269
-253
-238
-218
-198
-173
-142
-112
-80
-47
-16
18
54
91
130
165
199
239
282
325
366
404
440
475
501
523
534
525
504
472
426
374
314
248
184
123
72
32
0
-25
-36
-39
-30
-11
8
28
50
70
85
95
94
80
66
44
13
-23
-61
-108
-153
-197
-243
-286
-328
-369
-400
-419
-428
-428
-413
-387
-350
-310
-265
-219
-173
-125
-87
-54
-24
-6
5
14
15
17
20
15
12
6
3
-1
-3
0
5
15
28
46
66
90
126
164
202
239
266
287
303
306
297
278
248
208
163
115
62
11
-38
-84
-117
-149
-171
-182
-181
-167
-138
-103
-64
-26
9
39
66
79
86
94
94
90
84
72
62
49
31
5
-34
-77
-124
-167
-198
-219
-226
-218
-195
-165
-127
-88
-50
-17
15
44
60
69
72
72
68
65
62
56
50
45
34
20
4
-14
-32
-47
-55
-58
-57
-43
-22
8
39
75
112
142
170
191
205
220
224
217
198
169
131
87
40
-9
-53
-98
-138
-169
-189
-188
-166
-133
-98
-65
-56
-73
-129
-220
-314
-391
-433
-437
-403
-343
-258
-153
-42
68
159
223
257
262
243
210
172
142
124
113
103
90
67
53
54
60
64
63
59
48
41
38
26
21
33
46
46
43
33
11
-15
-32
-40
-51
-55
-55
-54
-37
-7
27
65
102
128
142
162
172
162
148
136
111
68
13
-52
-126
-199
-267
-336
-393
-438
-466
-466
-441
-393
-330
-250
-159
-70
13
98
176
236
284
320
341
344
330
308
276
238
185
124
56
-22
-91
-152
-203
-243
-275
-289
-287
-277
-247
-202
-146
-89
-41
8
50
83
106
125
145
157
158
149
132
110
80
46
8
-33
-65
-90
-119
-142
-151
-145
-127
-106
-81
-55
-19
23
61
96
131
166
191
200
201
190
173
152
124
85
49
10
-35
-81
-121
-150
-166
-170
-163
-147
-128
-105
-72
-31
15
63
92
109
120
125
128
128
126
114
98
68
19
-30
-71
-102
-124
-146
-161
-179
-191
-181
-156
-127
-91
-55
-28
-9
2
17
37
54
63
58
45
28
14
7
1
-8
-25
-49
-72
-85
-93
-91
-87
-82
-74
-60
-30
10
65
118
157
182
195
204
213
223
225
214
182
133
85
41
9
-18
-45
-72
-109
-143
-166
-167
-149
-117
-82
-55
-34
-12
18
62
107
149
174
190
195
193
193
191
183
173
160
141
127
119
113
114
123
136
153
178
211
250
294
334
372
403
432
452
467
478
481
475
459
438
419
401
379
352
318
272
224
184
151
126
103
88
73
64
67
65
70
73
66
52
30
7
-22
-57
-92
-139
-194
-252
-315
-376
-429
-480
-526
-566
-594
-603
-596
-573
-533
-485
-425
-358
-279
-195
-110
-21
59
135
207
269
327
383
442
492
533
564
592
611
641
674
701
731
758
788
819
857
893
925
949
962
965
951
923
878
822
756
678
587
482
367
238
99
-47
-212
-383
-558
-728
-884
-1032
-1168
-1280
-1371
-1434
-1471
-1482
-1473
-1451
-1420
-1380
-1333
-1275
-1201
-1120
-1037
-957
-883
-810
-733
-652
-569
-488
-414
-349
-283
-211
-128
-31
80
194
315
433
549
674
806
948
1096
1227
1352
1462
1563
1664
1757
1832
1871
1849
1759
1619
1458
1286
1091
863
594
310
27
-236
-470
-685
-884
-1069
-1243
-1391
-1498
-1558
-1571
-1548
-1502
-1440
-1349
-1227
-1076
-912
-763
-636
-533
-438
-344
-266
-219
-209
-235
-279
-331
-392
-461
-540
-633
-736
-843
-941
-1009
-1044
-1048
-1035
-1002
-939
-832
-679
-495
-298
-97
109
327
564
824
1099
1372
1632
1877
2107
2335
2564
2778
2950
3043
3047
2968
2841
2690
2507
2266
1941
1550
1130
718
337
-31
-391
-752
-1097
-1403
-1650
-1823
-1933
-1989
-2001
-1972
-1889
-1746
-1542
-1293
-1030
-778
-543
-316
-93
112
277
368
379
317
195
38
-144
-360
-617
-917
-1231
-1531
-1783
-1978
-2132
-2255
-2349
-2393
-2367
-2271
-2109
-1908
-1682
-1431
-1154
-845
-523
-201
99
367
610
833
1045
1237
1404
1535
1634
1715
1802
1901
1993
2028
1960
1804
1614
1448
1295
1108
861
552
231
-57
-291
-477
-646
-810
-974
-1122
-1236
-1304
-1311
-1274
-1228
-1188
-1146
-1070
-938
-771
-605
-477
-382
-293
-188
-80
-10
6
-35
-115
-213
-345
-505
-683
-878
-1084
-1312
-1539
-1738
-1878
-1955
-1998
-2012
-2004
-1946
-1819
-1643
-1439
-1232
-1018
-780
-513
-219
67
330
571
794
1003
1191
1360
1506
1629
1727
1797
1854
1923
2017
2129
2206
2189
2070
1915
1793
1708
1601
1421
1159
870
620
439
295
144
-29
-207
-358
-464
-528
-557
-567
-569
-565
-554
-508
-412
-282
-156
-67
-16
30
106
201
270
271
192
62
-67
-180
-295
-442
-633
-843
-1046
-1218
-1347
-1432
-1484
-1510
-1517
-1496
-1430
-1305
-1138
-958
-787
-620
-427
-188
75
323
530
702
871
1046
1221
1379
1499
1584
1653
1722
1802
1908
2037
2149
2188
2117
1958
1796
1682
1589
1435
1174
840
518
287
131
-19
-211
-432
-620
-742
-808
-852
-890
-919
-932
-923
-887
-824
-737
-641
-572
-539
-526
-495
-430
-370
-366
-450
-590
-733
-853
-964
-1100
-1282
-1489
-1671
-1807
-1899
-1944
-1955
-1946
-1901
-1815
-1688
-1517
-1314
-1098
-887
-683
-461
-209
59
305
512
684
852
1038
1224
1387
1521
1628
1731
1840
1961
2107
2266
2413
2494
2472
2372
2258
2183
2105
1958
1713
1402
1115
905
752
601
418
229
75
-9
-55
-91
-123
-146
-142
-112
-60
8
92
173
227
244
240
250
273
274
215
80
-92
-255
-403
-567
-763
-982
-1200
-1382
-1514
-1601
-1649
-1661
-1639
-1580
-1478
-1336
-1159
-963
-774
-598
-407
-188
51
277
453
589
709
840
977
1105
1203
1276
1344
1421
1520
1641
1784
1938
2060
2108
2070
1990
1927
1881
1793
1604
1325
1029
786
605
435
234
12
-189
-333
-422
-489
-556
-614
-635
-626
-597
-546
-475
-384
-298
-241
-208
-181
-145
-112
-123
-209
-356
-519
-667
-796
-952
-1160
-1393
-1602
-1756
-1852
-1908
-1950
-1963
-1930
-1849
-1712
-1547
-1372
-1189
-1002
-798
-570
-324
-82
131
313
477
637
803
958
1085
1190
1282
1379
1495
1633
1786
1937
2044
2055
1973
1866
1798
1751
1649
1438
1139
843
625
481
342
157
-63
-254
-374
-448
-518
-599
-669
-711
-716
-698
-664
-615
-550
-488
-454
-430
-393
-341
-304
-329
-430
-567
-697
-803
-908
-1052
-1238
-1432
-1584
-1686
-1750
-1787
-1805
-1789
-1725
-1627
-1502
-1348
-1173
-988
-793
-595
-387
-164
50
237
391
532
680
831
973
1091
1192
1291
1399
1527
1683
1855
2024
2141
2151
2070
1970
1902
1845
1722
1486
1172
872
647
492
331
122
-100
-279
-397
-474
-541
-606
-654
-676
-672
-647
-598
-533
-470
-429
-416
-402
-361
-317
-311
-372
-488
-616
-731
-847
-988
-1163
-1349
-1505
-1627
-1723
-1791
-1816
-1794
-1731
-1636
-1526
-1385
-1208
-1017
-831
-655
-470
-264
-50
142
299
433
570
731
904
1050
1160
1259
1369
1502
1659
1833
2004
2138
2190
2154
2081
2027
1982
1877
1668
1377
1081
854
692
524
299
48
-155
-281
-355
-425
-516
-601
-646
-644
-615
-575
-537
-494
-446
-410
-392
-375
-355
-358
-405
-509
-651
-794
-919
-1045
-1198
-1379
-1560
-1698
-1781
-1824
-1842
-1837
-1805
-1730
-1603
-1440
-1268
-1091
-912
-720
-517
-304
-96
86
252
404
552
699
842
984
1119
1248
1377
1513
1668
1849
2038
2180
2220
2164
2086
2039
1993
1871
1636
1331
1049
849
696
522
295
56
-129
-241
-316
-401
-496
-575
-610
-607
-582
-549
-511
-473
-449
-438
-425
-403
-385
-406
-483
-607
-746
-873
-999
-1144
-1312
-1494
-1657
-1774
-1845
-1879
-1877
-1841
-1774
-1665
-1516
-1341
-1151
-960
-770
-573
-361
-145
54
225
375
518
664
812
958
1098
1225
1338
1450
1584
1758
1959
2139
2224
2196
2119
2071
2047
1977
1798
1515
1217
988
831
678
470
225
15
-126
-219
-300
-394
-488
-550
-576
-569
-544
-515
-486
-466
-465
-471
-469
-464
-473
-526
-636
-774
-906
-1025
-1153
-1313
-1496
-1672
-1811
-1900
-1960
-1987
-1985
-1953
-1877
-1758
-1606
-1442
-1270
-1086
-888
-671
-452
-242
-50
127
305
482
650
813
975
1132
1279
1411
1553
1733
1947
2155
2285
2295
2229
2175
2163
2123
1974
1706
1400
1152
985
840
647
412
192
39
-59
-145
-245
-354
-439
-477
-478
-461
-442
-429
-426
-430
-428
-419
-417
-440
-505
-608
-737
-862
-987
-1133
-1298
-1477
-1645
-1785
-1890
-1963
-2009
-2017
-1982
-1910
-1803
-1674
-1534
-1385
-1224
-1047
-854
-654
-466
-291
-127
40
215
387
559
727
890
1049
1198
1359
1557
1784
2006
2160
2207
2187
2168
2170
2144
2023
1791
1516
1280
1106
946
740
493
264
97
-7
-92
-190
-292
-371
-406
-396
-368
-342
-331
-331
-340
-344
-335
-322
-336
-399
-508
-637
-761
-879
-1012
-1177
-1358
-1522
-1655
-1743
-1798
-1831
-1837
-1807
-1727
-1605
-1466
-1321
-1175
-1016
-824
-620
-415
-219
-41
131
308
492
678
855
1018
1175
1329
1486
1657
1858
2077
2261
2352
2354
2332
2337
2342
2264
2073
1809
1561
1382
1242
1070
830
576
384
263
172
55
-92
-218
-288
-313
-319
-335
-352
-356
-349
-345
-351
-359
-368
-406
-495
-621
-753
-883
-1015
-1165
-1337
-1514
-1658
-1752
-1806
-1846
-1875
-1872
-1819
-1719
-1600
-1485
-1374
-1241
-1072
-874
-674
-477
-288
-100
97
297
497
702
906
1094
1260
1424
1608
1826
2054
2222
2278
2253
2231
2247
2241
2130
1899
1624
1400
1255
1125
945
709
481
321
227
140
29
-95
-199
-258
-279
-280
-283
-297
-316
-338
-358
-366
-377
-421
-508
-632
-762
-878
-996
-1136
-1305
-1485
-1634
-1729
-1782
-1823
-1860
-1876
-1849
-1765
-1646
-1520
-1392
-1259
-1098
-906
-703
-500
-303
-114
79
275
477
684
889
1082
1259
1421
1603
1818
2046
2232
2310
2307
2296
2315
2318
2221
2004
1731
1500
1342
1205
1010
755
509
338
238
150
27
-122
-247
-313
-332
-333
-344
-366
-379
-384
-383
-379
-390
-434
-515
-624
-739
-861
-991
-1141
-1318
-1500
-1658
-1771
-1840
-1894
-1937
-1957
-1936
-1868
-1764
-1647
-1528
-1393
-1236
-1045
-832
-623
-422
-222
-19
195
415
637
850
1045
1227
1412
1618
1855
2082
2237
2284
2269
2263
2280
2259
2133
1901
1644
1445
1303
1155
952
717
511
369
261
141
-4
-151
-260
-326
-366
-399
-432
-461
-484
-499
-516
-542
-591
-675
-778
-882
-986
-1102
-1234
-1374
-1509
-1627
-1714
-1769
-1812
-1843
-1854
-1835
-1776
-1684
-1578
-1474
-1363
-1228
-1058
-858
-659
-473
-290
-94
126
363
603
832
1045
1250
1457
1677
1913
2153
2331
2406
2404
2399
2422
2414
2303
2071
1801
1584
1438
1291
1073
802
562
397
284
158
-7
-176
-303
-367
-393
-424
-467
-511
-540
-561
-586
-618
-667
-739
-836
-961
-1101
-1237
-1362
-1493
-1642
-1789
-1901
-1960
-1985
-2002
-2013
-1995
-1927
-1810
-1676
-1548
-1413
-1255
-1066
-854
-641
-434
-220
3
234
465
688
910
1119
1314
1510
1728
1965
2172
2279
2285
2266
2286
2319
2274
2100
1845
1614
1462
1355
1202
973
735
550
424
311
170
7
-141
-248
-317
-378
-440
-498
-552
-602
-651
-696
-742
-805
-901
-1022
-1145
-1257
-1372
-1500
-1650
-1794
-1899
-1960
-1999
-2041
-2074
-2071
-2017
-1930
-1827
-1723
-1611
-1471
-1308
-1124
-929
-726
-507
-285
-52
202
476
753
1009
1241
1468
1726
2022
2289
2454
2500
2496
2520
2556
2520
2355
2095
1842
1654
1510
1344
1117
870
665
524
415
283
120
-33
-149
-224
-274
-333
-395
-453
-506
-556
-607
-666
-745
-853
-981
-1115
-1241
-1363
-1497
-1643
-1788
-1905
-1977
-2016
-2042
-2068
-2069
-2021
-1925
-1801
-1677
-1558
-1420
-1255
-1064
-853
-634
-419
-202
25
277
547
812
1047
1257
1485
1752
2039
2273
2391
2424
2455
2523
2570
2510
2335
2105
1911
1776
1644
1462
1231
1007
842
712
577
419
246
91
-24
-108
-182
-260
-344
-427
-501
-568
-630
-704
-810
-941
-1072
-1184
-1292
-1416
-1559
-1699
-1814
-1886
-1924
-1963
-2010
-2033
-2009
-1937
-1836
-1727
-1621
-1501
-1356
-1182
-993
-806
-617
-416
-197
39
291
541
780
1011
1244
1503
1779
2040
2229
2322
2372
2433
2501
2509
2405
2210
1998
1832
1702
1545
1325
1080
870
715
586
447
291
134
4
-83
-136
-182
-237
-302
-366
-413
-448
-496
-580
-707
-847
-975
-1103
-1246
-1412
-1589
-1747
-1872
-1970
-2048
-2103
-2134
-2138
-2112
-2056
-1965
-1852
-1725
-1583
-1424
-1241
-1031
-812
-594
-371
-131
133
409
676
916
1146
1390
1666
1944
2156
2271
2320
2377
2457
2496
2431
2259
2057
1893
1774
1644
1451
1220
1006
841
709
567
405
235
77
-49
-152
-236
-308
-380
-461
-540
-607
-662
-731
-834
-962
-1089
-1202
-1309
-1434
-1580
-1724
-1838
-1912
-1964
-2008
-2046
-2065
-2048
-1994
-1919
-1832
-1732
-1622
-1488
-1328
-1144
-938
-729
-512
-277
-14
275
562
824
1072
1333
1625
1923
2161
2301
2373
2442
2524
2569
2521
2371
2186
2032
1913
1782
1602
1390
1192
1028
886
739
578
411
261
138
39
-38
-102
-163
-231
-303
-361
-407
-472
-578
-713
-858
-996
-1121
-1252
-1403
-1559
-1695
-1794
-1859
-1909
-1950
-1972
-1967
-1924
-1850
-1752
-1637
-1504
-1350
-1174
-974
-752
-519
-285
-43
219
490
763
1020
1262
1513
1774
2023
2220
2340
2409
2479
2541
2547
2472
2336
2187
2059
1946
1809
1641
1463
1303
1165
1030
886
737
589
453
326
212
118
32
-53
-142
-234
-318
-403
-504
-627
-766
-900
-1025
-1161
-1301
-1439
-1565
-1673
-1759
-1823
-1873
-1908
-1921
-1913
-1880
-1825
-1744
-1643
-1530
-1399
-1250
-1076
-879
-667
-444
-207
45
310
577
838
1094
1358
1626
1860
2038
2154
2243
2327
2382
2366
2270
2133
2000
1887
1767
1611
1430
1255
1095
946
799
645
495
357
218
90
-14
-91
-152
-219
-300
-384
-458
-526
-613
-738
-885
-1022
-1142
-1261
-1399
-1543
-1668
-1769
-1848
-1907
-1955
-1993
-2008
-1999
-1969
-1917
-1841
-1741
-1616
-1473
-1312
-1124
-918
-705
-478
-238
13
264
513
758
1006
1260
1502
1692
1819
1903
1979
2050
2079
2043
1945
1822
1717
1627
1526
1395
1241
1092
959
827
693
559
425
299
178
67
-33
-120
-198
-287
-386
-489
-590
-688
-809
-951
-1096
-1232
-1352
-1470
-1590
-1709
-1807
-1871
-1910
-1940
-1966
-1968
-1937
-1886
-1820
-1737
-1635
-1515
-1370
-1212
-1051
-875
-683
-480
-269
-56
161
376
590
815
1048
1274
1465
1603
1702
1790
1875
1940
1951
1898
1809
1726
1655
1584
1488
1359
1221
1087
955
822
688
549
412
275
150
41
-52
-122
-192
-272
-358
-445
-532
-619
-722
-841
-960
-1074
-1188
-1302
-1410
-1507
-1587
-1649
-1700
-1747
-1784
-1793
-1775
-1732
-1668
-1582
-1472
-1335
-1176
-1004
-822
-627
-418
-206
7
218
417
616
819
1023
1226
1408
1549
1656
1739
1812
1869
1894
1880
1836
1776
1718
1665
1601
1522
1428
1321
1213
1097
980
866
743
617
491
369
261
166
72
-28
-133
-244
-362
-485
-608
-732
-854
-976
-1098
-1217
-1325
-1417
-1490
-1552
-1607
-1655
-1691
-1706
-1704
-1681
-1637
-1572
-1489
-1389
-1268
-1127
-970
-803
-631
-450
-267
-79
116
311
509
711
909
1100
1272
1413
1529
1633
1727
1793
1824
1821
1800
1774
1746
1706
1651
1572
1483
1379
1261
1140
1024
905
782
652
520
401
295
197
95
-22
-144
-273
-405
-536
-669
-798
-927
-1058
-1189
-1309
-1412
-1502
-1580
-1651
-1712
-1760
-1791
-1804
-1798
-1770
-1722
-1651
-1566
-1466
-1346
-1206
-1052
-885
-710
-531
-347
-152
53
268
483
692
893
1078
1242
1384
1504
1605
1680
1725
1741
1739
1721
1691
1649
1590
1518
1433
1336
1225
1109
997
888
785
675
561
453
356
271
179
78
-36
-160
-289
-419
-549
-681
-815
-953
-1090
-1222
-1342
-1439
-1528
-1609
-1681
-1740
-1779
-1798
-1795
-1771
-1729
-1667
-1590
-1498
-1393
-1271
-1132
-977
-819
-652
-481
-297
-99
113
333
545
745
933
1110
1271
1419
1541
1633
1702
1746
1772
1781
1776
1754
1710
1649
1569
1473
1367
1252
1131
1012
894
779
658
535
421
312
209
98
-27
-153
-278
-400
-525
-646
-772
-893
-1012
-1128
-1234
-1330
-1413
-1488
-1559
-1621
-1666
-1694
-1703
-1696
-1675
-1633
-1573
-1495
-1396
-1285
-1158
-1008
-843
-670
-485
-285
-74
150
381
606
821
1016
1194
1355
1495
1614
1705
1767
1810
1829
1831
1818
1791
1743
1674
1588
1491
1384
1276
1168
1056
946
836
722
605
488
374
259
136
1
-138
-282
-423
-558
-695
-830
-960
-1087
-1207
-1321
-1422
-1506
-1577
-1639
-1695
-1739
-1759
-1756
-1734
-1699
-1645
-1571
-1477
-1362
-1227
-1080
-920
-745
-562
-370
-169
41
256
474
690
894
1080
1253
1405
1534
1642
1722
1774
1804
1810
1798
1772
1726
1663
1583
1490
1385
1268
1149
1026
901
772
637
510
387
263
138
16
-109
-241
-369
-495
-624
-747
-866
-980
-1088
-1193
-1295
-1388
-1473
-1544
-1605
-1657
-1699
-1730
-1743
-1733
-1704
-1657
-1593
-1513
-1410
-1289
-1151
-994
-828
-643
-444
-235
-22
194
422
648
861
1064
1243
1400
1536
1649
1740
1805
1844
1861
1854
1829
1784
1724
1646
1554
1449
1331
1206
1079
951
828
705
580
455
328
203
78
-53
-187
-326
-465
-603
-742
-876
-1005
-1128
-1247
-1359
-1470
-1570
-1660
-1735
-1795
-1844
-1877
-1891
-1883
-1849
-1798
-1726
-1633
-1517
-1379
-1220
-1044
-856
-651
-431
-208
20
251
477
701
917
1116
1297
1453
1587
1700
1787
1847
1882
1898
1893
1867
1823
1761
1683
1595
1495
1387
1269
1146
1021
897
773
652
531
406
279
148
15
-130
-276
-416
-559
-701
-842
-978
-1104
-1223
-1332
-1431
-1521
-1603
-1668
-1718
-1756
-1777
-1782
-1770
-1735
-1684
-1613
-1529
-1426
-1301
-1161
-1002
-826
-637
-431
-213
12
243
474
702
926
1133
1326
1498
1645
1770
1872
1943
1992
2013
2010
1988
1940
1873
1785
1680
1559
1428
1291
1149
1008
866
726
589
451
316
182
44
-91
-230
-369
-503
-640
-770
-895
-1017
-1131
-1236
-1332
-1426
-1516
-1596
-1667
-1724
-1764
-1790
-1798
-1790
-1763
-1711
-1643
-1556
-1445
-1318
-1173
-1010
-829
-630
-415
-192
43
282
519
750
972
1176
1358
1521
1660
1771
1860
1923
1961
1973
1961
1929
1876
1806
1722
1624
1513
1396
1270
1142
1015
887
758
628
495
362
227
83
-68
-221
-376
-528
-681
-831
-973
-1113
-1242
-1365
-1480
-1579
-1672
-1754
-1821
-1875
-1911
-1925
-1915
-1887
-1838
-1768
-1680
-1573
-1448
-1306
-1140
-957
-764
-556
-336
-102
135
374
611
834
1046
1243
1416
1567
1691
1791
1868
1915
1938
1941
1920
1878
1816
1742
1654
1556
1449
1334
1211
1089
963
834
703
571
436
295
152
2
-154
-307
-464
-625
-783
-936
-1082
-1220
-1350
-1469
-1580
-1679
-1765
-1838
-1898
-1941
-1965
-1967
-1947
-1905
-1841
-1759
-1653
-1528
-1384
-1217
-1036
-842
-632
-411
-181
58
299
540
772
989
1187
1366
1524
1657
1769
1853
1913
1948
1959
1951
1922
1872
1805
1722
1624
1515
1401
1284
1166
1046
920
794
661
526
385
237
81
-79
-244
-406
-567
-727
-882
-1033
-1175
-1307
-1432
-1548
-1652
-1744
-1819
-1878
-1920
-1937
-1935
-1912
-1866
-1800
-1715
-1608
-1484
-1337
-1169
-987
-789
-575
-346
-110
129
369
603
823
1027
1216
1380
1524
1644
1740
1811
1859
1888
1893
1874
1836
1778
1705
1623
1529
1426
1317
1204
1090
977
863
741
618
490
355
218
70
-79
-228
-381
-527
-672
-818
-957
-1092
-1221
-1342
-1452
-1550
-1636
-1709
-1764
-1800
-1817
-1815
-1794
-1752
-1691
-1611
-1513
-1392
-1254
-1097
-917
-722
-517
-298
-77
154
380
595
804
993
1164
1316
1450
1558
1645
1710
1750
1769
1769
1744
1702
1643
1570
1486
1394
1299
1196
1088
979
865
749
631
509
380
247
106
-35
-180
-326
-468
-611
-754
-888
-1020
-1147
-1266
-1378
-1482
-1579
-1660
-1722
-1769
-1793
-1800
-1786
-1747
-1689
-1609
-1506
-1385
-1248
-1089
-912
-721
-512
-294
-66
165
392
611
821
1017
1193
1350
1481
1586
1671
1737
1781
1802
1800
1779
1741
1684
1615
1533
1442
1344
1239
1131
1017
902
785
662
534
401
261
116
-36
-191
-347
-503
-654
-804
-951
-1088
-1225
-1354
-1471
-1581
-1679
-1765
-1835
-1887
-1917
-1924
-1910
-1875
-1814
-1735
-1635
-1512
-1369
-1203
-1018
-818
-604
-379
-141
97
334
565
782
982
1165
1328
1468
1582
1674
1740
1785
1813
1817
1800
1765
1711
1641
1560
1466
1370
1266
1161
1050
935
817
695
569
435
293
147
-6
-158
-310
-463
-610
-756
-898
-1030
-1157
-1277
-1388
-1487
-1577
-1654
-1717
-1758
-1777
-1778
-1758
-1717
-1658
-1575
-1476
-1355
-1216
-1063
-893
-710
-509
-295
-75
148
365
575
776
960
1130
1282
1409
1518
1605
1672
1719
1746
1751
1734
1702
1655
1591
1515
1426
1330
1229
1123
1013
896
776
653
519
381
238
88
-68
-224
-381
-530
-678
-821
-960
-1092
-1215
-1334
-1443
-1542
-1630
-1696
-1748
-1780
-1792
-1787
-1759
-1714
-1649
-1562
-1458
-1334
-1191
-1035
-861
-668
-467
-253
-34
183
399
606
805
986
1148
1295
1419
1523
1608
1675
1721
1744
1749
1736
1703
1653
1589
1513
1430
1341
1243
1141
1033
919
801
676
545
406
260
111
-39
-194
-347
-496
-644
-785
-923
-1056
-1181
-1301
-1414
-1517
-1606
-1680
-1734
-1770
-1786
-1778
-1750
-1705
-1639
-1556
-1456
-1336
-1200
-1045
-871
-683
-485
-277
-64
148
358
561
746
920
1082
1221
1343
1446
1532
1601
1649
1679
1688
1681
1654
1609
1552
1484
1406
1319
1222
1121
1015
904
786
659
526
385
242
95
-57
-205
-352
-499
-644
-784
-919
-1047
-1168
-1285
-1390
-1478
-1557
-1621
-1669
-1701
-1711
-1702
-1676
-1628
-1561
-1477
-1378
-1257
-1120
-969
-797
-620
-427
-225
-20
181
380
573
752
918
1070
1203
1320
1418
1494
1555
1596
1616
1617
1601
1568
1518
1459
1390
1310
1223
1127
1027
925
816
700
580
451
321
186
46
-92
-231
-368
-504
-638
-768
-893
-1013
-1125
-1232
-1328
-1412
-1483
-1538
-1578
-1600
-1603
-1588
-1555
-1503
-1433
-1346
-1242
-1122
-986
-839
-678
-507
-327
-142
47
234
415
590
750
899
1032
1150
1252
1337
1405
1457
1489
1505
1503
1486
1453
1407
1348
1275
1197
1109
1012
913
807
695
577
455
328
197
66
-70
-203
-337
-469
-598
-718
-836
-947
-1051
-1147
-1234
-1311
-1377
-1429
-1469
-1490
-1492
-1478
-1446
-1401
-1338
-1259
-1163
-1051
-929
-794
-643
-487
-317
-145
28
204
370
533
688
833
964
1079
1185
1272
1349
1407
1450
1477
1490
1487
1466
1432
1382
1319
1249
1166
1076
979
872
761
637
508
375
235
95
-48
-190
-328
-465
-592
-717
-837
-949
-1054
-1146
-1230
-1306
-1369
-1417
-1449
-1466
-1466
-1449
-1417
-1370
-1306
-1226
-1130
-1025
-906
-778
-641
-493
-335
-174
-11
154
316
469
619
758
884
1002
1101
1186
1259
1316
1357
1384
1397
1393
1371
1335
1286
1224
1150
1067
977
875
768
655
535
412
284
158
30
-97
-225
-350
-469
-581
-687
-788
-881
-964
-1041
-1109
-1164
-1212
-1247
-1267
-1277
-1275
-1256
-1227
-1181
-1122
-1052
-968
-874
-771
-655
-528
-399
-264
-119
25
167
306
440
566
684
793
890
973
1042
1099
1142
1172
1190
1189
1180
1156
1120
1071
1009
940
861
771
678
577
476
371
261
150
37
-72
-181
-292
-398
-495
-585
-671
-747
-817
-880
-932
-977
-1012
-1036
-1051
-1053
-1044
-1023
-992
-949
-896
-832
-759
-678
-588
-489
-389
-285
-171
-56
60
174
284
393
495
588
673
749
818
872
915
951
974
983
979
961
932
889
837
778
712
643
567
482
394
304
215
123
31
-60
-148
-231
-313
-388
-459
-521
-578
-629
-671
-705
-732
-750
-754
-754
-743
-726
-704
-673
-634
-591
-541
-483
-425
-356
-281
-210
-133
-55
21
98
173
246
312
377
437
491
540
578
610
633
650
654
650
641
623
598
565
524
484
437
388
332
276
217
155
95
34
-26
-81
-136
-187
-234
-280
-322
-358
-391
-420
-439
-453
-464
-469
-467
-461
-449
-432
-414
-386
-356
-325
-284
-243
-202
-156
-111
-66
-21
22
61
101
141
178
214
247
277
303
327
344
357
366
369
367
362
353
341
325
305
281
255
227
194
162
129
91
55
20
-15
-49
-80
-110
-140
-168
-193
-216
-235
-252
-266
-276
-284
-290
-290
-288
-285
-276
-264
-252
-236
-222
-207
-187
-168
-144
-120
-98
-73
-51
-25
-1
20
43
66
85
109
128
146
166
181
193
205
212
220
223
224
224
220
212
200
188
174
156
140
122
103
84
63
42
24
3
-14
-29
-47
-64
-81
-97
-114
-127
-138
-147
-153
-160
-164
-166
-165
-164
-158
-152
-146
-137
-130
-120
-107
-95
-79
-65
-48
-35
-23
-6
5
18
32
43
54
66
76
84
91
98
102
109
113
116
117
116
113
108
106
101
92
82
71
62
50
38
29
18
8
-2
-13
-21
-31
-42
-47
-53
-60
-61
-63
-67
-71
-72
-73
-73
-73
-72
-67
-64
-61
-53
-44
-39
-31
-23
-15
-6
1
7
14
19
23
26
28
32
31
32
36
35
35
35
40
45
49
50
50
50
50
51
52
47
48
44
39
36
29
24
15
8
3
-3
-6
-11
-14
-18
-23
-23
-23
-23
-25
-28
-26
-26
-26
-23
-20
-17
-17
-17
-12
-9
-7
-7
-3
-2
1
4
3
7
9
10
13
12
14
14
10
8
6
5
2
1
1
-2
-2
1
3
1
0
-2
-1
-1
2
3
4
5
8
11
13
10
10
9
6
5
1
-2
-1
-3
-5
-4
-1
1
0
2
3
2
2
5
7
8
9
11
12
13
11
10
10
10
7
3
2
0
-3
-4
-6
-10
-13
-14
-18
-22
-23
-26
-27
-29
-30
-28
-30
-30
-28
-28
-22
-20
-18
-19
-20
-15
-9
-6
-2
1
4
9
12
16
18
20
21
19
21
22
20
18
19
17
14
13
12
9
5
5
6
4
3
6
7
5
3
3
1
-5
-6
-11
-15
-18
-22
-21
-22
-25
-25
-24
-26
-29
-27
-27
-24
-24
-22
-24
-25
-24
-21
-22
-21
-16
-15
-12
-10
-7
-2
6
9
9
14
16
21
25
26
27
25
25
24
21
19
17
16
14
10
7
7
2
-1
-6
-9
-12
-13
-12
-13
-13
-14
-13
-11
-9
-1
3
5
8
9
11
15
17
16
19
23
32
37
36
34
32
30
23
17
17
15
16
19
22
23
25
27
24
18
16
17
19
17
15
12
10
10
5
2
-3
-10
-21
-36
-45
-45
-49
-49
-54
-54
-49
-52
-57
-61
-63
-67
-67
-62
-57
-49
-42
-35
-27
-21
-15
-4
2
3
6
13
22
29
29
33
34
29
28
30
31
31
29
29
32
29
28
29
32
32
36
40
45
51
52
46
40
37
34
29
28
28
26
19
11
1
-8
-10
-18
-21
-23
-22
-17
-17
-23
-22
-16
-8
-10
-26
-46
-68
-118
-199
-269
-290
-267
-230
-185
-118
-35
37
80
104
123
138
135
125
122
121
112
78
16
-47
-75
-75
-75
-73
-55
-14
22
40
53
74
101
110
101
90
85
72
28
-35
-79
-95
-101
-108
-106
-84
-53
-32
-23
-10
9
24
37
45
45
40
39
38
22
1
-13
-17
-27
-44
-54
-55
-50
-48
-48
-37
-16
-3
8
23
49
67
68
63
69
78
74
71
84
105
115
114
122
137
136
115
101
106
105
88
73
72
73
58
36
23
14
7
2
-4
-9
-20
-23
-12
-7
-26
-40
-38
-67
-140
-211
-234
-249
-297
-330
-301
-232
-170
-130
-84
-23
17
25
34
57
73
70
61
64
78
74
66
69
63
49
32
32
39
35
30
45
56
46
47
77
99
85
58
55
65
61
54
49
43
32
27
25
19
18
18
11
-12
-36
-32
-14
-12
-19
-26
-31
-38
-42
-37
-33
-46
-71
-86
-93
-89
-86
-83
-76
-73
-73
-57
-31
-6
9
12
7
2
19
41
58
70
80
87
78
80
99
102
77
42
28
36
40
32
34
38
20
0
-5
8
21
21
10
-10
-23
-12
13
26
25
4
-17
-9
9
17
18
24
32
19
-7
-12
4
5
-21
-46
-57
-60
-58
-48
-32
-28
-39
-40
-25
-6
7
17
19
9
-1
4
23
25
11
3
1
1
-1
0
14
28
16
-7
-1
28
47
39
19
1
-12
-23
-23
-18
-20
-35
-58
-50
-22
-24
-35
-19
-3
-15
-30
-20
11
16
-2
-14
-16
-16
-13
6
25
15
-6
-7
10
23
11
-13
-21
-24
-37
-42
-28
-8
-12
-20
-24
-38
-38
-9
12
-5
-30
-18
11
23
29
40
37
10
-4
13
25
20
21
33
22
-6
-2
34
44
11
-8
7
20
8
0
25
43
16
-23
-35
-11
13
4
-13
-24
-28
-13
1
4
0
-4
6
3
-21
-25
-4
-2
-37
-65
-58
-41
-40
-35
-22
-18
-32
-33
3
19
-8
-21
-7
4
-7
-4
28
27
6
12
26
29
43
74
88
64
45
72
100
83
65
77
88
58
-2
-5
45
45
-3
-38
-42
-44
-49
-37
-19
-36
-68
-55
-40
-70
-89
-51
-14
-45
-82
-64
-32
-19
-11
-5
-20
-45
-41
-20
-17
-17
-8
-8
-23
-44
-46
-7
25
11
-21
-25
11
42
36
30
50
57
15
-9
31
72
58
19
5
25
22
-9
17
81
48
-37
-23
58
68
10
12
66
52
-30
-47
39
67
-5
-45
-20
-19
-51
-57
-31
-31
-95
-143
-87
-11
-31
-76
-45
4
-8
-48
-37
20
46
-1
-47
-33
12
23
-1
-6
1
-7
-8
12
56
67
15
-25
4
51
44
10
32
66
39
-18
-12
59
88
32
-46
-58
-18
-2
-7
9
26
9
0
31
44
14
-5
16
-1
-94
-145
-84
-14
-36
-90
-87
-73
-73
-42
-13
-40
-66
-39
-27
-52
-60
-29
17
28
-12
-33
-14
23
49
36
14
10
21
22
36
79
97
78
58
53
54
57
79
93
56
-11
-15
41
48
9
10
43
9
-85
-93
-10
25
-28
-59
-21
-18
-69
-59
18
36
-33
-69
-32
-9
-49
-71
-12
24
-33
-102
-103
-46
-5
-26
-58
-51
-40
-54
-45
-6
13
-3
-21
3
32
19
-5
12
50
31
-31
-38
4
29
17
10
24
34
40
52
82
89
48
34
54
71
72
47
25
35
40
-1
-38
-23
10
5
-25
-36
-24
-9
-1
12
18
1
-21
-15
7
5
-15
-26
-10
5
-3
-22
-19
10
11
-35
-57
-22
21
5
-42
-49
-15
8
1
-9
-3
-5
-22
-22
10
49
55
32
5
-3
15
35
51
68
44
-24
-65
-26
53
70
29
19
39
26
-6
30
104
96
11
-37
-16
-4
-23
-12
30
17
-66
-107
-44
42
42
-7
-33
-39
-35
1
48
49
11
-11
-16
-11
-11
2
36
52
24
-29
-28
45
102
81
22
-7
-8
5
36
51
27
-9
-6
27
49
72
95
98
83
74
78
67
69
110
111
39
-26
-6
45
37
7
2
6
-16
-23
12
26
9
5
-4
-42
-68
-48
-21
-31
-59
-64
-60
-62
-55
-27
-20
-49
-70
-63
-54
-55
-54
-50
-45
-40
-33
-17
-7
-8
0
23
39
29
14
12
23
34
45
45
29
35
67
70
32
9
24
32
15
2
-6
-1
6
0
-23
-43
-32
-10
-17
-51
-76
-64
-34
-17
-24
-56
-76
-60
-44
-76
-114
-97
-60
-64
-118
-136
-72
-17
-23
-64
-75
-58
-42
-9
32
39
-9
-50
-23
37
59
39
32
46
32
11
49
105
116
69
26
28
45
48
68
108
93
26
-11
26
100
132
115
57
-12
-30
6
37
38
16
-18
-57
-89
-73
-21
12
14
-24
-81
-121
-101
-24
26
8
-57
-115
-106
-40
18
23
-23
-53
-52
-50
-45
-34
-12
-6
-30
-41
-29
-7
32
74
79
33
-9
17
84
105
45
-12
13
69
86
72
72
84
69
38
36
56
54
39
22
-8
-61
-78
-29
18
-19
-109
-137
-99
-78
-98
-118
-113
-123
-154
-175
-166
-144
-131
-129
-145
-175
-184
-138
-87
-91
-143
-168
-137
-99
-102
-116
-99
-76
-93
-123
-119
-84
-58
-76
-100
-96
-102
-100
-66
-25
-21
-51
-56
-18
8
-16
-36
-5
16
-20
-64
-35
25
5
-49
-47
-12
-21
-70
-83
-76
-77
-90
-101
-106
-125
-125
-108
-108
-134
-158
-145
-127
-130
-159
-186
-166
-115
-99
-146
-189
-169
-118
-100
-130
-169
-166
-125
-104
-129
-153
-121
-69
-63
-100
-121
-108
-77
-46
-27
-42
-96
-109
-40
31
28
-25
-21
45
70
30
12
74
139
114
60
64
109
127
108
104
118
105
77
83
121
122
70
41
74
98
72
44
62
85
56
27
65
134
135
75
63
112
125
93
89
116
125
106
88
94
125
171
199
192
176
183
198
213
241
278
295
275
275
313
352
376
401
427
421
397
406
463
514
506
469
469
534
575
553
532
565
617
615
564
538
562
594
584
556
542
522
501
508
540
536
459
401
427
443
371
296
314
365
334
254
224
244
249
223
203
190
160
123
97
85
67
28
5
28
31
-37
-98
-63
9
-3
-93
-138
-91
-62
-109
-155
-138
-101
-101
-124
-142
-149
-145
-134
-120
-137
-191
-223
-191
-153
-171
-227
-246
-209
-192
-234
-289
-290
-270
-297
-355
-372
-352
-358
-401
-435
-440
-446
-455
-455
-473
-520
-564
-563
-551
-570
-593
-582
-562
-584
-627
-619
-563
-531
-546
-569
-582
-580
-548
-493
-447
-441
-459
-452
-393
-325
-297
-295
-266
-219
-203
-212
-187
-109
-42
-31
-45
-31
9
57
110
156
169
142
135
186
254
283
289
301
311
309
322
364
405
412
387
361
360
377
382
366
360
367
350
298
265
275
299
303
261
189
143
149
165
141
88
66
72
54
9
-7
14
13
-29
-71
-97
-104
-108
-114
-122
-156
-194
-196
-168
-157
-183
-211
-212
-215
-257
-313
-321
-277
-265
-331
-411
-422
-380
-356
-369
-395
-420
-459
-502
-504
-487
-500
-529
-545
-563
-610
-648
-629
-587
-598
-663
-712
-722
-725
-737
-731
-718
-725
-751
-767
-753
-733
-697
-659
-643
-647
-649
-612
-534
-464
-442
-444
-417
-353
-286
-240
-199
-157
-137
-122
-101
-70
-28
3
27
32
9
-2
41
96
111
96
82
76
73
75
93
117
130
127
115
98
116
163
203
214
202
207
228
237
238
255
278
295
314
326
330
338
351
381
411
427
432
439
454
460
461
481
513
535
539
529
517
518
537
561
575
563
535
525
544
568
576
567
561
572
572
542
530
567
603
576
515
490
512
540
553
536
490
452
445
462
471
451
427
419
407
377
351
357
401
418
375
313
285
299
323
331
307
260
206
171
175
174
147
116
90
58
16
-18
-28
-26
-36
-60
-83
-100
-113
-106
-92
-89
-103
-113
-99
-72
-65
-93
-118
-105
-83
-74
-78
-87
-95
-103
-103
-101
-99
-79
-59
-69
-102
-122
-104
-58
-16
-17
-46
-58
-47
-22
3
14
5
-10
-18
-16
-12
-11
2
21
22
-7
-39
-33
4
24
5
-33
-68
-82
-60
-31
-36
-79
-123
-133
-118
-113
-127
-150
-165
-182
-212
-244
-258
-240
-213
-216
-255
-307
-320
-283
-237
-235
-271
-296
-290
-276
-275
-279
-261
-237
-238
-256
-263
-241
-204
-178
-172
-179
-173
-149
-114
-81
-66
-61
-45
-6
35
51
52
69
99
116
111
108
132
167
180
161
133
132
161
188
184
158
134
131
144
146
134
124
124
130
128
118
104
97
100
102
90
69
58
60
50
29
9
0
3
1
-10
-32
-62
-83
-87
-77
-73
-85
-112
-140
-158
-163
-148
-128
-134
-161
-189
-196
-188
-178
-158
-137
-141
-172
-197
-184
-147
-129
-136
-152
-166
-176
-172
-146
-124
-129
-148
-158
-152
-144
-136
-113
-93
-108
-153
-181
-159
-110
-91
-110
-130
-144
-149
-138
-109
-77
-72
-94
-119
-131
-129
-109
-80
-55
-66
-109
-136
-113
-67
-35
-23
-23
-41
-68
-75
-37
15
34
16
-15
-30
-23
5
46
71
64
43
28
37
67
95
107
111
109
89
67
79
114
139
143
121
89
67
74
108
134
129
103
79
73
89
112
121
116
113
107
94
84
93
123
144
140
121
101
93
106
132
154
154
128
95
79
92
111
120
119
114
101
89
91
106
124
137
145
144
129
111
107
130
159
168
149
119
112
124
138
145
148
143
128
111
107
110
113
115
116
106
85
68
67
73
78
77
66
46
28
19
19
33
41
20
-18
-45
-50
-43
-40
-43
-56
-82
-111
-119
-112
-104
-92
-90
-107
-141
-171
-172
-145
-116
-116
-145
-185
-207
-194
-163
-136
-123
-132
-160
-184
-183
-158
-122
-103
-112
-137
-164
-169
-150
-118
-90
-87
-116
-151
-163
-152
-119
-93
-93
-114
-142
-159
-154
-130
-107
-104
-117
-137
-157
-156
-133
-103
-86
-94
-112
-128
-128
-108
-87
-79
-92
-115
-128
-132
-120
-101
-83
-78
-95
-111
-107
-86
-63
-57
-62
-72
-81
-82
-77
-63
-49
-41
-42
-56
-60
-53
-37
-16
-6
-12
-27
-31
-21
-12
-6
-2
2
1
-1
4
5
9
22
24
23
24
22
17
15
14
15
12
3
1
2
3
-2
-2
3
9
12
11
10
7
1
-3
1
6
7
2
-7
-15
-16
-11
0
3
-7
-13
-16
-20
-18
-13
-7
-3
-4
-9
-9
-2
5
13
18
20
15
9
14
23
33
43
42
38
36
36
43
52
56
52
47
45
42
43
49
56
61
61
60
56
60
70
76
75
73
66
63
64
64
70
72
72
72
70
66
66
71
76
76
68
63
59
59
61
62
65
63
59
56
55
55
56
63
68
61
51
43
38
42
49
47
44
38
30
28
33
36
40
40
37
32
22
20
22
27
29
22
13
9
12
16
20
24
24
20
18
22
28
33
34
37
46
49
52
62
68
74
77
75
73
78
85
91
91
86
82
83
88
93
99
103
98
94
89
90
99
107
112
110
105
105
106
109
113
113
108
103
92
82
80
82
79
73
63
55
47
41
39
39
35
26
20
13
4
3
0
-6
-8
-13
-18
-23
-30
-35
-39
-40
-40
-45
-48
-47
-46
-48
-51
-49
-45
-42
-40
-37
-37
-38
-33
-29
-24
-19
-16
-18
-21
-21
-18
-18
-16
-12
-11
-10
-12
-7
2
8
14
16
20
22
22
26
27
28
31
31
32
32
29
25
24
25
23
19
16
14
7
0
-5
-7
-9
-9
-14
-14
-14
-16
-17
-18
-16
-18
-20
-22
-26
-27
-33
-38
-38
-39
-42
-47
-52
-54
-57
-58
-57
-58
-60
-62
-62
-61
-60
-56
-57
-56
-55
-58
-60
-55
-48
-49
-49
-45
-45
-41
-38
-36
-36
-38
-36
-30
-28
-24
-24
-24
-22
-22
-20
-19
-13
-9
-10
-13
-10
-6
-8
-10
-10
-9
-12
-14
-13
-9
-4
0
2
3
4
8
14
17
18
17
14
15
12
7
5
3
0
-5
-9
-12
-18
-24
-30
-29
-29
-34
-38
-39
-39
-34
-31
-30
-29
-27
-24
-20
-19
-18
-19
-15
-10
-8
-9
-9
-8
-4
2
6
6
8
9
13
14
15
21
25
29
33
31
33
35
38
41
41
40
38
40
43
40
41
45
48
46
42
42
42
45
45
43
40
38
39
42
38
36
32
28
27
25
22
23
22
20
19
18
17
17
21
20
17
19
15
17
19
19
22
21
18
16
16
14
17
18
16
18
15
13
15
17
17
18
21
20
18
17
14
13
16
18
18
16
14
14
16
18
17
18
22
20
18
19
15
15
16
17
21
18
15
15
14
10
8
5
5
5
4
2
2
4
3
6
9
12
13
14
17
16
14
14
15
15
16
12
9
10
8
5
1
-1
-4
-11
-18
-19
-24
-26
-25
-26
-26
-30
-32
-33
-34
-35
-37
-38
-40
-42
-43
-42
-43
-41
-41
-40
-42
-47
-46
-47
-46
-45
-46
-48
-46
-41
-38
-35
-32
-26
-24
-25
-22
-18
-18
-15
-13
-12
-11
-9
-8
-4
0
-1
-2
-2
-1
2
2
4
4
5
5
7
9
12
17
16
15
17
17
19
20
20
17
12
11
8
7
3
-3
-4
-7
-8
-9
-13
-12
-13
-15
-16
-18
-22
-21
-21
-25
-26
-25
-27
-32
-34
-36
-40
-43
-44
-47
-50
-49
-47
-48
-46
-44
-45
-43
-40
-39
-35
-34
-30
-24
-21
-17
-15
-14
-12
-11
-12
-12
-12
-12
-15
-18
-20
-20
-15
-11
-8
-7
-4
-3
-1
7
11
12
12
13
13
16
17
18
19
19
18
17
14
9
8
5
5
4
5
7
9
14
16
18
18
18
20
19
16
12
9
7
6
3
2
4
2
-4
-8
-12
-13
-15
-17
-19
-20
-18
-16
-15
-12
-7
-5
-1
1
0
-4
-6
-4
-7
-8
-7
-8
-8
-10
-13
-12
-12
-13
-11
-13
-13
-14
-13
-11
-8
-3
0
3
8
7
8
6
7
8
3
1
1
1
-1
-1
2
4
3
6
10
12
14
15
17
18
19
20
19
17
22
23
23
27
26
26
24
22
19
16
13
10
10
8
6
3
3
3
3
3
3
5
5
4
2
0
0
0
-4
-3
0
-1
-3
-1
-1
0
0
-1
0
2
0
2
5
6
8
8
12
17
18
22
22
21
23
23
23
23
24
23
23
24
26
24
22
23
23
22
22
23
26
26
25
22
20
21
21
21
18
17
10
9
10
8
7
4
2
2
2
2
1
2
1
-2
-5
-7
-9
-11
-11
-13
-15
-15
-16
-16
-13
-11
-13
-15
-17
-17
-17
-17
-16
-16
-19
-19
-16
-14
-8
-7
-5
-3
-4
-3
-2
-3
-2
-3
-3
-2
-3
0
0
3
7
7
8
8
11
13
12
12
13
15
15
15
15
15
14
12
9
6
4
1
0
0
-2
-3
-3
-2
-1
2
1
1
5
4
4
4
1
3
4
3
7
8
8
6
4
6
4
1
-2
-1
-1
-1
-1
-2
-3
-2
-2
-4
-3
-3
-3
-3
-5
-4
-6
-6
-5
-6
-5
-9
-9
-11
-13
-13
-13
-11
-15
-14
-12
-14
-11
-12
-12
-12
-10
-8
-7
-7
-7
-6
-6
-4
-3
-3
0
2
2
3
3
2
3
5
5
7
8
7
9
9
11
15
13
15
15
16
17
15
16
15
15
14
10
7
7
9
7
7
7
3
1
-1
-2
-4
-5
-8
-9
-11
-14
-13
-13
-17
-16
-16
-17
-18
-19
-19
-16
-15
-15
-13
-16
-15
-11
-9
-5
-6
-6
-4
-1
-1
3
5
7
10
9
13
16
15
16
16
16
14
13
13
14
13
11
10
11
11
10
8
6
7
6
3
1
-1
-2
-2
-6
-6
-6
-8
-9
-11
-12
-16
-18
-18
-18
-19
-23
-24
-25
-27
-26
-30
-30
-26
-26
-26
-26
-24
-23
-24
-23
-21
-21
-21
-19
-19
-19
-17
-15
-13
-12
-10
-9
-6
-5
-5
0
2
3
7
8
6
7
9
9
10
8
8
11
10
10
7
4
6
5
2
3
3
2
1
-1
-3
0
0
1
2
1
-1
-1
-1
-3
-3
-6
-8
-9
-11
-11
-10
-11
-8
-9
-11
-11
-9
-7
-4
-1
-3
-3
-2
-1
2
0
1
1
0
-1
-1
-2
-4
-4
-7
-7
-8
-12
-11
-10
-14
-16
-15
-17
-13
-13
-12
-12
-12
-13
-10
-9
-8
-7
-6
-8
-8
-4
-2
0
3
5
3
2
5
5
4
5
5
7
8
11
12
12
14
15
18
18
19
21
21
22
21
19
21
21
21
24
23
21
23
24
22
24
26
26
25
22
22
21
22
22
20
18
15
15
16
12
11
9
7
10
9
9
6
2
1
1
1
0
1
1
-2
-3
-5
-3
-5
-7
-3
-6
-12
-12
-13
-10
-9
-10
-11
-12
-10
-10
-8
-8
-6
-4
-3
-3
-2
0
1
2
2
4
6
5
7
8
9
10
9
8
5
7
9
6
3
6
5
5
4
4
6
5
4
4
4
2
4
4
2
3
1
0
-1
-1
-1
-1
0
2
4
5
4
5
6
5
7
7
5
4
3
3
2
1
2
1
2
-4
-5
-4
-7
-6
-5
-8
-10
-9
-9
-9
-8
-9
-6
-7
-7
-6
-6
-7
-5
-6
-6
-7
-7
-6
-7
-10
-9
-9
-10
-10
-9
-11
-9
-7
-8
-7
-5
-4
-1
-1
-5
-4
1
2
3
6
6
5
5
6
7
7
6
8
9
8
7
5
3
4
1
1
1
1
2
-2
-1
-1
-1
-1
-1
1
2
1
3
4
3
5
5
6
3
-1
-3
-3
-2
-2
0
-2
-3
-4
-7
-10
-11
-9
-9
-11
-11
-12
-12
-12
-10
-10
-8
-10
-11
-7
-9
-10
-6
-6
-7
-4
-3
-3
-2
0
-2
-3
-1
-3
1
0
-1
2
2
3
5
7
8
6
9
11
10
11
12
11
13
13
10
9
7
8
9
9
9
8
9
8
5
6
8
7
9
10
7
5
4
6
5
5
6
6
5
5
2
1
1
-1
-3
-3
-5
-5
-5
-7
-7
-5
-5
-7
-7
-9
-9
-10
-13
-13
-10
-9
-12
-10
-11
-10
-12
-9
-7
-11
-8
-8
-8
-6
-4
-4
-3
0
-2
-2
-2
-1
-1
-1
1
3
1
1
4
3
5
6
5
6
4
5
4
5
2
2
3
4
4
3
3
3
1
-1
-2
-2
-2
0
2
2
4
6
5
3
4
3
4
5
6
7
7
7
5
6
6
3
0
2
2
0
-2
-3
-4
-7
-9
-10
-10
-10
-9
-8
