0
0
-1
1
4
5
8
8
10
11
10
11
11
10
8
9
9
5
9
7
6
5
4
6
2
4
5
4
5
4
7
8
6
6
7
4
3
3
2
1
3
7
3
1
1
0
0
-1
-2
-1
-2
2
1
-1
-3
-5
-4
-3
-2
-1
-3
-2
-2
-1
0
-3
-2
-2
0
0
-2
-1
-1
-2
0
0
0
2
2
2
3
-1
0
3
5
7
4
6
8
8
10
11
15
13
10
13
11
10
10
8
8
8
8
10
9
7
5
5
3
1
2
2
2
2
2
-1
-1
3
6
3
3
2
2
2
4
6
5
4
5
3
-1
-2
-4
-5
-6
-9
-7
-8
-8
-7
-7
-8
-8
-10
-10
-8
-7
-7
-7
-5
-5
-4
-2
-2
0
1
0
2
1
-1
-2
-1
-3
-2
0
0
-1
2
3
3
1
2
6
4
3
7
8
6
7
5
4
5
5
4
4
3
0
2
0
-2
0
1
-1
-2
-4
-4
-4
-5
-2
0
0
1
-2
-1
0
-2
1
0
-1
1
2
2
0
0
1
-3
-3
-3
-5
-4
-6
-6
-6
-7
-5
-4
-4
-6
-7
-6
-7
-4
-2
-3
-1
1
0
-2
-1
0
0
-1
0
0
-2
-3
-2
-2
-1
-2
-2
-3
-2
-4
-4
-4
-2
1
0
1
5
5
4
5
5
6
6
8
7
4
6
6
7
6
6
6
3
0
0
0
1
2
4
4
6
6
3
2
1
1
1
3
2
4
5
5
4
2
0
-1
-4
-5
-4
-5
-4
-3
-3
-2
-2
-4
-5
-5
-4
-1
-4
-2
1
2
3
2
1
1
3
3
0
0
-1
-2
0
-1
-3
-2
-1
-3
-1
1
-1
-2
0
0
0
-1
1
2
2
4
5
4
5
6
4
4
5
2
2
2
3
5
2
1
2
0
2
1
1
1
1
1
0
1
1
1
1
1
-1
0
1
1
2
1
1
2
0
1
2
2
2
1
1
1
0
1
0
0
-1
-1
0
0
2
5
2
1
0
0
-1
-3
-1
0
-3
-1
0
-1
-3
-5
-3
-7
-7
-7
-7
-5
-2
0
-2
-2
-2
-4
-3
-2
-1
1
1
4
5
4
4
3
1
2
1
-2
-5
-6
-6
-7
-6
-8
-8
-10
-13
-11
-12
-13
-11
-12
-9
-6
-5
-5
-7
-7
-8
-9
-9
-8
-9
-9
-6
-8
-10
-9
-10
-10
-8
-11
-12
-12
-11
-11
-10
-8
-7
-7
-8
-9
-9
-9
-6
-4
-3
-3
-1
-2
0
0
0
-2
-4
-4
-5
-6
-9
-7
-4
-6
-6
-4
-6
-4
-4
-4
-4
-5
-3
-2
-1
0
1
1
-1
-1
0
-1
-1
0
1
3
5
5
6
8
10
8
6
7
5
5
8
10
10
11
13
13
13
11
11
13
14
11
12
11
10
12
10
6
5
2
0
2
1
1
3
3
2
2
4
2
5
6
6
6
4
6
6
4
4
3
4
4
5
4
4
6
6
6
6
4
6
7
8
9
9
10
13
14
12
14
12
11
10
9
9
11
11
8
8
6
2
1
1
1
0
0
0
0
-1
-3
-3
0
-3
-4
-3
-4
-6
-4
-4
-5
-4
-5
-4
-3
-2
-2
-3
-2
-3
-3
-4
-4
-4
-5
-3
-3
-4
-3
-4
-5
-4
-6
-5
-6
-7
-7
-9
-6
-4
-6
-7
-6
-7
-7
-5
-4
-3
-3
-3
-3
-4
-6
-4
-1
2
4
5
7
7
9
8
6
8
11
10
9
11
10
10
11
10
10
9
8
9
9
9
7
5
6
5
4
1
-2
-2
-2
-4
-6
-5
-5
-4
-3
-4
-5
-6
-5
-6
-4
-5
-7
-7
-8
-8
-6
-7
-4
-5
-7
-6
-8
-6
-4
-3
-2
-2
-2
-1
-1
0
2
2
5
3
3
6
6
6
6
6
7
7
7
7
7
5
6
3
5
4
3
4
5
3
2
0
0
1
0
0
0
-2
-1
-1
-3
-1
-3
-3
-3
-5
-5
-5
-6
-6
-8
-8
-9
-10
-9
-7
-8
-6
-7
-7
-6
-7
-7
-9
-8
-7
-9
-7
-7
-9
-10
-10
-8
-8
-7
-10
-12
-10
-12
-13
-10
-10
-8
-7
-6
-4
-5
-5
-8
-7
-4
-3
-2
2
1
2
2
2
3
2
2
3
-1
-3
-1
1
-3
-3
-3
-4
-2
-2
-5
-4
-4
-5
-3
-2
-5
-4
-4
-4
-1
-6
-6
-4
-4
-4
-4
-3
-3
-2
-1
1
0
1
1
0
1
-2
0
1
0
2
3
2
4
3
1
2
2
2
2
1
1
1
-3
-4
-5
-7
-7
-7
-7
-6
-5
-6
-5
-8
-8
-8
-6
-1
-1
0
1
4
5
5
6
9
5
6
10
13
13
16
18
17
15
11
11
11
11
10
9
10
10
8
9
7
6
7
6
3
2
4
2
2
2
4
3
1
1
0
0
1
0
0
-1
-2
-2
2
2
3
4
4
4
6
7
3
4
4
3
6
7
9
11
10
10
10
9
8
9
10
12
10
10
9
7
10
10
9
8
8
9
5
4
5
3
5
5
3
1
0
2
2
2
4
3
3
0
0
2
-1
-3
0
-1
2
2
-2
-2
-2
-1
0
2
-2
0
2
1
-3
-3
-5
-5
-5
-4
-1
-1
-4
-4
-5
-5
-4
-4
-5
-7
-12
-11
-10
-9
-7
-7
-6
-6
-8
-11
-10
-8
-8
-7
-7
-8
-9
-7
-6
-6
-3
-4
-2
-3
-7
-6
-4
-5
-1
0
-2
-1
-4
-7
-5
-3
0
2
2
1
0
1
1
-1
2
2
-1
-1
-2
-4
-4
-3
-2
1
1
-1
-2
-4
-6
-4
-1
2
5
4
5
5
4
6
7
6
7
9
8
9
9
7
11
11
10
12
13
13
10
11
8
9
11
11
10
10
8
4
1
4
5
5
5
4
3
3
1
1
2
3
4
2
1
2
2
2
2
0
4
3
3
3
3
3
3
4
4
2
1
0
-2
-2
3
3
3
0
-3
-6
-9
-9
-9
-9
-9
-9
-11
-11
-12
-15
-13
-14
-14
-13
-16
-15
-14
-16
-14
-13
-13
-12
-14
-17
-17
-15
-13
-10
-9
-9
-8
-11
-11
-8
-5
-5
-5
-5
-5
-4
0
2
4
9
9
9
10
8
11
14
16
20
22
23
25
24
23
22
24
24
27
25
22
20
22
24
24
21
17
15
14
11
8
7
3
1
4
-4
-7
-8
-12
-11
-12
-16
-18
-23
-25
-28
-31
-32
-32
-34
-37
-39
-41
-44
-45
-43
-40
-38
-37
-37
-36
-34
-32
-31
-28
-23
-20
-16
-12
-8
-2
2
6
12
12
16
19
20
26
29
33
38
42
47
48
52
53
54
58
59
59
59
58
58
59
57
54
51
44
43
37
30
26
18
13
9
4
-2
-6
-13
-18
-21
-26
-29
-33
-41
-43
-46
-50
-50
-53
-55
-54
-58
-58
-59
-58
-52
-52
-50
-46
-45
-41
-42
-40
-35
-31
-24
-21
-14
-7
-3
4
10
16
20
24
29
32
35
41
49
54
58
63
65
66
65
65
66
65
63
61
58
55
53
48
44
40
33
25
20
11
6
-2
-11
-17
-22
-29
-36
-41
-49
-58
-63
-69
-77
-83
-91
-95
-99
-105
-107
-107
-106
-105
-105
-101
-98
-92
-87
-82
-76
-71
-61
-52
-44
-34
-24
-14
-3
8
21
33
43
51
61
70
78
87
94
100
105
110
117
121
125
128
127
127
126
123
123
120
113
109
100
89
81
71
57
48
36
25
15
1
-14
-26
-41
-54
-67
-83
-95
-105
-118
-130
-139
-147
-155
-162
-168
-172
-173
-176
-173
-169
-167
-164
-157
-147
-136
-125
-112
-97
-84
-71
-56
-40
-20
-1
20
43
62
79
96
113
130
151
168
186
201
213
224
234
246
253
260
265
268
267
261
257
251
241
229
214
198
178
154
132
108
81
54
28
1
-26
-54
-82
-114
-143
-168
-196
-222
-246
-270
-290
-311
-332
-345
-359
-365
-368
-373
-370
-365
-361
-350
-333
-317
-294
-268
-241
-214
-190
-159
-130
-96
-60
-24
11
46
81
118
154
191
227
258
289
321
345
371
396
417
437
454
466
476
482
481
478
469
454
436
414
386
353
318
280
237
191
146
94
40
-10
-65
-117
-169
-219
-269
-316
-361
-405
-444
-481
-512
-543
-566
-585
-599
-605
-609
-609
-597
-581
-561
-537
-508
-475
-437
-394
-352
-303
-252
-201
-144
-91
-35
24
81
137
197
256
315
375
431
486
539
586
632
677
716
749
779
801
814
819
817
810
797
774
744
703
650
592
526
458
387
310
231
145
52
-43
-139
-233
-323
-411
-496
-580
-660
-736
-806
-869
-919
-958
-990
-1013
-1027
-1038
-1038
-1025
-1002
-965
-922
-873
-814
-754
-686
-608
-527
-442
-355
-265
-175
-91
-5
84
174
265
355
451
540
626
719
806
889
972
1052
1125
1185
1235
1272
1298
1312
1316
1309
1286
1248
1190
1119
1036
945
841
727
607
481
343
194
50
-99
-242
-382
-521
-655
-786
-913
-1030
-1135
-1230
-1306
-1367
-1419
-1455
-1481
-1496
-1493
-1475
-1445
-1399
-1339
-1274
-1202
-1118
-1031
-940
-842
-737
-627
-517
-410
-302
-197
-88
23
135
254
379
500
618
737
853
968
1085
1202
1319
1431
1527
1608
1671
1715
1746
1765
1766
1749
1711
1649
1566
1464
1346
1216
1077
928
772
602
423
239
55
-121
-289
-448
-599
-745
-887
-1020
-1139
-1242
-1327
-1397
-1449
-1491
-1528
-1551
-1566
-1572
-1559
-1532
-1498
-1453
-1406
-1357
-1304
-1241
-1172
-1097
-1011
-923
-837
-748
-657
-564
-463
-357
-244
-131
-20
92
207
320
439
562
685
811
929
1040
1149
1252
1349
1445
1536
1614
1677
1725
1755
1768
1765
1742
1708
1664
1600
1516
1418
1304
1180
1044
897
749
589
420
246
71
-103
-272
-436
-589
-735
-873
-1003
-1122
-1229
-1319
-1392
-1449
-1490
-1517
-1533
-1538
-1535
-1519
-1489
-1452
-1406
-1354
-1299
-1237
-1173
-1104
-1033
-959
-881
-804
-724
-644
-564
-481
-393
-304
-215
-120
-22
76
180
296
410
524
644
763
877
992
1100
1207
1311
1405
1494
1569
1632
1683
1717
1736
1737
1723
1697
1650
1585
1501
1404
1294
1171
1039
899
747
587
419
245
69
-104
-272
-431
-580
-720
-853
-980
-1095
-1196
-1282
-1347
-1389
-1420
-1441
-1455
-1462
-1455
-1440
-1413
-1371
-1316
-1261
-1209
-1162
-1119
-1077
-1031
-977
-918
-856
-794
-738
-690
-640
-582
-516
-435
-343
-249
-152
-56
40
139
247
369
504
637
763
878
988
1089
1186
1282
1378
1474
1561
1634
1689
1720
1738
1744
1742
1732
1706
1668
1608
1522
1418
1299
1167
1033
893
746
591
419
242
61
-123
-295
-457
-612
-753
-886
-1013
-1135
-1242
-1331
-1399
-1451
-1484
-1498
-1501
-1499
-1490
-1468
-1431
-1381
-1320
-1252
-1180
-1113
-1055
-1001
-956
-917
-869
-819
-770
-721
-678
-639
-599
-556
-501
-436
-358
-273
-181
-93
-2
97
197
308
433
558
685
804
913
1017
1113
1206
1301
1389
1470
1540
1603
1649
1673
1685
1691
1691
1674
1638
1585
1514
1426
1317
1197
1074
941
803
654
494
330
157
-16
-183
-340
-484
-623
-758
-885
-1005
-1112
-1201
-1270
-1321
-1356
-1374
-1386
-1393
-1389
-1376
-1341
-1295
-1239
-1177
-1121
-1073
-1034
-1000
-961
-926
-888
-847
-811
-779
-752
-726
-693
-644
-579
-504
-421
-341
-257
-168
-72
38
160
290
427
557
679
786
885
986
1082
1181
1281
1370
1450
1515
1570
1621
1661
1685
1698
1700
1685
1647
1584
1502
1411
1312
1199
1076
938
788
631
461
289
120
-45
-211
-368
-521
-669
-810
-945
-1065
-1165
-1245
-1311
-1362
-1401
-1422
-1433
-1429
-1411
-1383
-1335
-1277
-1217
-1152
-1092
-1037
-988
-948
-910
-877
-849
-823
-800
-775
-744
-714
-679
-634
-578
-515
-442
-361
-271
-171
-71
34
152
269
386
502
621
736
836
933
1025
1114
1204
1288
1369
1444
1509
1570
1617
1646
1658
1654
1641
1619
1579
1522
1448
1355
1248
1129
994
852
706
559
406
244
74
-97
-269
-433
-579
-717
-840
-950
-1056
-1157
-1245
-1316
-1360
-1389
-1397
-1387
-1368
-1339
-1308
-1269
-1211
-1138
-1059
-981
-917
-872
-842
-822
-805
-783
-754
-719
-678
-643
-618
-595
-561
-515
-456
-376
-282
-186
-100
-23
63
154
250
349
449
564
669
752
825
897
968
1050
1137
1218
1295
1365
1424
1473
1505
1526
1538
1541
1528
1501
1457
1390
1303
1202
1098
983
862
732
593
452
302
141
-23
-187
-340
-482
-613
-736
-851
-958
-1057
-1145
-1215
-1264
-1290
-1296
-1288
-1270
-1248
-1223
-1189
-1145
-1088
-1022
-956
-905
-875
-860
-853
-847
-833
-813
-780
-744
-714
-692
-666
-632
-587
-529
-447
-349
-257
-175
-92
-11
70
157
254
362
470
564
647
724
793
867
947
1033
1126
1213
1292
1363
1418
1463
1500
1524
1538
1530
1512
1483
1429
1359
1276
1181
1082
974
852
721
584
439
287
124
-39
-192
-341
-478
-609
-732
-843
-946
-1039
-1113
-1167
-1201
-1218
-1227
-1220
-1204
-1184
-1153
-1117
-1069
-1009
-957
-916
-897
-893
-891
-887
-873
-851
-822
-796
-775
-748
-715
-683
-643
-583
-506
-415
-331
-259
-189
-112
-28
66
164
264
358
444
527
606
681
756
839
928
1009
1082
1151
1216
1280
1350
1416
1465
1498
1506
1494
1471
1440
1399
1344
1281
1206
1110
998
870
733
596
456
312
160
3
-160
-322
-474
-612
-734
-846
-947
-1032
-1109
-1170
-1209
-1228
-1229
-1214
-1189
-1161
-1132
-1100
-1055
-1008
-961
-920
-898
-885
-878
-869
-853
-827
-790
-749
-713
-678
-645
-604
-557
-498
-423
-338
-252
-181
-118
-47
37
126
216
309
402
488
559
615
670
736
814
893
962
1024
1080
1136
1194
1249
1301
1347
1376
1385
1375
1349
1318
1278
1231
1176
1112
1035
934
809
672
540
414
288
152
6
-144
-292
-435
-571
-690
-787
-871
-944
-1005
-1057
-1097
-1117
-1125
-1117
-1091
-1060
-1030
-1004
-977
-943
-913
-888
-869
-853
-837
-822
-812
-796
-767
-734
-701
-670
-640
-599
-552
-501
-441
-369
-292
-221
-162
-101
-24
61
145
224
304
385
455
515
575
639
716
790
853
910
968
1028
1089
1145
1202
1266
1317
1343
1344
1331
1323
1309
1278
1235
1181
1115
1026
912
792
678
566
449
313
170
21
-132
-284
-428
-553
-652
-737
-821
-897
-960
-1002
-1024
-1036
-1033
-1019
-1001
-985
-978
-971
-957
-938
-913
-893
-877
-869
-872
-872
-865
-850
-821
-788
-762
-739
-719
-692
-649
-595
-533
-456
-375
-294
-222
-160
-87
-2
90
183
274
362
432
483
527
584
660
741
811
872
937
999
1052
1100
1155
1224
1293
1342
1359
1352
1336
1316
1288
1243
1188
1128
1058
969
855
726
596
476
355
224
88
-54
-200
-345
-483
-603
-700
-777
-846
-902
-941
-974
-996
-1012
-1019
-1012
-998
-978
-966
-962
-957
-949
-934
-923
-915
-897
-869
-841
-824
-811
-796
-770
-731
-693
-653
-601
-537
-471
-412
-357
-298
-228
-155
-85
-10
77
165
239
296
346
402
469
538
599
659
732
811
879
922
963
1026
1110
1190
1249
1291
1323
1339
1333
1308
1269
1237
1210
1167
1090
985
882
777
665
544
429
321
206
70
-87
-242
-363
-465
-564
-651
-717
-757
-792
-835
-882
-905
-890
-866
-862
-879
-891
-885
-881
-903
-928
-929
-906
-882
-885
-898
-894
-863
-828
-809
-786
-737
-667
-614
-583
-540
-468
-384
-314
-276
-232
-157
-76
-25
10
70
157
243
292
322
387
476
550
603
657
730
806
861
905
962
1047
1133
1197
1245
1287
1316
1313
1280
1244
1215
1186
1139
1061
967
870
771
664
545
431
330
224
97
-46
-188
-310
-415
-508
-589
-651
-699
-747
-796
-837
-857
-862
-867
-870
-875
-879
-885
-901
-912
-913
-894
-866
-854
-856
-859
-854
-845
-832
-803
-763
-718
-680
-646
-604
-549
-483
-419
-353
-288
-222
-164
-125
-82
-17
67
154
223
274
331
401
462
509
557
637
738
822
875
913
977
1070
1156
1224
1289
1352
1402
1403
1358
1311
1280
1248
1195
1121
1037
941
824
685
546
429
341
252
146
23
-111
-235
-352
-459
-546
-613
-657
-695
-755
-826
-894
-942
-957
-951
-951
-955
-951
-938
-931
-939
-950
-940
-909
-880
-874
-886
-890
-873
-852
-837
-821
-782
-719
-664
-631
-597
-537
-451
-386
-346
-292
-202
-108
-45
-3
58
156
252
313
357
423
515
599
644
678
743
825
890
926
966
1038
1130
1206
1241
1264
1297
1319
1298
1237
1180
1147
1113
1032
904
775
678
586
460
308
180
99
25
-91
-243
-377
-466
-527
-588
-663
-730
-766
-785
-808
-839
-858
-853
-834
-828
-840
-858
-858
-847
-847
-857
-850
-819
-794
-804
-838
-840
-790
-729
-710
-726
-705
-621
-541
-528
-553
-528
-416
-294
-254
-269
-237
-130
-22
19
21
92
244
358
381
384
459
588
658
639
640
741
873
914
870
875
1003
1156
1196
1149
1149
1234
1289
1212
1055
974
1003
1018
913
732
602
551
480
321
134
29
4
-55
-217
-404
-510
-540
-587
-689
-760
-735
-662
-653
-740
-822
-809
-739
-717
-765
-793
-755
-699
-696
-758
-804
-776
-692
-633
-632
-645
-624
-591
-592
-623
-634
-582
-501
-456
-448
-426
-371
-313
-285
-261
-192
-73
34
87
111
160
250
343
415
482
572
672
751
802
842
887
938
1003
1077
1148
1200
1230
1255
1290
1317
1295
1224
1155
1113
1069
982
854
722
619
522
400
256
130
34
-75
-213
-350
-451
-513
-583
-669
-729
-730
-708
-721
-773
-806
-779
-734
-731
-771
-803
-792
-775
-790
-818
-825
-814
-802
-799
-807
-813
-821
-824
-814
-802
-798
-796
-785
-751
-697
-638
-583
-516
-430
-343
-270
-211
-133
-14
109
196
259
332
421
484
505
534
619
723
788
806
836
925
1033
1109
1158
1229
1351
1478
1529
1501
1443
1408
1384
1325
1227
1126
1039
936
793
614
436
291
159
15
-130
-241
-310
-381
-481
-561
-578
-551
-528
-549
-587
-598
-566
-533
-542
-586
-617
-612
-592
-602
-640
-671
-662
-627
-615
-642
-683
-702
-687
-673
-678
-685
-670
-658
-673
-684
-648
-559
-471
-431
-406
-363
-296
-233
-187
-128
-16
140
268
324
340
363
427
525
632
722
795
873
958
1033
1090
1151
1262
1423
1568
1613
1552
1452
1362
1286
1184
1055
931
811
665
454
201
-15
-164
-268
-371
-479
-566
-632
-700
-785
-839
-799
-677
-553
-500
-507
-497
-451
-416
-437
-485
-497
-472
-469
-540
-632
-662
-617
-550
-526
-527
-515
-505
-526
-582
-613
-571
-504
-486
-527
-559
-545
-506
-469
-434
-375
-296
-219
-160
-118
-71
3
116
243
336
379
399
441
498
537
583
677
813
948
1057
1164
1287
1424
1546
1634
1691
1703
1666
1580
1453
1297
1116
920
712
489
273
56
-165
-369
-547
-694
-825
-944
-1036
-1106
-1156
-1195
-1207
-1183
-1137
-1076
-994
-880
-744
-633
-572
-536
-484
-417
-374
-385
-429
-470
-520
-629
-803
-977
-1086
-1144
-1206
-1303
-1403
-1450
-1448
-1426
-1379
-1252
-1018
-770
-610
-519
-405
-225
-32
129
292
497
708
850
919
1008
1182
1397
1581
1729
1900
2101
2265
2350
2398
2496
2640
2730
2698
2582
2459
2346
2202
2010
1811
1621
1397
1100
741
390
87
-179
-429
-659
-843
-1003
-1168
-1332
-1452
-1511
-1530
-1537
-1525
-1489
-1427
-1358
-1287
-1191
-1081
-996
-969
-993
-1020
-1041
-1083
-1171
-1280
-1368
-1448
-1559
-1691
-1794
-1821
-1800
-1797
-1822
-1839
-1823
-1776
-1702
-1573
-1354
-1078
-814
-604
-414
-196
53
319
600
902
1188
1396
1525
1627
1763
1954
2152
2321
2478
2638
2778
2831
2765
2615
2435
2261
2088
1883
1621
1295
922
539
185
-133
-432
-724
-997
-1225
-1418
-1600
-1781
-1931
-1998
-1959
-1855
-1744
-1649
-1556
-1429
-1258
-1054
-841
-629
-431
-284
-216
-221
-265
-323
-379
-424
-469
-552
-711
-946
-1183
-1348
-1410
-1385
-1325
-1259
-1195
-1132
-1069
-995
-891
-725
-490
-224
20
222
424
670
952
1242
1528
1812
2087
2323
2511
2669
2835
3019
3212
3423
3645
3845
3946
3884
3680
3398
3099
2787
2424
2010
1562
1091
593
68
-439
-882
-1240
-1533
-1796
-2065
-2361
-2662
-2902
-3000
-2941
-2789
-2608
-2412
-2188
-1937
-1675
-1394
-1060
-678
-316
-50
92
116
59
-52
-198
-359
-554
-818
-1159
-1542
-1908
-2230
-2515
-2759
-2947
-3066
-3137
-3164
-3125
-2976
-2696
-2327
-1911
-1456
-959
-409
176
778
1382
1969
2514
2999
3443
3873
4295
4697
5076
5428
5750
5975
5984
5707
5183
4549
3921
3313
2663
1908
1051
149
-748
-1589
-2318
-2910
-3364
-3707
-3980
-4196
-4360
-4432
-4344
-4041
-3525
-2888
-2248
-1655
-1093
-523
69
657
1210
1696
2067
2273
2276
2074
1698
1208
662
81
-546
-1230
-1952
-2651
-3271
-3784
-4181
-4440
-4552
-4529
-4393
-4144
-3764
-3251
-2629
-1929
-1167
-347
513
1368
2191
2964
3672
4290
4807
5251
5654
6017
6324
6586
6827
7014
7018
6649
5864
4820
3751
2803
1956
1088
123
-927
-1985
-2966
-3783
-4373
-4714
-4839
-4829
-4762
-4692
-4594
-4376
-3930
-3220
-2342
-1449
-668
-24
537
1070
1610
2146
2628
2982
3127
3022
2680
2157
1517
785
-39
-968
-1969
-2952
-3823
-4523
-5043
-5391
-5579
-5602
-5458
-5160
-4717
-4127
-3384
-2527
-1621
-735
104
929
1782
2668
3535
4295
4897
5333
5629
5839
6018
6198
6397
6612
6824
6945
6796
6198
5146
3883
2731
1841
1119
342
-632
-1758
-2854
-3741
-4331
-4614
-4653
-4554
-4397
-4244
-4107
-3920
-3569
-2955
-2095
-1134
-271
371
819
1200
1621
2105
2582
2938
3076
2950
2576
2019
1353
640
-105
-902
-1787
-2773
-3810
-4751
-5433
-5789
-5863
-5774
-5598
-5343
-4965
-4419
-3702
-2815
-1830
-853
26
778
1439
2072
2727
3385
3982
4443
4722
4835
4868
4929
5060
5248
5470
5723
5962
6019
5668
4822
3674
2584
1781
1201
603
-189
-1179
-2198
-3061
-3668
-3989
-4065
-3979
-3827
-3711
-3649
-3580
-3370
-2892
-2145
-1264
-450
140
519
826
1193
1639
2084
2422
2566
2497
2223
1780
1215
580
-111
-878
-1753
-2721
-3705
-4578
-5225
-5585
-5678
-5601
-5421
-5152
-4759
-4186
-3430
-2545
-1608
-713
71
747
1357
1958
2563
3136
3623
3966
4163
4249
4280
4325
4432
4593
4785
5010
5288
5555
5608
5218
4356
3265
2288
1568
1006
401
-386
-1324
-2264
-3046
-3569
-3818
-3834
-3705
-3521
-3359
-3256
-3144
-2886
-2361
-1586
-721
26
533
850
1110
1415
1770
2108
2336
2380
2201
1793
1192
501
-175
-809
-1481
-2284
-3222
-4174
-4950
-5411
-5531
-5395
-5117
-4777
-4383
-3886
-3256
-2481
-1578
-626
246
940
1445
1834
2213
2617
3023
3364
3575
3640
3600
3540
3551
3667
3881
4169
4519
4909
5207
5195
4728
3893
2979
2235
1682
1161
494
-379
-1349
-2233
-2887
-3259
-3395
-3379
-3307
-3248
-3216
-3160
-2974
-2561
-1915
-1134
-395
171
546
818
1112
1479
1859
2140
2236
2114
1788
1304
712
84
-528
-1143
-1834
-2670
-3602
-4473
-5099
-5371
-5313
-5050
-4714
-4352
-3923
-3357
-2624
-1771
-873
-19
705
1257
1652
1957
2250
2575
2891
3111
3177
3101
2971
2898
2936
3087
3315
3610
3991
4453
4878
5043
4759
4077
3258
2549
2009
1511
880
56
-883
-1784
-2499
-2952
-3161
-3202
-3161
-3115
-3090
-3059
-2918
-2554
-1949
-1195
-471
86
467
761
1074
1437
1790
2036
2098
1949
1623
1180
662
94
-506
-1139
-1838
-2636
-3493
-4294
-4884
-5170
-5152
-4917
-4579
-4190
-3725
-3128
-2375
-1517
-652
124
756
1231
1573
1833
2052
2256
2440
2562
2580
2489
2365
2311
2387
2591
2846
3098
3388
3792
4302
4732
4826
4469
3790
3049
2411
1857
1273
565
-267
-1140
-1940
-2586
-3030
-3261
-3313
-3255
-3181
-3130
-3053
-2822
-2345
-1653
-891
-230
265
629
950
1289
1624
1888
2007
1935
1688
1304
823
264
-367
-1052
-1781
-2554
-3340
-4080
-4678
-5042
-5129
-4965
-4633
-4199
-3684
-3073
-2348
-1536
-715
29
637
1098
1435
1691
1879
2012
2096
2131
2113
2041
1948
1880
1900
2042
2286
2589
2928
3341
3869
4450
4887
4937
4533
3835
3103
2488
1954
1350
561
-387
-1355
-2190
-2794
-3141
-3271
-3256
-3189
-3134
-3084
-2938
-2569
-1949
-1166
-393
217
636
946
1247
1581
1891
2077
2064
1842
1463
986
453
-112
-702
-1334
-2044
-2832
-3610
-4237
-4610
-4723
-4642
-4438
-4134
-3714
-3147
-2437
-1629
-808
-68
517
925
1197
1395
1557
1681
1727
1674
1540
1372
1229
1149
1159
1272
1481
1768
2121
2552
3087
3743
4446
5015
5232
4990
4389
3663
3000
2413
1783
975
-25
-1094
-2055
-2765
-3185
-3366
-3401
-3384
-3356
-3283
-3075
-2645
-1974
-1154
-347
309
782
1145
1495
1853
2166
2327
2272
1998
1550
1015
462
-98
-717
-1473
-2349
-3236
-3978
-4486
-4752
-4811
-4698
-4426
-4012
-3459
-2779
-1989
-1144
-330
364
874
1206
1415
1568
1679
1714
1637
1456
1228
1023
889
825
818
867
1000
1244
1598
2044
2594
3277
4060
4785
5215
5185
4743
4100
3463
2885
2257
1430
374
-785
-1844
-2650
-3165
-3442
-3573
-3613
-3598
-3512
-3288
-2856
-2198
-1386
-556
159
704
1116
1485
1851
2165
2336
2284
1998
1544
1013
472
-64
-637
-1312
-2117
-2973
-3742
-4292
-4567
-4602
-4476
-4241
-3909
-3445
-2824
-2065
-1238
-434
250
742
1038
1192
1279
1345
1365
1283
1076
792
536
385
355
412
512
658
884
1223
1687
2272
2973
3762
4542
5147
5394
5211
4700
4052
3400
2733
1941
959
-170
-1310
-2299
-3028
-3471
-3674
-3721
-3672
-3555
-3343
-2971
-2391
-1617
-758
38
673
1144
1512
1841
2132
2326
2336
2124
1710
1173
602
51
-499
-1113
-1831
-2635
-3413
-4013
-4346
-4414
-4302
-4095
-3810
-3415
-2875
-2189
-1408
-622
80
618
949
1097
1135
1141
1145
1098
942
674
373
153
75
130
262
432
653
967
1409
1959
2588
3296
4061
4804
5358
5530
5254
4640
3895
3170
2449
1611
581
-587
-1719
-2635
-3247
-3579
-3693
-3655
-3503
-3261
-2919
-2439
-1791
-997
-151
611
1191
1590
1876
2112
2304
2380
2256
1913
1408
827
235
-344
-925
-1533
-2181
-2846
-3458
-3929
-4177
-4176
-3979
-3672
-3310
-2882
-2341
-1668
-926
-214
362
742
939
1010
1018
991
916
767
536
255
0
-151
-164
-56
121
342
619
979
1457
2064
2767
3522
4275
4934
5366
5446
5139
4537
3788
2996
2164
1231
169
-955
-2006
-2850
-3423
-3742
-3860
-3815
-3625
-3305
-2854
-2280
-1591
-820
-38
666
1222
1623
1906
2095
2184
2133
1903
1499
972
393
-184
-748
-1315
-1899
-2500
-3087
-3584
-3912
-4020
-3921
-3678
-3348
-2951
-2465
-1878
-1217
-539
76
553
864
1015
1041
999
917
787
584
315
34
-178
-266
-222
-77
119
358
662
1064
1575
2170
2817
3502
4207
4850
5281
5356
5042
4444
3728
2983
2186
1264
202
-910
-1930
-2737
-3289
-3607
-3720
-3651
-3427
-3087
-2649
-2099
-1420
-650
119
782
1281
1628
1870
2041
2126
2064
1811
1383
851
293
-265
-812
-1364
-1936
-2505
-3034
-3475
-3760
-3840
-3711
-3428
-3058
-2644
-2177
-1644
-1042
-415
155
596
870
981
967
874
739
575
382
153
-92
-296
-402
-374
-220
28
327
659
1038
1496
2043
2668
3356
4066
4710
5138
5203
4869
4245
3517
2795
2058
1205
181
-944
-1988
-2788
-3285
-3509
-3533
-3423
-3215
-2911
-2493
-1944
-1270
-518
212
827
1281
1598
1834
2008
2084
1999
1716
1279
764
238
-271
-783
-1330
-1915
-2489
-2989
-3351
-3539
-3550
-3414
-3176
-2865
-2488
-2027
-1484
-895
-332
139
479
687
787
790
720
595
420
211
-25
-258
-423
-470
-381
-191
49
319
637
1031
1512
2077
2710
3395
4089
4692
5057
5060
4702
4112
3445
2764
2002
1074
-3
-1102
-2057
-2761
-3206
-3440
-3508
-3428
-3218
-2892
-2452
-1886
-1201
-453
259
841
1258
1559
1796
1970
2032
1910
1595
1143
642
143
-353
-879
-1452
-2045
-2590
-3005
-3255
-3355
-3335
-3224
-3023
-2715
-2293
-1776
-1211
-665
-183
208
508
718
847
890
845
712
507
265
31
-148
-235
-230
-155
-26
163
444
825
1291
1805
2337
2898
3511
4147
4698
4999
4924
4493
3841
3131
2410
1632
739
-274
-1304
-2207
-2872
-3270
-3428
-3403
-3255
-3020
-2701
-2264
-1680
-966
-216
455
969
1327
1576
1761
1882
1887
1724
1391
934
418
-101
-611
-1133
-1682
-2243
-2749
-3123
-3326
-3368
-3290
-3123
-2871
-2520
-2073
-1553
-1005
-478
-13
357
611
750
802
798
744
623
422
171
-60
-199
-223
-154
-28
135
356
660
1055
1524
2036
2584
3177
3793
4364
4746
4795
4488
3928
3258
2567
1846
1014
57
-959
-1895
-2622
-3087
-3306
-3332
-3230
-3036
-2762
-2390
-1882
-1231
-506
181
733
1118
1378
1580
1742
1824
1753
1491
1068
561
48
-445
-945
-1485
-2061
-2616
-3062
-3339
-3434
-3372
-3194
-2926
-2582
-2173
-1697
-1167
-612
-87
341
622
754
784
774
749
685
547
337
113
-50
-98
-42
83
249
456
727
1069
1495
2005
2595
3244
3873
4379
4647
4605
4277
3765
3164
2508
1774
917
-50
-1031
-1903
-2567
-2988
-3196
-3246
-3179
-3007
-2723
-2316
-1779
-1136
-462
151
647
1018
1298
1523
1685
1727
1606
1313
897
435
-34
-532
-1087
-1704
-2312
-2822
-3162
-3323
-3352
-3287
-3138
-2882
-2501
-2013
-1457
-896
-378
58
399
648
817
924
964
925
795
593
375
208
135
142
184
244
343
536
850
1272
1757
2293
2880
3492
4060
4469
4602
4429
4017
3464
2853
2190
1438
577
-359
-1274
-2058
-2626
-2953
-3084
-3081
-2986
-2801
-2495
-2046
-1472
-833
-213
328
770
1113
1377
1565
1650
1602
1409
1081
653
154
-407
-1015
-1629
-2196
-2674
-3043
-3310
-3462
-3468
-3313
-3003
-2598
-2148
-1673
-1175
-666
-182
229
535
731
839
884
861
770
624
450
298
211
186
212
286
410
612
907
1295
1776
2331
2934
3534
4027
4306
4306
4045
3634
3150
2598
1933
1118
199
-718
-1513
-2121
-2548
-2824
-2977
-3015
-2930
-2718
-2365
-1880
-1304
-712
-168
291
679
1022
1318
1530
1595
1491
1245
909
514
54
-492
-1108
-1720
-2263
-2707
-3051
-3295
-3416
-3379
-3187
-2885
-2511
-2076
-1580
-1030
-485
-19
334
591
793
958
1056
1049
947
806
682
603
556
530
557
658
830
1055
1332
1700
2195
2798
3404
3859
4054
3966
3680
3306
2888
2394
1770
993
123
-733
-1481
-2049
-2437
-2675
-2808
-2872
-2853
-2712
-2411
-1939
-1363
-784
-277
135
500
855
1178
1412
1490
1406
1191
875
478
-9
-571
-1159
-1733
-2261
-2721
-3094
-3337
-3412
-3332
-3140
-2867
-2524
-2081
-1539
-958
-409
49
409
701
949
1153
1280
1308
1257
1159
1057
986
959
982
1056
1167
1316
1522
1824
2244
2764
3302
3721
3902
3822
3562
3216
2837
2391
1819
1099
285
-505
-1177
-1693
-2053
-2298
-2458
-2534
-2523
-2402
-2152
-1773
-1304
-826
-397
-21
328
676
993
1213
1300
1245
1076
818
461
10
-512
-1065
-1611
-2140
-2636
-3047
-3309
-3392
-3321
-3155
-2925
-2615
-2196
-1676
-1125
-625
-201
167
506
810
1043
1188
1253
1266
1245
1206
1177
1182
1252
1371
1507
1655
1854
2165
2589
3051
3407
3537
3424
3158
2837
2496
2093
1569
904
163
-555
-1164
-1626
-1950
-2170
-2313
-2394
-2402
-2308
-2078
-1721
-1293
-871
-491
-153
165
484
769
977
1074
1055
925
680
326
-102
-560
-1025
-1513
-2023
-2510
-2898
-3131
-3198
-3153
-3040
-2854
-2574
-2182
-1716
-1234
-766
-330
73
440
746
987
1175
1324
1439
1509
1554
1603
1673
1771
1867
1966
2112
2354
2704
3074
3325
3361
3179
2875
2549
2220
1839
1342
717
25
-632
-1168
-1540
-1776
-1927
-2037
-2118
-2129
-2026
-1790
-1445
-1059
-691
-370
-79
211
501
756
937
1017
974
810
541
199
-167
-551
-972
-1446
-1943
-2384
-2687
-2834
-2869
-2852
-2795
-2667
-2423
-2072
-1655
-1233
-832
-449
-74
290
614
885
1106
1289
1444
1564
1666
1775
1889
2011
2142
2292
2504
2790
3101
3333
3374
3194
2858
2465
2074
1667
1180
581
-98
-754
-1287
-1656
-1884
-2019
-2113
-2176
-2174
-2064
-1817
-1463
-1062
-682
-354
-63
225
525
807
1015
1093
1026
831
539
199
-152
-528
-966
-1461
-1965
-2387
-2661
-2781
-2803
-2784
-2727
-2594
-2348
-1995
-1585
-1170
-770
-386
-14
344
672
966
1225
1459
1659
1830
1980
2113
2249
2390
2552
2763
3025
3300
3480
3462
3226
2833
2391
1962
1517
993
361
-333
-988
-1505
-1852
-2055
-2171
-2237
-2257
-2209
-2060
-1793
-1435
-1044
-671
-344
-54
221
496
747
922
983
899
677
365
17
-334
-709
-1146
-1632
-2101
-2463
-2679
-2784
-2828
-2835
-2778
-2621
-2352
-1998
-1608
-1218
-828
-433
-43
336
695
1030
1337
1603
1829
2029
2218
2399
2568
2744
2955
3224
3506
3706
3714
3484
3075
2584
2100
1615
1076
440
-273
-968
-1541
-1932
-2155
-2269
-2322
-2330
-2276
-2121
-1849
-1479
-1055
-635
-254
74
368
652
927
1145
1233
1136
861
493
128
-204
-552
-987
-1498
-1991
-2366
-2588
-2693
-2748
-2767
-2722
-2579
-2340
-2034
-1688
-1303
-881
-446
-32
350
723
1106
1491
1835
2111
2326
2511
2706
2919
3147
3399
3648
3837
3882
3703
3311
2784
2222
1676
1114
481
-236
-967
-1606
-2077
-2371
-2529
-2595
-2591
-2519
-2354
-2087
-1722
-1284
-828
-407
-36
301
627
941
1187
1281
1186
936
623
319
9
-368
-844
-1373
-1856
-2221
-2466
-2626
-2740
-2804
-2785
-2666
-2462
-2185
-1847
-1460
-1046
-621
-192
250
706
1161
1584
1948
2269
2564
2846
3108
3342
3575
3830
4082
4224
4146
3804
3264
2649
2046
1450
795
57
-734
-1472
-2070
-2497
-2767
-2907
-2945
-2894
-2757
-2525
-2187
-1744
-1233
-724
-277
108
475
850
1186
1388
1376
1160
837
509
198
-154
-601
-1111
-1599
-1995
-2292
-2522
-2688
-2782
-2789
-2719
-2590
-2402
-2136
-1774
-1338
-882
-442
-12
446
952
1474
1956
2368
2713
3033
3361
3706
4069
4414
4666
4722
4506
4044
3431
2782
2145
1469
684
-204
-1111
-1911
-2526
-2945
-3211
-3367
-3428
-3393
-3246
-2957
-2526
-1995
-1427
-882
-373
127
625
1084
1407
1525
1451
1256
1021
746
387
-64
-566
-1063
-1518
-1934
-2305
-2603
-2807
-2914
-2952
-2933
-2835
-2620
-2278
-1841
-1362
-867
-337
245
869
1490
2057
2555
2992
3395
3788
4187
4596
4956
5165
5133
4817
4265
3593
2896
2196
1434
567
-388
-1329
-2142
-2755
-3182
-3472
-3665
-3769
-3749
-3567
-3220
-2736
-2177
-1600
-1036
-481
64
571
993
1274
1395
1375
1260
1073
821
505
125
-309
-781
-1264
-1712
-2092
-2391
-2621
-2808
-2950
-3010
-2942
-2720
-2367
-1937
-1468
-947
-347
329
1039
1728
2357
2927
3470
4014
4555
5055
5448
5651
5594
5245
4659
3950
3216
2472
1652
700
-351
-1373
-2226
-2862
-3303
-3630
-3880
-4025
-4017
-3826
-3460
-2962
-2379
-1768
-1171
-609
-85
402
841
1181
1372
1400
1303
1141
958
748
463
80
-380
-856
-1290
-1658
-1977
-2267
-2524
-2711
-2783
-2705
-2491
-2179
-1802
-1354
-819
-199
481
1174
1854
2518
3175
3816
4408
4915
5292
5487
5445
5137
4619
3994
3336
2643
1854
932
-60
-1008
-1819
-2471
-3000
-3438
-3783
-4006
-4069
-3969
-3713
-3321
-2833
-2297
-1764
-1244
-738
-238
236
617
868
1001
1075
1123
1131
1054
850
538
173
-193
-536
-875
-1229
-1575
-1874
-2083
-2177
-2154
-2015
-1766
-1416
-982
-482
61
656
1301
1972
2625
3216
3724
4142
4442
4572
4500
4246
3877
3453
2960
2366
1669
916
174
-509
-1135
-1703
-2207
-2627
-2950
-3187
-3333
-3362
-3258
-3041
-2758
-2454
-2138
-1787
-1392
-988
-613
-287
-6
250
479
651
737
734
657
537
386
197
-29
-285
-557
-809
-1015
-1149
-1213
-1201
-1104
-920
-664
-349
14
428
892
1375
1831
2231
2565
2833
3023
3102
3053
2905
2696
2441
2132
1750
1305
841
392
-35
-444
-840
-1201
-1509
-1765
-1978
-2138
-2233
-2251
-2207
-2128
-2030
-1905
-1740
-1535
-1307
-1081
-867
-660
-456
-264
-100
28
113
152
158
128
72
-6
-98
-210
-320
-405
-454
-459
-421
-340
-217
-51
142
337
535
750
984
1215
1412
1562
1669
1741
1776
1761
1707
1623
1520
1393
1235
1051
852
661
486
311
125
-72
-267
-443
-601
-743
-861
-950
-1028
-1106
-1199
-1294
-1357
-1370
-1346
-1301
-1241
-1156
-1033
-876
-707
-547
-409
-292
-202
-158
-151
-164
-187
-219
-253
-288
-313
-319
-297
-264
-219
-162
-98
-19
79
190
315
448
580
702
811
911
1007
1087
1141
1165
1174
1179
1174
1146
1088
1010
925
836
729
605
477
353
241
132
15
-113
-236
-346
-437
-524
-604
-672
-730
-765
-772
-749
-692
-609
-520
-449
-401
-378
-375
-386
-410
-440
-474
-504
-522
-522
-521
-515
-505
-496
-477
-451
-414
-368
-312
-240
-154
-63
31
131
230
335
449
554
648
727
794
861
929
992
1036
1055
1048
1019
977
921
855
783
714
645
568
477
382
286
193
108
21
-76
-173
-254
-296
-300
-288
-280
-292
-316
-346
-382
-430
-489
-549
-600
-639
-675
-712
-735
-741
-745
-751
-760
-759
-740
-706
-664
-619
-569
-502
-418
-324
-230
-134
-36
62
157
246
333
422
510
583
635
665
696
728
753
769
775
772
767
756
734
707
677
637
588
526
462
401
344
289
229
164
88
9
-74
-157
-236
-306
-372
-437
-510
-585
-649
-697
-732
-762
-789
-810
-820
-823
-821
-814
-803
-778
-744
-700
-646
-581
-503
-418
-333
-243
-149
-48
49
136
214
294
381
466
540
602
658
709
753
782
794
792
788
781
766
736
689
634
578
528
471
411
346
279
212
143
73
6
-59
-129
-201
-277
-358
-436
-505
-565
-619
-663
-696
-723
-747
-762
-766
-762
-754
-741
-726
-704
-668
-618
-565
-511
-461
-412
-357
-292
-223
-154
-85
-12
59
139
225
315
406
495
577
649
711
763
802
826
840
841
829
806
767
711
653
591
523
444
352
262
172
86
9
-67
-139
-198
-250
-296
-339
-378
-413
-439
-456
-475
-492
-507
-514
-521
-525
-528
-533
-531
-524
-512
-491
-467
-429
-379
-323
-264
-207
-146
-83
-17
54
129
210
291
368
437
493
547
593
627
647
657
661
656
644
621
590
558
524
486
445
400
352
303
257
209
163
117
68
17
-41
-108
-175
-240
-303
-364
-424
-478
-519
-554
-576
-589
-599
-599
-596
-583
-556
-517
-474
-431
-389
-340
-288
-231
-173
-122
-78
-35
11
62
117
170
219
264
309
344
375
407
439
468
492
508
517
518
516
511
497
486
468
438
405
365
319
271
219
169
113
61
10
-52
-114
-169
-222
-262
-294
-324
-351
-384
-411
-430
-447
-451
-451
-450
-438
-426
-413
-394
-370
-343
-315
-279
-242
-205
-171
-135
-88
-36
17
69
118
168
221
270
310
348
377
397
416
427
435
437
425
413
396
372
355
334
304
270
233
194
156
120
84
40
-3
-52
-100
-145
-189
-229
-263
-291
-314
-333
-354
-368
-377
-379
-374
-363
-350
-340
-325
-307
-287
-262
-236
-208
-175
-142
-103
-65
-29
10
52
95
140
180
216
249
276
298
317
333
348
358
356
348
335
320
304
284
265
244
223
198
172
140
110
81
47
15
-24
-69
-109
-146
-174
-201
-224
-244
-262
-275
-286
-297
-302
-304
-304
-297
-292
-280
-266
-251
-232
-215
-186
-154
-131
-102
-73
-41
0
35
69
103
136
171
197
219
240
253
267
280
282
277
270
260
249
233
215
198
184
171
156
137
117
96
73
49
22
-11
-45
-81
-119
-157
-191
-221
-247
-269
-290
-307
-317
-328
-332
-328
-326
-313
-294
-271
-243
-211
-178
-142
-106
-64
-22
23
66
101
132
163
191
219
241
258
273
287
295
297
303
308
311
308
300
293
284
269
254
239
222
205
191
173
145
112
75
44
10
-31
-69
-110
-154
-193
-228
-255
-272
-285
-290
-290
-290
-286
-279
-268
-251
-231
-213
-193
-176
-165
-149
-127
-106
-87
-69
-51
-32
-14
8
35
61
88
114
137
161
185
205
228
247
262
277
284
287
284
269
251
232
205
179
148
114
76
40
6
-25
-55
-81
-107
-132
-151
-169
-179
-184
-188
-187
-187
-187
-182
-184
-187
-187
-191
-191
-190
-188
-182
-176
-173
-169
-155
-138
-117
-91
-65
-41
-11
22
55
89
117
142
163
177
191
198
198
201
197
190
184
170
160
150
135
125
115
108
102
90
82
72
64
58
45
32
22
6
-16
-35
-53
-75
-93
-108
-122
-134
-144
-155
-167
-174
-177
-176
-169
-155
-139
-124
-105
-84
-65
-44
-20
-2
12
23
33
43
51
57
63
65
66
64
59
58
58
59
64
69
78
87
93
102
107
111
115
117
114
107
94
77
57
34
12
-10
-35
-55
-77
-97
-114
-131
-142
-147
-150
-147
-140
-133
-123
-113
-99
-87
-77
-68
-60
-55
-49
-44
-42
-40
-34
-27
-24
-22
-21
-15
-6
3
18
38
55
75
93
113
132
143
154
163
168
168
166
161
153
141
125
105
88
71
48
25
4
-23
-41
-53
-66
-73
-80
-86
-88
-90
-92
-90
-88
-90
-90
-94
-97
-100
-108
-113
-117
-123
-125
-130
-132
-128
-120
-108
-92
-76
-60
-41
-18
3
24
45
65
83
99
116
129
137
145
150
150
147
141
135
133
131
128
125
118
110
105
98
92
83
75
72
61
52
44
31
18
3
-13
-30
-50
-66
-79
-94
-107
-117
-131
-141
-148
-155
-156
-155
-149
-141
-132
-117
-97
-78
-59
-40
-25
-10
7
18
29
37
38
36
28
21
12
7
6
9
11
14
20
27
36
47
56
68
78
88
96
102
106
111
108
100
91
79
63
44
27
9
-6
-18
-28
-35
-40
-44
-45
-45
-40
-35
-26
-19
-11
-5
0
1
0
0
-1
-3
-7
-14
-22
-34
-40
-42
-46
-48
-49
-48
-43
-35
-24
-15
-4
10
22
29
34
37
39
37
34
27
23
14
2
-7
-20
-29
-34
-39
-41
-39
-35
-31
-23
-13
-3
9
21
31
42
52
60
65
67
71
71
67
62
50
38
25
9
-2
-11
-21
-24
-25
-26
-22
-17
-10
6
16
24
33
38
44
47
47
41
32
20
10
0
-16
-30
-40
-48
-57
-68
-74
-74
-71
-67
-62
-55
-45
-35
-25
-14
-6
0
7
8
7
6
2
-2
-6
-13
-15
-17
-19
-22
-25
-26
-20
-12
-6
3
12
19
26
29
34
37
39
43
40
35
30
22
13
8
-2
-9
-13
-18
-19
-20
-22
-18
-12
-5
1
10
15
20
23
23
24
21
19
15
7
0
-7
-12
-18
-26
-32
-38
-45
-48
-46
-49
-49
-41
-39
-34
-25
-16
-8
-3
4
12
16
20
24
25
29
29
28
27
23
24
26
23
20
14
8
3
-2
-5
-8
-8
-10
-11
-8
-10
-10
-8
-7
-6
-3
-2
-2
-1
0
2
0
0
1
-4
-4
-5
-8
-9
-11
-11
-12
-13
-15
-16
-19
-24
-27
-25
-28
-27
-26
-28
-28
-30
-30
-27
-24
-20
-19
-19
-18
-14
-11
-8
-7
-1
5
7
8
10
12
14
13
12
9
4
1
-5
-13
-18
-21
-26
-29
-31
-31
-31
-28
-22
-16
-12
-2
10
15
23
34
36
40
46
49
51
50
47
45
40
35
29
24
18
14
11
12
11
11
17
20
23
28
30
33
33
32
34
35
33
32
30
26
22
18
12
5
1
-4
-10
-15
-19
-22
-25
-30
-30
-31
-34
-35
-32
-29
-29
-25
-23
-23
-21
-16
-15
-13
-9
-6
-3
0
2
7
11
12
12
15
14
13
12
12
13
17
22
26
29
31
37
40
41
46
47
50
53
53
53
51
51
48
45
38
31
27
18
13
9
5
-1
-2
-2
-8
-13
-14
-19
-21
-19
-22
-27
-27
-31
-33
-33
-38
-38
-37
-43
-46
-43
-43
-44
-41
-36
-28
-24
-17
-11
-7
-2
4
7
10
10
11
13
15
16
18
21
24
26
26
25
30
36
37
39
41
45
49
51
50
50
47
44
42
39
35
31
27
21
14
7
1
-5
-11
-15
-20
-24
-27
-31
-37
-44
-48
-53
-55
-55
-59
-59
-56
-53
-46
-43
-41
-37
-33
-31
-31
-31
-29
-29
-28
-26
-20
-17
-16
-10
-8
-6
0
5
6
11
16
18
21
23
25
27
29
31
30
29
31
31
27
25
24
21
23
20
17
17
15
12
13
11
4
0
-2
-4
-9
-12
-13
-14
-17
-19
-22
-25
-29
-32
-35
-38
-37
-35
-34
-32
-30
-26
-21
-19
-16
-10
-5
-1
1
4
11
14
17
19
18
16
17
17
14
11
11
7
4
8
7
7
7
8
12
12
10
9
6
6
4
1
0
-3
-6
-7
-10
-13
-12
-15
-19
-21
-20
-20
-20
-21
-21
-20
-20
-19
-16
-14
-12
-11
-9
-7
-4
-8
-10
-12
-16
-15
-12
-10
-9
-6
-2
2
6
8
8
9
13
18
19
25
27
30
32
32
33
32
27
26
23
19
17
14
15
13
13
16
18
23
24
25
25
26
26
25
21
20
20
19
19
16
14
16
12
11
10
1
0
0
-2
-1
-5
-4
-4
-6
-4
-3
-4
-3
-1
1
5
10
13
19
22
22
25
28
27
28
26
22
21
21
19
14
11
10
9
6
4
7
7
8
12
12
13
14
14
13
14
14
14
12
5
-1
-6
-8
-9
-12
-17
-20
-19
-19
-18
-15
-16
-17
-19
-24
-24
-24
-24
-24
-25
-23
-23
-22
-24
-27
-27
-28
-27
-25
-24
-21
-17
-10
-5
5
9
11
14
13
12
15
13
9
3
1
2
-4
-9
-10
-14
-16
-16
-17
-15
-12
-8
-2
-1
-1
2
6
9
14
18
21
22
23
19
14
10
7
2
-5
-10
-8
-6
-3
2
1
3
4
3
0
0
5
10
10
15
23
26
32
35
35
35
36
39
38
41
45
47
47
48
44
37
32
24
18
16
9
3
3
-1
-5
-5
-9
-12
-12
-14
-13
-14
-7
-3
-1
-1
-2
-4
-8
-11
-17
-23
-28
-31
-29
-36
-43
-44
-46
-48
-51
-51
-45
-38
-30
-22
-16
-5
1
4
6
9
12
18
25
29
35
41
47
50
49
49
45
43
42
38
43
45
45
43
37
31
30
28
27
26
25
23
21
14
8
3
-3
-15
-26
-32
-33
-31
-32
-40
-50
-57
-60
-61
-64
-60
-61
-59
-53
-40
-24
-11
-4
-7
-13
-17
-18
-14
-11
-12
-19
-33
-44
-49
-54
-60
-71
-82
-92
-99
-99
-92
-82
-74
-76
-78
-82
-82
-67
-44
-25
-16
-17
-22
-25
-14
3
17
26
29
41
59
77
86
67
1
-131
-297
-419
-466
-463
-451
-435
-396
-354
-342
-352
-365
-400
-484
-605
-708
-743
-704
-618
-507
-404
-321
-256
-184
-96
-13
53
87
91
72
55
63
90
114
96
31
-54
-125
-169
-191
-205
-237
-299
-364
-405
-406
-362
-294
-228
-181
-151
-113
-44
62
174
258
309
328
345
387
453
520
554
544
507
457
421
409
407
384
329
243
155
103
85
87
81
51
-1
-51
-65
-47
-9
29
40
33
21
30
66
120
170
197
194
180
179
208
245
267
264
230
185
146
128
126
125
103
57
7
-33
-48
-39
-29
-41
-69
-96
-111
-107
-89
-65
-52
-57
-69
-73
-63
-44
-30
-33
-57
-95
-125
-142
-155
-178
-222
-276
-338
-393
-428
-452
-465
-484
-509
-530
-545
-538
-515
-489
-466
-454
-443
-424
-392
-359
-330
-310
-306
-304
-293
-270
-245
-224
-211
-210
-218
-225
-213
-190
-167
-159
-163
-166
-163
-153
-136
-122
-119
-130
-151
-171
-182
-191
-201
-216
-248
-284
-317
-337
-341
-348
-365
-397
-438
-484
-528
-559
-587
-620
-668
-725
-774
-823
-861
-891
-925
-972
-1031
-1091
-1144
-1182
-1212
-1229
-1242
-1255
-1258
-1240
-1187
-1104
-993
-861
-713
-547
-371
-175
39
263
487
698
893
1077
1249
1412
1548
1645
1690
1679
1616
1506
1351
1163
948
719
488
273
87
-64
-180
-272
-349
-423
-491
-551
-598
-633
-666
-697
-726
-746
-753
-726
-649
-521
-339
-101
184
510
858
1216
1549
1827
2035
2166
2229
2238
2209
2157
2090
2012
1925
1828
1730
1630
1528
1419
1304
1198
1113
1073
1094
1175
1312
1488
1677
1870
2048
2201
2326
2410
2449
2452
2431
2405
2395
2406
2433
2467
2502
2528
2542
2545
2536
2509
2457
2374
2266
2137
1993
1844
1696
1542
1381
1223
1077
948
843
755
688
633
587
551
530
525
530
531
528
517
502
486
466
452
444
438
438
453
491
555
636
731
838
949
1057
1155
1236
1289
1306
1288
1226
1126
1000
857
706
551
390
229
81
-55
-173
-269
-345
-400
-432
-443
-437
-414
-380
-341
-307
-284
-269
-256
-246
-242
-247
-260
-279
-300
-320
-338
-354
-363
-368
-368
-362
-352
-330
-303
-270
-237
-202
-159
-117
-90
-86
-116
-199
-336
-528
-773
-1051
-1358
-1680
-2005
-2324
-2616
-2875
-3097
-3280
-3425
-3531
-3600
-3637
-3649
-3636
-3608
-3573
-3530
-3492
-3457
-3422
-3393
-3368
-3348
-3335
-3324
-3310
-3295
-3276
-3244
-3203
-3143
-3070
-2987
-2888
-2782
-2669
-2557
-2449
-2339
-2237
-2142
-2051
-1960
-1869
-1779
-1694
-1612
-1531
-1458
-1386
-1310
-1236
-1158
-1076
-996
-908
-814
-715
-607
-499
-397
-300
-207
-120
-31
54
131
203
271
337
400
467
533
598
656
708
755
801
848
895
938
979
1015
1047
1080
1108
1132
1159
1179
1198
1208
1208
1203
1188
1169
1146
1114
1079
1037
989
942
892
839
783
721
655
597
538
486
437
390
349
312
283
266
259
259
270
288
308
335
370
406
445
480
513
547
576
609
642
670
693
711
724
728
729
725
719
709
694
679
662
647
625
601
582
567
551
537
532
534
542
552
561
575
589
597
603
610
620
623
617
607
590
571
546
523
496
462
424
374
323
278
231
187
143
102
67
40
21
8
0
-4
-6
-4
4
22
46
75
107
142
183
221
262
305
347
386
424
458
493
530
566
600
626
647
660
672
683
686
690
693
695
696
696
694
692
689
685
677
664
656
648
637
629
616
605
596
585
573
557
543
526
508
490
467
445
426
404
379
351
322
292
263
233
201
175
150
125
99
75
54
34
16
0
-15
-28
-40
-52
-63
-77
-93
-107
-126
-142
-161
-182
-200
-221
-245
-265
-284
-300
-317
-334
-351
-365
-378
-390
-397
-403
-406
-411
-416
-423
-434
-441
-450
-462
-475
-488
-500
-510
-521
-537
-548
-561
-576
-586
-596
-608
-617
-626
-631
-635
-638
-637
-634
-628
-620
-613
-604
-594
-585
-572
-560
-546
-530
-517
-504
-494
-488
-479
-471
-463
-455
-448
-441
-435
-427
-416
-409
-401
-391
-380
-365
-347
-332
-314
-298
-284
-272
-259
-247
-239
-236
-235
-234
-230
-228
-222
-212
-205
-198
-190
-184
-176
-169
-160
-150
-140
-130
-117
-105
-90
-79
-70
-63
-58
-52
-50
-48
-46
-44
-42
-41
-38
-35
-29
-29
-29
-28
-30
-29
-28
-25
-20
-14
-12
-6
0
4
6
6
7
9
7
-1
-4
-4
-9
-18
-29
-38
-44
-53
-66
-76
-81
-82
-86
-89
-87
-87
-89
-92
-95
-99
-107
-115
-122
-123
-122
-120
-117
-117
-115
-116
-119
-120
-120
-122
-121
-116
-108
-102
-96
-93
-90
-88
-90
-93
-100
-99
-98
-99
-100
-105
-107
-108
-113
-116
-121
-128
-132
-133
-137
-136
-134
-133
-131
-127
-123
-119
-115
-109
-103
-98
-95
-92
-89
-84
-81
-80
-79
-76
-75
-76
-71
-66
-62
-58
-54
-49
-42
-35
-28
-21
-16
-14
-11
-6
-2
2
4
5
4
4
3
2
1
2
2
2
5
6
9
18
19
20
25
30
32
37
40
42
45
43
39
36
32
29
25
21
18
12
11
13
12
13
13
17
20
24
29
34
42
47
50
58
61
64
70
73
73
78
78
79
81
83
82
82
82
81
80
82
86
89
89
89
90
94
95
98
103
104
102
102
101
97
94
90
80
73
69
62
57
54
53
47
45
46
47
52
59
64
66
69
71
71
74
74
71
70
68
67
67
67
69
69
70
69
73
76
79
86
90
94
99
105
113
113
115
118
117
116
115
114
111
111
110
103
98
96
90
85
83
75
73
69
62
57
50
43
40
34
28
25
23
21
20
18
16
13
10
12
11
8
11
15
17
16
14
17
23
28
29
28
30
36
39
41
46
44
42
42
42
40
41
42
43
45
46
43
44
46
44
42
41
36
36
34
31
28
25
23
19
18
17
17
21
19
19
20
17
16
15
13
13
13
14
11
7
3
2
2
1
1
1
4
6
6
8
12
15
18
20
18
21
25
26
29
31
32
28
28
26
23
22
19
18
18
18
18
12
8
5
0
-6
-12
-13
-13
-12
-11
-11
-12
-14
-18
-20
-22
-24
-25
-27
-27
-23
-22
-18
-18
-17
-13
-11
-11
-12
-9
-8
-9
-9
-8
-9
-13
-15
-15
-16
-16
-16
-16
-15
-14
-13
-14
-15
-13
-11
-11
-8
-2
4
10
16
18
20
24
27
28
28
26
26
23
21
21
18
17
15
16
18
17
18
20
18
22
27
25
26
31
34
37
40
40
41
41
40
41
36
34
37
34
29
26
27
26
23
23
23
20
20
20
17
16
13
7
4
0
-4
-7
-10
-11
-10
-10
-11
-10
-11
-15
-14
-15
-18
-17
-16
-16
-14
-15
-14
-9
-10
-12
-12
-10
-11
-14
-14
-17
-19
-20
-22
-23
-22
-19
-17
-15
-14
-10
-4
-3
-3
-1
2
1
3
4
3
2
2
2
1
-1
-2
-5
-3
-1
-3
-2
-5
-4
-4
-6
-3
-1
0
2
2
4
6
6
8
9
9
9
8
7
6
7
11
9
10
11
12
12
16
17
16
19
17
18
18
19
23
23
22
21
21
19
20
20
18
16
13
13
17
18
17
16
15
13
12
12
9
10
8
3
2
-1
-5
-6
-8
-7
-6
-7
-7
-7
-8
-7
-9
-9
-9
-11
-10
-8
-7
-4
-3
-4
-4
-2
-1
3
3
5
6
8
10
11
13
15
14
15
14
13
11
12
15
15
15
16
15
15
14
11
9
13
15
13
12
16
17
17
19
19
17
17
16
16
15
14
12
9
8
3
2
2
-2
0
1
2
4
6
7
6
6
8
10
11
11
11
13
13
11
8
7
6
1
0
1
0
0
-1
-3
-3
-2
0
-1
0
3
3
4
5
3
3
4
6
6
6
6
9
8
5
4
1
0
-1
-6
-7
-8
-8
-8
-8
-10
-8
-8
-10
-6
-6
-7
-6
-7
-7
-8
-7
-10
-13
-11
-12
-13
-14
-15
-16
-16
-17
-17
-18
-19
-20
-19
-17
-20
-20
-17
-15
-14
-15
-11
-8
-8
-9
-9
-11
-12
-11
-14
-17
-18
-19
-18
-17
-17
-17
-15
-15
-15
-14
-15
-16
-15
-14
-14
-11
-15
-15
-17
-18
-17
-19
-19
-24
-24
-25
-27
-28
-30
-28
-25
-22
-22
-21
-21
-17
-17
-17
-14
-15
-16
-17
-17
-18
-20
-19
-23
-24
-22
-22
-22
-22
-22
-23
-20
-19
-15
-12
-11
-10
-7
-8
-7
-6
-4
-3
-4
-4
-4
-5
-4
-3
-5
-3
-3
-3
1
3
4
7
13
17
19
21
23
25
24
23
26
24
24
22
21
21
17
13
12
12
11
12
13
12
13
16
19
21
22
26
26
29
32
32
34
34
33
34
31
27
27
25
21
20
19
18
17
15
17
15
12
12
13
12
13
14
14
13
15
14
11
13
12
10
11
9
9
9
9
10
9
8
10
11
15
16
17
18
19
20
22
22
17
15
15
15
13
13
12
11
11
10
9
8
4
3
4
6
8
8
6
7
11
15
14
16
16
17
19
20
20
17
18
16
18
20
18
16
15
19
20
17
15
16
16
16
18
16
16
16
15
17
15
13
12
8
8
11
6
6
6
2
2
2
3
5
5
5
8
8
7
8
9
9
11
10
11
13
13
13
12
13
14
15
16
15
14
15
14
13
13
12
13
15
13
12
13
10
10
13
12
12
13
11
9
6
5
5
2
1
-2
-4
-4
-6
-7
-9
-8
-7
-7
-3
-4
-1
1
0
4
6
6
10
9
11
11
12
11
9
6
4
4
5
3
3
-1
-2
-1
-1
-4
-5
-4
-2
0
-1
2
1
1
-2
-5
-5
-9
-11
-12
-14
-13
-15
-19
-20
-21
-23
-24
-26
-26
-24
-23
-18
-16
-16
-16
-16
-13
-14
-13
-11
-14
-15
-16
-19
-22
-25
-29
-29
-27
-25
-26
-27
-27
-29
-28
-26
-29
-25
-24
-24
-25
-23
-21
-19
-22
-21
-21
-25
-25
-24
-26
-25
-24
-23
-22
-19
-17
-16
-14
-11
-8
-7
-4
-2
0
1
2
2
1
1
2
2
3
2
1
-1
-1
-1
0
1
2
2
2
0
-1
1
1
2
0
1
1
-2
-3
-3
-4
-1
0
0
0
-1
-2
0
-4
-3
0
2
5
8
10
10
11
11
9
8
8
7
6
7
8
7
4
7
5
3
2
3
3
2
3
4
4
5
6
6
6
7
6
9
11
13
13
13
13
11
10
11
11
13
15
14
16
17
15
14
12
14
12
14
14
15
14
12
13
12
15
16
17
16
15
14
13
13
11
9
11
14
14
14
15
15
13
15
15
15
17
18
15
15
12
11
10
7
4
2
-1
-3
-5
-7
-8
-5
-6
-4
-3
-4
-3
-5
-4
-1
-2
1
3
0
-2
-2
0
-1
0
0
-1
0
-2
-5
-7
-8
-7
-8
-8
-9
-10
-12
-15
-18
-19
-20
-21
-19
-19
-16
-12
-12
-12
-11
-11
-9
-10
-9
-10
-7
-6
-6
-6
-6
-4
-2
0
-2
-4
-1
1
0
2
2
0
1
0
-1
-2
-2
-2
-2
-3
-2
-4
-4
-5
-7
-6
-5
-6
-5
-2
-3
-3
-4
-5
-3
0
-4
-1
0
-1
2
2
3
5
5
4
4
4
4
7
4
3
7
3
4
4
4
3
2
5
7
5
7
7
7
6
4
3
4
2
1
0
-2
-5
-6
-6
-7
-9
-8
-6
-6
-9
-8
-9
-11
-10
-11
-10
-9
-7
-6
-7
-7
-6
-5
-5
-4
-5
-3
-3
-2
2
4
5
6
7
9
9
6
4
4
3
1
1
-1
-2
-1
-2
-3
0
-3
-5
-5
-8
-10
-11
-12
-11
-10
-8
-7
-6
-3
1
1
2
2
2
5
4
2
2
0
1
3
5
6
6
6
7
4
3
4
0
1
2
0
2
2
2
1
2
1
-4
-3
-3
-6
-7
-6
-6
-6
-5
-5
-4
-3
0
0
1
3
2
4
2
1
2
4
5
6
5
8
10
8
10
9
8
9
8
8
7
6
6
6
3
3
6
5
6
5
6
6
7
7
8
10
8
9
8
7
9
7
6
4
3
3
0
0
0
0
0
-1
0
3
2
3
5
3
3
3
2
1
2
2
2
3
4
6
3
5
5
6
9
9
9
10
9
6
4
6
6
5
5
6
6
7
7
4
5
3
3
6
4
5
7
4
2
2
4
4
2
2
2
-2
-3
-1
-1
0
-3
-4
-1
-3
-2
-2
-3
-1
-4
-2
-1
-2
-1
-1
1
2
4
7
7
7
8
8
7
8
8
8
10
10
13
15
13
11
10
13
11
9
13
10
7
8
10
11
10
9
8
8
7
6
6
4
6
7
5
6
7
7
8
8
6
6
6
5
4
5
3
3
2
0
3
3
4
4
5
5
5
4
6
6
5
6
3
5
6
0
2
2
3
3
2
4
4
4
3
2
2
3
-1
-1
-2
-6
-6
-8
-9
-11
-13
-12
-13
-13
-12
-13
-14
-15
-15
-18
-16
-17
-17
-15
-17
-16
-15
-13
-11
-10
-8
-8
-9
-10
-8
-7
-5
-6
-8
-7
-7
-8
-10
-7
-5
-7
-5
-3
-4
0
1
-1
-2
0
0
-4
-4
-6
-6
-7
-8
-9
-12
-14
-12
-11
-12
-12
-12
-12
-14
-14
-14
-15
-15
-14
-11
-12
-12
-11
-11
-11
-11
-10
-11
-9
-8
-10
-9
-6
-7
-8
-7
-8
-7
-4
-4
-6
-8
-7
-10
-8
-5
-7
-9
-8
-9
-10
-10
-10
-10
-11
-12
-11
-11
-11
-11
-9
-7
-6
-5
-5
-5
-4
-2
-1
-3
-1
-2
-4
-4
-5
-2
-3
0
0
-1
0
1
-1
-2
0
0
0
2
1
0
0
1
0
-2
0
-1
-1
-1
-2
-4
-4
-6
-6
-5
-6
-6
-6
-6
-6
-6
-5
-2
-2
0
-2
-3
0
-1
0
3
2
3
3
6
4
4
4
2
5
3
0
2
2
2
3
3
4
5
3
4
5
6
7
8
7
7
7
7
8
8
5
6
7
8
9
9
9
11
10
10
13
13
16
18
18
19
18
18
19
22
20
20
21
20
19
19
18
19
20
19
18
17
15
14
15
15
13
10
9
10
8
7
6
4
4
8
10
10
11
11
10
9
7
7
6
7
5
5
5
3
5
6
6
6
7
8
7
6
6
6
6
6
4
2
2
1
1
0
0
-1
-3
-3
-3
-4
-2
-4
-3
0
-1
-1
-4
-4
-3
-3
-1
-1
0
1
0
0
0
0
1
1
4
5
5
4
6
4
4
2
-2
0
0
-3
-1
-2
-4
-2
-3
-5
-4
-6
-6
-6
-6
-8
-7
-7
-7
-6
-7
-4
-7
-6
-5
-6
-6
-6
-5
-7
-5
-3
-7
-7
-7
-6
-6
-4
-4
-6
-5
-4
-4
-3
-7
-7
-6
-7
-6
-5
-8
-5
-7
-7
-5
-8
-8
-4
-6
-9
-7
-8
-8
-4
-4
-6
-5
-6
-6
-5
-4
-2
-2
0
1
2
2
5
7
9
9
10
10
8
6
6
7
5
4
7
5
5
7
8
7
3
4
3
4
2
1
2
1
3
3
1
2
1
4
7
6
7
6
4
6
7
5
6
9
7
6
6
3
3
4
3
3
4
3
3
2
1
0
0
-1
0
1
-3
-3
-6
-8
-8
-8
-8
-7
-5
-5
-5
-4
-4
-3
-2
-2
1
2
4
7
6
9
10
8
12
12
10
11
11
10
11
10
11
13
12
11
11
9
10
8
5
5
6
5
2
3
1
1
0
1
3
3
2
2
0
-3
-3
-4
-4
-3
-2
-3
-2
-1
-1
0
-1
0
4
3
5
6
5
8
8
10
10
7
8
8
7
7
5
4
3
5
4
2
2
0
-2
1
-1
-3
0
-4
-7
-5
-7
-7
-6
-5
-6
-6
-3
-3
-3
0
1
3
4
5
7
8
9
11
8
10
9
9
9
9
9
7
6
6
5
4
4
6
6
5
5
2
1
2
1
1
1
2
1
0
1
0
-1
-1
1
-1
1
0
-1
-2
-3
-6
-5
-5
-5
-3
-2
-2
-1
0
-2
-1
1
1
1
2
3
3
1
2
1
1
0
-5
-6
-6
-8
-7
-7
-4
-2
-5
-3
-4
-6
-4
-4
-4
-1
-2
-1
-1
-2
-2
1
1
0
-1
-1
0
0
-1
2
1
0
-1
