4
6
6
7
7
6
5
3
1
1
0
0
-3
-3
-1
-2
-1
-1
-2
-2
-3
-1
-1
0
0
0
2
1
1
1
0
3
2
2
3
2
4
5
3
4
3
1
0
-1
-1
-1
1
1
-2
-1
-1
0
1
0
-1
-1
-1
-1
-3
-3
-2
-3
-5
-6
-4
-3
0
1
0
-1
-2
-1
-1
0
2
3
6
6
3
3
3
4
6
5
3
2
0
-2
-2
-2
-2
-2
-2
-2
-2
1
0
-1
-1
-1
-1
-2
-2
-2
-2
1
-1
-1
-1
-1
0
-2
-3
1
0
0
0
-2
-3
-1
-1
-2
0
0
2
1
1
5
4
3
4
6
3
2
4
5
5
4
4
5
5
5
6
7
6
4
1
-2
-2
-4
-7
-6
-5
-6
-8
-8
-9
-8
-7
-9
-9
-7
-11
-10
-9
-8
-7
-9
-9
-7
-6
-7
-6
-8
-7
-4
-5
-4
-3
-5
-4
-5
-6
-3
-1
-2
-2
0
1
3
3
3
6
7
4
6
7
5
7
9
7
7
7
6
7
7
5
7
9
7
5
4
4
2
1
2
1
0
1
0
0
0
1
0
-1
-1
-2
-3
-4
-5
-5
-6
-5
-5
-4
-3
-2
-2
-4
-3
-5
-5
-1
-2
-3
-3
-1
2
1
1
3
3
3
5
5
6
4
3
5
4
1
3
2
5
4
1
3
1
2
1
1
0
0
2
2
2
3
4
3
4
4
3
2
3
3
1
-1
0
2
1
0
0
0
1
1
0
1
-1
-1
1
-1
0
2
2
2
0
1
3
2
0
1
2
0
0
0
-2
-3
-4
-4
-3
-6
-3
0
-3
-4
-4
-2
-1
-2
-1
0
-1
0
0
0
-4
-2
-1
-3
-2
-4
-3
-1
-2
-5
-4
-3
-4
-3
-4
-3
-2
-1
-2
-1
1
0
1
2
-2
2
1
1
1
-3
-1
1
-1
-2
-4
-2
0
0
-3
-6
-5
-5
-4
-6
-6
-6
-6
-6
-8
-10
-11
-11
-7
-9
-9
-6
-6
-7
-9
-7
-7
-8
-8
-9
-6
-5
-3
0
-3
-2
-1
0
0
-1
0
4
4
2
1
2
4
5
5
4
5
4
5
4
3
4
4
4
1
1
2
0
0
-2
1
3
3
3
1
2
2
0
2
1
0
0
-1
-5
-5
-5
-4
-2
-1
-3
-5
-5
-3
-2
-2
0
1
2
2
1
2
3
6
3
3
5
6
7
9
10
10
10
12
9
7
9
8
9
8
7
7
5
2
0
0
0
0
0
-2
-1
1
3
7
4
2
5
4
3
1
0
2
2
0
-1
-2
-2
-2
-2
-1
0
0
0
-2
-1
-2
-3
-1
-2
-3
-1
0
-1
-2
-2
0
1
0
2
3
3
6
5
2
3
4
5
2
1
1
1
2
1
0
-1
-1
0
0
-1
0
0
1
1
1
2
2
3
4
1
4
5
5
4
1
2
3
5
2
0
1
-1
2
4
3
3
1
-1
0
0
-1
-1
1
-1
-4
-6
-5
-3
-3
-4
-3
-1
-1
-3
-6
-4
-4
-2
-3
-2
1
1
2
1
2
4
5
5
4
5
6
3
4
5
3
1
1
2
2
2
0
-2
-4
-6
-8
-8
-8
-9
-8
-6
-6
-7
-8
-8
-8
-7
-6
-5
-5
-4
-4
-2
-5
-6
-4
-3
-3
-3
-2
-1
-1
-2
-2
2
4
3
6
6
6
7
8
9
8
8
8
8
10
10
9
9
7
7
8
8
8
9
9
7
5
5
2
3
5
2
1
0
0
-1
-1
-2
-4
-4
-5
-4
-4
-4
-6
-7
-7
-8
-7
-6
-5
-3
-6
-5
-5
-5
-4
-4
-3
-3
-4
-2
-3
-3
-1
-1
-3
-2
-1
0
-1
0
1
-1
-2
1
1
1
1
1
0
-2
-1
0
-1
-1
-3
-2
-2
-4
-5
-6
-4
-4
-4
-3
-3
-1
-3
-4
-1
-4
-3
-3
-6
-4
-3
-3
-3
-5
-3
-3
-4
-2
-1
-3
-2
1
2
2
3
3
3
5
6
7
7
8
8
8
10
9
11
10
9
8
7
6
2
3
5
2
3
3
2
2
-2
-3
-1
-2
-4
-5
-2
-4
-6
-8
-7
-7
-9
-7
-6
-6
-5
-4
-4
-6
-8
-8
-6
-4
-2
-2
-2
-3
-4
-4
-3
-2
1
1
3
4
2
3
2
3
5
6
5
5
5
6
9
9
9
6
6
6
3
2
2
2
4
5
5
3
2
3
2
1
1
0
0
3
5
1
2
2
3
6
6
6
6
4
4
4
4
3
4
4
5
7
5
4
3
2
5
2
2
4
2
1
1
1
1
1
3
3
2
0
-2
-3
-1
-2
-3
-4
-3
-3
-4
-2
-1
-2
-2
-1
-3
-4
-6
-6
-5
-4
-5
-3
-4
-5
-4
-6
-6
-6
-7
-3
-3
-4
-6
-5
-6
-5
-6
-5
-3
-2
-2
-2
0
-1
-2
1
3
4
4
4
5
6
8
4
5
4
3
3
2
1
0
-1
4
4
2
3
2
3
1
1
3
4
4
1
2
3
2
2
3
5
6
5
4
4
0
1
3
4
4
4
4
5
4
4
5
5
5
7
6
6
9
6
6
5
5
7
5
4
3
2
2
2
3
2
0
-2
-3
-5
-6
-6
-6
-6
-6
-5
-4
-4
-6
-8
-8
-5
-3
-1
0
0
1
1
0
1
1
1
2
4
4
3
6
5
5
7
6
6
6
6
5
6
5
6
6
7
7
5
3
4
4
4
1
-1
-1
-2
-3
-5
-7
-6
-6
-4
-3
-5
-4
-6
-5
-4
-4
-4
-6
-2
0
2
2
4
6
5
9
7
5
7
6
5
5
5
4
5
5
6
6
4
4
4
2
1
0
-1
1
-1
-3
-2
-1
-2
-1
0
-4
-5
-4
-5
-4
-4
-5
-6
-9
-11
-14
-16
-16
-16
-16
-15
-14
-15
-17
-19
-19
-17
-17
-18
-16
-14
-13
-11
-11
-14
-11
-6
-7
-6
-4
-5
-4
1
0
1
3
4
5
6
9
7
10
11
10
13
13
14
16
17
20
20
20
18
19
21
20
18
19
17
17
16
15
13
11
12
12
12
11
7
5
2
3
2
2
2
0
-2
-4
-5
-8
-9
-9
-11
-13
-12
-10
-9
-10
-13
-12
-12
-14
-15
-13
-15
-16
-15
-16
-16
-12
-10
-10
-8
-5
-4
-4
-2
-2
-4
-1
-1
0
3
2
3
5
5
4
4
5
7
9
10
10
9
11
10
8
7
9
7
7
8
7
8
7
5
6
6
3
0
0
-2
-3
-4
-7
-10
-9
-10
-11
-13
-11
-10
-12
-11
-12
-15
-17
-18
-16
-17
-16
-14
-14
-15
-15
-13
-15
-14
-12
-12
-7
-8
-12
-10
-12
-11
-12
-17
-17
-16
-18
-20
-21
-21
-21
-20
-17
-17
-15
-12
-14
-15
-15
-14
-12
-12
-10
-10
-10
-5
-8
-11
-9
-7
-5
-5
-3
-1
-2
1
4
4
5
6
9
12
12
14
17
18
18
18
20
20
21
24
20
19
19
15
12
7
3
0
-4
-7
-12
-16
-20
-27
-33
-38
-42
-44
-49
-54
-57
-59
-63
-71
-75
-77
-78
-80
-81
-80
-80
-79
-77
-73
-71
-66
-61
-54
-47
-41
-32
-24
-17
-7
3
14
26
37
47
58
70
79
85
91
98
104
112
115
117
121
121
123
119
115
112
104
95
86
74
64
52
39
25
10
-6
-19
-35
-54
-69
-86
-99
-112
-126
-135
-143
-153
-160
-165
-171
-172
-173
-174
-170
-162
-154
-143
-129
-118
-105
-90
-73
-53
-33
-13
10
32
56
75
96
119
137
158
179
200
219
234
248
260
270
281
287
290
291
290
287
279
267
254
237
219
197
171
144
114
84
51
15
-21
-57
-96
-131
-168
-202
-236
-268
-292
-317
-341
-357
-372
-387
-395
-400
-402
-398
-388
-375
-357
-335
-312
-282
-248
-216
-176
-136
-95
-49
-1
47
99
149
197
249
298
349
396
442
483
521
554
583
604
620
629
630
625
612
594
570
537
499
452
400
341
278
214
145
75
5
-66
-136
-205
-275
-340
-399
-454
-506
-552
-592
-628
-657
-683
-700
-713
-719
-718
-712
-699
-682
-657
-626
-592
-550
-504
-454
-398
-339
-273
-203
-128
-49
34
119
204
291
380
465
548
629
703
769
827
875
915
940
954
955
947
930
899
857
810
753
690
619
546
466
384
306
224
145
72
0
-66
-130
-190
-243
-295
-345
-390
-433
-474
-511
-550
-590
-626
-660
-696
-728
-760
-788
-812
-831
-843
-846
-844
-836
-818
-793
-759
-715
-658
-596
-525
-447
-361
-270
-178
-80
14
106
196
282
365
442
511
575
633
682
725
758
789
811
827
838
839
839
832
821
806
783
758
728
692
654
607
558
501
435
366
290
208
123
30
-61
-154
-245
-336
-426
-508
-588
-666
-732
-790
-840
-880
-908
-928
-940
-939
-928
-908
-877
-841
-794
-743
-690
-633
-572
-507
-440
-376
-308
-239
-170
-99
-27
44
119
195
272
352
433
512
593
673
749
822
892
954
1005
1045
1077
1097
1103
1097
1078
1047
1000
944
877
798
711
620
523
421
315
210
105
1
-99
-195
-284
-370
-447
-519
-588
-647
-697
-741
-776
-808
-835
-856
-872
-885
-899
-906
-909
-907
-899
-887
-868
-842
-808
-768
-720
-670
-616
-554
-491
-422
-352
-277
-198
-120
-39
42
125
204
282
361
435
505
572
637
699
755
811
864
911
955
988
1016
1036
1048
1052
1045
1033
1007
972
931
878
818
748
669
586
493
397
296
193
93
-9
-106
-202
-293
-382
-467
-546
-618
-681
-737
-788
-832
-870
-901
-925
-945
-961
-970
-974
-976
-973
-963
-949
-929
-904
-870
-833
-791
-744
-691
-633
-574
-512
-447
-375
-298
-227
-145
-62
21
108
189
272
355
437
518
595
670
744
816
878
941
1000
1051
1097
1134
1160
1177
1180
1170
1150
1114
1071
1014
947
878
793
703
607
503
391
277
160
45
-64
-169
-265
-352
-431
-502
-566
-623
-674
-717
-754
-782
-805
-820
-827
-830
-835
-838
-840
-842
-842
-843
-839
-832
-821
-809
-794
-769
-741
-709
-668
-627
-580
-526
-466
-404
-338
-267
-196
-120
-46
30
107
184
262
337
409
481
549
615
675
735
794
849
903
952
998
1040
1075
1099
1116
1119
1112
1095
1063
1022
977
917
849
769
681
587
484
375
260
144
32
-80
-185
-283
-371
-449
-519
-580
-635
-681
-722
-754
-779
-796
-805
-810
-814
-811
-809
-806
-801
-798
-795
-793
-791
-786
-777
-765
-753
-733
-711
-683
-648
-613
-568
-519
-464
-405
-341
-271
-199
-127
-48
29
107
186
261
338
415
488
561
627
691
756
818
876
935
991
1043
1086
1122
1152
1168
1175
1171
1155
1125
1083
1030
970
899
820
731
633
529
417
298
183
68
-48
-155
-257
-354
-442
-518
-587
-648
-697
-742
-782
-814
-842
-858
-866
-870
-866
-859
-852
-841
-829
-821
-812
-803
-794
-787
-776
-760
-737
-709
-678
-641
-597
-555
-505
-450
-392
-325
-252
-177
-98
-19
60
142
218
294
370
444
519
591
662
730
794
859
920
973
1026
1073
1115
1150
1179
1196
1205
1202
1183
1154
1111
1057
995
920
841
756
660
558
445
326
201
69
-62
-189
-305
-414
-514
-599
-681
-752
-814
-868
-914
-950
-977
-997
-1002
-998
-983
-955
-927
-893
-862
-837
-815
-797
-778
-760
-741
-716
-688
-658
-624
-592
-557
-520
-482
-438
-389
-337
-276
-208
-137
-62
15
90
161
233
304
372
440
508
574
642
704
766
821
867
916
959
1001
1041
1075
1109
1133
1141
1140
1123
1092
1049
998
938
869
795
713
624
525
418
304
182
56
-72
-196
-312
-418
-508
-589
-660
-721
-775
-823
-860
-893
-913
-920
-916
-896
-864
-821
-775
-732
-689
-652
-624
-599
-580
-563
-546
-528
-510
-489
-470
-453
-438
-421
-402
-380
-356
-324
-283
-237
-185
-134
-83
-28
23
77
134
191
257
321
386
450
510
568
621
669
717
765
816
866
915
960
1001
1029
1043
1044
1030
1004
966
921
870
811
746
674
593
503
403
294
181
64
-51
-165
-269
-363
-444
-517
-585
-641
-687
-727
-757
-779
-792
-788
-775
-754
-719
-686
-647
-611
-583
-559
-544
-536
-533
-533
-536
-538
-541
-543
-545
-548
-544
-539
-524
-505
-477
-441
-397
-350
-299
-244
-188
-128
-67
-2
69
142
215
290
359
424
484
537
589
640
692
747
805
862
920
971
1012
1044
1061
1060
1050
1025
993
954
912
863
805
739
663
576
475
364
248
129
12
-100
-203
-296
-382
-461
-534
-598
-652
-698
-730
-747
-749
-736
-713
-679
-640
-605
-572
-544
-525
-513
-508
-509
-514
-520
-528
-538
-551
-564
-577
-587
-589
-588
-581
-561
-534
-499
-461
-419
-372
-328
-279
-228
-166
-103
-35
40
110
181
251
315
376
431
482
534
585
640
697
759
820
880
936
979
1017
1041
1048
1047
1037
1017
992
961
921
874
817
743
658
559
448
333
214
94
-23
-134
-239
-329
-415
-495
-564
-625
-671
-702
-722
-724
-711
-685
-653
-617
-583
-555
-530
-509
-496
-492
-489
-495
-501
-512
-527
-544
-561
-579
-592
-601
-603
-598
-581
-557
-528
-497
-462
-422
-379
-330
-279
-223
-159
-94
-23
48
116
184
246
300
353
407
456
503
553
605
658
711
766
819
869
916
957
991
1017
1030
1032
1025
1005
973
931
880
817
747
666
578
480
374
266
152
39
-69
-175
-273
-360
-435
-499
-552
-590
-615
-629
-633
-627
-613
-593
-565
-536
-508
-483
-468
-458
-457
-464
-476
-491
-509
-526
-543
-561
-574
-584
-594
-600
-597
-590
-578
-557
-531
-496
-455
-409
-362
-312
-259
-204
-145
-84
-24
36
94
154
212
267
322
371
418
462
503
548
597
649
705
760
816
869
911
945
969
978
976
964
936
900
857
808
752
690
621
544
460
367
264
159
52
-50
-146
-234
-313
-380
-433
-473
-504
-527
-540
-540
-530
-517
-498
-473
-452
-435
-420
-416
-421
-429
-445
-467
-492
-517
-541
-563
-584
-602
-619
-632
-643
-648
-645
-634
-612
-584
-546
-501
-451
-396
-342
-289
-237
-182
-123
-63
-3
60
124
185
245
298
349
398
439
485
530
581
635
692
756
817
875
926
966
996
1011
1012
1002
979
943
900
852
794
733
667
589
504
405
300
184
68
-43
-151
-244
-325
-394
-448
-486
-514
-531
-539
-536
-528
-516
-498
-480
-460
-444
-434
-429
-435
-449
-470
-497
-527
-556
-584
-611
-638
-663
-681
-696
-704
-705
-700
-686
-662
-629
-589
-544
-490
-435
-379
-322
-264
-204
-141
-76
-8
63
130
194
255
311
364
416
466
515
565
620
679
740
806
874
934
990
1040
1073
1094
1100
1093
1069
1035
994
941
885
818
741
655
563
460
350
238
121
4
-106
-207
-293
-371
-425
-468
-499
-514
-522
-521
-515
-504
-492
-475
-464
-459
-454
-456
-466
-479
-502
-529
-564
-594
-624
-656
-681
-701
-718
-727
-732
-735
-726
-708
-685
-653
-613
-565
-514
-458
-394
-330
-266
-202
-138
-74
-8
59
123
189
253
311
368
422
476
530
586
646
703
763
823
881
941
999
1048
1086
1111
1118
1105
1072
1026
968
900
826
751
668
581
488
387
279
161
39
-84
-201
-303
-390
-458
-508
-540
-553
-558
-554
-544
-532
-517
-501
-482
-465
-452
-441
-438
-446
-460
-483
-512
-544
-578
-607
-633
-653
-665
-675
-676
-674
-670
-658
-643
-619
-586
-546
-499
-445
-387
-324
-264
-202
-143
-87
-30
26
83
141
202
264
322
379
436
483
526
569
611
657
709
769
838
906
973
1031
1074
1099
1103
1085
1046
992
925
849
774
694
615
534
450
355
248
137
21
-95
-208
-310
-393
-458
-502
-525
-535
-530
-519
-504
-487
-473
-458
-446
-436
-430
-425
-432
-444
-463
-494
-529
-566
-604
-639
-667
-687
-702
-709
-710
-706
-695
-677
-650
-614
-569
-517
-459
-396
-338
-275
-210
-148
-83
-18
47
114
176
236
294
346
392
433
470
503
534
570
610
656
708
765
830
899
965
1026
1077
1110
1121
1107
1069
1009
932
840
745
649
548
448
342
229
113
-8
-135
-259
-377
-484
-568
-630
-664
-669
-652
-613
-565
-512
-460
-415
-378
-349
-329
-318
-317
-325
-344
-373
-410
-455
-508
-561
-612
-656
-688
-714
-726
-722
-709
-684
-656
-622
-584
-542
-491
-433
-368
-299
-225
-146
-72
-3
63
125
183
237
290
339
387
432
474
513
550
587
625
668
715
772
842
922
1010
1095
1169
1224
1247
1235
1189
1108
1000
874
740
607
479
353
236
119
2
-117
-240
-365
-484
-588
-673
-731
-754
-746
-708
-648
-578
-503
-433
-374
-327
-300
-285
-285
-298
-316
-341
-376
-417
-463
-519
-578
-639
-695
-739
-770
-787
-788
-772
-747
-708
-663
-617
-562
-507
-448
-384
-314
-237
-160
-86
-10
63
133
201
266
325
379
430
478
523
565
607
656
706
760
831
919
1019
1130
1243
1344
1422
1463
1457
1405
1311
1172
1005
828
649
476
314
169
31
-103
-240
-382
-529
-679
-818
-935
-1019
-1059
-1048
-988
-891
-768
-632
-500
-384
-281
-204
-151
-117
-108
-118
-147
-196
-271
-367
-477
-598
-719
-827
-915
-982
-1022
-1028
-1010
-970
-914
-852
-784
-713
-637
-556
-471
-376
-273
-168
-61
45
145
238
323
400
469
534
598
656
714
772
831
900
978
1070
1177
1302
1447
1604
1761
1895
1985
2011
1958
1828
1628
1372
1081
778
485
221
-7
-203
-375
-542
-715
-889
-1062
-1220
-1345
-1424
-1437
-1381
-1258
-1080
-865
-641
-424
-224
-50
92
201
276
318
317
266
163
6
-208
-470
-758
-1056
-1338
-1580
-1760
-1866
-1899
-1865
-1776
-1648
-1501
-1343
-1180
-1010
-828
-636
-435
-224
-17
177
350
500
624
723
801
867
927
984
1041
1100
1164
1237
1329
1455
1622
1845
2127
2449
2787
3086
3281
3324
3184
2857
2372
1772
1117
464
-135
-645
-1053
-1371
-1627
-1847
-2044
-2223
-2368
-2452
-2440
-2306
-2040
-1642
-1139
-578
-13
500
920
1225
1416
1508
1519
1461
1346
1164
897
527
37
-575
-1279
-2029
-2757
-3381
-3837
-4079
-4094
-3894
-3521
-3033
-2482
-1918
-1379
-882
-423
3
399
765
1090
1358
1550
1648
1652
1571
1426
1247
1070
926
829
786
802
867
986
1178
1466
1864
2377
2980
3592
4102
4395
4387
4049
3406
2525
1511
482
-454
-1221
-1775
-2128
-2346
-2490
-2614
-2741
-2853
-2908
-2847
-2621
-2201
-1591
-827
18
837
1522
2008
2260
2295
2159
1915
1610
1290
955
577
122
-450
-1157
-1984
-2875
-3719
-4407
-4834
-4945
-4728
-4214
-3497
-2674
-1837
-1072
-422
96
501
824
1088
1300
1449
1519
1487
1347
1108
808
488
203
-2
-93
-54
100
349
663
1015
1409
1858
2397
3050
3801
4574
5214
5566
5512
4994
4042
2757
1281
-229
-1607
-2718
-3479
-3879
-3979
-3880
-3680
-3436
-3163
-2838
-2415
-1867
-1182
-363
551
1484
2323
2951
3286
3284
2977
2439
1764
1048
347
-302
-895
-1455
-2002
-2561
-3132
-3684
-4150
-4444
-4486
-4236
-3709
-2955
-2070
-1163
-330
351
836
1126
1251
1254
1180
1064
908
708
463
163
-169
-492
-752
-899
-890
-709
-368
106
666
1263
1857
2424
2963
3503
4077
4694
5303
5774
5934
5635
4821
3533
1902
113
-1624
-3122
-4233
-4871
-5029
-4779
-4256
-3612
-2949
-2310
-1684
-1032
-325
442
1245
2040
2744
3271
3523
3430
2973
2204
1244
232
-711
-1499
-2091
-2497
-2765
-2947
-3081
-3186
-3265
-3295
-3221
-2998
-2601
-2045
-1384
-694
-62
430
736
847
781
586
324
46
-205
-418
-596
-758
-906
-1033
-1109
-1087
-935
-632
-176
393
1027
1665
2251
2754
3162
3491
3778
4077
4432
4834
5190
5325
5062
4288
3008
1348
-478
-2226
-3670
-4651
-5083
-4958
-4363
-3465
-2468
-1537
-759
-141
364
820
1278
1751
2200
2565
2779
2761
2446
1811
908
-135
-1164
-2020
-2593
-2846
-2811
-2579
-2259
-1941
-1683
-1515
-1427
-1375
-1319
-1219
-1065
-877
-684
-525
-440
-438
-507
-616
-736
-833
-875
-864
-809
-741
-690
-668
-669
-668
-614
-461
-184
219
716
1254
1771
2200
2511
2698
2778
2807
2857
3014
3334
3790
4271
4574
4470
3817
2622
1036
-697
-2305
-3555
-4286
-4439
-4052
-3263
-2269
-1280
-466
103
461
692
889
1117
1385
1657
1872
1946
1805
1405
742
-106
-1003
-1794
-2330
-2531
-2400
-2012
-1491
-979
-589
-392
-384
-512
-709
-914
-1087
-1223
-1329
-1421
-1500
-1554
-1567
-1525
-1417
-1243
-1009
-734
-462
-240
-106
-82
-150
-268
-374
-413
-341
-131
209
640
1093
1504
1820
2022
2121
2155
2183
2278
2507
2912
3480
4119
4630
4760
4321
3270
1728
-58
-1778
-3149
-3986
-4218
-3885
-3131
-2146
-1157
-342
229
571
770
927
1103
1316
1530
1665
1644
1404
916
216
-611
-1420
-2049
-2381
-2367
-2041
-1507
-899
-353
20
161
79
-148
-422
-659
-835
-988
-1186
-1469
-1810
-2125
-2309
-2296
-2065
-1647
-1107
-532
-22
327
451
346
72
-257
-526
-661
-632
-450
-153
216
599
940
1200
1366
1463
1542
1657
1848
2138
2543
3070
3686
4303
4738
4769
4226
3075
1460
-337
-2007
-3281
-3998
-4116
-3700
-2891
-1884
-879
-40
558
938
1175
1353
1507
1629
1666
1557
1265
779
130
-614
-1352
-1962
-2321
-2352
-2066
-1534
-890
-273
220
511
571
424
133
-209
-531
-818
-1112
-1477
-1919
-2370
-2703
-2783
-2550
-2031
-1328
-585
58
491
651
537
209
-208
-576
-795
-826
-702
-480
-218
47
300
533
743
922
1085
1258
1468
1734
2050
2416
2829
3289
3779
4214
4439
4261
3547
2311
723
-944
-2395
-3397
-3835
-3704
-3096
-2171
-1121
-142
622
1115
1366
1455
1469
1444
1371
1211
929
506
-37
-655
-1278
-1811
-2143
-2195
-1944
-1439
-791
-132
416
762
852
679
291
-219
-729
-1144
-1432
-1630
-1810
-2024
-2246
-2382
-2327
-2031
-1524
-893
-264
247
558
625
463
132
-265
-601
-778
-770
-602
-352
-85
161
366
533
669
791
927
1120
1406
1781
2210
2642
3057
3458
3839
4133
4191
3853
3009
1697
121
-1439
-2714
-3516
-3768
-3486
-2772
-1783
-713
249
962
1377
1535
1535
1458
1337
1154
876
480
-18
-578
-1135
-1618
-1957
-2079
-1933
-1523
-924
-257
349
793
1010
974
686
186
-439
-1067
-1599
-1965
-2163
-2232
-2207
-2088
-1847
-1470
-1000
-519
-110
161
269
232
72
-164
-429
-651
-762
-737
-584
-354
-106
120
304
452
578
690
797
925
1103
1348
1663
2026
2413
2810
3213
3599
3884
3937
3613
2832
1638
195
-1245
-2439
-3195
-3434
-3173
-2498
-1578
-597
268
896
1262
1398
1384
1294
1156
966
697
337
-104
-598
-1098
-1535
-1831
-1918
-1755
-1355
-786
-158
405
808
995
926
610
109
-475
-1027
-1460
-1757
-1955
-2098
-2204
-2234
-2117
-1802
-1315
-740
-199
204
410
400
202
-121
-481
-774
-918
-875
-674
-395
-119
99
250
363
459
560
677
811
990
1230
1522
1859
2212
2572
2931
3289
3595
3735
3587
3052
2115
882
-459
-1689
-2608
-3072
-3044
-2564
-1751
-792
122
832
1271
1434
1383
1216
995
755
500
211
-122
-505
-910
-1287
-1579
-1706
-1614
-1303
-812
-229
324
735
914
823
484
-26
-583
-1073
-1412
-1597
-1680
-1732
-1801
-1862
-1855
-1719
-1422
-1000
-532
-122
154
248
148
-101
-421
-714
-884
-894
-748
-505
-246
-37
106
195
259
329
421
551
723
949
1231
1547
1871
2181
2477
2773
3061
3290
3371
3202
2697
1861
770
-416
-1500
-2314
-2729
-2689
-2234
-1474
-580
277
946
1344
1469
1374
1144
861
572
286
6
-278
-576
-876
-1146
-1339
-1405
-1294
-992
-547
-41
403
671
697
481
91
-387
-842
-1188
-1410
-1524
-1566
-1583
-1586
-1572
-1510
-1364
-1130
-834
-530
-279
-124
-88
-157
-286
-423
-518
-541
-487
-367
-217
-68
49
133
194
258
352
489
672
895
1141
1402
1669
1944
2229
2520
2813
3047
3146
3021
2605
1898
961
-89
-1088
-1867
-2307
-2356
-2037
-1433
-688
46
648
1036
1187
1141
965
731
485
247
15
-223
-473
-730
-961
-1127
-1188
-1100
-854
-475
-51
307
504
482
270
-67
-443
-778
-1046
-1242
-1380
-1479
-1538
-1560
-1540
-1454
-1292
-1056
-767
-486
-265
-138
-117
-172
-271
-366
-433
-468
-454
-396
-297
-180
-67
38
137
236
350
488
658
853
1072
1319
1589
1880
2184
2491
2773
2971
3004
2804
2340
1623
738
-200
-1052
-1695
-2041
-2062
-1783
-1275
-651
-28
496
857
1042
1065
974
803
580
327
49
-241
-514
-754
-945
-1059
-1075
-977
-769
-486
-203
-5
55
-30
-210
-409
-578
-694
-774
-842
-910
-982
-1048
-1110
-1173
-1222
-1229
-1164
-1013
-798
-558
-344
-184
-85
-37
-34
-72
-145
-222
-278
-290
-257
-199
-128
-48
55
197
388
628
895
1169
1437
1686
1919
2146
2366
2565
2690
2677
2479
2075
1495
803
81
-581
-1102
-1426
-1528
-1413
-1116
-708
-268
135
461
685
801
807
713
534
286
3
-272
-522
-728
-878
-967
-970
-881
-714
-503
-311
-200
-198
-289
-425
-560
-663
-739
-806
-875
-949
-1014
-1057
-1089
-1119
-1135
-1123
-1053
-912
-729
-540
-383
-266
-189
-142
-116
-107
-117
-138
-150
-146
-126
-85
-26
65
201
391
627
888
1152
1390
1596
1789
1981
2193
2416
2601
2675
2565
2233
1697
1014
279
-414
-974
-1338
-1469
-1377
-1101
-715
-308
57
341
538
662
713
690
583
389
123
-181
-478
-729
-905
-991
-973
-859
-679
-470
-290
-178
-157
-217
-309
-394
-446
-481
-538
-641
-794
-965
-1107
-1202
-1240
-1220
-1149
-1029
-861
-678
-504
-370
-284
-229
-198
-187
-197
-225
-264
-298
-314
-304
-264
-199
-98
51
249
482
743
1006
1243
1452
1643
1833
2048
2283
2507
2654
2642
2417
1968
1348
641
-59
-665
-1102
-1346
-1391
-1261
-1006
-681
-341
-20
262
498
672
767
766
654
439
153
-163
-459
-698
-857
-922
-898
-794
-636
-463
-313
-227
-227
-300
-416
-536
-637
-718
-791
-860
-920
-970
-1009
-1040
-1063
-1071
-1037
-945
-807
-642
-492
-375
-297
-252
-225
-210
-208
-207
-203
-193
-175
-158
-138
-91
7
168
392
653
931
1195
1424
1625
1808
1990
2188
2393
2553
2586
2423
2048
1491
826
159
-429
-877
-1149
-1249
-1190
-1003
-732
-431
-137
127
354
534
662
718
677
532
289
-14
-321
-590
-793
-909
-926
-861
-740
-591
-457
-374
-356
-395
-457
-519
-572
-620
-674
-735
-803
-876
-949
-1019
-1071
-1089
-1049
-945
-791
-628
-487
-373
-294
-242
-204
-182
-171
-170
-167
-165
-159
-144
-110
-28
116
317
557
796
1017
1207
1375
1536
1701
1894
2127
2380
2600
2691
2566
2193
1610
912
214
-372
-808
-1078
-1195
-1194
-1097
-929
-709
-453
-170
130
416
644
770
763
618
366
58
-245
-508
-709
-838
-900
-902
-853
-773
-674
-571
-494
-456
-474
-536
-618
-709
-775
-814
-843
-876
-937
-1022
-1105
-1154
-1129
-1022
-852
-659
-492
-381
-331
-334
-360
-376
-355
-291
-202
-107
-30
16
49
96
183
333
532
753
976
1182
1373
1554
1738
1941
2174
2431
2656
2769
2684
2354
1814
1135
430
-194
-675
-991
-1159
-1203
-1151
-1029
-842
-592
-290
40
361
620
767
781
668
457
203
-52
-281
-476
-634
-759
-851
-897
-898
-853
-775
-697
-642
-619
-623
-638
-653
-658
-658
-672
-721
-823
-963
-1105
-1205
-1225
-1152
-1009
-843
-692
-579
-504
-458
-419
-374
-318
-252
-189
-141
-113
-92
-62
8
136
326
556
790
998
1162
1284
1392
1519
1692
1924
2204
2483
2692
2739
2566
2163
1584
925
290
-240
-628
-887
-1047
-1126
-1136
-1069
-910
-652
-319
44
371
610
722
704
590
420
232
43
-144
-333
-530
-717
-865
-950
-959
-904
-828
-771
-750
-755
-764
-751
-700
-634
-590
-611
-716
-881
-1055
-1178
-1205
-1131
-992
-847
-730
-658
-614
-565
-488
-382
-261
-154
-86
-63
-73
-79
-51
40
192
387
593
778
925
1046
1164
1304
1482
1702
1954
2217
2468
2661
2728
2606
2270
1751
1122
486
-78
-528
-868
-1104
-1251
-1308
-1274
-1150
-936
-646
-310
28
314
499
572
551
473
370
254
116
-57
-258
-468
-653
-789
-856
-860
-838
-827
-854
-907
-956
-966
-916
-829
-755
-737
-787
-875
-961
-998
-964
-878
-768
-679
-639
-639
-646
-626
-542
-407
-268
-159
-115
-125
-139
-110
-15
139
324
504
656
781
895
1015
1161
1339
1543
1756
1964
2158
2354
2546
2687
2704
2526
2118
1533
873
249
-272
-681
-992
-1233
-1414
-1516
-1515
-1395
-1144
-786
-372
28
336
522
593
589
550
498
416
274
61
-205
-483
-722
-879
-929
-887
-816
-781
-819
-925
-1048
-1128
-1123
-1065
-1001
-974
-994
-1031
-1044
-999
-898
-756
-618
-528
-498
-528
-579
-603
-577
-511
-437
-387
-369
-358
-315
-209
-42
164
384
580
747
895
1027
1172
1344
1538
1740
1938
2129
2330
2556
2781
2923
2868
2547
1992
1314
644
75
-385
-767
-1115
-1432
-1672
-1775
-1708
-1464
-1081
-634
-205
139
370
506
603
686
756
768
678
468
174
-147
-438
-659
-787
-834
-831
-825
-869
-974
-1114
-1225
-1248
-1190
-1098
-1035
-1028
-1050
-1053
-1002
-893
-752
-619
-519
-462
-456
-479
-505
-510
-486
-452
-432
-440
-453
-428
-340
-183
18
221
406
569
727
893
1075
1273
1473
1664
1833
1991
2159
2373
2641
2890
2994
2832
2368
1709
1011
395
-95
-510
-921
-1344
-1727
-1979
-2036
-1884
-1561
-1140
-710
-343
-61
155
350
557
761
906
927
802
566
289
29
-191
-371
-530
-673
-798
-921
-1054
-1186
-1290
-1333
-1311
-1255
-1199
-1168
-1143
-1088
-974
-816
-651
-519
-426
-371
-344
-336
-339
-345
-354
-369
-399
-451
-495
-499
-442
-322
-167
-5
145
291
456
652
875
1104
1330
1538
1718
1881
2035
2214
2445
2709
2927
2977
2761
2300
1716
1134
619
156
-323
-845
-1366
-1790
-2034
-2073
-1931
-1668
-1347
-1028
-736
-449
-150
177
513
800
975
1009
927
783
621
445
239
1
-261
-517
-748
-960
-1170
-1383
-1569
-1690
-1740
-1729
-1672
-1589
-1473
-1304
-1092
-859
-640
-444
-279
-148
-61
-39
-76
-149
-237
-316
-389
-466
-532
-563
-543
-466
-344
-203
-40
150
372
619
870
1122
1375
1621
1850
2060
2260
2479
2734
2988
3145
3083
2761
2261
1711
1195
702
170
-421
-1016
-1529
-1881
-2052
-2070
-1975
-1787
-1533
-1241
-919
-565
-179
227
597
878
1033
1083
1074
1027
940
778
539
251
-52
-337
-622
-920
-1223
-1511
-1757
-1935
-2034
-2053
-1994
-1868
-1684
-1452
-1199
-934
-666
-419
-198
-31
67
103
89
45
-11
-81
-174
-275
-366
-431
-450
-428
-378
-299
-176
1
225
475
734
1004
1285
1560
1819
2071
2344
2664
2996
3229
3244
3007
2596
2137
1690
1228
684
39
-641
-1234
-1679
-1971
-2134
-2195
-2146
-2000
-1782
-1501
-1168
-769
-321
131
519
806
1014
1166
1273
1308
1237
1063
825
567
293
-22
-418
-874
-1322
-1703
-1992
-2203
-2358
-2445
-2442
-2328
-2111
-1817
-1473
-1104
-735
-394
-101
133
310
435
510
534
504
421
304
177
45
-80
-191
-283
-328
-314
-235
-107
54
237
463
741
1062
1402
1750
2127
2551
2986
3318
3437
3315
3028
2692
2346
1931
1365
660
-86
-749
-1263
-1667
-1998
-2269
-2441
-2475
-2374
-2172
-1887
-1523
-1094
-634
-198
195
560
912
1220
1429
1506
1462
1360
1227
1047
765
331
-211
-764
-1248
-1655
-2024
-2376
-2678
-2861
-2880
-2750
-2518
-2223
-1872
-1466
-1018
-577
-176
167
447
678
844
939
960
921
847
745
607
438
260
106
7
-37
-60
-64
-36
65
260
526
834
1186
1605
2090
2587
2958
3104
3055
2919
2782
2610
2296
1778
1113
443
-129
-603
-1060
-1537
-1980
-2301
-2464
-2504
-2465
-2355
-2151
-1842
-1454
-1029
-591
-150
300
714
1042
1272
1431
1540
1573
1470
1194
783
322
-125
-567
-1042
-1549
-2040
-2425
-2668
-2792
-2833
-2793
-2653
-2394
-2030
-1607
-1177
-753
-336
68
446
779
1044
1237
1357
1403
1383
1314
1210
1079
932
771
611
475
373
315
314
388
548
790
1098
1450
1790
2044
2182
2221
2220
2207
2146
1969
1647
1233
817
448
105
-262
-666
-1069
-1401
-1641
-1808
-1925
-1996
-1997
-1907
-1732
-1492
-1204
-891
-565
-234
93
416
707
925
1023
1004
900
750
563
301
-55
-470
-879
-1240
-1544
-1822
-2080
-2283
-2384
-2364
-2253
-2090
-1896
-1660
-1361
-1006
-627
-251
96
413
705
962
1168
1315
1409
1457
1472
1462
1420
1354
1282
1222
1183
1167
1194
1282
1437
1630
1771
1783
1682
1560
1493
1455
1351
1118
790
472
241
75
-108
-361
-647
-879
-1024
-1116
-1217
-1340
-1436
-1455
-1386
-1272
-1153
-1024
-863
-658
-432
-208
1
181
317
390
398
361
296
200
35
-202
-470
-724
-934
-1124
-1329
-1539
-1705
-1784
-1782
-1737
-1685
-1609
-1471
-1255
-979
-688
-404
-122
171
463
724
927
1080
1209
1324
1414
1456
1459
1455
1469
1507
1543
1572
1630
1742
1890
2002
1986
1846
1671
1548
1468
1326
1050
685
338
88
-90
-289
-551
-822
-1018
-1112
-1161
-1237
-1340
-1415
-1401
-1301
-1172
-1058
-955
-819
-641
-443
-261
-112
0
82
138
161
149
98
5
-129
-288
-452
-623
-804
-1006
-1209
-1377
-1491
-1565
-1622
-1662
-1661
-1594
-1463
-1289
-1092
-878
-623
-335
-38
241
498
750
1005
1237
1416
1535
1630
1738
1858
1944
1982
2000
2061
2192
2322
2331
2177
1951
1775
1673
1545
1279
877
465
159
-40
-237
-525
-864
-1138
-1273
-1315
-1361
-1450
-1532
-1528
-1424
-1271
-1129
-1021
-901
-729
-517
-308
-140
-25
46
94
128
139
109
29
-93
-234
-371
-504
-654
-827
-1013
-1178
-1291
-1356
-1417
-1494
-1550
-1546
-1459
-1316
-1162
-1009
-828
-594
-320
-45
200
431
687
960
1210
1403
1553
1705
1878
2042
2156
2235
2318
2436
2543
2538
2398
2210
2075
1978
1812
1504
1098
712
423
191
-86
-443
-808
-1065
-1205
-1310
-1454
-1619
-1728
-1727
-1632
-1512
-1413
-1314
-1163
-949
-712
-503
-346
-224
-114
-7
83
122
83
-13
-128
-234
-336
-470
-649
-843
-1004
-1113
-1193
-1287
-1400
-1489
-1505
-1456
-1377
-1295
-1204
-1066
-872
-646
-409
-175
74
342
611
867
1099
1323
1549
1771
1970
2149
2323
2502
2669
2770
2761
2672
2564
2457
2316
2081
1742
1367
1022
720
418
61
-334
-690
-956
-1159
-1350
-1556
-1741
-1843
-1843
-1777
-1702
-1628
-1521
-1352
-1128
-893
-694
-532
-384
-231
-86
23
66
52
21
-13
-54
-134
-273
-443
-612
-757
-893
-1051
-1223
-1367
-1450
-1469
-1453
-1423
-1371
-1272
-1115
-915
-700
-482
-247
10
287
570
850
1130
1399
1650
1883
2108
2330
2537
2685
2742
2738
2727
2715
2646
2457
2165
1844
1558
1296
986
590
166
-205
-501
-766
-1058
-1370
-1633
-1789
-1854
-1887
-1917
-1928
-1863
-1710
-1514
-1320
-1146
-975
-776
-556
-349
-198
-113
-56
1
58
82
43
-36
-134
-227
-320
-450
-611
-779
-922
-1027
-1108
-1178
-1236
-1259
-1228
-1147
-1032
-893
-725
-525
-288
-21
260
545
824
1103
1386
1685
1982
2247
2441
2559
2633
2698
2741
2708
2578
2379
2160
1949
1719
1432
1083
721
391
94
-205
-532
-864
-1154
-1367
-1520
-1659
-1795
-1897
-1929
-1873
-1768
-1660
-1567
-1461
-1311
-1122
-929
-782
-672
-553
-409
-260
-155
-114
-114
-118
-114
-134
-206
-315
-429
-523
-604
-689
-777
-852
-888
-887
-868
-834
-774
-676
-533
-364
-174
34
256
494
743
1014
1304
1597
1858
2061
2224
2368
2492
2557
2532
2436
2312
2179
2021
1803
1521
1211
914
637
351
30
-305
-614
-869
-1074
-1254
-1418
-1555
-1641
-1651
-1615
-1570
-1534
-1496
-1419
-1292
-1149
-1031
-953
-881
-771
-637
-525
-468
-453
-428
-386
-341
-342
-394
-453
-484
-489
-500
-544
-594
-622
-619
-592
-564
-534
-482
-391
-264
-117
36
199
381
581
805
1053
1298
1511
1676
1810
1937
2061
2148
2165
2128
2064
2003
1934
1809
1608
1363
1113
882
653
386
85
-206
-450
-651
-846
-1053
-1246
-1382
-1450
-1475
-1496
-1527
-1540
-1498
-1402
-1297
-1209
-1137
-1050
-919
-773
-662
-597
-558
-502
-432
-388
-392
-429
-463
-470
-474
-502
-551
-593
-600
-569
-532
-505
-469
-401
-293
-158
-15
131
296
483
698
924
1155
1374
1559
1713
1848
1976
2085
2134
2110
2036
1942
1847
1728
1562
1344
1105
882
672
447
189
-70
-301
-487
-649
-816
-989
-1133
-1214
-1239
-1252
-1285
-1337
-1360
-1329
-1272
-1221
-1203
-1187
-1133
-1043
-953
-896
-866
-825
-757
-683
-634
-619
-609
-572
-519
-475
-460
-459
-443
-407
-357
-317
-286
-251
-191
-107
-13
91
213
353
512
688
893
1115
1327
1502
1648
1789
1929
2036
2084
2067
2017
1973
1925
1830
1668
1460
1252
1058
845
578
273
-22
-277
-490
-700
-920
-1122
-1272
-1350
-1394
-1442
-1494
-1515
-1483
-1408
-1330
-1275
-1227
-1154
-1048
-934
-850
-796
-748
-684
-614
-568
-562
-588
-603
-595
-581
-584
-601
-605
-576
-519
-454
-395
-332
-235
-104
43
188
328
477
643
836
1043
1242
1411
1534
1635
1736
1840
1912
1918
1877
1818
1768
1714
1612
1444
1248
1072
920
751
527
266
25
-161
-318
-489
-687
-870
-995
-1059
-1115
-1205
-1309
-1379
-1394
-1382
-1385
-1408
-1416
-1375
-1296
-1222
-1169
-1117
-1036
-924
-813
-739
-698
-655
-591
-516
-458
-424
-398
-356
-295
-229
-176
-135
-83
-11
79
177
276
385
515
666
845
1037
1215
1366
1500
1633
1767
1875
1930
1929
1906
1876
1828
1732
1565
1365
1174
999
809
575
314
65
-139
-309
-484
-676
-854
-977
-1055
-1122
-1210
-1305
-1357
-1353
-1323
-1311
-1314
-1297
-1237
-1140
-1059
-1018
-993
-946
-874
-819
-803
-809
-808
-773
-726
-694
-676
-645
-583
-491
-394
-307
-223
-121
10
156
299
435
568
727
913
1106
1282
1416
1523
1624
1726
1809
1835
1806
1753
1706
1659
1575
1433
1261
1095
954
806
623
410
198
23
-127
-279
-448
-614
-745
-842
-930
-1031
-1145
-1236
-1283
-1303
-1322
-1351
-1362
-1331
-1270
-1207
-1167
-1132
-1071
-988
-904
-851
-817
-769
-696
-615
-545
-492
-442
-376
-289
-205
-144
-97
-40
39
138
237
325
419
538
695
877
1051
1190
1305
1422
1555
1678
1754
1769
1756
1739
1715
1662
1554
1403
1246
1095
932
736
503
265
55
-125
-300
-491
-675
-824
-933
-1025
-1120
-1210
-1270
-1290
-1292
-1294
-1290
-1270
-1225
-1174
-1131
-1098
-1059
-1003
-945
-898
-864
-827
-782
-725
-668
-619
-569
-511
-444
-369
-291
-210
-125
-30
79
201
331
469
616
777
960
1148
1319
1446
1540
1631
1714
1767
1764
1708
1636
1570
1500
1397
1248
1083
930
791
638
446
244
61
-98
-245
-399
-553
-693
-801
-894
-991
-1082
-1155
-1207
-1245
-1271
-1285
-1286
-1271
-1249
-1225
-1193
-1149
-1093
-1040
-986
-929
-866
-791
-714
-643
-572
-493
-409
-328
-250
-177
-99
-8
85
185
289
397
514
641
787
946
1097
1227
1330
1421
1520
1606
1645
1633
1603
1577
1553
1500
1393
1253
1116
994
863
691
478
258
62
-108
-281
-466
-654
-820
-950
-1053
-1147
-1237
-1316
-1367
-1373
-1350
-1316
-1294
-1270
-1216
-1133
-1037
-960
-913
-866
-799
-710
-630
-583
-555
-513
-447
-374
-319
-283
-245
-184
-104
-20
68
169
283
416
570
737
910
1075
1213
1321
1423
1537
1635
1671
1649
1606
1575
1543
1469
1334
1167
1014
878
725
533
316
116
-44
-186
-333
-492
-643
-766
-863
-938
-1005
-1074
-1138
-1176
-1181
-1169
-1157
-1155
-1156
-1132
-1082
-1031
-1001
-996
-983
-939
-871
-809
-762
-715
-645
-551
-449
-363
-284
-196
-86
40
174
303
432
565
716
887
1057
1198
1295
1363
1444
1538
1606
1604
1547
1490
1456
1422
1341
1198
1036
905
800
677
511
313
138
10
-102
-233
-395
-557
-690
-783
-863
-964
-1084
-1190
-1245
-1256
-1261
-1289
-1328
-1332
-1277
-1198
-1138
-1117
-1097
-1027
-916
-810
-740
-691
-619
-508
-381
-282
-223
-169
-84
37
159
254
332
427
564
733
898
1019
1099
1183
1300
1429
1514
1521
1492
1486
1505
1509
1443
1315
1180
1076
990
865
673
457
269
125
-5
-168
-358
-545
-691
-796
-888
-995
-1116
-1209
-1243
-1235
-1224
-1239
-1255
-1223
-1141
-1051
-1002
-990
-961
-884
-783
-709
-682
-664
-612
-518
-423
-368
-346
-302
-209
-86
28
113
198
327
509
710
880
1001
1099
1224
1386
1524
1577
1550
1518
1522
1532
1482
1349
1172
1022
918
803
624
394
180
32
-75
-194
-349
-516
-646
-721
-767
-819
-902
-990
-1038
-1029
-1002
-1003
-1040
-1061
-1026
-956
-899
-891
-909
-884
-809
-728
-689
-688
-667
-590
-476
-387
-340
-293
-200
-61
79
181
259
355
497
669
818
912
961
1020
1121
1228
1280
1248
1186
1154
1154
1135
1046
901
763
678
618
528
381
214
96
30
-23
-114
-247
-375
-459
-498
-527
-586
-669
-736
-757
-739
-719
-728
-752
-753
-709
-649
-611
-597
-594
-564
-499
-433
-393
-370
-336
-280
-213
-159
-132
-112
-77
-27
24
66
101
135
185
246
308
362
402
437
470
503
537
566
587
600
602
605
603
598
590
573
554
527
492
453
407
357
302
247
188
127
67
9
-45
-97
-147
-191
-235
-274
-308
-337
-358
-368
-373
-387
-402
-408
-413
-417
-420
-429
-438
-444
-441
-438
-439
-440
-431
-415
-398
-380
-357
-326
-283
-232
-183
-132
-74
-9
59
124
178
228
279
338
393
432
459
484
512
537
553
557
556
552
544
529
508
479
445
410
372
332
288
238
185
129
81
41
-1
-47
-94
-135
-166
-197
-232
-272
-311
-346
-373
-401
-427
-452
-471
-484
-492
-492
-485
-477
-462
-445
-421
-388
-348
-312
-272
-229
-179
-126
-80
-36
5
50
98
141
178
208
238
266
292
320
340
354
370
382
390
393
394
389
378
359
338
321
294
262
228
192
158
126
90
55
18
-19
-55
-87
-117
-152
-185
-215
-247
-277
-306
-329
-349
-369
-390
-403
-407
-404
-399
-388
-373
-354
-325
-293
-259
-229
-204
-173
-142
-116
-95
-76
-56
-36
-20
-4
6
12
23
37
49
56
60
65
71
83
90
94
94
96
101
101
97
86
74
63
56
43
26
14
-1
-15
-24
-38
-50
-64
-74
-82
-93
-108
-127
-144
-159
-169
-180
-197
-207
-215
-219
-223
-225
-221
-215
-203
-191
-179
-159
-139
-117
-96
-75
-55
-33
-12
3
20
42
64
85
99
117
143
166
183
198
215
231
246
256
255
249
239
230
223
211
195
178
162
150
135
120
104
92
86
80
78
70
60
56
51
44
36
27
11
-4
-15
-29
-42
-57
-72
-81
-88
-87
-83
-80
-74
-67
-55
-40
-28
-17
-5
15
32
45
59
73
89
106
122
139
154
172
191
208
222
237
250
261
269
272
276
277
273
267
258
251
239
224
212
201
191
180
172
158
144
133
118
99
75
49
29
8
-14
-40
-69
-88
-102
-112
-124
-134
-137
-136
-135
-132
-130
-122
-109
-96
-85
-74
-61
-50
-42
-35
-29
-18
-6
8
22
39
59
77
95
114
137
159
178
195
210
223
231
239
243
244
244
241
231
216
201
185
167
149
132
112
90
70
49
27
8
-13
-39
-61
-83
-105
-130
-157
-180
-206
-226
-243
-264
-278
-294
-313
-331
-345
-358
-375
-390
-411
-430
-444
-459
-471
-479
-488
-489
-485
-481
-471
-456
-438
-413
-389
-363
-340
-314
-282
-256
-232
-211
-192
-174
-156
-141
-125
-112
-94
-75
-56
-35
-12
10
32
53
71
83
95
106
114
117
118
118
118
114
110
105
98
93
89
81
74
70
65
60
52
46
41
37
34
29
29
25
20
21
18
17
17
16
19
21
23
30
36
40
44
45
44
43
46
54
60
65
69
76
87
92
97
102
109
116
122
129
132
136
136
130
123
110
97
89
76
59
42
25
8
-4
-13
-17
-17
-22
-23
-17
-12
-10
-8
-9
-7
-3
-2
-3
-6
-5
-3
-3
-7
-14
-19
-20
-21
-17
-14
-7
2
8
14
21
30
34
38
44
47
52
53
52
53
56
56
57
59
61
63
64
65
65
69
77
81
83
87
92
97
106
116
117
120
126
130
137
144
152
152
150
150
149
141
133
122
113
105
94
83
74
65
59
58
60
60
59
64
69
71
76
77
76
73
70
67
61
54
46
39
33
24
19
10
0
-7
-10
-11
-9
-8
-8
-6
-1
5
12
18
22
30
37
42
45
48
48
47
48
47
47
48
43
40
38
35
35
29
21
18
17
17
18
13
8
5
0
-1
-4
-8
-10
-15
-22
-28
-35
-41
-50
-62
-72
-85
-94
-98
-101
-103
-105
-106
-97
-91
-86
-77
-71
-65
-55
-48
-45
-45
-41
-37
-37
-38
-37
-39
-44
-48
-52
-56
-59
-62
-63
-65
-66
-63
-58
-56
-53
-53
-48
-39
-32
-27
-23
-22
-20
-16
-14
-12
-18
-22
-26
-30
-33
-36
-40
-41
-44
-43
-39
-37
-32
-28
-25
-19
-14
-8
-5
2
7
9
10
11
11
9
12
15
15
14
16
19
21
23
24
26
29
32
35
39
41
46
51
52
52
55
60
61
62
60
59
59
55
55
54
50
48
43
42
38
36
32
26
22
22
21
19
18
16
12
12
14
14
12
14
19
20
19
20
19
17
14
14
11
7
8
10
14
16
20
23
27
30
33
42
48
50
54
53
51
49
48
47
44
43
42
40
40
37
35
33
30
29
29
28
24
20
15
8
5
2
0
-7
-10
-11
-13
-12
-12
-11
-11
-10
-6
0
7
10
11
11
10
7
3
-3
-8
-14
-18
-24
-29
-30
-32
-33
-30
-27
-25
-25
-23
-19
-14
-9
-7
-4
-2
-5
-4
-4
-6
-11
-16
-18
-19
-21
-24
-22
-24
-24
-22
-22
-21
-23
-24
-24
-23
-23
-30
-30
-32
-40
-40
-41
-42
-46
-49
-50
-53
-57
-62
-62
-64
-70
-71
-72
-72
-70
-70
-67
-61
-55
-45
-34
-23
-14
-4
7
15
19
24
29
35
34
32
31
27
19
14
11
5
3
6
8
11
14
18
26
30
36
47
54
57
64
63
58
56
48
43
39
32
25
20
13
8
4
3
-2
-3
-7
-9
-7
-11
-13
-13
-13
-13
-13
-16
-23
-23
-25
-31
-32
-36
-39
-39
-46
-52
-54
-60
-68
-70
-71
-71
-66
-68
-68
-64
-58
-51
-44
-34
-23
-12
-1
5
13
19
22
23
23
25
23
20
14
12
9
6
5
1
0
8
10
14
23
29
35
44
51
59
63
65
65
65
60
54
51
44
37
33
26
20
20
16
12
11
8
3
1
-1
-2
-1
0
1
2
4
2
1
0
-6
-8
-11
-16
-17
-22
-26
-28
-36
-39
-40
-44
-44
-47
-44
-39
-37
-32
-25
-16
-6
2
14
20
30
37
41
45
42
42
39
35
27
21
15
8
0
-8
-15
-21
-26
-28
-30
-30
-30
-25
-20
-15
-10
-8
-2
1
2
6
5
6
-1
-4
-4
-8
-8
-12
-16
-15
-19
-17
-16
-16
-15
-15
-12
-9
-4
0
4
6
8
10
12
13
12
12
12
10
11
8
6
7
6
8
7
10
14
14
16
16
14
18
19
22
26
29
33
37
41
45
42
39
42
39
36
33
28
21
12
5
-4
-14
-26
-34
-41
-49
-54
-57
-59
-60
-58
-54
-51
-47
-42
-38
-35
-32
-30
-27
-25
-27
-28
-29
-31
-29
-29
-30
-31
-34
-33
-32
-33
-33
-31
-29
-26
-20
-19
-15
-10
-10
-9
-6
-4
-2
-2
4
7
8
9
11
12
14
13
14
14
14
13
13
10
10
9
10
14
15
21
24
29
34
40
49
53
60
63
62
63
60
57
49
41
33
21
13
5
-2
-11
-18
-21
-27
-24
-23
-21
-21
-21
-16
-12
-9
-8
-6
-2
-4
-3
-4
-5
-3
-3
-6
-10
-12
-14
-15
-17
-21
-20
-19
-19
-16
-15
-12
-7
-6
-2
2
6
8
9
11
15
15
13
13
10
9
6
4
-3
-9
-10
-14
-19
-21
-23
-25
-25
-20
-14
-9
-4
6
13
21
28
37
44
46
48
49
44
39
34
28
18
10
6
2
-4
-7
-10
-10
-11
-9
-5
-4
-2
3
8
9
11
12
12
14
14
14
12
8
8
10
5
2
3
1
-3
-7
-7
-9
-9
-8
-9
-11
-9
-9
-6
-6
-3
-1
-3
-2
1
2
0
-2
-3
-4
-6
-6
-10
-14
-13
-16
-21
-22
-22
-23
-22
-19
-14
-10
-4
4
10
14
19
22
24
24
25
25
23
19
16
12
4
0
-7
-6
-9
-13
-14
-15
-13
-11
-12
-13
-11
-11
-9
-6
-3
1
1
3
5
1
1
-3
-5
-3
-10
-12
-12
-15
-15
-16
-17
-20
-20
-16
-16
-15
-14
-13
-11
-11
-10
-6
-5
-3
1
1
-1
1
2
2
4
6
6
7
7
7
4
2
3
4
5
7
12
15
18
19
22
23
22
22
23
22
22
19
12
8
2
-7
-10
-15
-21
-22
-26
-29
-30
-31
-33
-33
-31
-29
-26
-21
-17
-12
-7
-5
-3
0
1
3
3
3
4
8
8
7
12
15
19
23
21
25
26
26
27
26
26
26
23
19
18
18
13
11
6
2
2
0
-3
-3
-3
-3
-4
-6
-5
-4
-6
-6
-8
-8
-9
-10
-10
-10
-10
-8
-5
-4
-4
-5
-5
-7
-8
-11
-15
-16
-19
-22
-21
-24
-25
-24
-24
-25
-23
-18
-15
-11
-4
-2
2
7
11
14
17
17
18
20
20
23
21
17
18
20
18
15
15
15
17
17
17
19
21
18
16
15
10
8
5
-2
-4
-7
-11
-11
-14
-15
-16
-18
-21
-22
-20
-20
-21
-18
-15
-12
-11
-11
-10
-8
-5
-2
0
3
9
11
13
17
18
18
18
18
14
12
11
7
5
-1
-7
-9
-14
-16
-18
-20
-16
-16
-16
-13
-15
-15
-13
-14
-12
-12
-13
-16
-18
-21
-23
-24
-24
-25
-26
-24
-25
-24
-22
-19
-12
-7
-4
2
5
7
10
10
12
13
16
15
15
17
13
15
15
13
12
12
13
13
15
15
15
16
17
14
16
15
14
16
14
15
18
19
20
22
21
21
22
20
21
18
15
11
7
1
-3
-4
-8
-11
-12
-13
-11
-9
-8
-6
-4
-3
-2
1
1
0
1
2
3
4
4
3
0
1
2
1
2
6
5
4
6
7
10
7
8
9
7
9
7
6
7
5
6
5
4
1
0
-1
-3
-4
-2
-2
-2
-3
-3
-3
-6
-5
-7
-8
-9
-8
-8
-7
-5
-4
-1
0
3
3
1
4
3
3
4
4
2
1
2
1
-3
0
-3
-4
-2
-4
-2
0
-1
-1
2
4
4
8
12
13
17
16
16
18
15
16
17
16
15
16
14
13
15
10
8
4
1
3
-1
-2
-3
-7
-10
-11
-9
-12
-15
-12
-12
-11
-12
-10
-9
-10
-13
-13
-12
-14
-15
-15
-15
-17
-18
-17
-20
-21
-22
-21
-20
-21
-20
-22
-23
-17
-19
-16
-15
-11
-9
-7
-4
-4
0
1
0
0
-1
0
-1
-2
-2
-2
0
2
4
4
7
12
11
13
14
15
14
14
14
14
17
15
13
15
11
8
7
3
-1
-1
-5
-4
-4
-10
-9
-9
-8
-6
-5
-6
-5
-1
3
6
6
4
4
6
7
7
9
8
10
8
9
10
7
8
7
0
-2
-4
-5
-3
-3
-3
-2
3
4
5
6
5
6
3
-2
-3
-5
-3
-3
-2
-2
-2
0
-1
-3
-5
-11
-15
-18
-20
-21
-19
-18
-20
-17
-17
-13
-12
-12
-12
-16
-16
-15
-14
-13
-11
-10
-11
-10
-11
-16
-23
-27
-30
-34
-36
-36
-33
-28
-22
-16
-13
-8
-3
2
10
15
15
16
16
18
15
11
11
10
7
4
1
4
5
5
4
3
-1
-3
-3
-3
-6
-5
-3
-8
-15
-14
-9
-3
2
3
6
10
14
18
20
22
20
20
21
22
29
31
35
37
34
30
22
14
5
-7
-15
-19
-20
-17
-11
-6
0
4
4
4
6
7
8
6
6
2
-5
-8
-12
-13
-16
-18
-18
-15
-16
-14
-8
-7
-7
-10
-15
-20
-24
-26
-26
-24
-28
-32
-33
-34
-32
-29
-26
-22
-16
-12
-8
-1
4
5
4
1
-4
-10
-15
-18
-13
-9
-7
-5
-6
-2
1
6
9
6
-1
-6
-2
5
19
33
39
39
32
25
25
28
35
38
32
21
17
20
29
41
52
61
64
67
71
77
72
42
-20
-136
-289
-408
-448
-432
-401
-367
-307
-218
-128
-46
31
99
132
111
68
41
43
65
90
105
97
65
29
8
3
-1
-30
-96
-171
-232
-294
-350
-359
-333
-321
-332
-335
-310
-259
-207
-166
-140
-143
-173
-199
-180
-113
-42
11
59
96
124
160
204
234
230
197
141
87
45
18
1
-15
-44
-102
-159
-190
-201
-199
-190
-183
-188
-189
-164
-114
-44
27
78
117
148
173
209
255
304
332
330
312
286
257
235
223
199
146
84
25
-23
-44
-52
-66
-88
-123
-151
-155
-135
-106
-82
-63
-59
-66
-57
-28
12
47
66
66
54
48
57
76
96
96
67
32
1
-21
-30
-21
-13
-24
-46
-64
-72
-70
-55
-30
-14
-17
-26
-28
-27
-18
0
20
26
13
-7
-10
4
12
15
25
30
23
12
0
-5
-1
9
18
16
0
-22
-35
-32
-24
-21
-15
-11
-14
-18
-9
14
38
55
61
63
62
62
81
114
130
141
148
151
153
161
178
191
188
175
168
175
184
204
232
247
252
252
263
284
302
319
328
323
305
284
280
289
296
299
296
290
281
277
289
308
323
327
319
299
268
242
224
208
188
168
164
182
211
251
305
356
406
451
492
533
560
572
565
533
478
407
340
292
259
231
201
175
155
143
145
150
153
145
135
139
164
206
260
294
288
240
169
93
27
-15
-35
-40
-31
-15
12
52
91
126
148
153
153
164
194
239
278
309
330
344
365
397
439
489
539
579
616
654
695
747
794
823
843
857
870
883
901
920
938
956
985
1027
1083
1137
1170
1175
1146
1108
1084
1075
1088
1126
1180
1232
1278
1327
1383
1435
1479
1509
1524
1533
1548
1571
1601
1620
1611
1576
1529
1474
1411
1348
1290
1237
1176
1097
1019
952
894
842
774
688
584
463
342
234
145
70
0
-69
-142
-216
-285
-345
-401
-461
-532
-606
-681
-752
-818
-883
-953
-1035
-1128
-1235
-1343
-1436
-1524
-1605
-1687
-1780
-1877
-1973
-2058
-2138
-2217
-2295
-2374
-2445
-2503
-2545
-2575
-2597
-2619
-2653
-2694
-2739
-2777
-2803
-2830
-2857
-2883
-2905
-2907
-2895
-2867
-2827
-2790
-2758
-2727
-2699
-2669
-2640
-2611
-2575
-2533
-2474
-2397
-2307
-2203
-2100
-2011
-1922
-1835
-1750
-1670
-1593
-1524
-1472
-1430
-1393
-1355
-1304
-1235
-1155
-1075
-998
-932
-876
-827
-777
-728
-678
-616
-544
-468
-388
-317
-252
-197
-154
-125
-104
-88
-74
-65
-66
-76
-97
-124
-146
-173
-200
-216
-236
-259
-281
-307
-326
-342
-349
-348
-339
-312
-274
-231
-183
-138
-101
-78
-67
-57
-42
-25
3
39
75
116
154
195
238
276
306
328
353
373
393
419
442
459
465
455
439
430
427
432
451
489
538
593
650
712
775
832
883
925
949
960
958
947
928
907
883
853
828
809
798
790
787
785
781
776
775
777
780
794
804
810
816
821
825
828
831
832
837
839
838
832
824
816
806
802
803
806
792
769
740
702
663
629
601
577
555
540
528
527
536
548
560
561
545
532
521
511
494
473
455
438
423
418
430
453
475
491
495
480
451
421
393
367
340
310
290
285
299
328
359
383
397
405
406
406
407
411
411
399
377
353
323
294
273
263
261
260
264
273
285
299
313
324
337
347
358
375
398
421
441
449
446
433
419
407
393
379
361
337
308
278
254
232
215
202
182
165
147
127
114
108
103
101
103
101
98
95
88
72
46
14
-24
-61
-90
-111
-120
-121
-122
-125
-128
-126
-120
-105
-86
-74
-63
-60
-57
-54
-47
-38
-34
-36
-38
-41
-43
-41
-36
-34
-29
-25
-28
-31
-37
-42
-36
-31
-29
-26
-23
-10
13
39
67
94
118
139
161
190
216
239
259
272
278
278
276
274
273
272
268
260
245
225
207
194
186
173
154
131
109
84
64
50
41
30
17
5
-7
-11
-16
-20
-26
-40
-60
-76
-87
-97
-104
-111
-118
-126
-139
-149
-161
-177
-188
-199
-211
-217
-220
-224
-223
-223
-224
-220
-211
-203
-193
-177
-163
-147
-132
-120
-107
-100
-102
-105
-109
-111
-108
-104
-98
-89
-82
-74
-64
-58
-55
-49
-39
-30
-21
-15
-10
-2
5
11
14
20
34
46
56
60
65
66
69
75
78
79
82
84
90
93
95
95
92
87
81
78
72
70
69
63
53
43
36
32
31
31
33
33
27
15
0
-15
-31
-48
-61
-69
-78
-86
-91
-99
-106
-114
-124
-132
-134
-139
-141
-139
-140
-137
-135
-143
-147
-152
-160
-158
-157
-156
-154
-154
-157
-160
-164
-171
-176
-183
-189
-201
-214
-231
-246
-265
-284
-300
-313
-324
-331
-335
-339
-347
-353
-360
-364
-371
-374
-369
-370
-367
-366
-367
-364
-359
-355
-348
-341
-335
-327
-317
-309
-299
-292
-277
-260
-243
-224
-203
-181
-165
-150
-139
-133
-125
-117
-104
-86
-67
-47
-29
-14
-1
13
27
43
61
77
92
107
121
136
147
157
165
176
185
192
201
213
223
233
238
242
244
246
255
263
267
271
270
268
263
263
266
268
269
268
267
264
260
253
247
244
238
231
222
213
203
195
191
191
189
185
177
169
163
155
151
149
145
141
136
130
127
124
119
117
111
104
93
85
73
64
58
53
48
38
31
27
24
19
18
16
11
12
14
15
19
22
22
17
9
3
-5
-15
-21
-24
-28
-29
-34
-41
-49
-54
-59
-64
-72
-82
-92
-97
-102
-109
-120
-125
-129
-131
-129
-127
-125
-122
-119
-120
-126
-132
-136
-137
-132
-132
-133
-129
-127
-126
-127
-130
-133
-134
-135
-140
-141
-142
-140
-143
-146
-147
-146
-144
-138
-133
-127
-120
-110
-101
-99
-94
-92
-87
-78
-70
-66
-62
-59
-56
-53
-47
-37
-31
-27
-28
-28
-27
-30
-36
-35
-31
-29
-30
-28
-23
-22
-22
-25
-27
-29
-32
-32
-29
-24
-17
-17
-18
-19
-18
-14
-11
-3
3
7
10
15
18
19
21
23
25
31
35
36
41
45
49
54
57
61
61
59
59
58
61
60
62
60
52
49
46
46
47
43
43
44
44
46
48
50
52
51
54
56
55
57
57
57
59
54
55
58
60
60
58
55
49
48
46
49
52
50
50
49
46
44
44
46
48
48
52
55
58
62
64
67
66
64
61
59
60
55
51
52
51
49
44
37
32
30
27
22
20
19
16
14
13
12
12
11
10
6
1
1
-1
-1
3
1
2
3
2
3
2
9
15
19
19
19
20
19
18
18
16
13
11
6
3
1
-2
-4
-7
-10
-14
-20
-22
-26
-24
-26
-31
-35
-42
-47
-53
-60
-64
-64
-66
-67
-69
-73
-72
-69
-68
-69
-70
-71
-69
-66
-67
-64
-61
-60
-56
-56
-52
-46
-43
-39
-37
-36
-40
-39
-38
-37
-32
-31
-30
-27
-30
-29
-27
-27
-27
-29
-31
-30
-31
-33
-34
-37
-39
-41
-41
-41
-36
-34
-34
-33
-36
-40
-41
-44
-46
-45
-45
-41
-41
-40
-38
-37
-36
-31
-27
-22
-16
-13
-6
-3
4
13
19
24
30
37
44
52
62
68
75
76
75
78
79
82
86
87
87
84
83
84
80
79
77
75
71
66
63
56
55
51
44
40
34
31
34
32
32
31
28
27
20
18
16
10
7
7
10
8
6
5
7
8
6
4
1
0
1
0
1
0
-2
-6
-11
-13
-17
-22
-26
-33
-34
-40
-43
-45
-49
-53
-56
-58
-60
-66
-70
-74
-76
-74
-77
-80
-84
-88
-93
-98
-99
-100
-105
-108
-108
-109
-111
-110
-108
-106
-105
-102
-102
-104
-100
-96
-93
-87
-86
-83
-81
-76
-73
-71
-69
-69
-66
-65
-61
-54
-52
-47
-44
-44
-44
-44
-41
-36
-35
-34
-28
-27
-25
-22
-23
-22
-21
-20
-19
-22
-21
-19
-15
-14
-15
-13
-14
-17
-16
-12
-11
-6
-1
0
5
5
5
10
10
13
17
19
22
24
25
28
29
28
27
29
29
29
27
25
28
24
24
24
22
23
24
24
26
27
29
28
28
28
27
32
35
36
37
38
42
47
54
60
65
73
78
86
92
94
103
107
107
111
111
113
117
121
127
130
131
132
136
139
140
144
150
151
151
153
152
154
154
152
153
152
151
147
143
142
139
134
134
134
130
126
125
125
122
118
114
110
107
103
102
102
100
99
97
94
93
88
85
84
81
81
79
76
74
72
70
65
62
60
57
54
50
49
46
46
43
38
34
28
29
31
26
23
19
16
17
11
6
0
-3
-7
-10
-11
-15
-16
-15
-13
-12
-16
-18
-17
-14
-12
-12
-11
-14
-12
-10
-11
-5
-4
-4
-2
-1
3
6
5
6
8
5
4
5
6
8
9
9
9
10
7
4
5
3
1
-2
-2
-4
-8
-10
-10
-13
-17
-19
-22
-23
-25
-29
-32
-33
-34
-36
-38
-36
-34
-31
-29
-27
-25
-25
-25
-24
-23
-21
-18
-18
-17
-16
-17
-16
-17
-15
-15
-17
-16
-18
-19
-19
-20
-20
-22
-25
-27
-30
-30
-29
-28
-26
-28
-32
-33
-33
-36
-38
-37
-35
-34
-32
-28
-30
-32
-31
-33
-33
-33
-30
-26
-24
-22
-21
-19
-21
-22
-17
-15
-14
-11
-7
-6
-6
-5
-4
-3
-3
-4
1
5
5
6
5
4
0
-2
-3
-5
-4
-6
-7
-6
-9
-11
-13
-15
-14
-15
-14
-14
-15
-15
-16
-20
-20
-24
-24
-26
-28
-26
-27
-23
-22
-25
-27
-30
-28
-29
-27
-28
-30
-28
-29
-30
-32
-34
-33
-31
-31
-31
-31
-33
-37
-39
-41
-47
-46
-45
-44
-45
-48
-48
-51
-51
-51
-51
-54
-54
-54
-56
-55
-52
-51
-45
-44
-42
-39
-36
-34
-32
-31
-30
-29
-28
-28
-25
-19
-16
-11
-8
-8
-9
-7
-3
-5
-1
4
3
4
5
4
6
5
5
8
11
10
9
8
7
7
7
7
4
1
0
-2
-2
-3
-4
-6
-7
-6
-8
-7
-7
-8
-11
-12
-11
-11
-12
-8
-10
-10
-9
-10
-9
-9
-11
-8
-6
-6
-6
-7
-6
-7
-10
-9
-7
-8
-6
-5
-3
-3
-5
-7
-7
-7
-8
-8
-9
-8
-9
-7
-7
-11
-12
-14
-14
-13
-11
-9
-11
-13
-11
-11
-15
-18
-16
-17
-13
-10
-13
-13
-12
-11
-8
-7
-4
-4
-1
3
5
5
4
3
5
7
9
11
13
12
12
14
14
15
14
15
16
16
16
18
17
19
20
20
20
17
15
18
17
18
16
12
12
12
13
13
13
13
12
11
11
9
10
11
10
10
9
8
7
6
4
3
2
3
3
1
3
3
0
0
-1
-2
-3
-2
-1
-5
-2
-3
-8
-7
-9
-9
-9
-10
-9
-9
-9
-9
-10
-10
-13
-12
-11
-11
-11
-12
-13
-12
-12
-11
-14
-13
-12
-12
-12
-12
-12
-12
-12
-11
-10
-9
-8
-8
-8
-6
-5
-4
-3
1
3
2
4
7
5
5
6
7
12
13
13
16
19
20
19
19
18
14
14
13
15
17
17
18
18
18
18
17
20
21
19
20
20
19
19
14
13
12
9
10
11
12
13
12
11
10
9
5
7
7
6
5
5
5
6
5
1
0
1
-1
0
2
-1
-5
-2
-3
-6
-7
-10
-10
-12
-14
-17
-17
-17
-18
-18
-18
-18
-20
-20
-19
-22
-19
-20
-19
-19
-18
-17
-16
-16
-14
-16
-15
-13
-13
-15
-13
-12
-12
-13
-12
-12
-10
-7
-5
-5
-2
0
-1
0
3
2
3
3
6
6
8
9
10
13
14
16
16
17
18
18
20
16
18
20
19
23
21
23
27
26
28
29
29
30
27
28
26
25
25
21
22
21
20
17
13
12
10
7
6
7
5
2
6
5
3
4
0
-1
-3
-4
-4
-6
-5
-6
-6
-4
-8
-9
-9
-12
-11
-11
-12
-14
-16
-18
-18
-17
-15
-14
-12
-11
-11
-11
-12
-12
-10
-11
-11
-10
-11
-8
-8
-8
-8
-8
-6
-6
-5
-3
-6
-6
-5
-4
-2
-1
0
1
2
2
2
0
2
3
5
9
8
12
11
9
10
8
8
6
9
7
7
9
8
6
5
3
3
1
-2
2
6
4
5
2
1
2
1
1
4
4
4
5
2
1
1
0
-1
-3
-3
-3
-6
-7
-8
-7
-7
-5
-7
-8
-6
-7
-7
-8
-11
-11
-11
-12
-12
-11
-8
-10
-13
-11
-14
-14
-13
-13
-12
-12
-12
-10
-12
-14
-11
-8
-8
-8
-7
-2
-4
-3
-1
-1
1
1
3
6
5
4
7
6
5
3
6
4
3
4
4
5
4
1
3
5
6
5
5
4
4
5
3
0
0
1
3
4
5
6
5
2
1
4
3
4
2
1
2
1
1
-1
-1
0
1
0
1
1
0
0
1
0
-2
0
3
3
2
3
3
3
2
3
1
-1
-1
-1
-3
-4
-6
-5
-2
-5
-5
-4
-5
-2
-4
-6
-3
-4
-5
-4
-5
-3
-2
-3
-1
-1
-1
0
2
3
2
3
4
3
5
4
4
4
5
7
7
7
6
6
5
7
7
5
6
5
2
4
4
4
5
5
2
2
1
0
0
-1
0
0
-2
1
1
0
1
0
-2
0
0
-2
-4
-2
-3
-2
-3
-4
-2
-1
-2
-3
-2
-5
-8
-5
-5
-3
-6
-8
-9
-8
-9
-10
-6
-6
-7
-5
-6
-7
-8
-11
-9
-8
-9
-9
-5
-3
-4
-4
-3
-3
-7
-6
-6
-7
-5
-3
-4
-2
-2
-3
-3
-1
-3
-1
0
-2
2
6
3
3
3
0
2
4
7
6
6
6
6
7
7
5
6
7
6
6
6
6
7
5
3
5
5
4
7
8
4
0
2
4
1
2
0
-3
-5
-6
-7
-9
-8
-9
-11
-11
-12
-10
-13
-15
-14
-17
-16
-13
-17
-15
-12
-12
-10
-8
-6
-4
-4
-5
-1
1
0
1
1
2
4
4
5
8
9
10
11
10
7
9
10
8
7
7
8
8
8
7
8
7
7
4
2
3
1
-1
-3
-5
-5
-5
-5
-8
-11
-11
-12
-12
-12
-13
-11
-10
-6
-5
-6
-4
-6
-3
-3
-1
2
0
2
2
2
5
4
4
6
6
4
5
5
5
4
3
4
3
3
4
3
4
4
3
6
5
4
4
2
1
-1
0
1
-2
-1
1
-2
-1
-2
-2
-1
-5
-6
-2
-3
-2
-1
-1
0
5
6
4
5
3
3
6
5
5
7
7
8
9
11
