-2
-4
-1
-1
-3
-1
-2
-1
-4
-2
-2
-4
-2
-3
-1
1
2
3
3
4
1
2
5
5
5
6
8
10
12
7
10
10
8
8
10
8
5
8
6
5
4
4
6
7
7
6
4
5
3
0
1
-1
0
2
3
2
3
4
5
4
2
2
0
1
0
-1
-2
0
3
4
5
3
3
3
2
1
-4
-2
-1
-1
1
-1
0
0
-2
-1
0
3
2
0
1
-3
-4
-4
-4
-4
-5
-5
-3
-4
-5
-4
-4
-3
-3
-3
-5
-7
-6
-4
-4
-7
-7
-6
-9
-8
-6
-6
-5
-6
-5
-5
-6
-6
-5
-3
-5
-4
-3
-3
-1
-2
-4
0
0
-1
-2
-2
-2
-1
0
-1
-1
0
0
0
0
0
0
1
1
-2
-4
-6
-8
-8
-8
-8
-11
-11
-9
-10
-12
-12
-14
-13
-12
-12
-13
-13
-12
-14
-12
-11
-13
-10
-9
-10
-10
-7
-8
-9
-7
-6
-4
-1
-3
-4
-3
-1
-2
-3
2
1
0
4
3
3
4
3
3
4
4
6
9
10
8
7
7
7
5
6
6
6
9
8
7
6
6
7
7
9
11
8
9
8
9
10
9
8
8
9
10
9
8
9
8
7
9
7
9
8
8
10
9
8
3
2
3
-1
1
1
3
2
0
2
1
0
1
5
3
4
4
2
2
1
0
0
-2
-3
-1
1
2
2
2
2
2
2
2
1
2
1
2
4
1
0
0
0
2
2
2
4
5
4
5
4
4
6
5
5
2
0
2
0
-2
1
-1
-1
-1
0
2
2
1
2
2
2
1
2
6
2
2
4
1
0
-1
-1
3
4
4
6
8
9
7
6
9
7
4
5
3
4
5
3
3
1
0
1
-2
2
2
0
1
1
0
0
0
-2
-2
-1
0
-2
-4
-1
-2
-3
-1
-1
-2
-2
-4
-5
-4
-3
-4
-4
-6
-6
-6
-5
-6
-7
-5
-6
-7
-8
-8
-5
-4
-5
-8
-8
-6
-8
-7
-6
-9
-8
-6
-5
-5
-8
-6
-6
-9
-8
-7
-7
-7
-6
-6
-5
-4
-7
-9
-9
-7
-5
-7
-5
-6
-7
-8
-7
-5
-4
-5
-7
-9
-10
-8
-7
-6
-5
-5
-6
-9
-10
-7
-6
-8
-7
-5
-3
-3
-2
-1
0
0
-1
-1
-2
-4
-5
-4
-3
-1
-2
-1
-1
0
-1
2
1
-2
0
-1
-2
-2
-2
1
0
0
1
-1
0
1
5
6
5
4
5
4
2
2
3
6
8
6
5
5
4
4
5
4
3
2
-1
1
2
4
7
5
5
6
5
6
6
7
4
4
3
5
6
5
6
8
10
12
8
7
10
11
11
10
9
10
11
10
11
12
11
12
11
8
8
9
10
10
9
8
6
6
9
10
9
6
7
7
4
1
2
1
0
-2
-1
-1
-1
-3
-3
0
1
-3
-6
-4
-6
-6
-5
-3
-3
-4
-5
-6
-4
-3
-3
-5
-5
-6
-6
-5
-7
-6
-3
-3
-3
-4
-4
-2
-3
-4
-2
-2
-2
-2
-1
-1
-4
-1
1
1
2
-1
-1
3
0
1
-1
-4
-2
-2
0
-1
1
2
1
0
-4
-2
-2
-3
-3
-3
-3
-3
-1
-1
-5
-2
-2
-3
-1
-2
-3
-3
-4
-4
-6
-4
-2
0
0
0
1
1
-1
0
1
0
1
1
0
-2
-2
-3
-3
-2
-5
-5
-5
-5
-3
0
-1
-4
-3
-4
-6
-2
-4
-7
-4
-1
-2
-3
-3
-4
-5
-5
-3
-5
-6
-3
-4
-2
1
-1
0
1
1
-4
-4
-3
-2
2
0
-4
-1
-3
-4
-1
-2
-1
0
1
2
2
3
2
1
3
-1
0
1
0
1
2
3
3
5
4
4
5
3
3
5
7
4
1
2
2
1
2
4
2
4
6
6
6
6
6
6
5
3
5
5
5
4
5
5
5
5
4
6
5
4
9
10
10
10
9
8
6
7
4
6
7
6
8
7
5
8
5
6
8
3
3
3
3
2
0
0
-1
0
-1
-6
-4
-4
-3
-3
0
-2
-5
-4
-5
-6
-6
-6
-6
-7
-5
-7
-9
-5
-8
-9
-9
-8
-9
-7
-3
-4
-2
2
-1
-7
-7
-4
-5
-4
-3
-3
-4
-2
-3
-3
-2
0
1
0
2
1
0
3
1
0
-3
-3
-3
0
-1
0
2
0
1
-1
-3
-1
-3
1
3
1
0
0
0
2
0
1
0
1
6
5
7
7
4
7
5
4
6
2
0
0
-1
-3
-2
-3
-3
-3
-2
-2
-4
-3
-7
-7
-5
-8
-5
-5
-6
-9
-9
-8
-8
-8
-7
-8
-8
-8
-9
-8
-7
-7
-7
-3
-5
-5
-1
-2
-1
-2
-2
-1
0
2
2
3
5
3
5
4
2
3
5
5
6
6
6
8
7
6
6
7
7
8
7
10
11
13
13
12
10
8
6
7
6
11
10
8
9
6
2
2
2
3
3
4
2
3
2
-1
0
-1
-3
-1
-1
0
0
0
0
-4
-5
-5
-8
-7
-5
-3
-2
0
1
0
0
-2
-3
-2
-2
-2
0
2
0
1
2
-1
1
0
0
1
1
3
-2
-3
0
-5
-6
-4
-5
-6
-4
-2
-5
-4
-2
-1
-1
0
2
1
2
5
4
6
8
6
5
4
3
4
7
6
8
8
6
6
7
7
6
7
9
7
6
5
6
9
8
7
8
8
7
5
5
4
4
1
0
-2
-4
-4
-6
-4
-4
-10
-8
-8
-11
-10
-11
-12
-9
-10
-7
-6
-7
-4
-5
-4
-3
-3
-2
-1
-2
0
2
0
1
1
3
2
-3
-4
-5
-6
-5
-4
-5
-4
-6
-6
-7
-6
-7
-9
-6
-4
-4
-1
0
-3
-1
2
1
4
5
4
5
5
6
7
8
8
7
7
8
6
5
3
2
2
-1
-5
-7
-7
-5
-5
-5
-6
-6
-7
-7
-6
-6
-5
-4
-3
-3
-3
-3
-5
-4
-2
-2
-1
-2
-4
-4
-2
-3
-3
-3
-5
-3
-5
-5
-4
-6
-2
-3
-3
-2
-2
1
2
2
6
6
8
8
8
5
6
7
4
4
5
5
7
6
8
7
5
4
4
3
2
2
3
4
4
4
4
2
2
1
-2
0
-1
-1
-1
0
2
-1
0
1
-2
-2
-3
-4
-6
-8
-7
-9
-10
-10
-10
-8
-9
-9
-8
-10
-9
-7
-8
-9
-10
-10
-9
-10
-7
-4
-5
-5
-4
-3
-2
-1
1
2
1
2
0
1
2
5
7
6
6
6
5
4
3
2
5
4
7
7
6
10
11
9
8
7
7
4
3
4
2
3
2
2
5
7
6
9
9
6
7
5
6
4
1
2
2
0
1
1
0
0
0
0
0
-2
-4
-3
-4
-3
-5
-5
-5
-6
-6
-5
-6
-7
-7
-8
-9
-9
-5
-4
-3
3
1
1
4
6
6
3
3
5
3
4
5
5
6
7
8
8
8
9
11
11
10
8
9
9
7
7
6
8
8
8
8
7
7
7
8
7
5
6
3
3
2
-1
-2
-2
-2
-3
-7
-6
-5
-8
-6
-9
-8
-4
-6
-4
-2
-4
-4
-4
-5
-5
-5
-3
-2
-6
-9
-6
-4
-4
-6
-6
-5
-6
-7
-9
-13
-12
-13
-14
-12
-15
-17
-15
-16
-15
-14
-15
-11
-10
-12
-9
-10
-9
-8
-7
-7
-7
-7
-4
-6
-8
-4
-4
-3
-4
-6
-5
-3
-4
-4
-3
-5
-5
-5
-4
-5
-6
-5
-7
-7
-6
-9
-8
-8
-9
-7
-7
-4
-5
-6
-4
-3
-2
2
-1
0
0
0
1
1
-1
-2
2
4
4
4
5
6
7
7
6
5
4
6
6
4
4
3
4
5
5
4
3
4
5
6
4
4
6
6
6
5
7
10
7
8
10
8
11
10
7
11
11
11
11
7
8
6
7
8
7
9
8
7
9
6
7
6
5
9
11
12
14
14
15
15
16
17
19
17
16
12
10
12
12
12
12
12
12
11
7
6
5
4
9
8
5
6
4
6
6
6
5
3
3
3
2
1
0
1
4
3
2
1
-1
1
0
0
4
4
2
3
0
0
1
-1
2
2
4
7
5
3
1
-2
0
1
0
0
0
-2
-2
-3
-4
-4
-6
-8
-7
-8
-10
-13
-14
-15
-15
-12
-13
-13
-16
-18
-15
-14
-14
-13
-15
-14
-12
-11
-12
-10
-9
-8
-6
-3
-1
-3
-2
1
4
3
1
-1
-1
-2
-5
-5
-4
-3
-2
0
0
0
-3
-4
-4
-3
-2
-3
-4
-5
-6
-5
-3
-3
-4
-5
-5
-4
-8
-9
-9
-9
-11
-8
-6
-9
-9
-9
-10
-7
-9
-7
-6
-7
-9
-9
-9
-6
-8
-8
-7
-7
-5
-5
-4
-3
-4
-5
-6
-6
-5
-4
-3
-1
0
-1
-2
0
-2
-3
-5
-5
-4
-5
-6
-5
-6
-6
-7
-7
-5
-8
-5
-4
-3
-2
-4
-2
-3
-6
-3
-4
-5
-3
-4
-3
-3
-5
-5
-4
-1
-3
-3
-3
-2
0
1
1
-1
0
1
3
4
2
2
5
7
9
12
13
14
15
16
17
14
14
14
14
13
15
15
15
17
15
14
14
12
12
12
11
10
10
9
9
8
8
7
10
14
11
10
8
8
11
9
7
6
8
7
6
6
4
3
2
2
1
1
0
-2
-1
-2
-2
-1
-4
-2
-2
-2
0
1
1
-1
-1
0
-2
-4
-5
-5
-1
-2
-1
-2
-3
-4
-6
-6
-8
-9
-7
-7
-6
-6
-8
-5
-7
-10
-9
-9
-9
-10
-10
-9
-8
-9
-9
-9
-9
-11
-10
-10
-10
-9
-9
-7
-7
-5
-5
-4
-5
-6
-5
-3
-1
-1
-2
-1
1
1
1
-1
-3
1
2
2
5
5
6
5
4
5
2
1
3
2
4
5
3
4
4
4
4
5
5
5
4
5
5
5
5
7
7
6
7
8
8
7
7
8
8
8
9
8
7
8
6
7
8
5
2
6
8
8
6
3
5
8
6
7
8
6
6
7
8
8
7
8
8
7
5
4
3
1
0
0
2
1
3
3
0
2
4
2
3
2
-1
0
-3
0
-2
-5
-4
-6
-4
-4
-10
-9
-10
-8
-6
-9
-12
-11
-9
-12
-15
-13
-14
-14
-12
-13
-11
-10
-11
-12
-12
-11
-11
-12
-12
-12
-9
-9
-10
-8
-10
-11
-10
-10
-8
-6
-6
-7
-6
-6
-5
-4
-3
-6
-6
-7
-6
-3
-4
-5
-3
-4
-3
-3
-5
-3
-3
-1
0
2
3
3
3
2
1
3
4
3
3
4
3
2
4
3
3
4
5
5
5
4
2
2
4
5
2
3
3
4
3
2
4
6
7
8
6
7
9
11
12
11
11
10
10
11
9
10
9
9
10
11
9
7
8
10
11
13
9
9
9
9
11
10
10
8
5
6
8
9
11
9
7
8
9
9
9
8
6
4
5
6
5
5
6
3
3
3
2
0
0
3
3
3
5
2
1
0
3
2
0
-1
0
1
1
-1
-2
-2
-4
-4
-5
-3
-3
-4
-6
-7
-4
-6
-7
-9
-10
-10
-9
-6
-5
-8
-9
-8
-6
-4
-5
-7
-7
-7
-6
-4
-6
-6
-6
-5
-7
-8
-6
-5
-5
-5
-2
-3
-8
-7
-9
-9
-7
-8
-8
-8
-7
-7
-10
-9
-7
-6
-4
-4
-2
0
-3
-2
-2
-1
-1
-3
-3
-2
-2
-1
0
-2
-3
-2
-4
-3
-5
-6
-7
-7
-6
-4
-7
-8
-8
-10
-8
-9
-9
-7
-8
-7
-4
-5
-5
-6
-5
-4
-3
-2
-5
-3
-1
-1
1
1
2
1
4
5
7
9
8
7
5
5
6
8
11
11
9
8
6
4
5
5
3
4
7
7
4
6
4
1
2
0
-1
-2
-4
-2
-3
-4
-3
-3
-5
-3
-1
0
-3
-2
-1
0
1
2
0
-2
-2
-1
-1
1
0
2
3
1
3
2
-1
2
2
0
1
0
0
0
-3
-2
-3
-4
-1
-2
-2
-1
-1
0
0
0
2
3
6
5
4
5
4
4
5
6
6
6
9
11
11
11
12
12
15
16
15
14
13
12
12
10
12
12
10
11
12
13
12
12
13
10
11
11
10
7
8
9
9
13
10
7
7
5
4
4
4
2
2
3
3
1
-3
-1
1
-1
-3
-4
-5
-4
-4
-4
-4
-6
-8
-7
-8
-8
-5
-6
-5
-4
-5
-6
-6
-8
-4
-4
-3
-1
-1
-2
-5
-4
-4
-5
-5
-4
-3
-5
-3
-4
-6
-5
-5
-4
-3
-1
-1
-2
0
-1
-3
-2
-3
0
-2
-3
-1
-2
-4
-4
-2
-3
-4
-3
-3
-3
-3
-2
-3
-5
-5
-6
-9
-9
-9
-10
-9
-8
-9
-9
-10
-8
-7
-13
-14
-14
-15
-12
-10
-8
-11
-11
-10
-9
-7
-8
-8
-7
-4
-3
-3
-5
-4
-3
-2
-1
0
1
-1
0
-2
-1
-1
-4
-2
0
0
3
2
1
0
0
0
-1
1
2
-1
1
3
5
4
4
5
6
7
4
3
1
2
3
3
4
5
5
4
5
7
6
5
2
3
4
6
6
8
9
9
9
9
9
8
8
7
6
6
6
4
7
6
5
7
6
4
2
2
3
1
-1
-4
-3
-2
1
3
1
-1
-1
-4
-3
-3
-4
-4
-4
-7
-7
-5
-4
-1
-3
-2
-3
-4
-4
-6
-7
-9
-8
-10
-10
-10
-9
-6
-6
-6
-5
-5
-4
-2
-3
-3
-5
-5
-8
-9
-7
-5
-2
-3
-2
-3
-6
-6
-6
-8
-5
-4
-4
-3
-3
-3
-4
-4
-4
-3
0
1
3
2
1
2
2
3
5
3
5
5
5
2
2
0
2
0
-1
0
-1
1
2
4
4
1
1
2
0
0
2
3
1
2
1
-2
-1
-3
-1
1
1
3
2
1
-1
-3
-3
-5
-7
-7
-9
-10
-6
-9
-7
-6
-5
-5
-7
-7
-8
-9
-11
-11
-8
-8
-8
-7
-7
-9
-5
-6
-6
-4
-4
-1
-2
-1
-1
-3
-1
0
1
2
3
6
6
7
8
8
10
10
10
9
9
11
13
15
14
14
13
11
11
10
12
12
13
13
13
9
7
7
5
5
6
7
3
3
1
1
2
1
0
1
-1
1
4
2
4
5
3
4
3
2
2
2
3
2
2
5
6
7
7
6
4
4
3
3
1
0
1
0
0
1
3
3
2
3
4
2
2
2
5
8
6
6
7
7
5
8
7
6
7
7
8
8
8
7
8
8
10
9
6
5
4
4
3
3
2
2
1
4
4
0
-2
-3
-2
-1
-3
-4
-5
-6
-7
-6
-7
-8
-10
-13
-11
-8
-11
-14
-13
-12
-12
-11
-11
-11
-12
-9
-9
-9
-10
-7
-8
-7
-5
-4
-4
-3
-1
1
1
1
0
1
0
1
5
3
3
5
2
2
6
5
5
6
7
7
6
4
5
1
-1
0
3
3
5
4
2
3
1
0
1
-2
-3
-2
-3
-3
-5
-4
-2
-3
-4
-4
-4
-5
-4
-3
-4
-2
-1
-1
1
0
1
2
3
4
5
5
4
3
4
7
9
8
11
10
8
7
8
8
6
5
4
5
7
4
2
2
3
2
5
7
5
5
1
-1
-1
0
2
2
2
1
0
-2
-2
-2
0
-1
-1
-1
-2
2
1
-1
-1
-2
-3
-3
0
1
1
-1
-1
0
-4
-5
-1
-3
-3
-2
-5
-7
-11
-12
-10
-10
-11
-9
-11
-13
-13
-14
-14
-16
-16
-13
-13
-14
-13
-13
-13
-13
-12
-9
-10
-10
-10
-13
-13
-11
-10
-6
-6
-5
-8
-5
-3
-6
-2
0
-1
1
3
2
2
4
2
2
3
5
6
6
4
5
0
-2
-1
-4
-2
-2
-2
-6
-7
-4
-4
-6
-6
-9
-9
-7
-5
-5
-8
-7
-5
-8
-8
-7
-6
-6
-6
-3
-5
-3
-2
-5
-2
-2
-5
-3
-4
-3
0
0
0
1
2
5
8
9
9
9
10
9
11
15
16
16
15
13
15
14
15
18
16
17
17
17
18
15
15
15
13
16
17
18
18
18
15
14
14
13
13
14
14
13
14
13
13
12
12
12
9
8
9
11
8
6
5
3
4
4
3
3
4
2
1
2
1
-2
-2
1
-2
-4
-3
-3
-3
-3
-2
-4
-6
-6
-6
-7
-10
-8
-7
-9
-8
-4
-4
-4
-4
-3
-3
-3
-2
0
3
2
2
2
4
4
6
5
6
7
6
6
5
2
6
6
6
6
5
3
1
-1
-2
-5
-4
-5
-7
-6
-8
-12
-15
-16
-18
-18
-20
-19
-22
-24
-26
-28
-29
-27
-23
-21
-21
-19
-20
-18
-16
-16
-12
-9
-3
-1
0
1
3
3
7
12
14
18
18
19
22
25
26
27
30
30
29
27
25
24
26
25
23
22
19
18
15
8
5
2
2
-2
-10
-15
-22
-27
-32
-35
-35
-40
-43
-47
-51
-53
-56
-57
-57
-58
-58
-56
-55
-54
-52
-51
-47
-43
-39
-32
-27
-21
-19
-13
-7
1
8
16
23
31
35
41
45
53
60
65
71
76
79
83
86
88
90
94
94
91
90
88
84
79
72
67
62
57
52
43
32
20
10
1
-6
-16
-24
-35
-45
-54
-67
-77
-84
-91
-97
-103
-111
-116
-120
-124
-128
-129
-129
-130
-130
-131
-129
-125
-119
-113
-104
-92
-82
-69
-57
-45
-31
-15
1
19
34
50
68
81
95
111
127
145
157
168
179
189
198
205
212
217
217
216
214
210
204
197
186
173
163
147
127
109
89
67
43
22
-2
-26
-49
-76
-100
-126
-152
-174
-198
-219
-237
-251
-265
-278
-285
-293
-298
-301
-299
-293
-285
-275
-265
-249
-232
-213
-193
-168
-142
-115
-84
-54
-22
12
44
74
108
141
175
205
236
264
289
313
335
353
365
374
381
382
383
379
373
364
347
328
306
281
253
224
194
163
129
93
59
23
-11
-46
-80
-112
-143
-173
-204
-232
-259
-285
-306
-327
-343
-358
-373
-384
-390
-397
-403
-403
-398
-392
-381
-364
-347
-331
-307
-285
-261
-232
-201
-169
-137
-106
-72
-38
-5
25
59
93
124
154
181
210
236
258
282
303
323
341
356
367
372
383
393
394
393
389
386
379
368
354
338
316
294
269
241
212
181
148
115
78
43
8
-31
-64
-98
-132
-166
-199
-227
-255
-285
-312
-334
-359
-381
-400
-416
-426
-439
-447
-451
-453
-452
-448
-439
-425
-408
-387
-362
-334
-303
-270
-234
-197
-159
-121
-78
-36
7
51
93
134
174
215
254
293
329
361
394
425
451
476
500
518
534
544
549
551
545
534
520
500
476
450
419
384
345
306
262
218
175
129
82
36
-11
-56
-101
-143
-184
-222
-258
-293
-325
-353
-382
-406
-426
-445
-464
-477
-487
-497
-501
-502
-499
-494
-485
-473
-458
-443
-423
-400
-373
-343
-310
-276
-240
-200
-159
-117
-79
-41
-3
36
75
114
150
187
221
254
288
316
343
370
397
423
447
466
484
502
517
528
537
541
539
531
521
504
484
461
431
400
365
324
282
239
193
148
101
58
12
-35
-80
-125
-169
-210
-247
-284
-317
-351
-380
-406
-434
-458
-478
-499
-516
-526
-535
-540
-543
-543
-535
-526
-513
-494
-472
-449
-424
-391
-357
-319
-278
-235
-193
-150
-107
-62
-21
18
58
99
136
173
209
244
278
311
341
372
400
429
454
479
502
523
542
555
566
574
578
574
567
552
533
510
481
451
414
372
329
283
233
183
132
80
29
-23
-71
-117
-164
-208
-251
-290
-329
-365
-397
-429
-457
-480
-501
-520
-538
-552
-561
-569
-573
-573
-571
-563
-549
-536
-518
-494
-472
-446
-415
-382
-347
-308
-269
-228
-188
-144
-100
-55
-11
31
73
114
153
197
238
276
313
349
383
416
448
475
504
531
554
575
597
616
628
636
639
635
626
610
591
563
534
498
456
411
360
310
258
202
145
87
29
-24
-75
-126
-176
-220
-264
-308
-348
-384
-417
-446
-475
-501
-523
-544
-563
-576
-587
-592
-597
-597
-592
-587
-577
-564
-546
-522
-496
-466
-430
-394
-357
-314
-269
-221
-174
-124
-73
-28
20
73
119
164
208
252
295
334
369
403
438
471
502
530
556
583
602
622
639
649
657
658
655
645
630
609
580
547
508
465
419
369
313
260
202
145
88
30
-25
-79
-128
-180
-229
-274
-315
-354
-391
-424
-454
-479
-503
-526
-542
-556
-568
-575
-582
-584
-582
-579
-569
-556
-542
-522
-501
-472
-444
-414
-380
-344
-304
-261
-216
-168
-123
-78
-36
7
47
88
129
166
203
238
270
301
333
360
386
411
436
458
477
500
517
528
542
550
554
553
546
535
521
503
482
451
419
385
345
304
261
212
164
114
62
15
-33
-78
-125
-168
-208
-246
-284
-316
-347
-377
-404
-429
-450
-467
-480
-493
-504
-512
-517
-517
-516
-512
-504
-492
-476
-460
-441
-417
-391
-362
-331
-298
-264
-228
-189
-150
-110
-68
-30
9
50
87
123
156
191
224
255
282
312
338
359
384
407
430
450
467
486
499
512
520
523
528
526
520
509
494
471
448
421
389
355
320
280
239
196
154
109
66
22
-21
-60
-100
-138
-176
-215
-250
-283
-312
-342
-368
-392
-416
-437
-451
-464
-475
-482
-489
-491
-489
-488
-481
-473
-461
-445
-427
-409
-387
-364
-334
-303
-271
-237
-203
-168
-132
-96
-60
-24
12
51
89
124
159
193
227
258
289
320
344
369
393
414
435
449
466
482
491
498
501
503
501
497
488
473
456
432
409
379
346
314
277
239
199
157
115
73
30
-9
-49
-89
-126
-160
-193
-226
-258
-286
-310
-334
-354
-371
-385
-398
-409
-417
-421
-424
-425
-422
-419
-413
-404
-395
-385
-374
-360
-340
-324
-307
-286
-266
-239
-212
-185
-157
-129
-99
-66
-37
-9
20
49
74
98
124
147
167
188
208
227
246
265
284
299
316
334
349
360
373
384
394
401
404
403
397
391
383
369
351
331
305
278
250
219
187
158
127
97
67
38
10
-19
-49
-78
-105
-132
-156
-183
-209
-231
-252
-272
-290
-304
-315
-324
-330
-338
-344
-342
-343
-338
-330
-324
-315
-307
-297
-284
-272
-257
-245
-229
-211
-192
-173
-153
-132
-111
-90
-69
-48
-27
-9
10
32
50
66
82
96
110
123
137
152
166
176
190
201
211
225
233
243
250
256
264
265
264
264
261
257
253
247
238
229
220
208
195
181
166
154
140
122
107
92
74
56
40
24
6
-13
-29
-46
-63
-77
-92
-109
-122
-134
-144
-154
-163
-169
-177
-182
-186
-190
-193
-196
-197
-196
-200
-203
-206
-210
-209
-210
-211
-209
-205
-200
-191
-180
-167
-153
-142
-128
-113
-98
-82
-67
-55
-40
-25
-8
8
26
46
67
87
107
123
139
149
153
151
144
140
134
127
122
122
128
143
164
191
222
259
294
327
354
366
369
362
342
310
269
221
174
130
88
54
27
6
-4
-9
-10
-4
0
1
1
-6
-19
-35
-58
-87
-112
-138
-164
-189
-212
-230
-246
-263
-281
-302
-326
-347
-368
-390
-407
-414
-415
-402
-380
-347
-301
-252
-199
-149
-102
-61
-31
-9
3
9
9
5
-1
-6
-6
1
17
40
67
102
143
183
219
248
269
285
294
299
300
299
296
300
310
321
336
356
376
388
396
394
381
360
322
276
223
164
106
51
3
-35
-66
-84
-95
-102
-101
-100
-103
-106
-117
-135
-160
-191
-223
-259
-292
-323
-350
-365
-376
-380
-377
-369
-356
-343
-330
-318
-306
-295
-284
-275
-260
-243
-220
-190
-156
-119
-83
-47
-6
28
62
89
103
115
118
116
111
100
90
82
77
79
90
109
132
164
203
248
296
340
385
425
456
476
491
491
481
465
433
396
354
306
261
217
173
133
100
67
37
13
-13
-35
-59
-88
-113
-142
-174
-205
-236
-267
-297
-328
-353
-372
-387
-398
-403
-405
-400
-392
-382
-368
-353
-340
-323
-306
-290
-275
-257
-238
-222
-206
-190
-173
-153
-132
-106
-75
-45
-13
24
57
93
128
158
183
204
218
231
243
255
267
283
301
322
341
362
384
401
410
417
416
407
390
370
347
326
305
290
282
276
273
272
269
263
253
234
204
163
109
46
-24
-100
-174
-243
-306
-359
-399
-429
-446
-449
-443
-435
-422
-409
-401
-394
-396
-403
-410
-423
-433
-440
-443
-438
-425
-406
-378
-343
-308
-271
-232
-197
-163
-134
-111
-85
-65
-44
-18
10
43
79
123
174
228
283
334
382
425
459
491
517
537
556
574
591
612
634
656
677
693
704
706
695
671
633
577
505
424
330
232
132
29
-64
-156
-237
-306
-368
-418
-460
-496
-527
-551
-574
-593
-602
-612
-615
-611
-600
-580
-550
-512
-468
-421
-370
-322
-273
-235
-203
-177
-165
-160
-161
-173
-184
-200
-213
-220
-226
-226
-216
-204
-186
-159
-133
-105
-72
-39
-4
33
71
109
154
200
251
312
370
435
508
575
644
715
777
831
874
905
924
928
916
888
844
783
710
623
521
412
299
177
58
-60
-180
-290
-395
-490
-572
-644
-704
-746
-774
-790
-792
-779
-757
-722
-680
-634
-579
-523
-461
-400
-344
-286
-235
-191
-154
-127
-107
-96
-90
-95
-106
-120
-139
-160
-180
-198
-214
-221
-223
-221
-209
-188
-162
-130
-90
-43
11
69
133
201
271
348
427
506
585
664
741
814
880
937
985
1021
1045
1050
1038
1007
955
879
788
677
548
411
264
112
-37
-188
-328
-455
-570
-672
-756
-821
-870
-903
-919
-916
-899
-869
-829
-778
-720
-651
-577
-501
-422
-345
-272
-203
-144
-92
-52
-23
-8
-5
-14
-36
-62
-99
-136
-173
-209
-237
-258
-268
-266
-253
-228
-193
-150
-98
-40
23
89
160
233
306
382
459
536
617
700
781
859
934
1001
1060
1105
1136
1143
1124
1081
1011
913
789
646
485
309
127
-52
-223
-386
-534
-662
-768
-853
-913
-954
-972
-972
-957
-928
-887
-835
-771
-698
-619
-535
-446
-356
-268
-186
-112
-47
6
45
69
74
64
38
-3
-56
-117
-181
-243
-302
-351
-389
-414
-420
-415
-391
-349
-295
-226
-148
-64
27
122
221
322
422
524
626
730
835
940
1042
1138
1229
1301
1355
1386
1386
1355
1289
1187
1053
890
694
482
259
32
-185
-394
-582
-744
-880
-987
-1066
-1117
-1139
-1141
-1121
-1082
-1030
-966
-886
-797
-700
-593
-480
-364
-249
-138
-32
59
132
183
208
211
184
132
61
-27
-128
-232
-335
-428
-511
-575
-619
-638
-634
-605
-553
-483
-400
-300
-192
-78
40
160
281
403
523
645
763
883
1008
1126
1241
1351
1446
1527
1584
1609
1597
1545
1449
1313
1136
926
687
428
160
-106
-363
-595
-802
-974
-1110
-1211
-1270
-1296
-1294
-1264
-1214
-1145
-1065
-975
-875
-768
-654
-534
-410
-283
-158
-38
74
171
246
300
329
326
291
226
133
17
-118
-261
-403
-535
-649
-738
-797
-828
-827
-789
-721
-627
-513
-385
-248
-107
32
167
297
417
530
643
754
865
982
1102
1223
1345
1457
1557
1634
1681
1690
1655
1569
1433
1250
1020
754
461
158
-142
-433
-694
-916
-1097
-1235
-1325
-1369
-1374
-1347
-1295
-1220
-1133
-1038
-935
-828
-721
-607
-492
-372
-248
-122
4
123
229
316
377
409
407
367
296
190
58
-91
-254
-414
-562
-689
-788
-853
-878
-863
-809
-724
-608
-471
-321
-163
-5
144
285
417
540
654
762
867
973
1084
1196
1311
1426
1534
1628
1694
1730
1721
1657
1542
1375
1155
890
591
270
-57
-375
-671
-930
-1144
-1308
-1415
-1475
-1485
-1451
-1387
-1298
-1190
-1078
-960
-839
-723
-607
-493
-378
-261
-146
-29
87
197
293
370
421
444
430
383
297
174
22
-149
-329
-508
-676
-817
-929
-997
-1019
-997
-927
-823
-683
-520
-338
-150
32
209
371
515
644
757
862
966
1072
1177
1290
1407
1527
1643
1745
1818
1856
1849
1787
1664
1479
1233
939
605
247
-116
-471
-803
-1091
-1325
-1500
-1608
-1655
-1645
-1588
-1491
-1366
-1227
-1081
-938
-802
-679
-563
-455
-352
-252
-154
-53
49
149
239
315
374
403
397
358
278
159
12
-160
-344
-530
-701
-847
-962
-1031
-1050
-1019
-936
-807
-641
-449
-237
-21
186
381
553
703
829
932
1021
1101
1176
1256
1342
1434
1534
1629
1718
1787
1822
1813
1751
1627
1440
1187
883
540
170
-206
-571
-908
-1195
-1422
-1583
-1676
-1703
-1668
-1582
-1455
-1305
-1142
-976
-816
-670
-539
-424
-324
-233
-149
-68
13
94
175
248
310
350
366
356
311
226
105
-46
-216
-399
-583
-752
-901
-1017
-1084
-1099
-1064
-980
-851
-685
-486
-267
-45
165
364
541
694
822
925
1012
1089
1160
1234
1316
1410
1507
1605
1694
1760
1798
1790
1726
1601
1411
1159
853
504
131
-247
-615
-951
-1240
-1463
-1619
-1705
-1725
-1681
-1583
-1448
-1286
-1111
-937
-769
-617
-484
-368
-266
-181
-106
-32
37
108
174
235
280
312
324
304
255
173
59
-82
-247
-423
-600
-765
-907
-1015
-1084
-1101
-1064
-981
-848
-675
-476
-255
-31
191
397
578
737
869
977
1069
1147
1220
1297
1380
1471
1564
1654
1734
1790
1809
1780
1695
1548
1338
1071
753
396
20
-357
-715
-1036
-1306
-1514
-1655
-1724
-1723
-1663
-1554
-1407
-1237
-1055
-873
-703
-547
-409
-291
-190
-102
-25
42
107
163
213
255
283
295
283
243
174
79
-50
-198
-360
-531
-694
-839
-958
-1042
-1081
-1071
-1011
-902
-750
-563
-350
-123
103
321
522
695
843
967
1068
1154
1226
1296
1370
1445
1529
1613
1689
1749
1782
1776
1716
1601
1428
1194
905
571
205
-171
-540
-886
-1189
-1436
-1615
-1723
-1763
-1733
-1644
-1512
-1347
-1164
-976
-792
-622
-471
-341
-233
-142
-66
2
64
121
175
227
267
294
305
290
251
181
77
-53
-208
-379
-555
-727
-883
-1008
-1094
-1132
-1122
-1060
-946
-791
-601
-387
-162
60
271
464
633
772
887
985
1066
1141
1219
1300
1391
1489
1595
1694
1775
1829
1843
1804
1705
1537
1304
1010
668
297
-89
-469
-820
-1129
-1375
-1553
-1658
-1691
-1655
-1563
-1423
-1254
-1071
-884
-707
-545
-404
-289
-190
-108
-41
22
78
127
177
221
258
281
283
262
209
130
22
-116
-274
-443
-614
-775
-918
-1028
-1096
-1119
-1089
-1009
-878
-709
-509
-288
-57
166
377
568
730
871
986
1076
1156
1227
1296
1374
1452
1539
1619
1687
1734
1741
1705
1611
1452
1238
965
640
284
-92
-466
-815
-1127
-1383
-1573
-1691
-1735
-1712
-1631
-1504
-1341
-1158
-969
-784
-616
-466
-337
-231
-137
-56
14
80
145
207
261
309
346
359
352
317
248
147
18
-137
-305
-484
-661
-817
-945
-1039
-1084
-1078
-1023
-917
-769
-586
-379
-162
53
259
445
603
737
846
936
1017
1092
1165
1249
1344
1449
1552
1651
1733
1781
1786
1738
1622
1439
1194
889
543
166
-219
-590
-933
-1226
-1454
-1614
-1699
-1713
-1661
-1555
-1414
-1249
-1068
-890
-723
-570
-437
-322
-219
-131
-50
23
97
168
235
296
343
369
372
344
286
197
72
-80
-251
-428
-605
-767
-901
-997
-1044
-1038
-985
-882
-736
-553
-350
-140
68
263
442
596
721
826
910
986
1061
1138
1228
1324
1431
1541
1639
1722
1768
1762
1699
1570
1377
1118
803
448
71
-308
-671
-997
-1269
-1476
-1614
-1680
-1680
-1624
-1519
-1383
-1228
-1065
-909
-764
-632
-511
-403
-303
-202
-101
3
111
214
311
395
460
498
499
455
372
250
95
-87
-280
-478
-660
-816
-936
-1009
-1036
-1008
-933
-811
-656
-476
-281
-83
107
284
442
577
695
797
892
988
1084
1190
1309
1435
1569
1694
1799
1873
1899
1867
1765
1592
1353
1053
705
329
-62
-443
-792
-1099
-1346
-1529
-1647
-1700
-1696
-1642
-1554
-1443
-1315
-1184
-1050
-917
-791
-664
-536
-402
-263
-119
34
180
318
440
533
591
605
572
490
363
202
16
-185
-384
-569
-724
-848
-926
-957
-946
-890
-800
-679
-536
-382
-221
-59
94
240
374
494
609
720
827
942
1065
1196
1334
1475
1613
1731
1823
1874
1873
1814
1690
1502
1251
949
615
264
-83
-414
-719
-977
-1184
-1341
-1447
-1505
-1525
-1513
-1472
-1411
-1335
-1245
-1145
-1032
-905
-761
-604
-434
-256
-79
92
251
385
484
544
556
522
444
322
171
-1
-181
-355
-518
-654
-762
-834
-870
-872
-846
-786
-702
-603
-486
-361
-223
-80
66
212
357
504
645
782
916
1050
1184
1314
1444
1571
1685
1782
1851
1879
1856
1781
1648
1456
1215
928
614
283
-46
-365
-653
-902
-1110
-1271
-1389
-1466
-1506
-1513
-1492
-1446
-1378
-1290
-1183
-1055
-912
-750
-578
-399
-215
-35
131
273
383
454
485
471
414
319
188
37
-124
-289
-445
-582
-698
-789
-850
-883
-895
-881
-846
-787
-706
-606
-488
-350
-193
-27
146
325
501
671
830
979
1117
1243
1362
1475
1583
1683
1769
1840
1876
1872
1819
1711
1545
1324
1055
749
420
88
-238
-539
-809
-1038
-1218
-1350
-1439
-1490
-1506
-1495
-1454
-1391
-1306
-1196
-1070
-924
-759
-579
-392
-204
-19
150
293
404
473
497
475
404
298
157
-4
-172
-336
-489
-620
-728
-808
-862
-890
-898
-885
-853
-802
-731
-634
-514
-372
-205
-24
170
367
561
747
916
1066
1199
1318
1425
1528
1626
1717
1797
1857
1886
1874
1812
1693
1513
1276
990
671
334
-10
-336
-632
-890
-1099
-1261
-1375
-1446
-1485
-1492
-1474
-1432
-1366
-1282
-1176
-1044
-890
-719
-533
-340
-148
33
194
326
417
462
460
410
319
193
40
-122
-291
-452
-593
-712
-806
-876
-921
-945
-956
-944
-913
-864
-791
-689
-559
-398
-212
-7
206
418
620
805
965
1101
1218
1318
1414
1515
1619
1728
1830
1915
1969
1971
1914
1789
1596
1341
1037
704
359
19
-289
-561
-795
-980
-1125
-1236
-1316
-1374
-1410
-1424
-1412
-1367
-1291
-1179
-1033
-858
-664
-459
-256
-63
103
240
340
397
414
388
325
235
117
-18
-163
-315
-464
-601
-730
-843
-940
-1015
-1068
-1096
-1093
-1058
-988
-883
-744
-569
-366
-149
73
294
500
687
850
992
1113
1226
1336
1449
1568
1691
1817
1926
1997
2017
1972
1857
1669
1423
1126
797
464
141
-154
-414
-641
-829
-991
-1129
-1249
-1355
-1438
-1498
-1521
-1496
-1414
-1281
-1101
-884
-644
-399
-168
29
192
314
392
436
453
448
423
379
312
222
106
-44
-218
-414
-619
-816
-990
-1125
-1216
-1257
-1240
-1180
-1083
-958
-822
-672
-513
-351
-182
-6
176
364
557
746
930
1099
1249
1383
1501
1601
1692
1775
1843
1893
1907
1876
1791
1649
1452
1202
913
604
289
-11
-284
-527
-736
-914
-1068
-1194
-1300
-1382
-1437
-1459
-1439
-1368
-1246
-1080
-885
-673
-455
-250
-70
79
190
270
323
350
358
345
305
241
146
22
-134
-316
-509
-703
-882
-1032
-1139
-1201
-1217
-1190
-1127
-1035
-922
-799
-658
-502
-336
-151
43
247
454
653
835
996
1136
1253
1358
1455
1550
1650
1751
1837
1893
1899
1843
1720
1535
1297
1019
722
425
151
-92
-306
-492
-662
-822
-973
-1110
-1231
-1320
-1369
-1364
-1301
-1179
-1009
-815
-614
-426
-264
-126
-17
70
139
201
259
311
344
348
311
229
99
-75
-275
-482
-682
-853
-983
-1071
-1113
-1123
-1109
-1083
-1039
-981
-904
-804
-675
-513
-318
-100
122
335
528
685
812
918
1013
1107
1214
1334
1473
1620
1755
1862
1909
1883
1786
1622
1414
1178
930
687
455
240
39
-159
-365
-580
-798
-1003
-1178
-1301
-1370
-1371
-1312
-1204
-1057
-894
-732
-588
-462
-353
-250
-143
-28
89
201
297
362
386
357
277
152
-6
-178
-347
-498
-621
-715
-787
-844
-889
-921
-941
-943
-927
-878
-789
-666
-512
-344
-168
-2
148
274
377
466
549
633
728
838
962
1098
1236
1364
1468
1537
1566
1551
1496
1410
1303
1179
1045
901
744
572
386
184
-28
-242
-448
-635
-795
-922
-1011
-1061
-1077
-1064
-1032
-987
-933
-872
-803
-728
-637
-534
-424
-311
-205
-110
-36
11
34
32
7
-31
-80
-130
-183
-230
-279
-329
-380
-426
-473
-511
-539
-548
-536
-507
-455
-388
-312
-228
-142
-52
41
137
245
360
485
624
768
912
1054
1188
1302
1394
1453
1478
1472
1436
1374
1288
1183
1062
922
761
581
386
180
-26
-230
-427
-610
-771
-906
-1012
-1092
-1144
-1173
-1185
-1177
-1153
-1115
-1062
-991
-907
-810
-703
-599
-502
-410
-329
-260
-205
-158
-124
-94
-71
-58
-50
-53
-64
-85
-112
-140
-167
-185
-192
-187
-170
-142
-106
-60
-6
55
127
212
311
423
545
676
818
958
1090
1203
1291
1344
1362
1354
1319
1263
1188
1095
979
846
692
525
346
158
-32
-213
-388
-547
-685
-808
-909
-983
-1037
-1071
-1083
-1077
-1060
-1024
-972
-906
-825
-734
-641
-547
-459
-382
-314
-258
-214
-176
-147
-126
-109
-99
-101
-107
-120
-145
-175
-207
-237
-265
-287
-296
-294
-278
-251
-215
-167
-109
-41
40
132
241
362
502
655
811
973
1128
1267
1383
1467
1512
1525
1510
1465
1399
1307
1191
1051
888
704
504
301
96
-107
-300
-480
-647
-797
-923
-1031
-1115
-1173
-1210
-1222
-1212
-1185
-1137
-1069
-984
-883
-773
-662
-555
-458
-375
-306
-247
-198
-153
-121
-94
-75
-67
-71
-83
-105
-138
-174
-209
-242
-266
-278
-277
-268
-244
-212
-173
-119
-54
27
124
232
351
485
627
775
934
1089
1234
1363
1465
1532
1558
1554
1520
1458
1374
1266
1127
962
777
575
368
160
-40
-231
-414
-587
-751
-896
-1015
-1105
-1169
-1210
-1229
-1226
-1207
-1173
-1113
-1037
-948
-839
-720
-601
-495
-398
-316
-251
-194
-147
-111
-80
-64
-60
-70
-92
-117
-147
-180
-211
-245
-271
-293
-308
-315
-305
-281
-244
-195
-130
-55
34
140
256
386
528
675
829
988
1143
1288
1413
1506
1564
1583
1565
1521
1455
1365
1251
1106
931
729
513
300
96
-99
-283
-462
-633
-794
-936
-1050
-1130
-1178
-1203
-1207
-1199
-1184
-1152
-1100
-1027
-932
-818
-700
-587
-488
-402
-327
-262
-200
-145
-98
-64
-50
-56
-76
-104
-132
-159
-182
-206
-233
-263
-295
-319
-328
-321
-301
-266
-224
-174
-104
-21
81
207
346
489
636
786
939
1092
1243
1377
1480
1545
1570
1560
1527
1475
1400
1300
1165
994
796
581
373
177
-7
-184
-365
-545
-719
-872
-990
-1072
-1125
-1153
-1165
-1173
-1172
-1152
-1105
-1029
-929
-813
-698
-594
-507
-435
-369
-299
-230
-165
-109
-75
-60
-68
-87
-108
-127
-137
-147
-164
-187
-220
-252
-272
-276
-265
-240
-211
-183
-150
-103
-33
65
186
317
453
589
724
864
1013
1162
1298
1406
1475
1500
1492
1462
1417
1353
1266
1146
984
796
589
391
208
31
-145
-322
-510
-691
-849
-972
-1054
-1105
-1132
-1150
-1165
-1166
-1151
-1111
-1036
-940
-831
-719
-622
-537
-458
-380
-295
-213
-140
-82
-52
-49
-64
-85
-99
-108
-111
-115
-136
-169
-210
-248
-267
-268
-254
-233
-214
-195
-169
-126
-51
52
172
302
428
546
667
802
952
1113
1263
1382
1456
1487
1484
1462
1434
1389
1314
1204
1049
860
665
476
302
136
-32
-211
-403
-594
-757
-885
-969
-1020
-1056
-1082
-1110
-1135
-1135
-1109
-1052
-969
-879
-792
-713
-639
-567
-489
-410
-324
-250
-198
-169
-163
-169
-176
-174
-163
-153
-153
-175
-212
-252
-281
-289
-279
-259
-242
-225
-215
-188
-138
-60
49
164
279
390
495
611
751
909
1078
1233
1349
1420
1446
1448
1442
1430
1404
1341
1231
1077
892
698
518
356
198
29
-163
-372
-574
-743
-866
-945
-994
-1035
-1083
-1132
-1169
-1180
-1149
-1082
-992
-896
-806
-727
-650
-566
-472
-372
-278
-199
-143
-114
-103
-100
-95
-86
-77
-81
-99
-134
-179
-224
-255
-273
-277
-271
-262
-258
-249
-223
-174
-91
11
118
225
324
428
545
686
852
1021
1170
1284
1348
1379
1393
1398
1402
1382
1322
1213
1057
879
700
529
377
220
45
-151
-362
-560
-719
-830
-903
-954
-1006
-1063
-1116
-1151
-1151
-1109
-1041
-956
-871
-793
-712
-626
-528
-428
-329
-239
-170
-112
-73
-45
-19
2
18
24
13
-9
-42
-82
-120
-159
-186
-204
-220
-228
-233
-229
-214
-183
-129
-52
36
128
228
336
456
590
740
895
1041
1160
1245
1304
1341
1365
1377
1369
1330
1249
1130
984
826
662
496
331
149
-51
-257
-454
-624
-757
-854
-937
-1015
-1094
-1160
-1206
-1219
-1194
-1147
-1081
-1010
-939
-856
-763
-664
-558
-457
-367
-291
-223
-162
-108
-53
-14
13
31
37
38
27
7
-20
-58
-95
-121
-134
-136
-135
-132
-122
-105
-76
-23
53
142
238
342
450
568
700
842
990
1113
1209
1270
1304
1327
1334
1334
1314
1257
1160
1030
876
715
559
400
230
42
-155
-348
-522
-663
-773
-864
-944
-1029
-1106
-1162
-1188
-1180
-1145
-1097
-1045
-991
-921
-842
-748
-649
-556
-473
-400
-331
-266
-201
-135
-83
-46
-25
-11
0
6
6
-8
-30
-62
-91
-100
-100
-95
-84
-78
-70
-51
-17
43
123
216
311
405
505
615
740
877
1004
1107
1176
1215
1236
1249
1262
1262
1233
1164
1053
912
766
626
489
347
192
15
-170
-346
-492
-605
-694
-776
-861
-946
-1023
-1070
-1078
-1055
-1020
-983
-945
-905
-854
-781
-698
-614
-538
-479
-425
-375
-321
-260
-203
-160
-133
-118
-109
-97
-81
-71
-69
-78
-97
-110
-109
-93
-74
-59
-49
-43
-22
16
80
164
251
339
426
512
613
724
844
956
1037
1094
1126
1144
1165
1177
1174
1136
1056
942
815
686
565
446
315
167
1
-170
-324
-444
-538
-619
-698
-784
-868
-931
-960
-956
-928
-898
-874
-852
-825
-780
-714
-640
-570
-516
-474
-438
-398
-348
-295
-246
-212
-195
-180
-167
-147
-122
-103
-95
-102
-113
-116
-102
-78
-57
-41
-37
-30
-1
50
128
219
303
380
456
540
643
762
887
993
1067
1110
1131
1144
1162
1173
1161
1113
1019
897
769
649
542
432
308
158
-7
-166
-300
-405
-489
-566
-647
-738
-821
-875
-898
-892
-874
-865
-864
-862
-847
-805
-739
-670
-617
-583
-563
-540
-503
-451
-392
-344
-318
-304
-294
-274
-241
-201
-166
-152
-154
-159
-154
-131
-100
-65
-43
-31
-17
9
68
150
237
321
401
478
563
669
791
911
1012
1076
1110
1130
1144
1165
1179
1165
1110
1012
896
778
673
577
475
355
207
45
-107
-234
-329
-405
-485
-571
-670
-759
-817
-844
-844
-834
-833
-843
-853
-844
-807
-746
-683
-638
-614
-598
-578
-538
-480
-416
-367
-338
-326
-316
-288
-243
-194
-152
-136
-134
-137
-131
-106
-70
-38
-20
-13
-5
17
64
137
218
297
367
431
505
599
705
813
905
967
1000
1020
1042
1060
1067
1054
1009
930
832
736
648
565
476
368
235
94
-36
-148
-233
-307
-381
-467
-558
-637
-691
-715
-715
-713
-720
-737
-750
-747
-716
-667
-616
-578
-563
-554
-539
-507
-459
-406
-365
-342
-327
-312
-285
-240
-185
-144
-122
-119
-118
-108
-83
-44
-11
10
16
20
43
87
150
219
283
336
387
446
522
618
716
796
851
878
890
906
925
941
938
903
838
755
672
591
521
445
353
240
112
-12
-117
-203
-277
-344
-423
-506
-579
-633
-659
-673
-677
-686
-703
-718
-720
-699
-662
-623
-594
-582
-575
-564
-539
-497
-445
-403
-374
-356
-336
-308
-263
-210
-161
-128
-116
-113
-100
-76
-36
4
33
54
66
80
112
163
222
283
333
373
415
467
533
609
677
733
767
783
795
804
814
818
802
767
709
641
571
507
444
375
296
198
89
-12
-97
-166
-224
-277
-333
-394
-445
-486
-505
-511
-513
-519
-533
-549
-555
-547
-527
-500
-483
-480
-484
-488
-481
-463
-436
-406
-389
-381
-373
-361
-336
-303
-268
-238
-220
-207
-189
-163
-121
-75
-29
13
47
79
119
173
229
286
338
382
424
471
521
578
637
683
714
731
734
738
742
744
737
714
673
620
562
505
449
389
327
251
168
81
-1
-71
-127
-172
-216
-265
-311
-355
-389
-411
-425
-439
-454
-472
-490
-507
-516
-516
-511
-511
-522
-535
-545
-550
-546
-534
-519
-507
-498
-481
-457
-430
-388
-348
-313
-281
-253
-220
-172
-117
-58
-4
43
86
120
160
209
257
307
351
391
429
462
500
540
580
612
634
648
655
657
659
660
658
648
628
595
551
502
451
401
349
291
230
162
97
46
-1
-39
-78
-121
-166
-215
-253
-280
-298
-319
-340
-367
-401
-430
-450
-464
-478
-490
-509
-532
-552
-565
-561
-548
-532
-516
-507
-500
-486
-461
-425
-382
-335
-293
-255
-219
-176
-123
-68
-12
39
79
113
144
181
222
261
298
323
338
350
363
382
406
428
445
455
463
469
477
490
499
503
493
474
458
436
417
396
368
337
292
252
211
171
140
104
71
38
-4
-42
-80
-113
-143
-176
-207
-241
-278
-316
-350
-377
-401
-426
-448
-473
-497
-517
-530
-532
-528
-519
-512
-501
-483
-463
-433
-402
-373
-339
-301
-258
-209
-161
-108
-57
-13
32
73
114
153
184
214
235
251
272
285
295
303
308
314
321
329
338
349
361
375
388
397
407
418
423
425
423
423
416
406
392
372
351
323
295
258
217
177
135
94
45
-8
-57
-105
-152
-195
-237
-284
-329
-371
-413
-448
-475
-497
-508
-519
-529
-531
-527
-513
-500
-481
-462
-449
-423
-395
-364
-322
-280
-236
-198
-157
-118
-79
-35
6
41
72
99
119
135
147
159
171
176
177
177
169
164
163
166
177
188
199
210
228
246
265
289
313
338
356
371
382
390
395
398
395
385
365
344
316
284
253
220
187
152
108
67
22
-26
-69
-115
-158
-198
-236
-269
-298
-326
-348
-365
-377
-384
-383
-378
-373
-364
-351
-333
-307
-280
-257
-233
-208
-186
-165
-143
-122
-100
-82
-69
-58
-49
-42
-36
-31
-31
-35
-38
-40
-45
-53
-57
-53
-45
-37
-29
-23
-12
11
40
73
108
145
184
222
258
294
332
365
393
411
426
437
444
446
441
425
405
380
350
317
274
230
187
141
99
54
7
-36
-78
-115
-147
-178
-206
-226
-240
-250
-258
-262
-263
-253
-244
-237
-226
-215
-205
-199
-191
-187
-182
-177
-175
-173
-177
-183
-186
-192
-194
-196
-205
-210
-222
-232
-235
-236
-233
-231
-227
-220
-208
-189
-164
-131
-96
-58
-18
27
77
124
175
225
270
315
353
386
416
440
462
480
493
496
490
476
458
439
415
388
361
324
285
244
204
168
132
96
59
22
-11
-38
-59
-76
-92
-103
-110
-117
-123
-127
-133
-141
-146
-158
-169
-180
-193
-203
-216
-231
-249
-269
-285
-304
-318
-331
-346
-358
-366
-374
-377
-376
-376
-378
-376
-372
-356
-327
-293
-255
-222
-186
-137
-84
-24
30
78
123
173
229
283
326
359
390
417
442
462
472
478
476
469
459
444
429
414
394
366
335
304
273
243
211
180
148
121
96
74
53
32
14
-3
-16
-27
-41
-50
-60
-68
-76
-91
-107
-127
-148
-171
-197
-220
-252
-281
-308
-337
-361
-385
-407
-428
-446
-454
-459
-456
-449
-439
-418
-396
-369
-335
-301
-264
-220
-173
-129
-88
-45
1
45
84
123
154
182
213
240
260
277
290
306
322
336
346
347
346
344
336
332
328
319
313
301
287
273
259
249
238
223
207
190
175
158
144
133
122
110
100
89
73
54
35
17
-3
-22
-46
-76
-112
-149
-186
-223
-258
-292
-327
-361
-392
-417
-439
-455
-467
-469
-461
-451
-435
-417
-392
-359
-317
-275
-234
-194
-156
-118
-79
-39
-7
20
48
69
83
97
106
113
123
130
135
136
139
148
161
172
185
197
207
217
231
250
270
285
298
306
310
311
311
312
310
309
303
295
288
284
277
268
258
240
219
196
167
133
95
54
15
-31
-80
-132
-188
-244
-294
-338
-379
-416
-449
-474
-486
-493
-491
-482
-466
-448
-424
-396
-366
-329
-293
-254
-220
-187
-156
-130
-102
-77
-55
-34
-16
-1
13
29
47
68
86
100
111
117
131
150
171
201
231
258
289
313
338
364
386
405
417
422
428
430
429
431
423
405
378
344
305
265
226
190
152
114
77
37
1
-32
-66
-102
-140
-178
-214
-249
-278
-304
-329
-360
-391
-437
-497
-560
-615
-655
-680
-698
-705
-697
-676
-637
-579
-509
-436
-366
-300
-236
-167
-95
-19
63
136
195
238
271
296
320
344
377
410
443
479
522
583
657
736
816
872
893
888
865
846
820
775
709
614
496
368
231
100
-22
-141
-260
-375
-483
-571
-630
-653
-639
-605
-564
-518
-468
-409
-336
-255
-165
-88
-46
-35
-50
-76
-103
-141
-194
-270
-374
-481
-576
-663
-725
-772
-807
-828
-844
-844
-811
-747
-644
-510
-366
-220
-77
62
217
383
560
736
896
1038
1154
1255
1353
1454
1555
1627
1631
1555
1417
1250
1080
908
717
490
231
-46
-317
-556
-752
-898
-996
-1068
-1119
-1147
-1137
-1064
-927
-735
-523
-317
-129
33
178
316
444
554
631
649
595
469
297
111
-73
-260
-465
-693
-928
-1140
-1305
-1409
-1451
-1441
-1389
-1304
-1192
-1052
-873
-650
-387
-109
149
369
553
709
849
989
1116
1217
1283
1305
1296
1283
1286
1325
1378
1398
1333
1176
976
788
632
498
342
143
-95
-344
-562
-723
-820
-868
-881
-882
-887
-882
-842
-737
-565
-353
-138
37
169
259
325
390
457
510
521
460
323
127
-89
-283
-453
-620
-793
-977
-1155
-1296
-1383
-1404
-1359
-1267
-1142
-1008
-869
-712
-527
-304
-57
181
387
537
645
740
838
941
1037
1102
1128
1125
1116
1137
1201
1290
1351
1326
1210
1039
867
732
613
470
278
41
-204
-420
-589
-703
-766
-793
-814
-834
-848
-825
-735
-584
-387
-183
-12
119
209
277
344
404
447
448
386
251
69
-129
-318
-485
-647
-809
-972
-1128
-1247
-1316
-1327
-1278
-1191
-1077
-946
-811
-658
-482
-277
-61
144
317
453
565
666
767
875
977
1050
1089
1112
1142
1201
1294
1379
1405
1340
1192
1019
865
725
583
402
169
-84
-326
-529
-675
-769
-822
-849
-871
-882
-862
-791
-660
-473
-271
-81
77
201
299
376
438
481
488
445
342
181
-18
-222
-416
-591
-757
-919
-1071
-1190
-1267
-1286
-1250
-1177
-1070
-943
-806
-651
-481
-295
-95
99
268
407
514
604
693
786
877
958
1013
1052
1099
1165
1256
1335
1352
1279
1132
960
798
648
490
295
66
-170
-386
-562
-688
-765
-798
-802
-794
-778
-735
-645
-498
-311
-109
72
212
313
383
430
453
449
412
335
216
54
-137
-342
-533
-695
-832
-954
-1058
-1130
-1160
-1143
-1084
-991
-872
-735
-590
-435
-278
-121
33
170
288
381
444
500
559
624
684
732
772
821
901
1020
1149
1229
1208
1104
968
847
748
634
477
272
46
-167
-348
-490
-589
-638
-651
-658
-667
-670
-637
-536
-371
-173
10
155
255
320
362
376
367
333
271
176
36
-143
-334
-511
-648
-750
-834
-905
-956
-978
-963
-908
-822
-708
-573
-425
-280
-147
-21
101
211
303
376
422
454
490
532
579
618
653
708
794
917
1046
1113
1084
974
838
719
616
500
344
141
-79
-279
-439
-554
-625
-652
-647
-637
-633
-621
-573
-466
-307
-123
50
185
281
341
367
361
329
274
195
89
-57
-240
-430
-597
-720
-801
-856
-892
-907
-898
-861
-795
-700
-574
-425
-269
-123
5
119
219
308
381
432
464
484
507
538
571
604
648
722
834
968
1080
1109
1052
941
817
709
594
447
266
59
-155
-348
-504
-608
-652
-645
-620
-596
-581
-555
-478
-345
-175
-2
145
250
314
336
320
270
198
112
7
-132
-303
-493
-674
-820
-916
-973
-996
-992
-969
-923
-856
-766
-646
-497
-336
-177
-33
89
192
281
354
414
462
502
546
588
627
669
717
796
923
1073
1197
1237
1179
1067
949
839
716
559
362
145
-60
-250
-414
-531
-586
-580
-547
-518
-507
-495
-438
-327
-174
-17
112
201
245
232
170
79
-21
-123
-238
-382
-558
-745
-902
-1006
-1056
-1067
-1043
-991
-921
-836
-743
-635
-505
-349
-183
-38
78
161
226
281
321
349
369
390
428
473
512
557
625
747
919
1112
1258
1303
1247
1142
1042
945
827
665
463
239
17
-189
-368
-493
-546
-541
-517
-508
-521
-517
-468
-373
-238
-93
39
136
174
142
52
-55
-151
-232
-327
-462
-625
-786
-914
-989
-1010
-983
-915
-823
-723
-632
-552
-466
-353
-206
-51
80
168
213
236
250
268
293
330
378
430
480
534
605
724
906
1120
1300
1383
1349
1248
1130
1017
900
751
559
337
101
-119
-310
-455
-525
-527
-497
-471
-469
-476
-446
-369
-259
-133
-22
53
73
20
-90
-230
-359
-466
-557
-662
-795
-929
-1031
-1075
-1060
-1000
-909
-796
-670
-550
-440
-344
-251
-141
-18
89
162
189
184
171
162
167
193
244
315
396
483
580
713
903
1140
1359
1484
1487
1400
1280
1161
1036
881
690
472
241
14
-194
-356
-447
-459
-429
-402
-402
-411
-394
-335
-244
-141
-51
6
6
-70
-219
-397
-556
-680
-785
-894
-1020
-1136
-1210
-1229
-1183
-1089
-962
-816
-665
-525
-405
-301
-196
-80
39
138
197
223
220
205
194
198
223
277
351
439
539
661
826
1045
1281
1460
1536
1506
1417
1315
1194
1051
881
685
474
253
31
-160
-292
-341
-335
-316
-316
-332
-333
-301
-242
-165
-88
-31
-14
-68
-204
-388
-575
-727
-845
-958
-1073
-1185
-1269
-1299
-1273
-1195
-1073
-915
-745
-586
-453
-342
-232
-116
-2
92
144
166
163
147
127
114
120
158
224
300
394
512
679
902
1145
1337
1420
1401
1330
1243
1149
1030
869
685
497
301
111
-51
-155
-187
-162
-133
-128
-138
-138
-104
-42
33
103
151
154
88
-60
-260
-459
-627
-759
-885
-1020
-1141
-1229
-1258
-1231
-1160
-1045
-895
-735
-586
-463
-356
-247
-134
-24
66
119
145
156
148
130
120
133
184
265
352
439
544
698
905
1120
1268
1306
1249
1147
1032
907
759
584
403
226
46
-121
-247
-303
-278
-214
-160
-130
-112
-83
-24
53
123
178
205
179
80
-90
-299
-492
-643
-767
-889
-1017
-1122
-1182
-1182
-1129
-1036
-908
-748
-585
-449
-349
-263
-163
-52
50
117
147
158
166
171
170
169
194
257
343
440
545
676
855
1069
1256
1350
1337
1252
1140
1015
863
677
468
259
63
-126
-293
-409
-447
-413
-356
-318
-301
-278
-225
-142
-47
38
102
132
106
2
-177
-381
-558
-694
-809
-923
-1032
-1116
-1148
-1124
-1062
-958
-818
-659
-496
-360
-252
-158
-61
47
142
207
243
257
264
267
277
299
346
422
516
617
733
887
1079
1279
1408
1420
1343
1220
1089
948
777
574
357
139
-72
-274
-433
-518
-516
-460
-406
-383
-379
-359
-302
-221
-136
-63
-11
-16
-96
-254
-451
-629
-764
-868
-972
-1076
-1154
-1189
-1176
-1118
-1016
-867
-691
-517
-381
-282
-184
-77
38
138
211
259
292
313
320
328
360
428
525
622
719
835
1001
1211
1410
1528
1533
1449
1331
1205
1059
882
675
464
253
44
-156
-319
-411
-432
-411
-400
-408
-410
-386
-331
-269
-212
-165
-140
-155
-247
-415
-605
-767
-887
-990
-1091
-1181
-1235
-1237
-1195
-1134
-1044
-911
-746
-581
-443
-344
-253
-152
-46
47
108
152
190
227
259
287
339
419
527
647
771
914
1097
1318
1521
1635
1634
1551
1442
1323
1183
1010
807
593
380
174
-18
-175
-265
-291
-289
-300
-333
-362
-365
-335
-290
-249
-219
-209
-255
-372
-538
-714
-864
-983
-1084
-1180
-1260
-1293
-1274
-1217
-1136
-1031
-899
-742
-591
-468
-371
-279
-184
-99
-43
-6
25
62
105
142
184
246
341
460
583
722
895
1112
1345
1531
1612
1598
1535
1448
1343
1206
1035
846
651
456
267
101
-10
-57
-66
-82
-124
-173
-203
-209
-205
-204
-202
-210
-250
-352
-516
-704
-871
-1002
-1113
-1216
-1310
-1362
-1356
-1304
-1217
-1112
-982
-821
-659
-520
-406
-302
-190
-84
-6
34
57
85
127
169
202
242
310
403
508
624
764
950
1163
1346
1442
1442
1386
1320
1252
1160
1024
858
682
503
330
177
75
44
56
57
24
-32
-82
-108
-119
-126
-136
-157
-217
-332
-498
-691
-863
-999
-1119
-1230
-1322
-1373
-1375
-1337
-1269
-1174
-1047
-893
-742
-610
-492
-375
-257
-150
-70
-7
46
107
177
235
288
345
410
492
585
697
847
1030
1217
1354
1402
1368
1296
1208
1117
1013
882
734
571
400
237
110
40
24
40
45
22
-12
-43
-55
-55
-53
-63
-98
-174
-306
-483
-673
-841
-981
-1108
-1225
-1314
-1357
-1361
-1324
-1263
-1176
-1061
-931
-800
-681
-568
-452
-336
-232
-151
-89
-26
49
128
206
284
374
469
574
696
838
1011
1208
1385
1494
1521
1478
1406
1326
1227
1104
955
791
616
436
265
141
80
62
58
39
4
-27
-42
-42
-42
-42
-60
-115
-212
-361
-535
-705
-865
-1013
-1148
-1268
-1352
-1390
-1384
-1348
-1281
-1192
-1083
-963
-847
-727
-601
-477
-368
-281
-208
-138
-54
33
116
199
288
387
496
612
747
913
1105
1296
1425
1469
1454
1413
1361
1290
1195
1066
917
758
590
429
300
225
195
177
136
75
20
-12
-25
-26
-29
-50
-100
-199
-345
-513
-675
-820
-949
-1079
-1204
-1294
-1347
-1358
-1337
-1290
-1218
-1128
-1034
-950
-866
-765
-644
-526
-427
-346
-268
-181
-81
21
113
202
296
400
517
653
813
994
1175
1311
1378
1377
1347
1308
1258
1194
1107
998
870
729
594
481
410
374
347
310
247
173
114
69
35
9
-30
-92
-190
-326
-483
-643
-789
-916
-1023
-1117
-1192
-1232
-1245
-1235
-1204
-1156
-1094
-1025
-952
-875
-791
-701
-615
-535
-457
-380
-287
-182
-71
35
134
229
325
434
565
725
905
1068
1180
1222
1217
1196
1173
1148
1111
1049
964
858
743
633
549
502
478
449
398
327
245
177
126
90
53
0
-77
-187
-322
-464
-597
-717
-828
-925
-1009
-1074
-1115
-1127
-1110
-1071
-1019
-961
-901
-846
-778
-697
-607
-515
-434
-362
-290
-214
-132
-46
45
139
228
307
380
460
570
697
820
910
948
949
933
913
892
869
840
807
755
682
601
525
473
446
422
381
324
260
199
141
89
48
8
-40
-112
-207
-321
-439
-544
-637
-720
-788
-842
-881
-911
-932
-938
-928
-899
-857
-801
-740
-676
-607
-540
-474
-408
-338
-262
-187
-117
-52
8
68
128
191
266
353
448
545
628
684
721
745
766
788
804
811
803
783
748
706
662
624
592
558
520
471
414
358
306
257
209
164
117
61
-4
-86
-179
-272
-361
-442
-516
-584
-649
-708
-766
-821
-868
-900
-918
-917
-902
-877
-844
-806
-766
-722
-666
-607
-538
-468
-403
-337
-267
-197
-115
-25
74
186
302
416
516
599
669
737
802
859
909
940
954
949
926
891
852
814
775
738
693
644
592
536
484
440
394
345
292
227
154
72
-23
-124
-222
-312
-400
-488
-586
-689
-786
-876
-949
-1006
-1047
-1070
-1076
-1069
-1058
-1039
-1005
-957
-895
-827
-756
-680
-600
-514
-426
-332
-228
-111
18
149
273
385
492
592
681
772
860
940
1001
1039
1049
1045
1031
1008
982
948
905
849
789
719
655
596
546
502
450
382
304
225
144
65
-17
-109
-199
-289
-382
-485
-586
-684
-776
-858
-931
-994
-1044
-1074
-1088
-1090
-1081
-1058
-1018
-963
-898
-830
-757
-676
-593
-505
-414
-318
-209
-89
36
159
268
368
463
552
640
727
813
891
951
982
996
994
990
988
976
954
915
860
799
737
677
622
572
519
455
375
287
191
94
5
-83
-171
-262
-351
-442
-537
-629
-717
-797
-868
-931
-986
-1025
-1050
-1061
-1060
-1044
-1015
-970
-913
-847
-773
-695
-608
-515
-419
-316
-209
-92
32
156
269
372
465
553
637
717
791
857
907
941
960
963
958
952
940
920
889
845
792
731
672
618
565
507
436
354
262
165
72
-22
-111
-204
-297
-387
-477
-561
-644
-718
-781
-845
-905
-956
-997
-1024
-1037
-1041
-1031
-1009
-972
-922
-867
-803
-731
-647
-550
-450
-343
-231
-112
16
138
250
355
453
545
629
708
783
849
900
932
950
957
958
956
947
930
902
864
815
757
698
645
593
540
475
394
302
204
106
13
-80
-169
-256
-347
-439
-533
-620
-696
-759
-811
-856
-894
-927
-955
-973
-977
-967
-942
-906
-859
-808
-752
-683
-603
-514
-416
-317
-209
-95
16
126
230
323
408
487
562
630
688
738
781
808
825
830
830
830
824
816
797
765
725
679
631
585
539
485
425
350
259
161
65
-24
-106
-186
-269
-354
-438
-517
-590
-655
-709
-753
-788
-816
-842
-864
-879
-878
-863
-833
-792
-746
-691
-631
-566
-487
-394
-292
-185
-78
31
139
238
326
407
480
543
601
649
687
713
728
737
739
738
732
726
716
701
681
651
612
574
531
483
436
378
312
238
151
58
-33
-119
-201
-279
-357
-433
-507
-577
-638
-691
-735
-769
-789
-806
-822
-834
-841
-837
-818
-783
-739
-685
-626
-560
-485
-399
-302
-196
-85
28
138
239
332
417
491
560
619
669
705
725
734
738
737
732
731
723
712
693
668
640
608
573
536
491
440
382
313
236
159
76
-10
-98
-185
-266
-348
-428
-493
-549
-601
-647
-690
-723
-748
-764
-773
-777
-776
-767
-748
-724
-687
-641
-591
-530
-461
-386
-303
-215
-117
-13
88
184
268
348
419
481
540
586
620
645
654
659
662
662
665
665
657
643
622
595
576
554
522
487
438
382
312
235
155
74
-3
-84
-168
-248
-334
-412
-481
-537
-583
-620
-650
-675
-696
-714
-725
-722
-713
-693
-667
-639
-603
-566
-520
-466
-401
-327
-248
-167
-81
6
88
170
247
315
379
431
474
512
537
553
563
564
565
563
562
563
560
553
536
516
496
476
453
423
384
332
276
210
139
70
-2
-71
-142
-211
-280
-345
-403
-452
-490
-524
-549
-570
-590
-600
-609
-608
-601
-587
-560
-531
-496
-454
-406
-352
-289
-221
-144
-64
12
84
152
215
272
321
368
407
436
455
465
468
470
474
474
473
472
467
462
447
426
404
378
345
310
264
210
151
89
25
-39
-103
-161
-213
-265
-314
-359
-397
-421
-440
-454
-462
-467
-472
-472
-468
-459
-445
-427
-399
-370
-335
-293
-244
-187
-123
-58
11
81
151
215
270
317
357
393
419
436
440
442
438
428
418
407
395
391
382
370
358
340
324
305
279
246
204
155
101
41
-27
-95
-161
-227
-294
-355
-410
-460
-502
-535
-557
-569
-575
-572
-560
-543
-524
-496
-464
-425
-381
-334
-284
-233
-176
-115
-49
22
97
166
234
301
358
411
454
487
513
529
540
543
531
516
493
470
448
426
402
375
347
316
285
253
222
193
161
121
75
21
-35
-91
-148
-205
-263
-320
-377
-435
-486
-529
-567
-593
-612
-626
-631
-631
-620
-599
-569
-530
-486
-434
-372
-305
-238
-165
-88
-10
74
153
226
295
354
407
451
488
516
540
553
558
557
548
541
523
504
483
456
429
398
362
325
286
242
197
149
98
45
-8
-61
-116
-166
-220
-273
-318
-363
-406
-442
-473
-502
-525
-545
-562
-568
-573
-569
-556
-537
-508
-471
-429
-375
-317
-248
-172
-94
-16
61
138
215
287
351
411
459
495
522
540
551
557
557
551
540
525
501
474
450
419
387
350
308
261
209
155
97
38
-23
-85
-142
-198
-255
-307
-357
-397
-433
-466
-489
-508
-526
-536
-540
-536
-521
-502
-479
-449
-420
-383
-343
-299
-247
-189
-127
-63
1
65
130
192
252
308
356
397
435
463
483
500
509
512
510
501
487
468
441
411
376
338
300
258
211
158
104
46
-13
-70
-125
-175
-226
-276
-327
-374
-413
-444
-470
-491
-509
-517
-524
-521
-510
-492
-463
-429
-386
-342
-293
-233
-176
-109
-43
25
95
160
221
275
324
367
402
435
458
472
480
481
478
466
454
437
422
401
372
342
306
270
231
185
142
92
39
-17
-77
-133
-189
-240
-287
-331
-370
-401
-430
-453
-467
-477
-480
-476
-469
-460
-443
-422
-396
-367
-332
-291
-247
-202
-150
-97
-38
25
90
158
225
287
345
398
443
484
516
536
548
552
545
531
507
480
446
408
369
322
281
234
184
139
90
41
-12
-67
-122
-181
-238
-294
-347
-400
-449
-489
-526
-552
-572
-581
-580
-573
-555
-528
-489
-445
-394
-334
-276
-211
-149
-85
-21
39
100
160
213
264
311
351
385
419
447
473
490
501
506
505
499
485
467
442
410
373
330
281
229
178
127
75
23
-28
-81
-129
-176
-221
-259
-293
-323
-348
-378
-407
-431
-453
-472
-484
-491
-490
-484
-471
-450
-423
-384
-338
-285
-220
-149
-78
-5
72
142
211
279
336
391
436
466
489
501
508
506
500
489
474
453
425
393
357
318
282
239
193
140
85
28
-32
-94
-156
-217
-273
-326
-374
-417
-455
-481
-501
-509
-511
-505
-495
-476
-452
-426
-394
-359
-323
-281
-237
-190
-142
-91
-38
17
75
132
194
254
310
367
416
461
503
531
555
569
570
563
549
523
491
453
412
365
313
259
205
152
99
45
-12
-70
-129
-186
-240
-299
-353
-402
-452
-501
-540
-573
-599
-615
-620
-615
-606
-586
-554
-514
-466
-407
-341
-273
-202
-130
-59
11
82
154
222
283
343
391
436
478
512
540
566
584
595
599
591
578
560
531
501
464
421
368
311
252
192
129
66
4
-54
-111
-172
-227
-285
-336
-383
-427
-465
-500
-529
-555
-574
-587
-594
-592
-579
-559
-531
-497
-455
-406
-349
-288
-216
-143
-67
10
85
155
223
287
349
402
446
482
511
533
545
548
547
539
526
508
483
451
415
376
334
288
237
184
128
74
16
-42
-98
-152
-203
-253
-302
-345
-386
-415
-442
-462
-475
-483
-483
-479
-470
-452
-431
-406
-375
-340
-303
-262
-217
-171
-117
-65
-9
42
98
154
205
255
300
342
378
406
426
440
447
449
444
436
422
399
377
349
316
283
250
213
174
133
92
46
-2
-48
-94
-142
-189
-236
-280
-321
-362
-395
-421
-439
-452
-455
-454
-446
-429
-406
-374
-338
-301
-257
-212
-166
-119
-75
-28
20
65
109
152
192
232
266
298
328
352
370
384
392
395
390
381
369
349
321
294
262
224
187
148
107
69
33
0
-36
-69
-101
-128
-156
-182
-204
-226
-244
-264
-282
-297
-308
-313
-320
-315
-309
-300
-286
-266
-240
-209
-178
-143
-107
-73
-36
-3
33
70
103
135
160
183
205
221
238
251
261
273
279
281
283
279
273
263
246
226
204
178
142
108
73
36
-2
-41
-77
-115
-150
-176
-205
-227
-238
-249
-254
-258
-258
-251
-243
-235
-220
-207
-193
-176
-157
-139
-122
-98
-74
-51
-28
-4
23
49
75
102
123
144
166
186
202
211
221
228
227
224
220
210
202
192
180
167
152
142
129
112
94
74
56
36
15
-8
-32
-55
-81
-106
-131
-155
-175
-191
-206
-218
-226
-233
-232
-227
-219
-208
-193
-178
-161
-147
-131
-114
-97
-79
-62
-43
-24
-7
11
31
51
75
98
119
140
158
173
187
194
200
206
204
195
185
170
150
131
108
88
68
47
28
12
-3
-20
-31
-40
-48
-54
-62
-71
-77
-85
-89
-93
-97
-99
-99
-101
-102
-100
-94
-85
-73
-60
-51
-38
-26
-15
-1
8
17
26
30
36
40
41
44
46
52
53
57
62
62
63
65
66
66
64
58
54
47
36
24
9
-3
-19
-36
-50
-68
-81
-92
-100
-104
-106
-107
-106
-102
-99
-90
-83
-77
-69
-60
-52
-43
-32
-22
-11
0
11
23
33
47
58
71
84
96
107
116
127
135
139
141
139
136
129
120
113
102
91
79
63
51
38
23
12
1
-9
-19
-30
-40
-51
-64
-73
-83
-92
-104
-114
-126
-136
-143
-148
-152
-153
-152
-148
-143
-139
-132
-119
-105
-91
-77
-64
-50
-35
-21
-8
5
18
33
47
61
73
87
99
114
131
144
156
168
175
183
187
186
184
181
176
163
150
132
113
95
72
51
33
13
-3
-20
-39
-56
-73
-88
-100
-113
-124
-135
-146
-157
-167
-172
-175
-175
-170
-164
-158
-151
-140
-123
-106
-87
-67
-49
-33
-16
0
12
25
37
49
59
66
74
80
86
93
101
110
116
122
129
135
137
137
140
137
132
125
112
95
78
61
44
28
15
-3
-25
-42
-58
-75
-88
-98
-110
-121
-129
-137
-142
-145
-147
-148
-146
-141
-136
-128
-119
-109
-94
-78
-61
-43
-23
-3
16
33
50
65
75
85
94
101
106
110
110
110
110
110
111
111
109
107
102
101
98
90
85
78
70
61
50
37
22
10
-7
-21
-34
-46
-56
-72
-82
-88
-98
-102
-106
-110
-113
-116
-112
-112
-111
-106
-103
-100
-95
-89
-80
-69
-60
-44
-29
-15
1
15
32
50
64
81
93
102
112
118
124
128
131
130
127
125
121
117
111
103
96
89
79
70
56
42
28
15
2
-12
-28
-42
-55
-68
-78
-85
-95
-101
-105
-107
-108
-109
-105
-105
-101
-98
-93
-89
-84
-80
-75
-70
-66
-58
-51
-45
-38
-29
-20
-9
1
13
25
34
44
55
62
68
75
80
85
87
88
89
85
84
84
80
76
70
66
62
58
54
46
39
32
23
14
4
-7
-20
-31
-43
-54
-63
-70
-77
-81
-83
-83
-82
-78
-77
-74
-70
-65
-60
-59
-57
-52
-53
-50
-48
-45
-43
-43
-38
-33
-29
-20
-13
-6
1
8
16
22
29
36
42
44
45
46
47
46
46
51
56
56
59
63
65
71
73
77
81
81
80
78
72
67
62
56
50
38
28
19
8
-3
-12
-19
-26
-29
-34
-39
-45
-51
-50
-52
-55
-59
-60
-59
-61
-65
-66
-66
-66
-63
-60
-58
-53
-48
-43
-39
-31
-23
-14
-10
-7
-3
1
5
9
10
16
21
26
30
33
37
43
51
60
67
77
81
83
88
89
87
86
87
81
76
71
60
53
47
37
29
21
12
4
-5
-15
-25
-34
-42
-51
-59
-65
-73
-80
-85
-93
-97
-97
-98
-95
-95
-93
-91
-89
-87
-82
-72
-68
-58
-51
-46
-40
-32
-22
-14
-8
4
14
27
35
41
47
55
62
66
72
78
82
84
85
88
89
91
93
88
84
78
73
70
63
57
52
44
37
28
16
11
1
-8
-14
-25
-33
-38
-47
-56
-66
-74
-77
-81
-85
-84
-87
-89
-87
-87
-84
-80
-76
-71
-66
-62
-56
-51
-39
-30
-21
-11
-3
7
17
26
35
43
51
57
62
69
73
76
78
81
82
82
84
86
81
78
74
69
63
57
54
48
41
34
26
19
10
3
-2
-13
-19
-27
-35
-42
-47
-53
-59
-61
-64
-69
-71
-71
-73
-74
-73
-72
-69
-64
-62
-58
-54
-51
-45
-39
-33
-25
-20
-13
-6
1
8
15
23
29
31
38
44
47
52
53
54
59
60
61
59
62
65
63
60
59
54
49
45
41
34
32
26
20
16
9
6
1
-4
-9
-14
-18
-25
-28
-32
-37
-38
-42
-46
-49
-52
-55
-56
-56
-57
-54
-54
-52
-46
-44
-39
-35
-28
-20
-16
-12
-5
0
2
7
12
16
22
25
27
31
32
33
36
38
40
42
43
44
45
42
42
43
37
37
33
27
22
16
11
7
4
1
-3
-8
-9
-13
-18
-21
-24
-28
-30
-32
-36
-39
-41
-44
-45
-47
-46
-46
-45
-42
-39
-32
-28
-21
-14
-9
-5
-1
5
12
16
23
24
26
28
30
33
32
33
38
42
43
42
42
42
44
41
37
34
28
25
20
13
12
6
2
-3
-13
-17
-23
-28
-30
-35
-37
-38
-40
-43
-45
-50
-48
-48
-50
-49
-49
-47
-45
-43
-37
-32
-27
-22
-18
-11
-7
-5
-1
6
11
18
23
27
34
38
37
42
43
44
49
50
51
51
50
47
46
44
39
36
33
27
20
16
11
3
0
-4
-8
-13
-21
-26
-29
-33
-37
-41
-44
-49
-52
-55
-58
-59
-59
-58
-56
-56
-55
-51
-44
-39
-33
-29
-23
-14
-9
-5
0
7
14
19
27
31
35
41
42
48
52
56
64
70
73
75
73
70
68
65
63
60
55
50
46
38
30
22
13
5
-2
-8
-13
-20
-26
-31
-36
-42
-47
-53
-60
-68
-71
-73
-76
-78
-77
-81
-80
-77
-75
-68
-67
-64
-56
-50
-43
-37
-28
-17
-10
-5
4
10
16
24
32
39
44
50
57
63
68
74
80
84
85
89
91
90
91
89
85
82
77
72
65
56
49
41
31
20
12
4
-4
-10
-18
-24
-33
-43
-49
-55
-61
-66
-71
-75
-80
-83
-85
-85
-87
-87
-83
-80
-77
-70
-64
-58
-47
-39
-30
-24
-17
-11
-3
5
11
17
26
33
40
46
53
58
65
73
78
84
87
89
93
94
93
91
89
87
86
79
71
63
55
50
41
32
24
16
7
-2
-10
-20
-27
-35
-42
-48
-56
-64
-72
-76
-79
-83
-86
-88
-89
-90
-88
-86
-83
-77
-73
-66
-57
-50
-42
-34
-25
-16
-9
-3
7
14
20
28
34
42
48
52
58
65
66
71
76
77
77
78
79
77
75
72
65
57
50
43
36
28
20
9
1
-8
-14
-21
-29
-34
-43
-48
-51
-54
-58
-61
-63
-65
-67
-66
-68
-69
-66
-65
-62
-56
-54
-50
-44
-38
-35
-30
-23
-18
-10
-3
3
11
17
22
27
30
35
40
44
50
55
56
60
62
64
66
65
62
60
56
50
48
44
40
30
22
16
4
-2
-6
-15
-19
-28
-37
-41
-48
-52
-53
-56
-58
-60
-60
-61
-60
-59
-57
-56
-53
-50
-47
-43
-41
-40
-35
-29
-23
-17
-13
-9
0
4
8
14
21
30
32
37
38
37
42
44
43
46
50
51
51
51
50
50
48
46
42
41
39
31
26
18
13
6
-4
-10
-18
-24
-28
-35
-38
-42
-43
-45
-49
-50
-48
-48
-47
-46
-43
-42
-42
-40
-38
-37
-35
-33
-29
-25
-18
-12
-8
-3
1
7
10
16
22
27
31
32
36
40
43
45
47
47
47
45
43
41
40
41
38
37
36
30
28
24
20
19
15
10
6
2
-3
-5
-11
-16
-17
-17
-20
-24
-29
-29
-30
-31
-30
-30
-29
-26
-26
-27
-25
-24
-21
-20
-19
-17
-18
-17
-13
-13
-11
-8
-5
-2
1
5
6
8
12
15
18
18
17
17
15
15
13
13
14
14
16
16
12
13
15
12
10
10
11
9
8
7
8
8
6
5
4
3
3
-1
-1
1
0
0
-1
0
3
0
-1
-2
-2
-1
-2
-4
-5
-7
-7
-6
-7
-7
-7
-6
-7
-9
-6
-6
-5
-4
-5
-4
-6
-5
-6
-6
-4
-3
-2
1
1
-1
0
-1
-1
3
3
5
9
8
8
8
7
8
8
8
6
6
6
6
5
6
6
4
4
1
-3
-3
-5
-4
-5
-6
-5
-3
-3
-5
-9
-9
-11
-14
-14
-12
-12
-12
-14
-14
-12
-10
-8
-5
-5
-3
-2
0
1
4
4
4
7
7
6
9
9
7
11
15
15
16
15
14
16
14
15
14
12
13
12
9
5
5
1
-3
-7
-9
-12
-16
-19
-20
-22
-21
-22
-22
-22
-23
-22
-20
-19
-19
-18
-17
-17
-13
-11
-6
-4
-2
2
3
7
12
14
19
21
25
27
29
30
28
29
29
28
27
25
26
24
21
20
15
15
14
10
7
5
2
-3
-5
-9
-13
-16
-20
-22
-23
-24
-25
-27
-27
-29
-31
-28
-27
-25
-23
-22
-20
-17
-16
-12
-6
-2
3
7
10
13
12
15
20
21
26
30
31
31
31
32
30
31
31
33
29
27
26
22
22
20
15
12
9
6
5
2
-2
-3
-5
-11
-13
-18
-21
-22
-25
-25
-25
-27
-27
-29
-29
-30
-29
-29
-27
-26
-26
-24
-22
-23
-21
-19
-18
-16
-11
-7
-4
-1
0
6
9
14
20
25
29
29
33
35
35
36
36
37
37
36
35
34
32
27
23
21
20
20
18
16
12
7
5
1
-1
-5
-8
-10
-15
-15
-17
-20
-20
-24
-23
-21
-25
-25
-23
-25
-25
-23
-24
-22
-23
-22
-20
-20
-20
-19
-18
-16
-17
-13
-10
-11
-5
-2
0
1
1
6
9
9
13
17
18
21
22
23
23
21
21
22
22
21
20
19
17
12
11
9
5
5
3
-1
-1
-6
-8
-10
-14
-15
-16
-19
-19
-20
-19
-24
-27
-22
-24
-21
-19
-20
-18
-18
-18
-15
-15
-12
-11
-8
-6
-4
-3
-2
1
0
1
1
0
1
0
2
2
1
2
-1
-6
-5
-5
-5
-5
-7
-5
-4
-10
-10
-13
-14
-13
-13
-11
-11
-10
-7
-7
-5
-3
-2
2
5
7
10
12
13
15
20
25
25
24
27
30
29
31
32
33
36
37
38
36
34
34
30
27
26
24
22
19
13
10
7
0
-3
-8
-11
-16
-20
-21
-25
-32
-37
-41
-47
-48
-50
-50
-52
-55
-53
-54
-52
-49
-48
-45
-42
-40
-37
-32
-28
-26
-23
-18
-14
-10
-3
1
4
11
14
21
24
26
30
36
41
44
46
48
48
47
47
48
47
47
47
45
42
37
33
31
27
24
18
12
10
5
0
-5
-15
-21
-23
-28
-32
-34
-37
-38
-40
-41
-40
-42
-40
-39
-39
-35
-32
-32
-31
-29
-27
-26
-22
-18
-15
-10
-4
-3
1
7
10
13
18
21
23
28
32
32
36
40
40
41
43
44
44
41
43
41
39
39
38
35
32
29
25
23
18
11
8
5
2
-3
-5
-6
-10
-12
-13
-18
-21
-23
-24
-25
-25
-22
-23
-21
-19
-21
-21
-18
-17
-16
-14
-12
-14
-10
-5
-4
-4
-1
1
1
5
5
6
7
8
8
8
10
10
12
13
10
12
11
8
9
10
12
9
8
9
6
5
5
5
1
4
3
-1
-2
-3
-4
-4
-6
-5
-7
-6
-4
-4
-4
-4
-4
-3
-1
2
4
7
8
8
9
11
13
13
12
13
12
14
15
13
12
12
10
10
11
8
5
4
1
-1
-4
-7
-13
-15
-16
-18
-21
-23
-23
-24
-26
-30
-32
-31
-32
-29
-31
-29
-26
-26
-21
-20
-18
-17
-15
-13
-12
-7
-2
-1
1
6
7
8
12
14
16
22
25
26
27
28
30
32
32
34
35
38
38
36
36
36
36
34
31
30
29
27
24
22
18
17
15
12
8
6
1
-2
-5
-7
-8
-9
-13
-15
-18
-21
-24
-24
-23
-25
-28
-27
-28
-23
-23
-25
-26
-25
-24
-23
-23
-23
-22
-20
-19
-19
-19
-17
-17
-15
-14
-14
-15
-12
-10
-11
-10
-9
-6
-5
-6
-3
-1
1
5
7
7
7
8
9
11
9
11
10
9
11
10
12
12
9
8
7
5
4
5
2
2
2
3
3
0
0
-1
-2
-4
-5
-5
-6
-7
-10
-9
-9
-10
-11
-12
-10
-11
-12
-11
-13
-14
-13
-14
-14
-11
-9
-8
-7
-8
-4
-2
-3
1
2
4
6
9
11
13
16
18
20
23
26
26
29
26
25
27
24
23
23
21
21
22
18
18
15
10
7
4
1
-3
-5
-8
-11
-11
-15
-19
-22
-26
-28
-31
-30
-30
-34
-36
-36
-34
-37
-37
-33
-31
-28
-25
-23
-22
-20
-19
-15
-11
-7
-2
3
9
13
19
22
26
28
31
35
38
43
45
47
48
48
48
48
48
46
46
44
41
39
34
28
26
23
19
13
5
1
-3
-11
-14
-18
-26
-31
-35
-43
-44
-48
-53
-54
-55
-57
-59
-58
-57
-59
-58
-55
-52
-50
-47
-44
-40
-32
-27
-21
-16
-12
-6
0
6
12
18
26
31
38
42
45
50
53
55
58
63
65
66
64
62
62
62
61
59
56
52
48
45
38
32
27
21
15
7
1
-3
-9
-13
-17
-24
-31
-36
-41
-48
-54
-57
-56
-58
-61
-61
-61
-62
-61
-60
-59
-55
-50
-47
-44
-41
-37
-34
-29
-22
-16
-11
-3
1
6
11
14
18
23
29
31
32
36
39
39
44
45
43
46
47
44
41
40
39
37
32
32
29
24
20
15
11
9
5
-1
-4
-10
-14
-16
-19
-22
-24
-24
-27
-27
-29
-33
-33
-35
-35
-34
-34
-32
-28
-27
-25
-20
-16
-12
-8
-6
-3
1
2
5
8
12
16
19
22
24
22
26
29
30
29
31
30
28
29
25
20
21
20
16
14
12
9
5
4
-1
-7
-10
-13
-16
-20
-21
-25
-26
-28
-30
-33
-34
-35
-37
-36
-34
-35
-36
-34
-33
-34
-30
-28
-25
-22
-19
-17
-13
-9
-7
-4
-3
2
5
7
11
15
19
20
24
24
26
31
29
28
28
29
28
26
28
28
25
25
24
19
16
14
9
8
5
3
0
-6
-7
-10
-12
-14
-15
-18
-20
-21
-22
-25
-26
-24
-24
-25
-20
-18
-18
-16
-15
-12
-9
-6
-8
-6
-3
1
3
7
11
15
19
24
25
27
28
31
36
38
37
38
36
37
37
34
31
31
30
28
29
28
22
20
19
15
11
8
4
1
-4
-5
-8
-13
-14
-17
-20
-23
-24
-26
-28
-26
-27
-27
-28
-26
-27
-28
-27
-27
-25
-22
-22
-18
-16
-14
-7
-6
-2
7
9
13
17
20
22
24
27
30
33
36
40
44
42
41
43
44
47
45
42
41
36
31
30
24
22
21
17
14
10
5
3
-1
-5
-7
-13
-14
-17
-19
-22
-25
-25
-24
-27
-29
-27
-25
-25
-24
-23
-20
-22
-20
-19
-17
-12
-11
-8
-5
-1
2
2
4
6
7
5
5
10
9
10
11
10
8
10
10
9
10
9
5
6
2
0
1
-2
-3
-5
-8
-8
-8
-10
-11
-12
-14
-13
-16
-18
-20
-21
-21
-23
-24
-23
-24
-23
-24
-26
-26
-26
-27
-28
-28
-27
-24
-21
-20
-18
-15
-13
-13
-10
-9
-8
-8
-8
-7
-7
-4
-2
-3
0
2
3
5
4
3
7
9
6
5
5
4
3
4
2
2
4
4
5
4
2
-1
-2
-4
-6
-9
-10
-10
-11
-12
-13
-14
-16
-15
-13
-16
-18
-19
-20
-22
-23
-23
-22
-22
-18
-18
-18
-14
-13
-13
-11
-10
-7
-6
-5
-1
2
4
4
4
8
10
13
13
15
17
18
19
21
25
26
26
25
27
27
23
24
23
21
22
20
16
18
18
15
14
12
9
9
6
2
2
2
-2
-1
-1
-3
-3
-6
-3
-6
-7
-5
-9
-6
-6
-5
-3
-4
-3
-2
-1
-3
-3
0
-1
0
2
2
3
6
7
8
11
12
13
14
16
17
16
15
15
16
17
16
18
18
18
20
19
19
19
16
14
12
11
10
8
6
4
4
4
3
5
5
3
2
1
0
-1
-2
-5
-3
-4
-7
-5
-5
-2
0
1
1
1
2
2
2
4
5
7
11
10
12
16
17
19
21
21
19
21
23
21
21
21
19
17
18
17
15
14
12
10
9
8
7
5
3
-1
-6
-6
-11
-11
-10
-15
-15
-16
-18
-20
-22
-25
-25
-26
-28
-28
-28
-29
-29
-28
-31
-31
-31
-31
-29
-26
-24
-25
-20
-19
-16
-13
-13
-8
-5
-5
-3
0
3
2
3
5
9
12
14
18
20
20
22
23
24
25
26
23
22
21
20
21
19
18
15
16
16
13
11
12
11
9
6
3
2
1
-3
-4
-5
-8
-9
-10
-11
-13
-14
-18
-16
-14
-16
-17
-16
-18
-22
-21
-19
-20
-17
-14
-15
-15
-14
-13
-10
-11
-8
-6
-5
-2
1
4
3
3
4
3
7
6
8
11
9
9
9
11
10
9
8
7
5
5
5
5
1
2
3
1
2
2
3
3
2
1
-4
-2
-3
-2
-5
-3
-3
-4
-1
0
0
1
-2
0
2
4
4
6
7
5
8
8
8
11
13
14
13
14
15
17
21
20
19
20
22
21
20
21
18
17
20
18
19
17
16
15
15
14
10
12
8
4
5
4
3
5
4
2
-2
-3
-2
-1
-2
-7
-8
-6
-6
-10
-11
-12
-15
-12
-11
-11
-12
-12
-11
-13
-16
-15
-13
-11
-9
-11
-11
-11
-14
-12
-12
-13
-14
-13
-12
-8
-8
-7
-7
-7
-4
-3
-2
1
1
1
2
3
2
4
4
5
6
4
5
6
6
6
4
5
4
5
6
4
6
6
7
5
6
4
1
3
4
1
3
2
1
2
2
0
-2
-1
-1
-2
-3
-6
-5
-6
-6
-5
-7
-7
-7
-9
-8
-10
-9
-6
-5
-4
-3
-4
-3
-4
-6
-4
-4
-3
-4
-3
-2
-2
-2
-1
1
-3
-3
-3
-4
-3
-2
-2
-3
-5
-6
-4
-8
-6
-4
-8
-9
-7
-8
-11
-11
-12
-14
-14
-15
-14
-12
-13
-14
-14
-15
-14
-15
-15
-11
-10
-7
-10
-7
-4
-6
-4
-4
-6
-2
1
3
5
6
8
9
10
10
10
12
14
12
12
14
13
10
9
8
7
9
11
12
9
8
6
3
3
2
3
4
1
0
-2
-5
-5
-7
-6
-7
-10
-10
-8
-12
-11
-10
-12
-11
-10
-7
-5
-7
-4
-3
-5
-3
-6
-5
-1
0
1
4
4
6
7
8
6
3
4
7
7
10
10
10
12
12
14
11
13
15
14
14
13
10
9
10
8
8
8
6
5
4
2
-1
-1
-2
-3
-4
-4
-5
-4
-3
-3
-4
-4
-5
-7
-10
-9
-7
-4
-3
-2
0
1
3
7
4
3
5
5
7
9
8
8
12
10
12
16
17
18
21
20
18
16
15
17
17
18
19
15
15
15
11
8
7
6
5
2
-1
-1
-4
-5
-5
-8
-8
-11
-15
-15
-15
-17
-18
-15
-14
-14
-11
-11
-12
-11
-10
-6
-4
-4
-3
-3
-2
-1
-1
1
5
7
10
14
13
11
11
12
13
12
12
11
13
14
15
13
12
12
11
9
7
5
3
1
0
1
-1
-3
-6
-7
-5
-9
-12
-12
-16
-14
-16
-19
-17
-21
-24
-22
-25
-25
-26
-27
-26
-25
-26
-24
-24
-24
-21
-18
-18
-16
-13
-9
-8
-6
-4
-4
-1
0
3
5
7
10
11
14
13
12
16
17
16
18
19
18
18
18
17
18
17
17
17
14
12
12
8
9
11
7
7
7
4
5
5
3
2
-2
-4
-4
-6
-8
-7
-7
-6
-6
-8
-6
-7
-4
-3
-3
-2
-2
-1
1
4
6
6
7
9
15
16
16
19
19
19
22
20
22
24
23
25
25
24
22
19
18
17
13
13
11
8
9
8
4
4
2
1
0
-3
-3
-5
-7
-6
-8
-10
-10
-10
-10
-12
-11
-8
-6
-6
-5
-3
-2
-2
-1
1
5
7
11
11
13
14
11
11
11
13
14
13
12
14
14
10
8
4
3
4
3
-1
-3
-5
-9
-12
-10
-13
-15
-14
-17
-19
-20
-24
-25
-26
-25
-24
-23
-23
-21
-19
-19
-19
-19
-16
-14
-15
-12
-10
-14
-12
-9
-8
-3
-2
0
0
2
4
5
4
6
4
5
8
6
6
4
5
6
4
3
1
1
-1
0
-2
-5
-4
-7
-9
-11
-13
-14
-17
-15
-19
-20
-19
-19
-17
-18
-19
-19
-19
-18
-19
-18
-18
-18
-17
-18
-18
-17
-13
-12
-11
-9
-7
-6
-8
-6
-1
-6
-2
1
0
4
4
6
7
6
9
10
12
14
14
14
15
14
15
13
16
17
15
16
14
13
13
10
9
9
6
5
3
4
2
4
3
2
1
-4
-1
-1
-3
0
0
-1
-2
-4
-1
-1
-1
0
-3
2
-1
-1
3
2
1
3
4
3
4
5
3
5
5
7
9
8
9
5
3
3
6
4
4
6
3
4
3
1
2
2
4
0
-1
0
-3
-2
-1
-2
-4
-2
-2
-1
-2
-3
-1
2
2
2
2
3
1
4
7
13
12
12
14
14
15
17
20
22
21
25
25
25
25
25
24
21
22
21
20
22
20
21
19
17
15
13
13
12
9
9
7
5
4
2
2
1
0
0
-5
-5
-4
-6
-3
-5
-6
-8
-8
-8
-10
-8
-9
-10
-12
-11
-11
-10
-9
-8
-7
-8
-9
-8
-8
-9
-7
-9
-10
-7
-11
-10
-6
-9
-5
-3
-5
-2
-3
-7
-6
-6
-5
-6
-6
-3
-5
-6
-5
-6
-4
-4
-6
-6
-7
-7
-7
-7
-5
-5
-4
-4
-4
-4
-6
-6
-5
-6
-3
-5
-5
-5
-6
-3
-4
-6
-8
-9
-6
-6
-5
-6
-3
-1
-3
-2
-1
-1
0
-2
0
-2
-2
1
0
-1
-2
-4
-3
-2
-4
-5
-4
-4
-1
-2
-4
-4
-5
-6
-7
-6
-7
-11
-11
-10
-11
-8
-9
-11
-13
-12
-12
-12
-13
-14
-13
-16
-16
-15
-15
-14
-14
-17
-15
-13
-13
-9
-8
-4
-6
-6
-1
-2
-1
3
3
6
6
8
8
8
11
11
11
10
11
12
12
12
11
12
10
6
4
3
4
6
4
5
6
5
4
5
4
7
7
6
7
6
8
6
8
10
10
12
12
11
12
13
10
11
11
9
11
9
7
8
5
5
5
0
-2
-2
-3
0
0
2
1
1
1
0
-1
-4
-4
-3
-2
1
0
1
0
1
5
8
9
7
9
9
10
9
9
10
10
11
10
13
13
10
10
9
9
8
7
10
7
6
6
5
7
4
3
2
2
2
0
0
0
-2
-3
-2
-2
-5
-3
-5
-6
-6
-6
-3
-3
-3
-3
-2
-1
1
0
0
1
2
1
1
5
6
5
6
6
5
7
8
7
8
9
10
10
8
7
5
2
3
4
3
2
1
1
1
2
2
1
2
2
-3
1
0
-4
-4
-4
0
1
3
3
1
2
1
0
1
1
0
2
2
0
-1
-2
-4
-4
-7
-6
-5
-5
-1
-2
-4
-1
-1
-1
0
-3
-4
-3
-5
-4
-2
-3
-3
-2
-3
-1
3
3
5
4
4
4
3
4
4
6
6
4
5
5
4
6
8
8
10
11
12
12
8
5
6
4
4
2
3
3
1
0
-2
-6
-8
-10
-9
-8
-10
-9
-9
-10
-9
-11
-14
-14
-13
-12
-10
-10
-10
-8
-7
-6
-4
-4
-4
-3
-2
0
0
0
-1
1
1
-1
-2
-1
-3
-3
-2
-5
-5
-4
-3
-1
0
1
-2
-3
-4
-4
-2
-3
-3
-1
-1
-1
0
0
-2
-1
1
1
2
0
-2
-1
-1
-6
-7
-6
-10
-12
-14
-15
-13
-13
-15
-11
-10
-9
-8
-10
-10
-8
-10
-11
-11
-9
-8
-8
-7
-6
-7
-4
-3
-1
0
-1
1
4
6
4
4
4
3
5
6
8
9
10
10
12
10
10
10
9
11
13
12
13
13
11
9
7
7
5
6
7
5
5
4
2
0
0
0
0
0
0
-1
-1
-3
-2
-2
-1
-2
0
0
-2
-1
-1
0
0
-1
-1
-2
-1
1
-3
-4
-7
-9
-7
-7
-5
-3
-4
-1
-1
-3
-4
-3
-1
-2
-2
1
0
1
2
3
3
3
5
4
5
5
5
5
4
3
1
2
1
-2
-3
-6
-6
-6
-11
-9
-11
-11
-10
-9
-7
-8
-10
-11
-12
-12
-10
-10
-7
-6
-6
-3
-4
-4
-4
-2
-2
-2
0
1
2
-1
-2
-3
-3
0
2
2
3
5
3
4
5
2
5
5
3
5
6
5
6
3
2
4
3
2
6
6
4
2
2
1
-1
0
1
-1
-1
-2
-3
-2
-5
-7
-7
-7
-6
-4
-5
-3
-4
-7
-6
-3
-4
-6
-4
-4
-3
-2
-1
-2
-1
0
0
1
3
3
4
5
4
4
4
4
6
5
3
2
2
4
3
1
-1
0
1
2
3
3
3
1
-1
1
0
1
4
2
0
4
5
6
6
7
9
9
8
13
13
14
16
15
19
17
16
18
17
19
21
21
21
22
21
22
23
19
21
21
16
18
15
11
12
12
12
10
8
7
5
3
4
4
3
3
1
2
3
0
0
-1
-3
-2
0
-1
2
1
1
1
-2
-3
-1
-4
-5
-5
-7
-7
-8
-8
-9
-10
-11
-12
-12
-12
-13
-12
-12
-13
-14
-12
-12
-11
-10
-12
-12
-12
-12
-12
-10
-8
-6
-6
-4
-5
-7
-8
-9
-9
-8
-7
-3
-3
-4
-2
-4
-5
-5
-6
-5
-2
-1
2
4
7
10
10
6
4
6
7
8
9
7
9
10
9
8
5
4
4
4
4
0
0
0
-2
-3
-2
-7
-8
-6
