62
72
84
93
97
100
97
94
88
78
68
53
35
20
2
-13
-28
-45
-60
-73
-86
-96
-102
-105
-108
-108
-103
-94
-86
-76
-59
-44
-28
-7
10
26
47
62
76
90
101
108
110
112
114
107
102
96
85
75
62
46
30
15
-2
-16
-31
-41
-51
-58
-64
-67
-66
-65
-62
-56
-47
-36
-26
-15
2
16
29
44
51
60
70
75
79
82
81
77
71
66
55
44
33
18
5
-9
-22
-35
-47
-59
-69
-77
-83
-87
-88
-84
-81
-72
-62
-53
-39
-26
-9
5
15
29
39
48
60
66
72
75
74
72
66
61
51
43
31
16
6
-8
-23
-36
-50
-61
-72
-82
-92
-94
-94
-94
-88
-80
-73
-64
-51
-37
-23
-12
1
17
28
42
51
57
65
73
75
75
72
68
64
58
49
37
26
14
1
-13
-24
-39
-50
-57
-68
-73
-77
-78
-78
-76
-71
-63
-56
-43
-32
-21
-5
8
23
36
47
56
62
70
74
75
75
74
71
64
55
46
34
20
8
-8
-20
-33
-45
-54
-63
-69
-73
-77
-77
-75
-75
-70
-61
-51
-38
-25
-13
2
15
27
39
51
62
69
79
84
84
86
83
76
68
57
44
33
20
5
-11
-27
-44
-58
-70
-81
-92
-99
-100
-97
-97
-91
-82
-73
-60
-45
-27
-17
-1
17
31
47
60
68
79
88
94
97
97
93
86
78
67
54
44
27
10
-8
-25
-39
-54
-68
-81
-91
-96
-103
-107
-106
-101
-95
-86
-74
-63
-52
-33
-15
-1
16
33
49
62
72
83
88
91
92
89
84
77
66
55
40
27
14
0
-18
-35
-48
-63
-72
-81
-92
-95
-93
-91
-85
-78
-73
-61
-48
-35
-19
-6
13
31
45
58
69
82
90
96
99
99
96
91
84
74
61
49
37
23
7
-8
-22
-36
-48
-57
-67
-75
-81
-80
-80
-75
-69
-62
-51
-42
-32
-18
-4
9
23
38
49
58
65
74
77
77
77
72
68
60
50
39
28
14
1
-11
-26
-39
-47
-58
-69
-76
-81
-85
-86
-84
-82
-80
-73
-65
-54
-44
-36
-22
-8
3
13
23
33
43
51
56
59
58
60
57
51
46
38
28
19
12
-1
-16
-23
-31
-39
-45
-51
-55
-57
-56
-55
-51
-47
-39
-30
-24
-12
-3
9
19
23
31
39
44
50
54
60
62
61
60
56
49
42
34
21
12
5
-4
-12
-19
-25
-30
-37
-39
-41
-43
-41
-41
-37
-32
-26
-18
-11
-1
9
16
25
32
41
48
52
56
60
61
63
63
58
54
49
42
36
26
19
6
-4
-7
-16
-24
-30
-37
-38
-43
-48
-49
-49
-47
-45
-39
-34
-28
-20
-13
-4
1
10
17
23
28
30
34
36
36
35
33
29
25
23
17
9
2
-6
-12
-18
-24
-29
-33
-36
-39
-41
-42
-41
-34
-32
-29
-23
-17
-8
-1
6
15
22
28
35
40
45
48
47
43
43
40
34
29
23
17
10
1
-7
-14
-20
-27
-32
-37
-42
-42
-44
-43
-42
-42
-35
-29
-23
-17
-10
1
8
16
24
32
39
43
49
52
55
56
54
53
51
47
41
34
28
22
15
7
1
-6
-13
-19
-22
-24
-32
-33
-33
-31
-31
-29
-24
-18
-14
-7
-1
5
9
14
19
23
27
27
28
29
26
25
25
20
19
16
8
4
-3
-11
-16
-22
-26
-32
-34
-36
-38
-37
-38
-34
-28
-24
-22
-16
-10
-4
4
8
12
17
23
27
29
30
28
25
21
18
16
9
3
1
-5
-12
-19
-26
-31
-39
-46
-49
-52
-56
-54
-51
-47
-45
-41
-33
-27
-22
-13
-4
7
13
20
28
36
44
50
54
57
58
59
57
55
52
47
43
38
34
26
17
10
3
-5
-11
-18
-23
-27
-30
-33
-32
-29
-28
-24
-19
-15
-13
-10
-5
1
7
13
19
28
31
36
40
43
44
41
42
42
41
39
32
28
21
16
10
5
0
-5
-10
-16
-19
-19
-21
-23
-24
-24
-22
-18
-17
-14
-10
-8
-4
-1
6
10
12
17
21
23
24
26
27
26
23
19
18
15
9
3
0
-5
-10
-15
-20
-25
-30
-33
-32
-38
-41
-41
-38
-35
-32
-29
-25
-22
-18
-13
-8
-3
1
8
14
18
22
24
28
29
24
24
25
22
18
15
13
10
5
0
-3
-7
-12
-14
-17
-20
-22
-25
-26
-23
-23
-22
-20
-18
-13
-10
-6
-2
4
8
11
15
18
20
23
24
26
27
27
26
23
22
20
17
14
10
6
2
-4
-8
-9
-16
-20
-22
-25
-27
-28
-29
-27
-25
-25
-24
-20
-16
-13
-9
-4
-3
-1
1
1
7
10
9
11
12
11
9
8
5
1
-4
-9
-11
-15
-19
-21
-25
-29
-32
-33
-33
-33
-33
-34
-32
-29
-28
-25
-20
-19
-16
-10
-9
-7
-3
-2
1
5
4
7
6
5
6
3
0
-4
-7
-11
-13
-12
-17
-23
-25
-30
-32
-35
-37
-36
-37
-36
-33
-31
-29
-28
-26
-24
-23
-17
-16
-14
-10
-9
-5
-2
0
-2
1
2
3
3
6
6
4
5
2
3
2
0
0
-2
-1
-3
-6
-6
-5
-5
-5
-5
-6
-10
-9
-8
-10
-9
-12
-11
-8
-11
-10
-12
-11
-12
-14
-14
-17
-21
-19
-20
-23
-25
-24
-25
-27
-29
-30
-30
-29
-28
-29
-26
-25
-22
-18
-18
-18
-16
-15
-14
-11
-10
-8
-6
-5
-4
-1
-2
-3
-6
-10
-10
-13
-17
-23
-26
-29
-33
-33
-39
-44
-44
-49
-52
-57
-60
-62
-62
-64
-67
-68
-67
-65
-64
-64
-63
-60
-56
-55
-54
-49
-49
-49
-46
-44
-40
-37
-36
-37
-37
-37
-37
-36
-40
-41
-41
-45
-45
-47
-50
-52
-53
-55
-59
-59
-61
-62
-63
-65
-64
-63
-62
-60
-59
-58
-55
-57
-55
-55
-52
-51
-51
-49
-47
-46
-45
-42
-41
-41
-40
-42
-43
-45
-47
-45
-42
-46
-44
-42
-42
-39
-36
-37
-34
-29
-26
-23
-20
-15
-11
-8
-4
-1
2
5
8
13
15
15
17
15
13
10
4
-1
-6
-13
-15
-19
-22
-27
-33
-36
-42
-44
-43
-44
-41
-38
-35
-27
-22
-13
-7
0
14
26
37
51
63
77
90
105
121
133
147
159
167
181
192
197
207
211
213
220
222
223
225
225
225
226
225
222
215
212
210
207
205
203
201
200
199
199
198
195
194
194
195
197
199
200
201
202
201
202
204
204
204
204
206
208
210
211
211
214
218
218
218
219
224
227
230
233
237
241
243
249
255
258
263
269
274
281
287
292
296
297
301
300
300
302
296
290
289
288
283
275
267
258
248
237
227
215
204
193
181
168
155
141
126
111
97
83
69
56
43
28
14
0
-17
-31
-46
-59
-72
-89
-103
-115
-129
-143
-153
-166
-177
-186
-195
-205
-212
-219
-226
-229
-232
-236
-236
-236
-233
-234
-234
-232
-231
-231
-227
-224
-223
-217
-218
-216
-214
-211
-209
-208
-206
-203
-201
-196
-192
-189
-185
-183
-181
-175
-170
-166
-159
-153
-150
-144
-139
-135
-128
-123
-119
-115
-113
-109
-107
-109
-109
-112
-114
-121
-130
-138
-148
-164
-178
-194
-211
-229
-249
-268
-288
-312
-335
-355
-378
-400
-419
-438
-456
-474
-488
-500
-511
-525
-531
-536
-540
-540
-535
-528
-523
-511
-499
-486
-467
-450
-428
-407
-386
-360
-331
-301
-270
-241
-210
-182
-151
-117
-85
-50
-16
21
57
94
133
168
205
238
273
306
339
367
397
422
442
457
466
474
474
472
462
442
418
387
346
300
253
200
140
80
12
-61
-133
-213
-294
-374
-455
-533
-604
-673
-735
-792
-842
-887
-926
-959
-982
-998
-1001
-997
-983
-963
-933
-890
-843
-792
-733
-668
-599
-526
-451
-372
-287
-203
-118
-30
58
147
230
313
396
478
559
633
706
778
846
911
972
1033
1087
1137
1183
1219
1252
1278
1290
1295
1291
1278
1263
1240
1210
1171
1120
1055
980
896
809
709
610
507
399
292
183
75
-34
-147
-261
-370
-474
-573
-665
-745
-816
-878
-933
-984
-1025
-1060
-1083
-1100
-1110
-1107
-1090
-1066
-1031
-989
-942
-886
-826
-766
-703
-635
-565
-490
-414
-335
-257
-171
-90
-10
73
149
224
297
366
436
503
570
631
690
749
803
851
895
931
954
966
964
958
945
925
899
866
824
767
697
616
525
424
316
204
89
-29
-148
-262
-377
-494
-607
-719
-831
-936
-1032
-1117
-1187
-1243
-1284
-1309
-1320
-1330
-1328
-1318
-1300
-1267
-1222
-1163
-1090
-1007
-915
-813
-706
-596
-490
-382
-272
-162
-43
78
200
327
449
568
683
793
900
999
1096
1193
1287
1380
1468
1552
1636
1712
1781
1848
1910
1966
2017
2061
2097
2120
2135
2140
2131
2116
2092
2056
2007
1946
1873
1789
1690
1577
1454
1325
1191
1048
909
767
628
491
351
208
69
-67
-197
-311
-418
-515
-597
-669
-728
-777
-821
-856
-883
-899
-905
-903
-887
-855
-813
-764
-709
-657
-600
-541
-482
-422
-359
-289
-214
-136
-63
7
75
137
196
251
301
352
404
453
504
557
605
655
701
740
780
816
851
890
929
966
1004
1042
1075
1096
1108
1105
1095
1078
1047
1009
963
907
839
755
659
548
423
292
149
4
-146
-297
-444
-591
-735
-877
-1019
-1154
-1284
-1404
-1513
-1611
-1691
-1760
-1813
-1857
-1889
-1909
-1918
-1914
-1905
-1887
-1857
-1813
-1760
-1697
-1622
-1543
-1462
-1381
-1300
-1215
-1130
-1039
-947
-853
-756
-663
-573
-483
-400
-324
-248
-174
-100
-24
51
128
204
278
349
415
479
539
603
667
727
793
859
921
978
1025
1059
1082
1092
1090
1081
1065
1041
1003
958
899
821
729
621
502
370
232
95
-45
-183
-320
-457
-596
-734
-870
-1007
-1130
-1243
-1348
-1433
-1503
-1560
-1605
-1639
-1660
-1677
-1683
-1675
-1658
-1633
-1588
-1532
-1466
-1393
-1316
-1234
-1155
-1073
-989
-905
-819
-729
-639
-546
-452
-360
-273
-193
-116
-49
14
78
139
201
263
323
385
442
496
547
592
638
683
728
773
820
870
921
965
1008
1040
1060
1072
1074
1066
1053
1037
1010
972
928
867
792
707
607
500
383
261
140
18
-101
-218
-336
-452
-568
-683
-794
-892
-980
-1060
-1122
-1170
-1206
-1227
-1236
-1235
-1225
-1209
-1183
-1150
-1106
-1048
-984
-909
-825
-738
-648
-558
-469
-382
-298
-211
-120
-33
58
150
240
328
409
486
556
623
684
742
803
863
925
983
1039
1093
1139
1183
1224
1257
1296
1332
1369
1407
1439
1470
1495
1508
1514
1510
1497
1474
1445
1413
1368
1317
1258
1188
1108
1015
910
797
679
556
429
300
172
48
-77
-199
-322
-441
-555
-665
-765
-858
-937
-1002
-1058
-1103
-1138
-1160
-1177
-1184
-1180
-1175
-1160
-1129
-1093
-1050
-997
-938
-872
-805
-738
-664
-591
-514
-434
-352
-264
-177
-90
-2
81
162
242
318
390
455
517
576
633
686
736
782
826
862
896
926
946
966
983
998
1015
1025
1034
1039
1041
1038
1028
1012
990
961
925
888
846
796
741
682
611
535
451
362
272
171
75
-18
-114
-204
-295
-389
-475
-561
-643
-719
-790
-855
-911
-958
-995
-1026
-1046
-1058
-1067
-1070
-1070
-1066
-1054
-1034
-1004
-967
-923
-871
-814
-756
-695
-632
-569
-503
-435
-370
-300
-226
-153
-81
-12
52
114
167
215
259
292
325
356
381
407
428
443
456
461
463
462
460
459
456
455
457
459
464
465
462
457
443
426
407
387
362
337
313
282
246
205
154
97
35
-33
-100
-171
-240
-304
-372
-437
-502
-571
-636
-700
-763
-817
-869
-913
-949
-977
-995
-1012
-1022
-1026
-1030
-1026
-1018
-1001
-977
-947
-910
-869
-820
-772
-721
-663
-605
-540
-477
-414
-346
-283
-212
-142
-79
-13
46
103
158
205
253
297
335
375
409
437
461
483
503
521
533
547
560
569
575
582
585
591
597
600
602
600
599
596
589
577
565
547
525
503
474
442
406
365
318
268
218
161
101
43
-16
-76
-135
-195
-253
-309
-364
-416
-466
-510
-552
-587
-615
-642
-665
-683
-697
-708
-710
-707
-702
-690
-676
-658
-637
-614
-586
-554
-518
-479
-442
-399
-354
-307
-258
-205
-155
-106
-57
-8
36
82
123
165
209
251
286
319
350
375
394
414
431
441
453
466
476
486
493
500
503
504
503
501
496
492
488
481
478
472
462
451
433
413
389
363
332
297
264
228
188
148
104
62
17
-36
-85
-137
-187
-234
-279
-319
-353
-386
-417
-445
-472
-499
-520
-537
-553
-562
-561
-558
-551
-538
-522
-506
-488
-466
-441
-413
-380
-346
-308
-261
-218
-169
-120
-76
-27
17
63
105
145
186
224
262
295
325
352
372
387
399
407
411
413
414
415
414
409
402
393
381
368
355
342
328
313
300
288
275
261
248
235
218
198
178
156
134
108
83
56
27
-1
-33
-65
-98
-136
-175
-211
-247
-283
-316
-344
-372
-397
-421
-442
-463
-483
-501
-515
-526
-534
-538
-537
-529
-518
-506
-494
-478
-462
-440
-415
-386
-356
-322
-282
-242
-205
-169
-132
-94
-57
-18
19
52
87
120
154
189
217
240
261
276
290
301
311
318
323
329
333
333
330
327
325
321
318
314
308
304
300
294
291
283
275
267
258
248
238
227
217
206
192
179
166
148
129
106
83
62
41
22
3
-11
-28
-45
-57
-74
-86
-98
-112
-118
-122
-126
-127
-126
-125
-123
-115
-112
-111
-104
-99
-89
-78
-67
-54
-45
-31
-13
4
19
33
49
63
78
92
105
121
131
142
152
158
165
169
177
187
192
199
204
206
207
210
212
209
208
205
202
201
198
194
196
195
191
185
181
176
170
164
159
153
143
127
114
97
78
59
45
33
21
8
-6
-20
-34
-44
-49
-56
-70
-82
-91
-98
-100
-98
-94
-87
-79
-75
-80
-88
-98
-104
-108
-109
-108
-107
-105
-99
-89
-85
-85
-82
-79
-77
-69
-62
-59
-53
-38
-20
-8
6
21
33
42
47
49
54
61
72
81
93
108
123
130
130
127
117
107
101
95
94
94
94
92
85
79
75
70
65
54
42
25
3
-13
-20
-16
-6
-4
-19
-62
-163
-317
-460
-539
-540
-482
-402
-332
-304
-344
-456
-605
-721
-772
-748
-659
-535
-411
-336
-326
-359
-399
-421
-412
-364
-283
-201
-142
-118
-127
-151
-167
-174
-173
-155
-133
-114
-110
-121
-129
-132
-129
-112
-84
-57
-33
-24
-33
-46
-53
-48
-34
-13
15
37
51
53
46
43
49
63
88
116
143
162
163
158
151
152
158
173
192
204
206
205
209
225
252
282
304
308
290
259
222
196
183
182
189
204
217
218
200
170
134
104
83
61
27
-26
-104
-196
-278
-334
-355
-350
-328
-292
-259
-229
-201
-175
-150
-118
-68
-8
50
100
131
146
159
168
174
177
183
193
198
205
222
236
247
252
254
256
257
255
246
234
227
224
227
230
234
238
240
239
236
233
225
216
213
212
211
205
198
189
183
179
179
192
205
217
221
221
226
236
244
252
255
254
249
244
232
205
167
132
110
102
96
88
76
69
66
64
55
39
17
-3
-6
4
21
40
54
70
87
102
116
124
135
149
163
171
172
169
159
149
146
146
146
137
121
106
92
82
74
71
75
80
83
91
107
118
127
139
159
191
220
244
259
263
276
288
298
308
306
291
272
255
242
227
206
178
148
116
90
59
20
-21
-61
-90
-112
-135
-163
-192
-222
-250
-270
-289
-313
-340
-372
-396
-411
-421
-425
-417
-394
-367
-343
-326
-313
-298
-270
-235
-202
-168
-136
-108
-79
-47
-21
-7
-3
-4
-9
-14
-17
-17
-19
-34
-56
-86
-122
-159
-197
-233
-263
-279
-276
-260
-228
-184
-132
-61
19
106
183
236
265
278
291
310
334
347
352
354
353
350
343
319
275
225
176
127
84
38
-6
-40
-68
-89
-117
-152
-181
-202
-213
-222
-240
-263
-283
-288
-278
-275
-282
-293
-303
-302
-293
-300
-323
-341
-342
-324
-296
-283
-283
-283
-273
-243
-211
-194
-193
-196
-195
-186
-176
-171
-167
-155
-126
-92
-67
-59
-64
-63
-49
-25
-12
-16
-21
-12
14
42
61
65
70
91
120
143
142
125
120
130
146
155
148
128
114
109
102
77
35
0
-23
-42
-60
-92
-134
-181
-224
-263
-314
-376
-427
-459
-475
-491
-522
-566
-606
-625
-627
-629
-634
-637
-627
-606
-583
-563
-559
-552
-523
-480
-434
-403
-378
-354
-319
-265
-216
-177
-143
-104
-51
10
54
81
99
121
158
199
227
244
261
295
336
369
389
394
403
425
453
477
482
468
455
459
475
486
480
466
456
448
435
410
381
351
326
308
276
221
149
77
14
-44
-98
-152
-208
-265
-325
-384
-446
-515
-582
-638
-680
-710
-734
-759
-779
-788
-786
-776
-761
-747
-720
-679
-627
-576
-531
-485
-430
-365
-292
-204
-113
-38
17
57
83
99
127
172
224
275
331
386
445
496
538
580
618
651
695
739
766
778
777
772
775
790
814
838
854
865
865
861
835
782
719
649
586
536
487
432
359
277
197
106
13
-82
-179
-278
-386
-499
-616
-732
-837
-925
-1002
-1071
-1139
-1204
-1253
-1288
-1308
-1299
-1272
-1230
-1176
-1106
-1013
-910
-810
-713
-615
-505
-388
-266
-147
-43
60
165
262
350
429
494
548
598
649
691
722
743
753
768
792
816
840
854
866
892
931
981
1033
1081
1125
1164
1196
1209
1200
1175
1150
1122
1089
1034
954
856
746
635
512
369
208
39
-127
-289
-452
-620
-791
-954
-1100
-1224
-1334
-1429
-1505
-1561
-1594
-1598
-1576
-1549
-1516
-1463
-1388
-1287
-1172
-1053
-934
-815
-690
-562
-431
-304
-181
-56
60
167
270
364
441
518
595
664
721
766
805
844
883
919
955
990
1029
1069
1108
1141
1171
1213
1268
1318
1354
1380
1391
1392
1392
1382
1349
1293
1226
1154
1067
960
832
690
544
391
219
24
-184
-392
-578
-754
-939
-1126
-1303
-1460
-1590
-1693
-1779
-1858
-1926
-1970
-1986
-1978
-1947
-1900
-1831
-1742
-1634
-1513
-1392
-1265
-1128
-985
-832
-677
-528
-385
-255
-132
-9
113
226
322
411
489
562
634
694
745
787
825
869
926
980
1027
1070
1116
1170
1230
1289
1342
1388
1436
1477
1507
1511
1489
1454
1412
1372
1321
1249
1158
1042
909
761
607
452
280
96
-96
-296
-498
-697
-890
-1080
-1266
-1448
-1608
-1741
-1855
-1943
-2010
-2050
-2062
-2051
-2021
-1980
-1918
-1828
-1720
-1604
-1489
-1374
-1249
-1109
-953
-782
-609
-448
-294
-148
-9
117
240
362
466
556
635
712
789
855
909
954
996
1053
1117
1161
1181
1202
1244
1308
1379
1444
1504
1560
1614
1667
1702
1704
1685
1667
1648
1619
1577
1507
1406
1291
1170
1043
898
732
548
354
150
-63
-286
-501
-701
-893
-1072
-1242
-1402
-1545
-1663
-1750
-1820
-1864
-1880
-1882
-1856
-1804
-1735
-1646
-1541
-1425
-1301
-1178
-1048
-896
-728
-563
-411
-277
-152
-24
109
233
342
437
517
592
653
703
746
786
840
896
938
972
1004
1033
1072
1118
1159
1186
1214
1257
1311
1371
1428
1473
1501
1508
1494
1466
1429
1390
1351
1295
1197
1069
935
793
640
484
315
128
-71
-276
-483
-692
-886
-1061
-1227
-1398
-1575
-1737
-1869
-1964
-2028
-2071
-2113
-2147
-2151
-2128
-2076
-2002
-1910
-1809
-1705
-1594
-1481
-1356
-1218
-1062
-902
-753
-617
-487
-354
-215
-80
49
165
263
343
420
487
550
623
699
757
794
828
866
922
992
1063
1114
1144
1176
1218
1265
1319
1376
1435
1489
1512
1500
1476
1449
1424
1395
1344
1257
1143
1017
885
751
615
465
298
112
-90
-302
-507
-693
-856
-1012
-1179
-1360
-1534
-1672
-1774
-1844
-1894
-1934
-1964
-1976
-1964
-1933
-1876
-1796
-1700
-1592
-1481
-1371
-1257
-1130
-980
-817
-663
-524
-396
-275
-150
-17
112
231
332
416
490
560
622
683
743
799
845
873
901
944
1003
1055
1094
1136
1180
1232
1290
1346
1407
1471
1527
1563
1565
1538
1512
1504
1497
1465
1391
1279
1144
1012
883
753
612
455
284
98
-99
-304
-496
-668
-833
-999
-1170
-1336
-1492
-1623
-1721
-1797
-1855
-1896
-1922
-1933
-1924
-1888
-1820
-1731
-1640
-1556
-1478
-1389
-1283
-1157
-1013
-874
-737
-611
-493
-367
-233
-95
36
146
243
325
397
459
517
582
652
710
748
779
806
849
909
970
1029
1072
1108
1145
1188
1243
1306
1358
1394
1414
1417
1404
1386
1369
1348
1316
1262
1181
1076
959
832
692
547
403
251
77
-118
-309
-483
-641
-793
-948
-1105
-1259
-1392
-1499
-1585
-1661
-1722
-1752
-1763
-1766
-1759
-1738
-1696
-1627
-1539
-1441
-1351
-1266
-1167
-1047
-923
-798
-671
-550
-431
-316
-210
-115
-30
55
140
216
278
333
387
437
465
488
532
587
636
684
738
796
860
938
1018
1077
1127
1192
1275
1352
1406
1434
1448
1454
1457
1450
1425
1377
1312
1254
1192
1096
976
852
727
594
453
301
134
-52
-245
-426
-603
-770
-928
-1082
-1227
-1356
-1462
-1548
-1617
-1671
-1703
-1707
-1691
-1664
-1631
-1586
-1523
-1444
-1355
-1261
-1164
-1057
-939
-815
-695
-573
-446
-328
-226
-128
-28
67
156
239
305
356
410
473
534
586
632
692
762
821
854
874
904
953
1014
1072
1109
1135
1168
1215
1260
1285
1296
1305
1305
1292
1267
1237
1198
1143
1077
999
906
795
680
566
450
331
200
54
-98
-253
-399
-530
-657
-785
-913
-1038
-1159
-1266
-1346
-1398
-1429
-1449
-1468
-1483
-1481
-1452
-1395
-1318
-1242
-1173
-1099
-1012
-917
-818
-721
-622
-516
-404
-293
-199
-118
-37
65
168
251
315
377
454
544
620
670
706
738
761
771
770
775
795
828
857
869
866
866
881
910
941
970
993
1003
1009
1013
1006
987
958
918
871
810
728
637
551
464
361
253
153
48
-75
-206
-333
-451
-566
-682
-797
-908
-1006
-1082
-1144
-1201
-1251
-1280
-1287
-1284
-1289
-1289
-1268
-1226
-1173
-1114
-1054
-983
-908
-830
-744
-657
-564
-466
-379
-342
-357
-355
-270
-111
55
159
201
264
383
523
625
663
666
683
739
805
834
828
839
876
900
893
888
925
994
1060
1090
1080
1050
1043
1063
1080
1063
1005
933
862
784
698
602
503
397
282
163
50
-64
-183
-308
-441
-583
-720
-848
-966
-1074
-1170
-1249
-1318
-1375
-1409
-1416
-1404
-1386
-1390
-1427
-1477
-1498
-1474
-1417
-1350
-1280
-1180
-1026
-831
-630
-457
-306
-163
-17
119
232
322
394
473
541
572
582
611
677
740
763
760
762
802
874
945
984
1003
1035
1107
1197
1263
1300
1335
1381
1417
1417
1385
1345
1312
1286
1240
1149
1015
866
717
565
396
205
3
-206
-417
-624
-821
-1008
-1178
-1321
-1449
-1575
-1694
-1780
-1818
-1817
-1803
-1781
-1756
-1701
-1596
-1465
-1339
-1242
-1157
-1044
-900
-772
-673
-580
-473
-360
-257
-161
-77
-7
62
138
205
249
281
331
389
433
476
546
641
735
821
903
973
1019
1070
1159
1274
1382
1462
1528
1590
1659
1749
1847
1900
1864
1768
1673
1591
1503
1395
1250
1060
835
612
410
205
-20
-261
-505
-756
-1020
-1264
-1464
-1633
-1797
-1966
-2113
-2222
-2272
-2257
-2194
-2130
-2074
-1999
-1877
-1708
-1522
-1332
-1151
-995
-867
-739
-589
-427
-277
-160
-100
-84
-70
-32
22
55
48
35
53
75
84
103
147
208
270
349
464
618
808
1006
1201
1405
1632
1879
2128
2363
2583
2789
2922
2916
2793
2669
2624
2596
2480
2222
1861
1503
1214
972
684
295
-151
-566
-918
-1247
-1601
-1968
-2292
-2549
-2765
-2969
-3164
-3302
-3320
-3231
-3119
-3031
-2934
-2750
-2456
-2123
-1832
-1607
-1395
-1141
-858
-600
-399
-239
-78
95
264
388
459
505
562
636
706
753
770
760
744
744
772
838
919
1010
1123
1261
1425
1617
1828
2061
2335
2655
2950
3079
2972
2779
2741
2895
3018
2874
2449
1953
1615
1474
1358
1061
550
-9
-447
-752
-1043
-1398
-1776
-2105
-2372
-2614
-2831
-2990
-3074
-3087
-3070
-3077
-3102
-3060
-2883
-2625
-2402
-2266
-2161
-1993
-1738
-1470
-1280
-1172
-1083
-939
-745
-573
-473
-432
-394
-327
-236
-150
-94
-56
-14
41
108
176
253
364
510
672
830
988
1181
1430
1719
2013
2303
2623
3001
3372
3591
3565
3400
3324
3422
3541
3444
3058
2536
2107
1873
1711
1402
853
192
-371
-759
-1060
-1429
-1903
-2395
-2789
-3050
-3226
-3370
-3507
-3623
-3689
-3705
-3659
-3519
-3277
-2994
-2748
-2556
-2371
-2107
-1752
-1387
-1108
-956
-864
-729
-506
-254
-77
-25
-44
-21
87
230
328
351
335
343
397
480
574
676
785
910
1061
1247
1491
1782
2076
2370
2711
3145
3624
3986
4066
3918
3808
3916
4133
4186
3892
3330
2762
2402
2225
1986
1448
632
-195
-774
-1103
-1377
-1759
-2246
-2708
-3019
-3156
-3213
-3306
-3452
-3576
-3610
-3541
-3375
-3120
-2788
-2426
-2082
-1766
-1435
-1070
-703
-403
-225
-163
-136
-44
138
323
413
398
366
411
531
627
617
512
385
322
349
412
437
403
366
388
480
612
740
865
1023
1243
1528
1862
2253
2703
3172
3544
3707
3690
3662
3763
3965
4068
3881
3418
2898
2553
2406
2225
1771
1027
208
-436
-846
-1173
-1614
-2216
-2844
-3314
-3551
-3643
-3732
-3877
-4036
-4139
-4162
-4095
-3923
-3670
-3392
-3156
-2969
-2762
-2452
-2031
-1592
-1254
-1065
-946
-775
-511
-228
-45
-14
-64
-81
-10
118
215
207
118
34
26
97
207
307
386
465
592
808
1112
1453
1779
2092
2447
2889
3369
3753
3918
3896
3853
3935
4113
4202
4037
3637
3177
2839
2640
2415
2001
1377
680
86
-356
-734
-1170
-1704
-2263
-2735
-3064
-3280
-3457
-3631
-3782
-3852
-3812
-3692
-3547
-3413
-3264
-3046
-2757
-2440
-2150
-1912
-1704
-1482
-1233
-993
-803
-663
-543
-418
-303
-234
-210
-203
-193
-179
-184
-207
-237
-252
-246
-228
-208
-176
-109
-17
96
219
366
570
831
1125
1422
1723
2074
2487
2923
3255
3372
3325
3283
3375
3554
3642
3485
3079
2599
2239
2037
1850
1489
903
214
-388
-824
-1170
-1550
-2047
-2618
-3119
-3446
-3611
-3707
-3814
-3948
-4071
-4133
-4092
-3927
-3658
-3348
-3062
-2822
-2597
-2328
-1985
-1589
-1227
-983
-845
-733
-562
-328
-107
28
59
58
102
218
368
476
504
478
474
533
668
847
1021
1170
1323
1525
1801
2143
2531
2919
3256
3493
3621
3673
3703
3742
3772
3730
3555
3241
2871
2535
2255
1970
1606
1131
577
43
-404
-767
-1118
-1510
-1939
-2345
-2656
-2847
-2952
-3016
-3077
-3125
-3108
-2985
-2755
-2476
-2232
-2070
-1955
-1793
-1521
-1185
-888
-709
-647
-612
-511
-334
-152
-51
-47
-97
-142
-139
-115
-113
-144
-212
-285
-322
-308
-258
-198
-146
-99
-34
74
248
483
752
1032
1317
1638
2021
2456
2901
3287
3553
3676
3706
3737
3810
3894
3899
3738
3416
3018
2647
2347
2064
1690
1168
544
-78
-609
-1039
-1438
-1876
-2358
-2820
-3180
-3403
-3527
-3600
-3662
-3693
-3644
-3505
-3312
-3102
-2880
-2618
-2317
-1995
-1698
-1441
-1205
-960
-694
-439
-241
-124
-51
24
113
192
226
212
172
137
128
136
139
123
110
127
185
281
412
570
766
1002
1288
1632
2018
2412
2772
3055
3240
3350
3432
3516
3573
3569
3472
3271
2994
2696
2406
2110
1768
1352
872
360
-136
-582
-976
-1357
-1746
-2137
-2496
-2779
-2980
-3100
-3160
-3189
-3194
-3148
-3023
-2819
-2568
-2325
-2136
-1986
-1819
-1583
-1285
-994
-790
-685
-628
-547
-411
-254
-138
-101
-125
-168
-192
-190
-177
-175
-203
-257
-311
-340
-332
-277
-179
-54
80
230
412
646
953
1335
1764
2197
2581
2880
3098
3272
3445
3621
3772
3831
3755
3563
3322
3089
2880
2644
2311
1861
1340
827
364
-61
-490
-961
-1459
-1942
-2360
-2688
-2930
-3116
-3268
-3391
-3461
-3467
-3387
-3225
-3002
-2750
-2507
-2286
-2080
-1865
-1615
-1337
-1060
-824
-656
-538
-430
-301
-155
-24
50
55
16
-25
-37
-34
-43
-92
-166
-227
-246
-216
-149
-53
63
210
389
609
877
1202
1599
2043
2478
2819
3027
3134
3220
3345
3498
3591
3547
3363
3093
2824
2597
2376
2098
1717
1250
750
278
-155
-569
-986
-1409
-1818
-2192
-2507
-2755
-2944
-3076
-3157
-3188
-3159
-3076
-2945
-2779
-2603
-2427
-2237
-2025
-1788
-1547
-1325
-1134
-975
-820
-667
-522
-393
-293
-223
-172
-143
-135
-137
-139
-140
-144
-163
-195
-229
-237
-204
-132
-21
123
287
476
710
1000
1359
1777
2211
2591
2866
3025
3121
3222
3355
3489
3546
3476
3282
3023
2764
2527
2283
1982
1597
1146
666
200
-239
-657
-1056
-1441
-1813
-2164
-2477
-2739
-2927
-3040
-3081
-3066
-3016
-2937
-2813
-2638
-2425
-2203
-1996
-1802
-1616
-1415
-1193
-973
-778
-627
-516
-422
-321
-224
-144
-100
-87
-96
-117
-145
-176
-202
-217
-219
-209
-191
-158
-99
3
159
363
607
879
1185
1542
1941
2355
2724
2996
3156
3230
3287
3361
3428
3443
3359
3157
2883
2586
2287
1979
1636
1247
816
358
-105
-558
-986
-1387
-1752
-2072
-2355
-2611
-2834
-3003
-3107
-3127
-3062
-2937
-2782
-2626
-2481
-2336
-2167
-1955
-1701
-1434
-1187
-992
-845
-720
-592
-461
-333
-225
-149
-108
-96
-99
-102
-102
-95
-78
-63
-63
-77
-82
-55
25
169
353
555
769
1004
1285
1632
2022
2413
2733
2946
3064
3125
3179
3237
3270
3240
3116
2903
2632
2335
2030
1715
1379
1011
614
200
-228
-664
-1083
-1467
-1812
-2108
-2364
-2602
-2821
-2992
-3085
-3086
-3002
-2865
-2700
-2525
-2346
-2172
-2009
-1851
-1682
-1489
-1271
-1059
-879
-747
-660
-583
-488
-378
-278
-207
-170
-157
-160
-170
-185
-201
-203
-192
-173
-144
-107
-50
42
183
373
605
878
1196
1560
1954
2345
2682
2922
3064
3150
3219
3290
3342
3337
3250
3078
2841
2566
2267
1950
1603
1230
844
440
18
-419
-865
-1288
-1669
-1995
-2272
-2512
-2719
-2887
-2999
-3039
-3004
-2909
-2778
-2631
-2469
-2291
-2105
-1909
-1712
-1510
-1299
-1082
-868
-676
-521
-398
-297
-197
-92
1
64
92
93
74
55
38
23
8
-2
1
20
59
127
228
373
564
801
1082
1403
1753
2109
2434
2683
2842
2931
2987
3037
3085
3099
3050
2921
2717
2458
2162
1833
1488
1129
763
391
2
-412
-845
-1271
-1655
-1981
-2249
-2473
-2665
-2827
-2944
-3004
-3001
-2929
-2801
-2638
-2465
-2290
-2117
-1946
-1766
-1576
-1372
-1161
-954
-762
-598
-472
-379
-304
-237
-171
-105
-49
-13
-7
-20
-39
-52
-51
-31
2
51
128
236
380
557
771
1035
1357
1732
2139
2524
2830
3027
3117
3146
3157
3174
3182
3161
3079
2920
2685
2380
2022
1625
1218
824
456
92
-292
-709
-1152
-1589
-1980
-2298
-2542
-2725
-2857
-2942
-2984
-2977
-2922
-2825
-2676
-2473
-2230
-1971
-1734
-1532
-1363
-1213
-1059
-892
-718
-545
-394
-274
-190
-140
-118
-107
-98
-81
-59
-51
-65
-99
-142
-176
-183
-155
-85
27
182
373
602
862
1161
1503
1881
2271
2637
2930
3122
3211
3231
3211
3173
3113
3034
2921
2754
2521
2209
1825
1393
951
527
135
-236
-609
-999
-1402
-1801
-2163
-2475
-2729
-2917
-3034
-3084
-3069
-3000
-2894
-2757
-2595
-2400
-2175
-1929
-1676
-1438
-1222
-1025
-845
-674
-510
-365
-234
-120
-33
35
80
98
97
83
67
52
39
19
-7
-26
-29
-2
59
165
317
518
761
1057
1405
1787
2181
2548
2842
3044
3152
3182
3161
3113
3051
2970
2857
2702
2490
2212
1873
1473
1045
609
181
-219
-596
-959
-1314
-1668
-2007
-2327
-2609
-2837
-2996
-3076
-3075
-3002
-2879
-2729
-2555
-2362
-2152
-1926
-1687
-1449
-1214
-989
-783
-595
-430
-297
-191
-107
-41
15
63
95
111
114
98
62
13
-44
-96
-140
-159
-144
-91
7
149
339
581
869
1203
1568
1942
2297
2596
2816
2948
3000
2989
2943
2878
2800
2703
2574
2403
2172
1871
1503
1084
640
197
-216
-594
-945
-1275
-1593
-1907
-2211
-2496
-2750
-2951
-3080
-3132
-3100
-2997
-2841
-2651
-2444
-2236
-2025
-1821
-1625
-1429
-1229
-1022
-810
-605
-418
-258
-125
-22
54
113
159
188
200
198
184
163
131
91
52
24
28
72
164
307
499
741
1032
1365
1724
2091
2426
2697
2886
2986
3003
2958
2879
2781
2675
2562
2428
2259
2039
1752
1402
999
563
125
-292
-669
-1006
-1315
-1600
-1872
-2132
-2378
-2602
-2786
-2914
-2970
-2940
-2833
-2664
-2455
-2222
-1989
-1769
-1565
-1387
-1224
-1069
-916
-758
-595
-434
-287
-165
-72
-8
33
50
56
59
58
65
72
78
88
96
110
137
191
291
444
655
923
1240
1595
1953
2290
2566
2754
2855
2869
2814
2717
2596
2460
2324
2192
2045
1869
1638
1341
985
583
162
-256
-650
-997
-1298
-1546
-1754
-1939
-2112
-2283
-2443
-2576
-2674
-2715
-2692
-2597
-2439
-2239
-2018
-1800
-1603
-1441
-1306
-1186
-1069
-946
-808
-657
-498
-345
-214
-110
-33
16
42
60
79
106
145
198
273
371
491
631
789
970
1179
1426
1706
2001
2294
2558
2759
2886
2930
2886
2766
2593
2391
2183
1977
1781
1590
1385
1154
878
562
208
-173
-562
-935
-1262
-1532
-1739
-1889
-1998
-2082
-2150
-2206
-2255
-2291
-2303
-2282
-2218
-2113
-1963
-1780
-1585
-1394
-1228
-1085
-968
-878
-806
-739
-671
-593
-499
-398
-299
-204
-126
-58
-5
26
47
77
123
200
316
471
671
909
1186
1487
1804
2116
2399
2641
2817
2917
2938
2881
2762
2597
2407
2202
1993
1784
1568
1340
1085
797
476
121
-254
-631
-992
-1318
-1598
-1824
-1996
-2118
-2198
-2245
-2268
-2271
-2264
-2237
-2187
-2107
-1998
-1864
-1706
-1534
-1357
-1192
-1041
-911
-807
-728
-664
-609
-557
-496
-424
-339
-241
-141
-50
29
90
134
170
211
263
345
462
622
833
1092
1397
1732
2073
2394
2665
2859
2963
2975
2899
2749
2545
2309
2077
1856
1647
1450
1247
1028
784
502
181
-179
-560
-935
-1291
-1597
-1837
-2008
-2111
-2164
-2178
-2168
-2149
-2131
-2114
-2103
-2079
-2031
-1957
-1849
-1710
-1549
-1369
-1189
-1019
-878
-772
-696
-646
-608
-577
-543
-486
-405
-295
-155
-4
150
296
426
542
651
765
896
1064
1282
1549
1863
2203
2536
2826
3040
3149
3145
3030
2817
2535
2220
1902
1605
1345
1117
908
708
495
258
-10
-324
-670
-1030
-1382
-1697
-1960
-2150
-2258
-2285
-2245
-2156
-2044
-1926
-1823
-1743
-1686
-1651
-1615
-1572
-1512
-1421
-1304
-1167
-1016
-859
-719
-606
-528
-487
-469
-465
-463
-441
-392
-309
-192
-45
121
298
481
662
837
1021
1219
1437
1686
1961
2249
2537
2789
2984
3096
3105
3012
2823
2555
2236
1897
1559
1245
965
715
494
286
72
-163
-427
-725
-1046
-1372
-1682
-1951
-2158
-2295
-2354
-2336
-2262
-2149
-2015
-1885
-1772
-1676
-1604
-1550
-1499
-1445
-1378
-1294
-1189
-1068
-934
-798
-673
-563
-473
-406
-362
-325
-289
-240
-164
-60
78
246
443
665
905
1156
1418
1687
1958
2228
2484
2705
2881
2998
3037
2993
2868
2665
2402
2098
1771
1443
1128
833
561
309
63
-182
-430
-692
-968
-1239
-1503
-1743
-1943
-2093
-2183
-2214
-2190
-2125
-2030
-1917
-1799
-1685
-1579
-1483
-1391
-1308
-1228
-1143
-1056
-967
-875
-785
-702
-626
-561
-508
-466
-422
-373
-313
-231
-122
16
185
378
588
816
1054
1295
1548
1809
2072
2330
2567
2763
2902
2970
2959
2864
2687
2438
2136
1807
1469
1139
828
543
286
52
-163
-371
-589
-818
-1053
-1290
-1522
-1731
-1902
-2025
-2089
-2088
-2030
-1924
-1784
-1630
-1477
-1334
-1221
-1136
-1079
-1048
-1030
-1014
-991
-953
-900
-836
-765
-687
-611
-547
-489
-438
-391
-338
-268
-179
-68
79
261
475
725
1009
1313
1632
1952
2257
2528
2747
2898
2967
2943
2828
2634
2373
2067
1742
1418
1112
824
566
330
112
-100
-315
-538
-780
-1031
-1289
-1541
-1772
-1965
-2107
-2189
-2201
-2148
-2049
-1912
-1756
-1596
-1447
-1320
-1218
-1141
-1086
-1042
-1003
-964
-921
-869
-807
-733
-651
-567
-484
-400
-317
-238
-154
-63
34
149
281
433
610
813
1041
1292
1563
1839
2108
2356
2555
2692
2756
2741
2643
2467
2232
1953
1646
1336
1041
769
528
315
123
-55
-232
-417
-616
-831
-1060
-1294
-1521
-1728
-1900
-2021
-2084
-2088
-2035
-1932
-1795
-1637
-1468
-1303
-1160
-1045
-959
-907
-878
-860
-849
-835
-808
-759
-691
-598
-486
-363
-230
-99
29
153
269
380
493
621
766
928
1120
1337
1580
1837
2094
2328
2517
2642
2690
2652
2522
2315
2042
1720
1378
1038
714
424
175
-29
-197
-341
-475
-608
-755
-924
-1109
-1306
-1511
-1708
-1880
-2014
-2098
-2115
-2072
-1978
-1839
-1665
-1481
-1299
-1133
-993
-885
-815
-773
-759
-764
-770
-769
-751
-706
-626
-516
-378
-217
-38
147
335
512
676
831
979
1126
1277
1439
1615
1807
2006
2195
2359
2478
2537
2519
2417
2239
1987
1678
1334
979
635
318
39
-192
-376
-519
-635
-735
-832
-932
-1043
-1170
-1306
-1447
-1581
-1692
-1773
-1809
-1795
-1726
-1607
-1444
-1250
-1045
-844
-666
-530
-437
-391
-388
-422
-475
-528
-565
-570
-533
-448
-315
-146
49
259
471
666
842
994
1129
1249
1370
1497
1639
1793
1957
2121
2262
2368
2420
2402
2308
2135
1895
1593
1258
910
568
255
-21
-251
-432
-566
-668
-744
-812
-885
-967
-1064
-1181
-1312
-1442
-1565
-1667
-1725
-1737
-1697
-1606
-1473
-1316
-1151
-996
-872
-791
-757
-765
-812
-883
-956
-1019
-1056
-1052
-996
-890
-730
-528
-296
-45
211
460
691
902
1092
1258
1408
1548
1683
1814
1938
2051
2146
2211
2235
2208
2123
1974
1771
1516
1223
909
590
289
17
-214
-405
-555
-665
-758
-839
-918
-1008
-1108
-1222
-1332
-1436
-1520
-1567
-1576
-1543
-1468
-1360
-1238
-1114
-999
-906
-847
-824
-829
-857
-900
-943
-979
-991
-969
-911
-804
-659
-478
-269
-51
174
388
585
766
924
1062
1191
1314
1438
1567
1696
1817
1920
1995
2031
2014
1940
1806
1618
1383
1119
842
567
318
98
-87
-239
-364
-469
-565
-659
-755
-854
-951
-1041
-1117
-1172
-1199
-1198
-1165
-1108
-1038
-958
-887
-831
-792
-777
-784
-805
-839
-872
-903
-920
-920
-895
-841
-762
-652
-513
-344
-151
53
267
477
678
862
1033
1187
1328
1460
1584
1696
1793
1870
1911
1910
1864
1765
1610
1410
1176
921
658
401
167
-42
-222
-371
-496
-601
-691
-772
-851
-925
-987
-1037
-1070
-1081
-1067
-1032
-982
-914
-841
-770
-709
-662
-630
-616
-619
-638
-668
-700
-733
-756
-761
-742
-694
-614
-501
-355
-183
9
209
408
599
776
935
1075
1198
1307
1401
1485
1555
1602
1622
1612
1558
1453
1298
1094
857
593
321
53
-195
-411
-585
-724
-824
-891
-932
-956
-962
-953
-933
-909
-880
-846
-808
-764
-717
-668
-614
-564
-513
-460
-413
-370
-333
-303
-280
-264
-255
-250
-245
-230
-204
-161
-92
0
120
263
421
586
744
894
1023
1122
1195
1235
1246
1230
1187
1126
1039
926
793
638
467
290
106
-74
-237
-379
-496
-585
-645
-678
-693
-695
-686
-678
-670
-659
-647
-630
-611
-585
-554
-518
-477
-437
-399
-362
-336
-320
-316
-323
-338
-365
-387
-400
-397
-372
-323
-244
-136
-5
147
306
468
620
758
875
969
1038
1080
1101
1097
1072
1021
951
862
753
626
483
333
174
16
-132
-270
-393
-498
-579
-635
-675
-693
-690
-674
-648
-610
-564
-514
-459
-405
-350
-301
-260
-233
-218
-212
-217
-228
-248
-265
-277
-285
-280
-264
-238
-198
-143
-79
-3
78
166
255
343
434
518
595
671
741
801
855
897
926
937
927
897
837
749
635
496
342
182
28
-111
-231
-325
-390
-428
-444
-442
-431
-419
-405
-400
-404
-415
-434
-450
-469
-479
-478
-475
-459
-439
-414
-387
-360
-338
-322
-309
-301
-294
-285
-271
-250
-217
-167
-106
-33
49
139
235
330
424
509
586
655
705
736
745
729
692
632
557
474
383
294
210
130
60
-1
-51
-94
-129
-159
-185
-212
-237
-258
-277
-292
-300
-304
-302
-296
-289
-279
-269
-259
-255
-258
-265
-283
-305
-328
-352
-374
-388
-393
-385
-359
-322
-272
-211
-145
-76
-5
64
128
189
249
309
366
424
480
530
579
615
638
642
629
596
544
474
389
296
203
114
34
-27
-71
-100
-115
-117
-113
-110
-111
-118
-131
-148
-171
-196
-223
-245
-266
-278
-282
-282
-275
-266
-257
-248
-239
-231
-225
-222
-217
-211
-202
-189
-171
-148
-117
-82
-41
7
56
104
148
190
225
252
272
287
297
304
305
302
294
277
257
234
205
178
145
114
90
67
51
39
28
24
18
13
8
-2
-16
-37
-62
-89
-122
-152
-178
-201
-217
-227
-234
-238
-238
-238
-238
-236
-232
-228
-219
-207
-188
-170
-145
-112
-79
-41
1
41
80
116
146
176
197
212
227
230
233
231
226
220
209
194
177
159
144
129
115
102
94
86
84
84
84
86
88
89
88
81
67
47
26
0
-27
-53
-78
-98
-118
-133
-147
-160
-174
-186
-197
-210
-221
-227
-235
-240
-238
-232
-220
-206
-187
-165
-138
-109
-77
-42
-8
26
57
82
105
121
126
125
121
115
107
101
100
103
110
117
124
129
131
131
125
114
102
86
74
63
57
52
48
49
47
42
36
26
14
1
-13
-23
-29
-36
-36
-34
-29
-30
-33
-36
-45
-58
-72
-83
-96
-107
-112
-117
-115
-111
-103
-93
-86
-79
-71
-66
-59
-56
-52
-41
-32
-19
-7
2
12
19
21
26
32
37
51
67
85
105
124
140
153
158
158
147
128
107
85
63
40
20
2
-8
-13
-11
-5
0
9
16
20
22
15
6
-4
-18
-30
-40
-46
-47
-45
-38
-33
-26
-19
-19
-22
-27
-36
-49
-63
-73
-77
-82
-82
-79
-78
-71
-64
-61
-59
-59
-57
-57
-56
-54
-47
-37
-23
-9
12
32
47
62
74
77
79
80
75
72
70
69
68
68
69
69
72
72
69
67
61
57
49
39
28
14
2
-7
-17
-25
-30
-34
-31
-29
-28
-24
-21
-17
-15
-17
-16
-21
-22
-23
-24
-26
-33
-36
-40
-46
-48
-50
-52
-54
-55
-55
-53
-53
-52
-53
-54
-55
-54
-58
-60
-59
-55
-48
-40
-29
-20
-9
2
15
27
40
52
62
73
81
87
91
92
94
93
90
85
82
81
78
79
80
79
80
76
71
65
51
34
16
-2
-19
-32
-45
-51
-49
-44
-37
-26
-12
-4
2
4
-1
-10
-23
-40
-60
-77
-95
-110
-122
-129
-130
-127
-117
-103
-87
-73
-58
-44
-36
-33
-31
-34
-36
-37
-37
-35
-30
-22
-12
2
20
36
53
69
82
93
100
102
102
100
96
92
88
81
77
74
71
66
61
57
54
53
48
43
38
29
22
11
-1
-14
-27
-39
-53
-65
-76
-84
-88
-90
-91
-88
-87
-83
-81
-80
-80
-78
-78
-79
-79
-81
-82
-80
-79
-75
-68
-65
-57
-49
-41
-28
-17
-8
2
10
21
29
40
52
64
77
90
100
109
115
115
118
115
112
110
106
97
89
80
74
69
64
61
59
56
52
42
31
19
5
-9
-27
-45
-64
-81
-99
-113
-121
-131
-138
-140
-144
-147
-144
-144
-140
-133
-126
-121
-112
-100
-92
-84
-74
-62
-46
-31
-14
3
17
32
44
53
61
65
64
60
61
60
57
58
60
64
71
76
83
96
105
115
122
126
128
126
124
119
112
109
104
98
93
85
76
67
54
38
23
5
-16
-33
-53
-74
-92
-110
-123
-134
-143
-146
-146
-142
-136
-124
-115
-104
-90
-77
-67
-56
-42
-27
-13
-1
14
25
41
56
65
79
90
98
105
108
111
114
114
116
114
111
108
105
105
98
97
98
91
86
78
69
62
52
45
37
32
24
17
10
0
-9
-16
-27
-36
-41
-50
-54
-57
-65
-69
-74
-81
-88
-94
-99
-105
-109
-111
-113
-114
-116
-115
-114
-111
-109
-104
-101
-96
-85
-79
-70
-61
-47
-31
-13
7
29
51
71
89
106
119
127
135
138
136
132
126
119
112
106
98
91
86
74
67
60
49
36
23
12
-6
-20
-36
-51
-61
-71
-74
-74
-74
-68
-61
-54
-46
-41
-38
-39
-43
-47
-57
-66
-73
-79
-83
-85
-86
-83
-78
-71
-64
-58
-52
-50
-45
-43
-40
-33
-31
-25
-12
0
17
33
50
68
82
99
114
125
131
134
137
135
134
133
125
119
111
101
91
83
72
62
52
42
31
18
5
-7
-18
-33
-48
-60
-73
-83
-91
-94
-95
-96
-94
-91
-84
-78
-74
-68
-64
-62
-60
-58
-55
-51
-47
-42
-40
-32
-26
-22
-19
-15
-14
-10
-9
-9
-7
-8
-7
-7
-8
-9
-10
-4
-4
1
9
13
24
35
48
62
70
80
87
89
87
81
76
64
53
42
31
23
14
6
-1
-8
-11
-17
-25
-32
-39
-47
-57
-65
-70
-74
-76
-73
-65
-59
-48
-38
-26
-15
-7
3
12
21
27
35
39
43
49
51
52
54
56
56
55
52
49
44
40
37
33
29
22
18
17
15
11
7
5
6
7
10
12
15
17
18
24
25
27
30
28
29
30
29
28
26
23
21
17
12
6
-3
-12
-21
-29
-35
-40
-44
-44
-43
-41
-35
-31
-25
-19
-14
-8
-3
1
6
12
16
23
28
32
35
36
35
35
28
18
10
0
-12
-23
-33
-46
-53
-62
-68
-70
-74
-75
-79
-84
-87
-91
-96
-100
-105
-104
-102
-100
-95
-91
-82
-71
-57
-48
-42
-31
-22
-16
-10
-7
-6
0
0
1
3
2
1
1
1
1
0
0
0
0
0
-2
-6
-6
-9
-13
-15
-18
-17
-11
-6
4
14
22
31
35
40
41
38
34
31
22
15
6
-5
-13
-19
-28
-37
-48
-58
-67
-76
-86
-91
-98
-104
-106
-109
-109
-105
-104
-103
-95
-89
-82
-72
-66
-60
-51
-45
-40
-41
-42
-43
-47
-52
-55
-61
-68
-74
-78
-78
-86
-93
-96
-101
-106
-108
-112
-117
-123
-125
-127
-129
-127
-127
-125
-121
-119
-117
-113
-111
-110
-106
-106
-106
-104
-103
-104
-104
-104
-104
-104
-105
-105
-106
-110
-110
-112
-119
-124
-131
-136
-141
-147
-149
-151
-150
-147
-142
-137
-133
-125
-115
-107
-98
-89
-83
-74
-64
-56
-46
-39
-34
-27
-19
-11
-7
2
10
15
23
23
26
28
28
30
31
33
37
44
51
60
73
86
101
116
130
145
160
173
186
201
213
220
229
237
244
247
249
251
252
253
252
251
251
249
248
244
240
236
231
226
221
217
211
209
207
209
211
212
218
219
220
223
226
228
229
232
235
237
236
237
241
240
236
234
232
228
227
223
220
220
219
219
221
220
220
224
227
231
235
239
245
251
256
260
264
266
271
278
280
285
288
289
290
288
286
279
272
266
254
242
232
224
211
198
189
177
165
150
136
124
107
95
82
70
61
50
43
35
30
24
18
12
6
4
0
-2
-5
-8
-9
-8
-8
-6
-3
-1
-1
1
-1
0
-1
-3
-2
-4
-5
-7
-11
-15
-16
-16
-18
-18
-20
-23
-25
-23
-21
-26
-29
-31
-34
-39
-46
-48
-55
-60
-64
-72
-80
-90
-99
-109
-117
-127
-137
-145
-155
-164
-172
-179
-189
-196
-206
-215
-221
-227
-234
-238
-239
-242
-240
-237
-236
-234
-234
-229
-221
-218
-214
-208
-201
-193
-186
-179
-173
-165
-157
-149
-138
-131
-125
-119
-115
-109
-108
-108
-109
-110
-110
-113
-114
-115
-119
-118
-117
-119
-119
-120
-122
-124
-127
-128
-130
-133
-137
-139
-142
-144
-148
-150
-151
-153
-156
-159
-161
-163
-165
-166
-169
-169
-173
-176
-176
-182
-182
-185
-186
-185
-188
-182
-179
-177
-174
-171
-164
-162
-155
-150
-145
-137
-130
-120
-112
-106
-97
-89
-81
-76
-71
-68
-64
-58
-56
-51
-47
-48
-46
-48
-48
-49
-52
-58
-61
-67
-72
-75
-79
-80
-82
-82
-79
-79
-76
-75
-71
-70
-68
-65
-64
-64
-65
-66
-67
-65
-64
-66
-66
-64
-63
-60
-57
-56
-55
-53
-51
-50
-45
-43
-39
-34
-34
-32
-29
-23
-19
-13
-5
0
8
12
18
24
27
33
37
38
40
39
37
37
37
38
42
44
46
49
52
52
52
54
52
47
45
45
44
42
37
37
38
36
41
42
43
46
46
49
51
52
54
55
56
56
58
59
60
65
69
71
76
77
75
75
75
74
74
72
67
63
58
57
59
58
58
61
59
59
62
62
67
70
70
73
74
74
75
76
78
81
80
81
80
77
76
74
69
63
56
49
42
36
32
30
27
21
21
19
20
19
18
22
24
23
27
31
35
39
44
44
48
55
57
59
59
60
59
56
54
53
52
50
49
47
43
40
34
28
24
18
16
14
11
10
9
9
8
7
7
6
2
2
3
0
0
-1
0
2
4
8
13
11
8
9
7
10
12
14
17
19
22
24
23
26
26
28
28
26
26
24
22
20
20
19
15
16
19
19
19
20
24
23
22
24
23
24
26
29
29
28
31
31
32
33
32
32
27
24
21
17
12
11
10
7
5
1
1
1
1
-1
-2
2
2
5
9
9
11
15
16
20
24
27
30
31
36
36
35
37
39
38
37
36
36
30
25
22
18
13
7
5
2
-3
-3
-6
-7
-9
-13
-14
-14
-17
-18
-17
-19
-17
-18
-20
-17
-13
-11
-8
-6
-4
-2
-3
0
3
1
2
4
2
2
1
-2
-3
-6
-11
-11
-16
-19
-20
-23
-21
-22
-24
-25
-26
-28
-25
-22
-22
-20
-17
-13
-11
-7
-3
-1
3
3
7
11
8
5
3
0
-1
-6
-11
-16
-21
-24
-30
-36
-37
-41
-44
-45
-44
-45
-50
-50
-46
-43
-39
-38
-32
-28
-25
-22
-18
-14
-8
-2
5
9
13
14
14
15
16
16
14
11
8
2
2
-2
-4
-9
-15
-14
-17
-20
-21
-25
-27
-30
-29
-31
-30
-28
-27
-24
-21
-16
-12
-10
-6
-3
-2
3
3
2
4
4
1
-4
-9
-11
-12
-16
-18
-21
-25
-29
-32
-33
-36
-38
-37
-37
-34
-33
-32
-26
-23
-18
-13
-6
1
6
13
19
23
26
28
30
32
32
35
36
33
30
28
25
19
13
8
3
0
-5
-11
-18
-23
-30
-35
-38
-41
-42
-42
-42
-41
-37
-34
-31
-27
-22
-17
-13
-5
-1
0
4
7
8
8
6
8
9
8
8
8
6
4
1
-1
-2
-10
-13
-14
-19
-22
-22
-24
-27
-23
-20
-18
-14
-10
-5
0
5
10
13
15
19
22
23
22
25
24
22
21
17
14
11
5
-1
-8
-12
-19
-25
-30
-35
-36
-37
-38
-41
-41
-36
-34
-28
-26
-21
-14
-8
-5
0
6
11
17
22
28
30
34
38
37
35
34
33
30
28
25
22
17
12
6
1
-1
-5
-8
-11
-13
-13
-14
-12
-9
-8
-7
-4
0
4
6
10
14
19
22
23
25
27
27
28
30
31
28
28
27
23
21
15
10
8
3
-1
-5
-8
-10
-12
-13
-10
-7
-5
-1
3
8
13
16
21
26
29
33
36
38
39
38
38
40
35
33
30
24
19
13
11
5
-3
-7
-11
-15
-19
-25
-31
-32
-31
-35
-35
-36
-34
-30
-31
-29
-27
-25
-21
-19
-15
-12
-9
-7
-7
-6
-8
-7
-8
-11
-12
-16
-20
-25
-29
-33
-39
-43
-47
-52
-57
-60
-63
-65
-68
-66
-67
-66
-67
-67
-66
-63
-61
-57
-54
-54
-50
-49
-49
-44
-45
-46
-47
-49
-49
-53
-58
-61
-68
-71
-75
-84
-89
-94
-98
-98
-103
-107
-104
-104
-102
-100
-98
-96
-92
-85
-78
-77
-74
-69
-64
-57
-53
-50
-48
-45
-43
-41
-40
-39
-42
-43
-43
-45
-46
-48
-50
-53
-54
-56
-57
-60
-62
-62
-61
-59
-58
-59
-56
-53
-49
-43
-42
-37
-31
-29
-20
-14
-11
-4
0
3
7
7
6
9
8
8
9
5
6
4
3
6
5
2
3
3
6
8
9
13
15
19
24
27
32
40
44
51
59
63
67
70
74
77
79
80
78
80
80
79
75
71
69
65
58
56
52
47
45
44
42
41
41
39
40
41
41
45
45
45
51
53
56
59
60
66
69
76
82
81
84
87
88
89
88
88
87
85
81
79
77
73
70
69
65
61
60
57
55
56
59
61
62
65
67
70
74
81
85
87
92
91
94
97
96
96
98
100
96
96
96
95
95
91
88
85
80
78
74
71
66
64
63
61
58
58
59
60
60
62
62
63
70
72
75
80
83
86
87
92
95
96
99
98
100
99
94
95
94
91
87
86
83
77
76
73
69
66
62
61
59
57
58
58
58
60
59
59
59
64
64
65
64
63
64
63
64
61
58
56
52
51
46
41
37
31
24
18
14
8
2
-1
-4
-8
-13
-14
-14
-15
-17
-19
-19
-22
-25
-26
-26
-22
-21
-23
-24
-24
-24
-24
-25
-26
-25
-24
-28
-30
-29
-30
-33
-36
-38
-41
-44
-45
-49
-52
-55
-55
-57
-58
-62
-65
-63
-63
-61
-60
-59
-57
-58
-57
-57
-57
-56
-56
-56
-55
-55
-53
-51
-52
-54
-54
-55
-54
-56
-56
-56
-58
-60
-58
-58
-58
-55
-51
-47
-44
-41
-39
-37
-34
-34
-31
-26
-23
-18
-14
-10
-5
-1
0
2
2
4
8
8
7
7
6
4
3
2
-1
-2
-4
-4
-5
-5
-6
-4
-2
-4
-7
-7
-7
-8
-7
-6
-7
-5
-3
-4
-1
-1
2
2
2
3
2
5
6
7
10
8
8
8
4
6
7
7
7
6
3
1
3
2
6
6
4
5
5
7
7
5
7
8
9
6
6
7
7
9
8
7
6
9
7
5
3
1
0
-1
-4
-7
-10
-12
-18
-21
-24
-28
-32
-37
-39
-44
-46
-48
-49
-52
-53
-54
-53
-54
-53
-52
-50
-48
-46
-44
-41
-41
-39
-34
-32
-30
-27
-24
-22
-20
-18
-18
-17
-17
-18
-16
-14
-11
-10
-11
-11
-10
-10
-14
-13
-15
-15
-16
-19
-17
-16
-19
-19
-20
-23
-23
-24
-28
-29
-29
-30
-30
-34
-35
-36
-41
-42
-42
-45
-47
-49
-49
-51
-51
-52
-55
-53
-54
-56
-55
-54
-53
-52
-52
-51
-48
-48
-48
-44
-42
-39
-35
-32
-31
-28
-23
-22
-19
-20
-21
-19
-18
-20
-20
-20
-22
-21
-23
-25
-24
-25
-25
-29
-32
-34
-37
-35
-34
-35
-34
-33
-32
-30
-27
-29
-27
-25
-25
-26
-26
-24
-23
-19
-16
-15
-12
-8
-7
-5
-4
-1
2
2
1
-1
-2
0
3
4
3
1
3
4
4
4
4
6
9
10
12
12
13
15
17
20
23
22
25
27
28
31
29
28
29
26
26
27
26
27
26
28
29
28
29
28
27
24
24
23
22
23
22
20
22
21
19
22
22
24
23
24
25
27
28
29
29
29
28
31
33
34
32
32
35
35
32
28
27
26
27
27
23
21
22
20
20
20
15
14
14
14
11
10
10
10
9
8
5
6
8
7
7
3
2
1
-1
-5
-10
-11
-14
-17
-18
-23
-24
-25
-28
-32
-37
-41
-44
-45
-49
-51
-53
-57
-58
-61
-64
-64
-67
-67
-70
-75
-74
-74
-75
-72
-74
-75
-75
-76
-76
-76
-74
-75
-76
-76
-77
-77
-77
-77
-75
-77
-77
-73
-74
-73
-74
-75
-73
-73
-72
-70
-72
-73
-71
-70
-74
-75
-72
-74
-72
-74
-76
-75
-74
-74
-75
-77
-75
-78
-77
-77
-78
-77
-80
-79
-78
-81
-76
-74
-74
-70
-73
-67
-64
-61
-55
-56
-53
-49
-46
-41
-40
-36
-31
-28
-22
-18
-12
-8
-3
2
3
7
10
13
18
19
22
29
31
33
37
37
40
45
45
44
48
50
49
54
55
55
57
61
63
65
64
68
70
68
73
72
74
78
76
76
77
77
80
79
78
79
83
86
88
91
94
97
101
100
103
106
105
111
116
117
119
122
125
129
130
133
135
136
140
142
142
147
149
150
153
153
153
156
157
159
159
159
161
163
163
163
164
162
160
161
160
159
159
161
159
158
157
155
153
147
145
143
140
138
137
136
135
135
135
133
130
128
127
126
125
123
122
120
118
117
116
113
111
109
110
109
108
106
104
103
98
97
94
87
86
84
79
78
75
73
71
68
63
56
53
48
42
38
33
30
28
24
25
19
14
12
8
5
0
-4
-6
-10
-15
-18
-20
-22
-25
-28
-31
-34
-38
-41
-44
-47
-49
-50
-52
-56
-59
-63
-62
-62
-64
-64
-65
-66
-66
-64
-64
-68
-67
-66
-65
-65
-66
-63
-62
-63
-63
-64
-65
-66
-68
-69
-72
-73
-73
-74
-74
-74
-76
-76
-76
-78
-78
-81
-81
-86
-89
-85
-86
-87
-87
-88
-86
-86
-85
-84
-82
-82
-82
-80
-80
-79
-76
-75
-74
-74
-71
-68
-66
-65
-65
-63
-65
-68
-66
-69
-70
-68
-69
-67
-64
-63
-63
-61
-61
-59
-57
-59
-57
-56
-57
-53
-52
-53
-55
-54
-55
-56
-54
-56
-54
-52
-53
-52
-53
-52
-52
-54
-54
-55
-53
-55
-54
-52
-53
-53
-50
-49
-49
-46
-47
-45
-43
-41
-38
-33
-31
-27
-24
-21
-21
-21
-19
-18
-19
-21
-22
-22
-22
-21
-21
-20
-22
-22
-22
-22
-21
-23
-22
-23
-25
-25
-27
-27
-27
-30
-29
-31
-35
-33
-31
-31
-31
-31
-32
-32
-31
-33
-36
-37
-36
-38
-39
-39
-39
-38
-41
-44
-46
-49
-49
-49
-46
-47
-45
-43
-45
-45
-46
-45
-42
-42
-42
-42
-44
-42
-43
-43
-43
-42
-43
-45
-44
-45
-45
-45
-46
-46
-45
-47
-51
-52
-54
-54
-54
-58
-56
-58
-58
-57
-59
-61
-58
-58
-59
-57
-56
-53
-54
-55
-53
-50
-49
-46
-44
-43
-41
-40
-40
-39
-36
-36
-34
-32
-31
-29
-28
-26
-26
-24
-22
-19
-18
-15
-11
-11
-9
-10
-10
-8
-5
-1
3
7
10
13
18
19
20
23
25
25
27
30
31
32
32
34
37
34
35
35
36
42
44
45
46
46
47
48
51
52
52
53
57
57
57
58
55
56
56
54
53
53
55
54
55
55
56
56
56
59
58
59
59
55
55
56
56
54
49
45
44
45
43
41
39
35
36
34
33
30
29
30
28
27
27
25
25
26
24
24
21
19
17
15
13
11
11
8
5
6
6
4
3
0
-4
-3
-5
-8
-10
-13
-14
-17
-20
-20
-20
-20
-25
-24
-26
-27
-27
-31
-28
-27
-30
-28
-30
-34
-34
-32
-33
-31
-31
-30
-31
-33
-33
-34
-35
-33
-36
-38
-37
-38
-34
-34
-35
-32
-33
-32
-32
-31
-30
-29
-27
-26
-24
-21
-20
-17
-14
-14
-9
-7
-5
-2
2
3
5
7
9
13
13
12
14
14
15
17
18
19
23
25
25
26
28
29
34
35
34
37
37
39
40
39
44
45
45
47
48
53
57
53
55
55
56
56
59
60
59
58
56
58
57
52
53
53
52
51
51
50
48
51
51
50
50
49
50
48
47
45
42
43
40
39
38
36
32
33
32
27
26
25
21
18
16
15
13
10
9
9
5
1
1
0
0
0
-4
-8
-9
-11
-12
-12
-14
-14
-14
-14
-13
-12
-11
-10
-9
-9
-10
-10
-10
-10
-8
-9
-9
-8
-8
-7
-9
-10
-10
-12
-9
-11
-11
-10
-12
-13
-16
-15
-13
-15
-13
-14
-15
-14
-15
-11
-10
-9
-8
-7
-6
-6
-5
-4
-4
-4
-6
-4
-4
-5
-4
-8
-8
-8
-8
-6
-6
-5
-6
-5
-3
-2
-1
2
6
7
6
7
7
9
7
5
5
5
5
3
4
3
1
4
5
5
5
2
2
1
1
-1
-3
-3
-4
-4
-4
-7
-8
-13
-15
-14
-16
-18
-20
-21
-21
-18
-17
-18
-20
-20
-22
-21
-16
