2
1
1
-2
-1
-1
-2
-2
-1
0
-1
0
-1
2
6
6
5
8
10
9
9
8
9
8
8
8
8
4
7
8
9
9
8
8
7
4
2
1
2
-1
-3
-2
-6
-8
-6
-7
-6
-6
-6
-6
-6
-6
-5
-6
-7
-5
-6
-8
-5
-5
-5
-3
-1
0
0
-2
-3
-3
-4
-4
-5
-6
-5
-5
-4
-2
-4
-7
-8
-6
-7
-7
-4
-4
-5
-5
-5
-3
-4
-3
-1
-1
1
0
0
3
2
1
2
4
3
1
2
3
0
0
-2
-5
-3
-6
-4
-1
-3
1
1
0
-1
-5
-4
-3
-2
-2
0
2
4
2
1
3
1
-1
1
-2
-2
0
1
1
-1
0
1
1
1
-1
-2
0
1
-2
-1
-1
0
-1
-1
1
2
3
5
5
5
5
4
6
4
1
3
2
3
3
0
1
-1
-3
-3
-5
-4
-6
-7
-7
-6
-4
-6
-6
-2
-4
-5
-3
-3
0
2
1
6
6
6
8
9
10
8
8
8
7
5
7
7
3
0
0
0
-1
-2
-1
0
-2
-1
-2
-3
-6
-9
-10
-9
-8
-6
-4
-2
-3
-5
-4
-6
-5
-2
-3
0
-1
1
3
4
6
5
5
1
-1
1
0
4
3
5
8
8
7
5
4
4
1
1
-1
-2
-1
-1
2
2
2
2
5
9
8
10
9
5
6
9
8
7
8
8
7
8
8
9
10
11
10
10
7
5
6
7
9
5
4
4
0
1
-1
-2
-4
-7
-6
-7
-8
-8
-7
-6
-7
-10
-9
-10
-8
-7
-8
-9
-10
-9
-8
-7
-6
-6
-3
-2
-2
1
1
-1
1
-2
-4
-4
-5
-2
0
0
-2
-2
-2
-3
-5
-6
-4
-5
-7
-5
-7
-7
-5
-5
-6
-8
-8
-8
-7
-6
-7
-4
-2
-3
-2
-4
-3
-4
-3
0
1
4
3
2
3
4
2
4
5
3
7
9
8
10
8
9
10
8
7
5
4
7
9
11
10
8
9
5
3
6
2
3
4
3
4
3
-1
1
2
2
2
1
2
2
6
6
4
2
1
1
3
4
2
2
2
2
3
4
4
2
2
2
0
0
0
1
2
0
-1
-3
-2
-3
-3
0
-2
-4
-5
-3
-1
-3
-2
-2
-3
-3
-5
-4
-3
-2
0
0
-1
-3
-4
-3
-3
0
-2
-2
-2
-6
-5
-5
-8
-6
-4
-3
-2
-1
2
4
5
1
3
1
-3
-1
0
-1
-1
-1
-2
0
0
0
0
-2
-1
-1
-2
-2
-2
-2
-3
-4
-3
-5
-4
-2
-3
-2
0
0
1
3
3
2
1
3
2
2
5
4
4
5
6
4
3
4
3
2
3
4
5
5
5
5
5
5
5
4
4
3
1
1
1
0
2
1
1
2
3
3
4
3
5
5
6
4
2
4
2
2
0
1
4
7
5
4
3
1
1
-3
-5
-5
-5
-7
-6
-5
-6
-6
-9
-9
-9
-11
-11
-10
-12
-11
-11
-11
-10
-10
-11
-9
-7
-5
-5
-3
-1
-2
-1
0
0
1
1
-1
-1
-2
-3
-6
-11
-9
-10
-13
-9
-8
-8
-7
-7
-7
-6
-7
-6
-5
-8
-5
-2
-3
-1
-2
-1
0
1
-2
-4
-3
-2
-1
3
5
4
3
5
5
1
-1
-2
-3
-3
-4
-3
-3
-2
0
2
1
2
3
2
2
4
7
9
8
11
11
11
11
9
10
9
9
10
13
15
16
17
15
16
13
13
13
12
10
9
9
8
8
7
7
5
5
4
1
1
2
3
4
3
5
5
5
7
8
7
12
10
9
10
8
8
6
6
7
7
3
3
3
1
0
-1
-3
-5
-5
-5
-6
-8
-6
-6
-6
-4
-7
-10
-10
-12
-13
-12
-14
-12
-10
-11
-9
-5
-4
-2
-4
-6
-6
-4
-2
-4
-3
-5
-5
-6
-9
-7
-6
-6
-6
-6
-5
-4
-3
-2
-2
-1
-1
0
0
-3
-5
-4
-5
-5
-8
-8
-6
-5
-2
-2
-2
-2
-2
-1
-2
0
-4
-5
-3
-3
-3
-1
-1
1
2
1
1
1
2
4
5
5
7
4
6
6
8
8
4
4
3
1
0
2
2
2
6
4
2
2
3
3
3
4
3
5
2
0
1
1
0
0
2
3
4
3
1
2
3
1
-1
-1
-2
-2
-3
-4
-4
-4
-2
-1
-2
-1
-2
-2
-2
-2
-1
0
-1
1
2
2
1
1
-1
0
2
4
6
6
6
6
6
6
3
1
1
2
-1
-3
-1
-3
-6
-7
-8
-9
-10
-8
-9
-8
-7
-9
-9
-11
-11
-13
-14
-17
-16
-15
-15
-12
-11
-13
-14
-13
-15
-15
-12
-11
-10
-8
-7
-9
-7
-8
-10
-9
-10
-11
-12
-8
-6
-7
-8
-5
-4
-6
-6
-5
-3
-4
-2
0
2
3
4
6
7
4
4
7
8
9
9
11
13
15
16
14
15
14
11
10
10
8
7
7
5
6
3
2
4
1
-1
0
0
-1
-1
1
4
1
2
4
3
2
2
2
1
2
3
5
6
5
5
6
6
10
11
8
9
9
9
7
4
3
2
1
0
0
-1
0
2
2
2
5
5
3
5
7
8
6
8
11
13
10
9
9
9
6
6
5
0
2
0
2
4
-1
-1
-1
-2
-3
-6
-5
-5
-9
-7
-7
-9
-9
-10
-11
-9
-7
-6
-4
-3
-4
-2
-2
0
1
1
1
0
-1
-2
-3
-2
-1
-1
0
-1
-3
-2
-4
-6
-4
-7
-5
-5
-5
-1
0
1
3
3
3
1
0
0
-1
-2
-1
-1
0
3
5
7
6
7
8
9
8
6
7
5
5
8
6
6
5
4
4
3
2
1
3
6
5
3
4
1
2
1
0
1
1
0
2
0
1
1
-3
-3
-6
-9
-8
-11
-11
-8
-6
-5
-2
-4
-4
-4
-5
-5
-5
-8
-6
-3
-3
-1
2
3
4
4
1
2
2
2
6
4
6
5
4
5
4
3
1
0
1
2
3
3
1
0
0
-1
0
1
2
6
7
6
9
8
10
10
9
9
6
5
5
6
6
3
2
1
2
1
1
1
-1
-2
-2
-5
-5
-4
-4
-3
-4
-5
-4
-3
-2
-5
-3
-4
-2
-3
-2
0
-2
-2
-1
0
1
4
3
4
5
3
2
1
0
-1
0
0
2
0
3
4
3
4
2
1
1
0
0
0
-1
-4
-4
-3
-5
-7
-7
-10
-9
-8
-8
-7
-9
-9
-8
-8
-9
-5
-3
-4
-5
-9
-10
-12
-13
-8
-8
-11
-11
-10
-9
-10
-10
-7
-7
-4
-5
-8
-6
-7
-8
-5
-6
-4
-3
-5
-4
-4
-4
-2
-1
0
3
4
7
6
5
6
7
4
3
3
3
4
5
7
8
8
6
8
5
4
5
6
9
10
10
12
11
7
5
4
3
4
3
2
3
2
0
-1
-1
1
3
5
5
5
8
12
11
11
12
12
12
11
10
8
9
10
11
13
12
10
10
11
10
8
5
5
8
10
9
11
9
8
9
7
5
4
2
3
3
1
0
-1
-2
0
-1
-4
-7
-7
-7
-7
-8
-9
-10
-9
-8
-11
-13
-14
-13
-11
-10
-9
-10
-12
-13
-12
-12
-13
-15
-14
-13
-13
-10
-10
-10
-10
-10
-9
-10
-8
-8
-10
-9
-8
-8
-5
-3
-3
-4
-4
-5
-4
-3
-3
-2
-2
-3
-4
-3
-5
-5
-4
-3
-5
-5
-2
-1
-2
-2
-5
-4
-4
-2
-1
-3
-2
1
2
2
0
2
3
2
2
3
2
1
4
8
8
7
7
9
8
9
7
4
6
7
5
2
0
0
1
4
6
6
5
7
8
5
4
3
3
6
4
3
2
0
3
4
4
6
2
1
0
0
0
1
3
5
6
4
5
8
8
9
11
9
8
8
8
5
1
0
-2
-4
-2
-2
-3
-5
-7
-5
-3
-5
-7
-5
-7
-9
-9
-9
-9
-8
-4
-5
-7
-5
-6
-7
-6
-8
-6
-6
-9
-4
-5
-5
-3
-7
-4
-6
-7
-4
-5
-5
-5
-2
2
2
2
-1
1
2
0
2
4
5
5
4
2
3
5
2
0
1
1
-1
-1
0
2
0
0
1
-2
-3
-2
-1
-1
-1
1
2
0
2
2
4
5
1
3
4
4
5
5
4
1
2
4
5
3
3
3
4
1
1
5
6
3
2
0
0
-1
-2
-1
-1
-2
-3
-5
-2
0
0
0
-2
-3
-2
-1
-1
-2
-2
-1
-2
0
1
1
2
-1
0
0
-1
0
0
1
2
2
6
6
7
8
6
5
5
6
5
4
4
4
3
1
-1
0
-3
0
-1
-2
0
2
2
1
2
3
3
4
3
1
-1
-4
-2
-3
-5
-6
-6
-5
-7
-8
-9
-10
-7
-9
-9
-7
-6
-6
-4
-1
-2
-3
-1
0
0
2
2
2
2
4
5
1
0
2
3
3
2
3
1
1
0
-1
-1
-5
-4
-2
-3
-1
-1
2
4
3
3
0
2
0
1
0
-2
-1
0
-1
-1
-1
-2
-2
2
1
1
0
2
2
-2
-2
0
2
2
0
-2
-3
-3
-3
-2
1
-1
-1
1
1
-3
-3
-3
-3
0
0
2
3
1
4
1
-1
-1
-2
1
-1
-1
-2
-2
-2
-5
-3
-4
-5
-5
-3
-2
-2
-1
0
4
2
0
-1
-1
-1
2
3
3
5
4
3
4
2
0
0
-1
-3
-6
-5
-4
-6
-6
-5
-5
-4
-5
-5
-3
-2
-4
-2
2
-1
0
1
-1
1
0
1
3
4
0
-2
-4
-5
-3
0
-1
-1
-2
1
-1
-1
-2
-2
-4
-4
-1
0
-2
2
4
4
6
6
8
8
6
7
8
9
9
10
5
4
4
2
4
6
6
5
6
6
6
6
7
7
6
8
6
3
2
0
0
2
-1
0
3
1
-2
1
-1
-1
1
-1
-2
-3
-2
-2
-4
-5
-6
-5
-5
-6
-5
-6
-2
-1
-4
-1
-3
-3
-1
-4
-4
-2
-3
-4
-4
-2
-6
-7
-7
-6
-5
-7
-4
-3
-4
-3
-4
-5
-5
-6
-6
-2
-3
-1
1
-1
-1
0
-2
0
3
1
3
3
0
1
1
1
1
2
3
1
4
4
3
6
9
6
4
3
0
2
3
2
0
1
4
4
3
2
2
3
5
6
7
4
3
2
-1
-4
-5
-4
-3
-4
-3
0
0
1
3
5
6
7
7
8
7
7
9
10
13
10
9
7
8
10
11
11
11
12
9
10
7
5
6
2
3
3
2
2
4
2
0
0
-1
-1
-2
-5
-4
-4
-3
-5
-4
-6
-7
-8
-8
-9
-11
-11
-7
-9
-6
-6
-8
-6
-7
-6
-6
-7
-8
-5
-5
-6
-4
-8
-7
-3
-3
-2
-6
-7
-5
-8
-6
-5
-4
-2
0
-3
-3
-2
-3
1
4
4
6
5
7
9
7
5
3
3
5
6
5
4
5
6
3
4
6
6
6
7
7
6
6
5
6
5
4
3
5
5
4
7
7
6
9
8
7
6
3
3
7
7
7
7
4
5
4
1
2
3
4
5
5
3
1
-1
-3
-2
-2
-2
-1
-3
-4
-2
-4
-5
-6
-3
-5
-6
-6
-6
-5
-7
-6
-6
-8
-8
-10
-9
-8
-7
-6
-3
-3
-5
-4
-4
-5
-3
-2
-1
1
0
0
-2
-2
-4
-2
2
1
3
4
5
5
4
4
6
4
4
3
1
0
0
-1
1
1
0
2
3
2
3
4
4
4
3
5
2
0
-1
-2
-1
0
-2
-4
-7
-8
-8
-8
-11
-11
-9
-11
-11
-10
-12
-13
-8
-9
-9
-6
-8
-5
-3
-7
-5
-7
-9
-4
-7
-8
-6
-5
-5
-4
-3
-1
-1
-1
4
3
3
9
6
8
8
5
8
7
8
11
10
10
10
10
11
9
11
10
10
9
10
10
10
7
5
5
5
5
3
1
1
-1
0
-4
-5
-2
-5
-3
-4
-4
-3
-6
-6
-8
-9
-11
-10
-10
-13
-8
-6
-6
-4
-4
-4
-3
-3
-3
-4
-2
-2
-3
-2
-1
-1
-1
-1
-2
1
-1
-3
0
0
-1
-2
-2
0
-1
-3
-1
-3
-2
0
-5
-3
-1
-5
-4
-5
-6
-3
-6
-6
-5
-7
-7
-6
-7
-5
-6
-6
-3
-5
-9
-6
-7
-8
-5
-6
-2
-5
-6
-1
-4
-3
-1
-1
2
2
2
2
3
4
8
7
7
10
8
7
8
7
7
9
9
10
12
8
7
9
7
9
9
8
8
9
9
7
8
8
3
6
6
8
8
5
8
8
10
11
9
10
8
10
6
3
3
-1
-1
-2
-5
-6
-7
-4
-5
-4
-2
-3
-3
-3
-4
-4
-3
0
1
2
1
1
-2
-1
0
-1
0
-1
0
2
0
0
0
-1
-2
-4
-4
-3
-4
-2
-2
-2
-3
-3
-9
-6
-5
-7
-5
-7
-4
-4
-6
-3
-6
-7
-5
-7
-8
-9
-10
-10
-8
-6
-8
-8
-8
-8
-9
-8
-9
-9
-5
-1
-3
1
2
1
3
4
3
3
2
4
5
2
5
3
1
4
4
6
7
5
5
5
10
10
10
11
9
11
12
14
13
10
12
9
12
13
11
11
9
7
6
7
7
4
6
6
6
3
0
0
-2
-1
-3
-3
-4
-3
-4
-6
-6
-6
-7
-4
-2
-2
-3
-2
-2
-4
-3
-4
-5
-5
-4
-4
-4
1
0
0
0
1
1
1
0
1
2
4
3
3
1
0
0
-3
-3
-2
0
-2
1
0
0
3
-1
-3
1
0
0
0
1
3
7
1
-2
-3
-7
-2
-1
-1
-3
-2
-1
-2
-3
0
-1
-4
-4
-2
-3
-1
-2
-4
-4
-4
-4
-2
-3
-4
-6
-6
-5
-5
-8
-9
-7
-6
-4
-7
-6
-5
-5
-1
0
-2
-1
2
-1
1
2
1
0
1
1
1
2
1
-1
-2
0
1
1
2
0
2
4
5
6
6
7
6
4
3
3
3
1
3
3
4
6
9
10
6
7
6
7
6
5
6
3
3
4
1
2
1
0
2
3
3
7
2
1
2
0
2
4
3
1
1
1
0
-1
-3
-5
-6
-3
-1
-1
0
0
-2
-2
-3
-2
-4
-9
-8
-7
-10
-8
-10
-11
-7
-8
-5
-2
-4
-2
-1
-3
-1
-2
-1
3
3
5
8
8
8
10
10
11
10
10
10
10
11
9
10
13
13
12
11
11
12
12
8
3
0
-2
-7
-11
-15
-19
-21
-25
-26
-29
-30
-30
-35
-37
-35
-37
-36
-37
-36
-34
-35
-34
-32
-31
-29
-29
-31
-26
-22
-21
-17
-14
-8
-5
-1
6
13
21
26
28
36
45
51
53
59
65
70
77
82
83
86
91
93
95
98
95
93
94
88
84
77
69
64
57
52
43
34
26
17
6
-3
-15
-24
-28
-41
-51
-61
-75
-85
-96
-107
-114
-121
-128
-135
-142
-148
-150
-154
-159
-162
-162
-160
-159
-155
-149
-140
-130
-124
-118
-107
-97
-86
-75
-59
-45
-29
-13
4
20
38
55
74
96
117
135
152
167
183
197
212
226
236
247
253
258
262
261
259
252
244
234
224
209
191
175
155
134
113
89
64
40
12
-14
-41
-68
-92
-119
-144
-167
-192
-212
-232
-247
-261
-274
-285
-291
-298
-301
-300
-299
-296
-290
-280
-272
-261
-247
-229
-211
-190
-167
-143
-116
-91
-70
-42
-17
10
41
66
92
122
148
173
201
225
248
272
293
312
329
346
358
365
373
375
378
377
370
365
354
336
315
294
270
241
208
175
140
104
70
34
-3
-34
-70
-101
-134
-168
-194
-224
-250
-274
-299
-320
-339
-355
-370
-382
-389
-396
-398
-396
-394
-393
-390
-382
-374
-362
-349
-331
-312
-291
-269
-246
-220
-192
-164
-135
-108
-79
-49
-19
10
42
72
101
134
164
196
231
262
291
322
354
382
409
434
455
477
496
508
518
523
523
518
507
495
476
450
422
386
348
308
261
213
164
114
61
9
-43
-99
-152
-200
-248
-292
-331
-369
-402
-426
-448
-466
-480
-490
-491
-489
-487
-478
-469
-455
-437
-419
-397
-373
-349
-321
-291
-262
-231
-201
-166
-135
-103
-71
-43
-12
14
41
66
86
107
128
146
165
178
192
206
220
231
244
256
262
274
283
289
301
310
317
323
328
330
329
329
327
321
315
305
293
278
260
241
222
199
178
150
119
92
61
30
2
-29
-57
-85
-112
-139
-161
-186
-209
-227
-248
-264
-275
-287
-299
-312
-318
-324
-330
-331
-333
-332
-329
-326
-319
-312
-302
-292
-281
-265
-249
-232
-214
-194
-174
-154
-133
-111
-87
-65
-42
-18
6
32
59
85
111
136
166
194
223
250
274
299
326
350
377
401
422
443
460
475
491
501
508
510
506
502
490
475
455
431
406
375
338
299
256
214
165
115
66
16
-35
-90
-140
-188
-239
-282
-328
-372
-412
-450
-484
-517
-543
-569
-591
-608
-623
-632
-638
-644
-643
-639
-631
-619
-605
-585
-561
-533
-505
-471
-437
-400
-360
-317
-271
-224
-173
-122
-69
-12
44
102
160
220
282
340
398
460
517
575
632
680
726
766
796
820
838
849
855
850
841
825
798
768
727
678
628
568
506
439
368
298
224
146
73
-2
-77
-147
-216
-281
-342
-400
-451
-500
-542
-579
-608
-634
-653
-668
-676
-677
-675
-666
-651
-635
-617
-596
-571
-544
-517
-489
-459
-428
-396
-366
-331
-297
-264
-231
-197
-161
-127
-96
-67
-35
-1
30
62
92
122
151
180
207
234
263
294
321
349
380
407
444
476
505
539
569
595
622
645
666
682
697
709
713
712
704
684
663
632
592
550
497
440
379
311
240
166
92
15
-64
-141
-216
-289
-360
-424
-483
-540
-587
-632
-668
-697
-718
-731
-741
-746
-743
-734
-718
-697
-676
-647
-614
-584
-549
-510
-468
-423
-379
-335
-289
-241
-197
-152
-106
-65
-26
10
38
69
94
117
140
155
170
179
186
191
194
199
200
204
211
218
228
239
254
271
290
314
340
367
401
434
467
502
532
561
583
597
609
613
612
606
591
568
535
496
452
401
341
279
211
137
69
-2
-75
-145
-213
-279
-340
-401
-455
-506
-553
-589
-624
-650
-668
-684
-689
-694
-692
-681
-671
-652
-633
-611
-582
-553
-518
-481
-440
-399
-359
-318
-275
-228
-185
-145
-103
-66
-28
8
40
73
105
132
158
180
201
220
238
258
273
289
304
317
332
343
356
372
383
397
411
423
440
451
462
474
483
491
494
497
501
498
495
489
480
469
446
423
396
365
328
285
242
193
141
85
25
-32
-94
-156
-215
-276
-332
-386
-438
-485
-532
-572
-609
-641
-666
-687
-703
-715
-718
-717
-708
-692
-672
-646
-618
-584
-545
-506
-464
-418
-372
-320
-271
-219
-165
-111
-59
-8
46
96
144
189
232
274
309
347
379
409
436
461
486
504
525
540
552
566
572
581
589
593
601
601
605
605
605
605
600
591
579
563
541
517
486
448
408
361
309
250
191
129
59
-11
-81
-155
-225
-295
-364
-431
-492
-549
-602
-651
-693
-730
-757
-781
-798
-808
-810
-805
-792
-777
-757
-728
-697
-664
-624
-581
-535
-485
-433
-378
-321
-258
-201
-140
-75
-17
43
99
149
202
248
292
333
366
399
426
446
463
476
486
494
496
493
490
482
473
461
449
440
422
407
392
372
358
341
323
308
287
269
251
228
209
185
160
136
110
78
44
12
-28
-67
-106
-145
-183
-220
-256
-292
-325
-356
-388
-414
-436
-456
-471
-486
-498
-505
-507
-506
-501
-492
-482
-465
-446
-428
-402
-374
-345
-310
-275
-239
-200
-157
-116
-72
-31
10
51
90
126
158
192
225
251
276
296
315
331
345
354
358
360
364
363
359
350
342
333
323
313
299
286
272
256
240
226
211
196
185
171
159
146
135
124
111
101
90
79
68
54
43
30
15
1
-16
-32
-50
-68
-86
-104
-120
-139
-160
-177
-195
-209
-221
-235
-243
-247
-252
-256
-255
-255
-253
-246
-239
-229
-217
-203
-190
-174
-156
-138
-118
-97
-75
-54
-35
-13
7
25
42
59
78
94
110
124
137
149
160
169
179
187
196
202
206
207
208
205
201
198
193
185
178
169
162
155
144
135
128
117
109
101
94
88
85
77
71
67
58
54
49
41
35
29
18
7
-3
-15
-26
-38
-53
-64
-76
-89
-102
-114
-126
-137
-143
-151
-159
-166
-173
-177
-180
-179
-181
-179
-174
-171
-163
-154
-146
-134
-125
-113
-102
-93
-79
-66
-51
-34
-21
-8
5
19
30
44
56
63
74
82
89
93
94
95
95
97
96
92
89
85
83
76
71
68
63
58
52
49
45
42
37
34
32
30
31
28
29
30
29
29
28
28
25
24
23
20
19
20
19
19
15
12
10
8
7
4
4
2
-2
-3
-6
-9
-14
-17
-17
-23
-26
-27
-31
-34
-35
-37
-36
-34
-33
-29
-27
-24
-21
-17
-17
-16
-12
-13
-13
-12
-14
-13
-13
-13
-13
-13
-12
-14
-12
-10
-9
-8
-9
-11
-11
-14
-18
-16
-15
-16
-14
-15
-16
-15
-17
-17
-17
-19
-20
-19
-19
-17
-16
-17
-15
-15
-15
-14
-15
-19
-19
-18
-18
-18
-18
-15
-14
-16
-15
-17
-18
-17
-22
-22
-22
-25
-25
-25
-25
-25
-24
-25
-25
-24
-23
-19
-16
-15
-11
-7
-6
-2
-1
-2
1
2
3
7
8
8
11
13
12
12
10
9
7
6
7
2
1
3
-1
-2
-3
-5
-7
-10
-10
-12
-15
-16
-18
-21
-26
-30
-34
-38
-41
-44
-46
-48
-51
-52
-50
-49
-48
-46
-41
-41
-39
-37
-35
-33
-30
-25
-22
-20
-18
-16
-16
-13
-8
-3
-1
1
6
8
13
18
19
20
25
26
28
32
34
35
37
41
41
42
42
41
42
42
42
39
36
34
33
32
28
24
22
21
17
14
10
6
2
-2
-7
-12
-16
-21
-25
-27
-32
-34
-36
-41
-41
-41
-43
-42
-42
-39
-39
-37
-33
-30
-31
-32
-31
-29
-29
-25
-22
-19
-17
-16
-15
-14
-12
-12
-8
-2
2
4
5
9
10
13
17
17
17
17
22
22
21
24
24
26
29
31
32
28
25
22
23
25
21
19
17
13
10
6
2
-3
-3
-5
-4
-5
-9
-9
-9
-8
-7
-9
-8
-8
-8
-4
-3
-1
4
7
14
19
23
26
27
32
37
40
45
49
52
53
50
47
45
44
44
41
40
40
38
36
33
31
31
26
23
18
11
8
10
9
6
3
-3
-1
-2
-2
-1
-2
-4
-3
-5
-11
-13
-15
-17
-15
-16
-20
-22
-22
-19
-17
-11
-10
-9
-11
-12
-8
-10
-11
-12
-14
-15
-19
-16
-17
-16
-11
-8
-2
5
9
12
17
22
21
21
20
20
23
26
26
27
27
27
27
32
35
36
36
31
30
26
24
30
31
32
33
31
27
25
24
21
18
12
5
0
-8
-12
-16
-21
-24
-26
-29
-34
-36
-41
-43
-44
-47
-50
-51
-49
-48
-47
-43
-43
-38
-33
-27
-19
-16
-12
-11
-14
-17
-19
-20
-22
-16
-8
0
8
9
2
-11
-15
-11
5
28
49
60
58
43
20
4
3
10
27
43
48
40
23
2
-12
-18
-10
4
16
20
14
-1
-18
-30
-37
-37
-28
-18
-10
-10
-17
-33
-49
-58
-59
-46
-34
-26
-25
-34
-46
-54
-55
-48
-34
-26
-22
-23
-32
-36
-35
-30
-23
-15
-9
-9
-9
-8
-9
-9
-7
-5
-2
8
19
29
33
18
-3
-24
-40
-43
-32
-17
-12
-38
-107
-211
-308
-349
-308
-181
6
187
299
314
240
114
-30
-137
-153
-67
68
193
245
166
-32
-269
-436
-455
-305
-36
235
395
377
183
-92
-299
-352
-253
-71
94
136
22
-186
-380
-479
-448
-318
-171
-67
-22
-29
-34
9
85
147
151
89
-13
-98
-94
13
161
268
277
171
1
-144
-209
-179
-87
10
62
44
-6
-32
-8
61
139
180
159
89
17
-18
-6
25
22
-44
-146
-234
-260
-192
-50
102
197
198
113
7
-49
-19
81
184
231
189
80
-27
-79
-69
-19
26
28
-30
-114
-163
-147
-58
74
180
218
180
98
32
17
57
126
179
174
106
1
-94
-144
-132
-79
-24
0
-13
-53
-90
-101
-82
-39
11
55
79
90
102
127
159
187
205
208
199
202
217
241
262
259
213
135
38
-49
-101
-111
-86
-49
-14
-3
-15
-33
-46
-39
-19
13
46
64
68
72
85
109
146
188
214
220
204
172
151
151
171
201
220
202
143
66
-3
-46
-59
-46
-22
-13
-30
-72
-129
-182
-202
-176
-120
-55
2
30
36
32
23
15
8
-2
-19
-40
-48
-34
14
80
142
175
170
147
124
118
138
171
190
175
118
29
-61
-110
-109
-60
2
22
-24
-116
-214
-276
-261
-169
-43
57
94
74
17
-34
-30
34
130
212
235
194
117
46
16
49
124
203
238
207
117
11
-62
-77
-51
-13
8
-5
-39
-73
-86
-69
-41
-27
-36
-51
-58
-45
-14
23
61
80
69
45
24
24
48
81
104
96
62
19
-15
-30
-16
26
78
103
91
53
10
-11
4
44
103
154
175
167
134
102
81
75
81
87
85
66
26
-23
-62
-83
-83
-65
-35
-4
14
9
-5
-18
-15
2
21
38
40
32
23
16
14
11
-3
-26
-37
-28
-12
10
27
44
51
45
28
-13
-57
-93
-115
-120
-125
-138
-152
-155
-142
-124
-113
-109
-121
-136
-132
-108
-73
-38
-16
-10
-21
-39
-44
-30
-12
-11
-26
-35
-33
-18
-6
-11
-49
-115
-176
-206
-203
-171
-125
-71
-32
-25
-48
-82
-107
-100
-51
9
48
43
-4
-65
-103
-114
-105
-84
-63
-46
-41
-56
-86
-117
-137
-139
-129
-108
-84
-64
-48
-41
-39
-43
-58
-75
-88
-83
-57
-31
-26
-41
-71
-101
-109
-89
-51
-25
-23
-44
-86
-135
-178
-193
-179
-145
-104
-73
-67
-91
-126
-147
-141
-105
-57
-19
-9
-24
-49
-72
-77
-58
-36
-18
-22
-37
-48
-58
-60
-54
-44
-33
-30
-35
-50
-64
-69
-60
-43
-26
-14
-4
5
18
28
25
11
-7
-18
-17
-2
22
39
41
37
27
17
2
-13
-19
-20
-19
-8
3
16
24
27
31
26
20
23
26
24
17
13
11
6
0
-2
0
9
11
-5
-25
-49
-67
-73
-63
-34
-2
18
18
2
-25
-46
-50
-30
3
35
54
44
16
-13
-25
-12
14
46
67
71
62
42
31
29
44
82
121
147
148
118
81
46
34
54
91
131
153
143
115
79
46
31
27
37
60
80
86
77
57
41
30
30
39
58
81
92
84
60
34
18
19
42
71
95
95
72
33
-12
-46
-54
-29
14
47
54
32
-6
-43
-70
-81
-67
-32
5
27
24
2
-21
-32
-17
11
35
44
42
40
37
36
45
60
68
67
56
43
42
53
70
81
81
57
24
0
-3
21
58
96
128
135
108
59
1
-43
-52
-22
35
86
108
90
41
-30
-93
-122
-109
-69
-32
-23
-46
-74
-84
-75
-58
-41
-38
-44
-48
-35
-2
22
16
-10
-38
-55
-61
-56
-39
-10
20
38
32
3
-29
-47
-40
-15
11
15
-1
-19
-21
3
44
83
104
94
64
28
6
8
28
59
93
113
116
99
75
56
47
48
51
54
54
49
42
46
60
74
76
60
39
20
6
3
-1
-5
-9
-7
-2
-5
-26
-62
-98
-122
-120
-89
-52
-26
-16
-21
-21
-13
-3
-1
-14
-42
-70
-81
-66
-35
-6
-1
-20
-50
-78
-89
-76
-41
3
37
46
19
-32
-82
-98
-72
-28
11
29
26
18
22
46
83
123
160
182
178
137
75
9
-34
-27
26
114
194
226
203
132
50
-2
-7
39
105
146
132
60
-37
-114
-129
-80
1
60
59
-13
-118
-194
-205
-163
-105
-72
-86
-139
-196
-224
-210
-160
-105
-77
-94
-140
-189
-208
-179
-115
-57
-42
-69
-120
-149
-143
-105
-51
-13
1
-4
-12
-15
-12
-3
13
26
36
46
48
56
72
87
90
76
57
48
59
79
102
115
107
79
46
24
17
20
31
43
50
53
63
80
104
127
142
143
123
93
70
52
32
2
-34
-69
-94
-103
-103
-103
-109
-121
-143
-171
-202
-229
-251
-268
-289
-314
-336
-341
-323
-288
-254
-229
-216
-213
-204
-184
-161
-142
-133
-142
-157
-172
-177
-159
-125
-92
-65
-43
-14
22
64
106
134
155
170
181
192
201
215
238
262
277
278
267
251
243
248
263
278
278
266
252
231
207
181
157
144
136
119
99
78
65
67
73
80
85
71
37
-10
-59
-104
-146
-182
-216
-237
-247
-254
-262
-271
-284
-298
-305
-309
-311
-306
-291
-269
-242
-214
-195
-180
-169
-159
-146
-130
-109
-85
-67
-57
-50
-43
-33
-32
-40
-49
-53
-45
-31
-15
12
44
75
108
144
188
228
252
260
262
268
288
331
391
447
489
502
491
459
422
391
371
367
366
354
322
268
210
164
137
118
91
52
5
-34
-60
-80
-103
-135
-181
-234
-283
-325
-360
-388
-424
-471
-527
-582
-613
-608
-570
-513
-466
-439
-435
-442
-445
-429
-380
-303
-220
-152
-109
-84
-62
-25
30
86
132
162
175
179
180
183
189
201
223
243
249
250
256
284
335
388
424
428
405
379
380
412
458
501
538
575
600
600
569
531
507
495
484
458
399
316
220
127
47
-24
-90
-154
-221
-289
-362
-438
-510
-568
-607
-630
-648
-670
-691
-703
-701
-690
-681
-665
-641
-604
-548
-485
-416
-346
-292
-263
-255
-245
-213
-158
-98
-48
-14
5
17
39
83
145
215
286
343
374
378
371
388
447
537
616
654
650
620
605
624
676
740
788
815
833
837
822
789
747
709
675
632
567
473
367
271
191
120
45
-53
-178
-313
-440
-553
-659
-768
-875
-969
-1044
-1095
-1126
-1142
-1140
-1114
-1071
-1023
-977
-938
-893
-823
-733
-631
-540
-472
-421
-386
-341
-279
-203
-127
-61
0
52
94
141
181
219
265
308
352
384
405
442
499
573
639
693
746
802
874
960
1049
1132
1191
1221
1213
1175
1119
1057
1014
979
931
843
711
565
424
307
204
104
-11
-142
-283
-434
-582
-712
-812
-879
-933
-992
-1064
-1137
-1186
-1202
-1184
-1140
-1095
-1056
-1022
-994
-960
-927
-894
-862
-822
-778
-731
-674
-592
-497
-407
-333
-277
-224
-166
-102
-23
69
162
249
321
384
452
540
651
759
831
859
864
889
947
1031
1123
1218
1326
1428
1484
1449
1333
1207
1149
1167
1195
1150
1000
800
628
519
451
371
244
79
-101
-279
-446
-593
-702
-767
-810
-869
-976
-1119
-1242
-1301
-1285
-1232
-1199
-1200
-1227
-1233
-1184
-1082
-967
-878
-833
-829
-834
-826
-794
-726
-644
-572
-525
-494
-463
-424
-370
-288
-185
-80
10
80
140
199
273
368
480
582
661
716
774
859
984
1133
1278
1410
1537
1655
1733
1729
1648
1562
1540
1574
1589
1495
1277
1017
819
725
665
558
375
146
-67
-247
-408
-566
-704
-810
-899
-1000
-1132
-1265
-1338
-1337
-1299
-1278
-1306
-1349
-1359
-1318
-1242
-1167
-1114
-1075
-1042
-1006
-963
-910
-847
-785
-748
-730
-708
-659
-574
-480
-399
-345
-303
-246
-160
-65
22
97
172
256
346
438
535
647
773
902
1020
1119
1220
1344
1509
1699
1856
1916
1868
1766
1710
1747
1828
1838
1699
1439
1178
1004
910
825
676
454
202
-50
-295
-536
-755
-915
-1021
-1120
-1253
-1406
-1523
-1553
-1502
-1447
-1444
-1475
-1483
-1418
-1299
-1185
-1116
-1083
-1057
-1017
-972
-925
-872
-806
-738
-696
-692
-695
-653
-558
-437
-347
-311
-308
-292
-224
-110
17
132
216
287
371
479
615
770
931
1073
1168
1237
1330
1489
1714
1929
2036
1990
1839
1710
1704
1809
1902
1856
1650
1376
1152
1030
951
835
645
392
124
-139
-390
-612
-787
-917
-1041
-1201
-1391
-1552
-1615
-1578
-1518
-1509
-1565
-1617
-1582
-1455
-1296
-1185
-1149
-1139
-1103
-1024
-928
-841
-769
-698
-643
-619
-622
-631
-599
-527
-452
-413
-414
-403
-325
-188
-48
38
75
126
229
374
521
641
743
847
975
1127
1289
1457
1645
1846
2005
2048
1983
1907
1925
2033
2115
2051
1832
1559
1363
1272
1194
1031
748
417
121
-113
-311
-513
-727
-930
-1114
-1298
-1474
-1622
-1700
-1713
-1705
-1735
-1811
-1857
-1802
-1640
-1456
-1329
-1275
-1248
-1180
-1059
-926
-829
-774
-749
-738
-729
-717
-692
-641
-568
-503
-476
-473
-451
-374
-250
-127
-42
20
95
218
371
526
666
800
959
1143
1346
1557
1785
2045
2287
2435
2451
2383
2337
2374
2449
2437
2265
1976
1702
1540
1456
1343
1115
788
443
141
-118
-372
-639
-897
-1134
-1356
-1573
-1759
-1882
-1927
-1925
-1948
-2023
-2098
-2088
-1953
-1752
-1589
-1520
-1507
-1467
-1348
-1179
-1037
-962
-934
-909
-868
-812
-755
-697
-632
-565
-513
-484
-447
-377
-273
-170
-100
-57
-4
92
233
391
545
688
837
1003
1188
1392
1627
1893
2154
2351
2434
2425
2411
2477
2600
2675
2604
2384
2129
1947
1844
1735
1524
1195
814
463
170
-101
-392
-702
-1009
-1284
-1533
-1753
-1924
-2035
-2096
-2145
-2226
-2331
-2389
-2339
-2189
-2020
-1917
-1884
-1851
-1745
-1559
-1357
-1213
-1134
-1081
-1005
-895
-784
-685
-606
-540
-477
-420
-360
-274
-163
-49
45
116
197
321
486
663
826
967
1103
1250
1416
1615
1854
2114
2355
2508
2547
2531
2552
2642
2731
2708
2533
2275
2058
1940
1858
1704
1427
1074
733
453
207
-65
-389
-729
-1040
-1299
-1518
-1709
-1877
-2020
-2139
-2236
-2314
-2368
-2381
-2336
-2232
-2108
-2004
-1922
-1842
-1738
-1608
-1474
-1369
-1289
-1213
-1122
-1015
-911
-826
-746
-661
-568
-472
-387
-314
-241
-159
-70
25
131
257
398
541
690
846
1020
1210
1400
1600
1834
2113
2398
2611
2694
2695
2715
2807
2917
2925
2770
2517
2286
2139
2027
1843
1527
1144
785
495
240
-49
-387
-735
-1051
-1313
-1537
-1753
-1955
-2131
-2273
-2372
-2440
-2480
-2487
-2456
-2378
-2269
-2154
-2039
-1933
-1829
-1711
-1586
-1461
-1336
-1222
-1113
-1016
-934
-851
-761
-668
-579
-493
-414
-330
-229
-123
-19
78
181
299
426
559
703
878
1078
1278
1467
1668
1935
2268
2583
2765
2791
2774
2851
3026
3164
3106
2857
2576
2409
2349
2248
1973
1556
1138
826
593
325
-48
-474
-846
-1120
-1337
-1564
-1820
-2066
-2253
-2373
-2456
-2523
-2572
-2594
-2572
-2505
-2402
-2276
-2152
-2045
-1949
-1845
-1717
-1574
-1433
-1315
-1217
-1120
-1018
-905
-789
-674
-561
-455
-357
-263
-169
-67
41
152
265
384
516
668
841
1026
1200
1362
1533
1759
2052
2357
2593
2701
2728
2778
2909
3065
3113
2987
2759
2561
2456
2372
2185
1860
1475
1148
906
668
343
-64
-468
-797
-1052
-1302
-1588
-1883
-2136
-2310
-2420
-2497
-2562
-2616
-2649
-2645
-2581
-2457
-2311
-2196
-2136
-2079
-1967
-1797
-1609
-1478
-1411
-1338
-1214
-1046
-896
-801
-742
-659
-519
-350
-212
-125
-57
33
164
307
437
555
697
886
1100
1299
1478
1681
1953
2291
2610
2809
2873
2898
3005
3195
3331
3287
3074
2842
2714
2667
2542
2239
1818
1425
1156
946
653
227
-241
-613
-864
-1095
-1401
-1761
-2082
-2296
-2419
-2525
-2652
-2766
-2815
-2793
-2726
-2643
-2553
-2457
-2353
-2241
-2125
-1996
-1848
-1697
-1566
-1452
-1329
-1183
-1028
-896
-797
-712
-602
-464
-325
-211
-122
-32
78
213
353
477
589
716
880
1072
1258
1428
1603
1837
2149
2477
2708
2802
2835
2936
3131
3288
3266
3068
2848
2746
2728
2628
2337
1924
1558
1324
1126
819
363
-114
-471
-713
-960
-1299
-1687
-2004
-2197
-2318
-2456
-2626
-2769
-2827
-2812
-2774
-2728
-2656
-2545
-2420
-2304
-2200
-2076
-1915
-1752
-1627
-1522
-1399
-1240
-1065
-920
-824
-730
-592
-417
-254
-140
-51
54
199
360
488
579
680
829
1024
1218
1372
1497
1657
1903
2217
2501
2658
2689
2727
2874
3084
3194
3105
2897
2735
2686
2656
2489
2147
1763
1475
1276
1035
664
210
-191
-460
-675
-957
-1330
-1697
-1961
-2118
-2252
-2430
-2626
-2759
-2795
-2769
-2733
-2698
-2648
-2567
-2464
-2355
-2235
-2099
-1959
-1826
-1696
-1556
-1398
-1243
-1112
-1003
-886
-749
-606
-478
-370
-257
-120
33
181
302
417
554
710
875
1036
1190
1344
1511
1707
1946
2229
2504
2691
2763
2806
2922
3104
3215
3148
2954
2784
2723
2704
2567
2245
1866
1578
1386
1159
790
324
-96
-379
-589
-864
-1236
-1610
-1875
-2019
-2134
-2300
-2515
-2683
-2740
-2713
-2671
-2648
-2627
-2570
-2459
-2321
-2191
-2085
-1984
-1873
-1744
-1599
-1460
-1344
-1240
-1118
-969
-816
-682
-574
-464
-327
-170
-19
103
208
332
488
655
816
973
1136
1311
1493
1687
1911
2167
2418
2592
2659
2713
2855
3036
3116
3023
2842
2719
2690
2650
2463
2134
1803
1579
1407
1145
739
295
-56
-293
-514
-832
-1222
-1563
-1782
-1919
-2074
-2287
-2493
-2615
-2640
-2622
-2614
-2612
-2577
-2484
-2363
-2249
-2153
-2063
-1955
-1819
-1678
-1541
-1420
-1302
-1167
-1006
-838
-700
-599
-513
-400
-254
-108
11
101
208
358
532
693
818
935
1082
1261
1434
1583
1743
1960
2226
2443
2540
2566
2649
2830
2964
2931
2761
2602
2554
2554
2453
2191
1869
1630
1478
1276
929
499
117
-146
-360
-639
-1003
-1360
-1609
-1755
-1893
-2093
-2319
-2485
-2542
-2532
-2527
-2553
-2569
-2515
-2392
-2268
-2189
-2142
-2075
-1957
-1808
-1677
-1582
-1492
-1357
-1177
-994
-856
-762
-660
-514
-336
-177
-62
39
174
350
534
688
806
933
1104
1297
1462
1590
1731
1933
2191
2416
2518
2529
2586
2740
2888
2883
2728
2568
2509
2516
2446
2216
1907
1664
1517
1342
1030
618
239
-23
-229
-486
-827
-1176
-1433
-1590
-1738
-1939
-2177
-2365
-2450
-2471
-2486
-2526
-2559
-2529
-2436
-2326
-2250
-2213
-2167
-2076
-1944
-1818
-1716
-1618
-1496
-1328
-1151
-1001
-886
-783
-647
-487
-339
-214
-99
38
211
397
564
702
836
997
1185
1357
1494
1628
1805
2054
2310
2477
2537
2582
2708
2873
2935
2832
2660
2561
2558
2537
2380
2105
1845
1678
1539
1295
921
523
206
-21
-250
-555
-904
-1200
-1390
-1524
-1692
-1917
-2136
-2272
-2315
-2326
-2353
-2398
-2414
-2353
-2246
-2147
-2099
-2085
-2041
-1946
-1834
-1740
-1662
-1572
-1433
-1258
-1098
-974
-867
-738
-581
-423
-291
-179
-55
106
284
446
579
696
833
1004
1177
1326
1446
1582
1786
2038
2257
2368
2407
2481
2637
2779
2771
2632
2497
2461
2478
2408
2190
1910
1701
1573
1410
1117
732
378
128
-76
-333
-665
-998
-1245
-1397
-1535
-1732
-1967
-2154
-2246
-2266
-2286
-2345
-2409
-2409
-2325
-2217
-2152
-2138
-2108
-2012
-1875
-1754
-1682
-1624
-1519
-1355
-1187
-1059
-967
-860
-707
-527
-363
-240
-127
14
192
377
529
649
768
933
1135
1319
1460
1579
1736
1964
2204
2357
2400
2425
2533
2697
2778
2705
2565
2486
2490
2474
2324
2062
1811
1644
1503
1275
929
561
267
49
-177
-477
-818
-1114
-1319
-1470
-1639
-1860
-2075
-2211
-2261
-2276
-2316
-2386
-2425
-2379
-2275
-2196
-2180
-2172
-2104
-1973
-1841
-1763
-1719
-1638
-1479
-1293
-1151
-1061
-964
-815
-624
-444
-313
-205
-71
107
300
467
600
728
889
1086
1277
1424
1538
1675
1876
2120
2307
2381
2411
2503
2673
2797
2769
2637
2536
2521
2510
2388
2151
1897
1722
1590
1390
1080
727
429
203
-17
-296
-629
-940
-1168
-1328
-1493
-1703
-1929
-2096
-2175
-2207
-2262
-2361
-2435
-2415
-2327
-2249
-2226
-2228
-2173
-2044
-1897
-1807
-1770
-1707
-1573
-1393
-1243
-1148
-1064
-928
-738
-547
-403
-293
-163
9
201
380
527
667
835
1033
1238
1404
1534
1677
1868
2097
2293
2393
2434
2512
2661
2788
2784
2673
2574
2542
2522
2413
2192
1944
1751
1604
1411
1117
765
450
209
-13
-279
-601
-918
-1157
-1318
-1469
-1670
-1900
-2082
-2175
-2211
-2268
-2367
-2461
-2463
-2375
-2293
-2276
-2290
-2255
-2136
-1995
-1916
-1895
-1838
-1696
-1510
-1352
-1257
-1167
-1017
-814
-619
-476
-363
-219
-22
194
384
538
688
881
1115
1327
1485
1617
1782
2008
2248
2425
2507
2565
2692
2858
2944
2886
2765
2693
2686
2642
2481
2232
1995
1835
1691
1449
1093
722
418
175
-79
-396
-746
-1041
-1244
-1396
-1577
-1821
-2059
-2203
-2260
-2309
-2412
-2542
-2604
-2556
-2466
-2426
-2445
-2445
-2354
-2201
-2084
-2044
-2002
-1871
-1670
-1479
-1351
-1256
-1119
-914
-699
-526
-400
-263
-65
173
386
555
716
918
1168
1413
1604
1754
1932
2169
2421
2611
2702
2764
2878
3014
3067
2998
2874
2780
2740
2675
2512
2261
2016
1831
1660
1415
1076
723
427
180
-71
-381
-718
-1004
-1208
-1380
-1588
-1837
-2071
-2214
-2283
-2354
-2466
-2587
-2636
-2591
-2530
-2520
-2546
-2534
-2447
-2323
-2232
-2187
-2123
-1992
-1810
-1640
-1514
-1401
-1244
-1039
-828
-655
-500
-315
-81
178
398
577
764
996
1260
1489
1660
1827
2047
2312
2552
2698
2775
2883
3049
3177
3172
3067
2970
2928
2889
2765
2535
2277
2066
1888
1659
1335
964
628
354
97
-203
-548
-877
-1123
-1306
-1506
-1759
-2016
-2205
-2305
-2377
-2490
-2635
-2722
-2709
-2650
-2634
-2674
-2690
-2619
-2496
-2397
-2348
-2285
-2143
-1940
-1751
-1615
-1489
-1311
-1085
-856
-665
-499
-307
-66
201
447
646
835
1068
1330
1576
1770
1934
2140
2403
2658
2827
2906
2989
3135
3273
3286
3178
3049
2983
2942
2820
2587
2312
2085
1909
1688
1366
995
663
392
135
-163
-502
-820
-1069
-1268
-1481
-1751
-2029
-2237
-2365
-2478
-2627
-2792
-2892
-2895
-2855
-2853
-2889
-2887
-2806
-2688
-2594
-2534
-2451
-2299
-2101
-1913
-1758
-1611
-1417
-1177
-933
-719
-524
-305
-41
250
511
735
964
1232
1519
1769
1972
2176
2418
2689
2900
3014
3089
3214
3369
3427
3344
3209
3122
3081
2985
2781
2508
2262
2073
1864
1568
1206
857
561
294
7
-324
-659
-943
-1159
-1354
-1597
-1885
-2135
-2290
-2378
-2497
-2670
-2813
-2845
-2796
-2771
-2815
-2860
-2820
-2703
-2595
-2547
-2506
-2390
-2199
-1999
-1842
-1706
-1526
-1292
-1046
-824
-625
-411
-159
120
387
619
837
1077
1351
1623
1847
2033
2236
2496
2766
2950
3028
3098
3236
3376
3390
3261
3114
3041
2998
2878
2633
2344
2114
1935
1706
1367
978
636
369
112
-199
-550
-879
-1128
-1324
-1545
-1825
-2113
-2324
-2449
-2553
-2700
-2866
-2967
-2973
-2933
-2931
-2971
-2982
-2914
-2783
-2664
-2586
-2498
-2350
-2139
-1915
-1729
-1558
-1360
-1112
-840
-588
-363
-130
145
448
728
970
1214
1485
1763
2015
2237
2472
2743
2984
3148
3255
3379
3518
3573
3502
3368
3267
3199
3075
2858
2583
2337
2136
1909
1596
1224
872
573
288
-25
-369
-702
-986
-1218
-1435
-1682
-1963
-2222
-2399
-2509
-2631
-2797
-2956
-3019
-2987
-2954
-2976
-3017
-3003
-2903
-2774
-2687
-2627
-2531
-2361
-2144
-1936
-1757
-1574
-1347
-1069
-790
-542
-309
-49
252
561
852
1119
1389
1667
1939
2205
2467
2739
2983
3155
3274
3412
3576
3659
3598
3461
3369
3325
3224
3006
2718
2462
2269
2065
1758
1366
995
689
405
88
-271
-631
-932
-1175
-1404
-1661
-1950
-2225
-2419
-2545
-2669
-2834
-3000
-3082
-3069
-3041
-3064
-3114
-3110
-3023
-2898
-2817
-2775
-2689
-2515
-2291
-2088
-1920
-1737
-1496
-1200
-906
-648
-401
-123
196
518
818
1102
1389
1681
1967
2259
2564
2859
3091
3242
3390
3582
3743
3762
3653
3544
3508
3475
3324
3049
2762
2556
2385
2127
1756
1355
1012
727
433
90
-281
-624
-904
-1147
-1397
-1682
-1990
-2261
-2442
-2566
-2708
-2896
-3054
-3100
-3058
-3035
-3093
-3166
-3145
-3030
-2915
-2869
-2842
-2727
-2509
-2265
-2071
-1907
-1691
-1398
-1074
-783
-532
-267
40
375
706
1006
1292
1577
1867
2161
2461
2753
3008
3189
3323
3484
3665
3760
3700
3566
3484
3453
3368
3149
2844
2579
2390
2185
1866
1458
1078
780
507
191
-169
-517
-813
-1070
-1314
-1571
-1850
-2126
-2365
-2542
-2677
-2815
-2974
-3112
-3164
-3137
-3118
-3160
-3201
-3169
-3058
-2937
-2861
-2795
-2666
-2447
-2201
-1993
-1803
-1575
-1283
-960
-653
-370
-87
217
541
872
1190
1485
1764
2039
2340
2670
2980
3207
3345
3470
3655
3828
3847
3708
3557
3504
3484
3347
3057
2732
2499
2336
2103
1722
1287
932
668
410
85
-281
-620
-892
-1117
-1345
-1620
-1931
-2211
-2414
-2553
-2689
-2876
-3066
-3159
-3147
-3126
-3175
-3259
-3269
-3169
-3041
-2972
-2938
-2841
-2636
-2387
-2179
-1999
-1783
-1500
-1171
-842
-539
-248
69
428
812
1182
1499
1783
2093
2466
2846
3121
3273
3416
3636
3859
3932
3835
3704
3652
3638
3525
3271
2969
2733
2557
2320
1972
1577
1220
921
624
290
-62
-397
-693
-949
-1193
-1450
-1716
-1975
-2200
-2372
-2511
-2665
-2841
-2990
-3058
-3068
-3102
-3186
-3260
-3244
-3158
-3074
-3041
-3008
-2889
-2678
-2451
-2270
-2104
-1877
-1567
-1225
-913
-632
-342
-7
376
766
1110
1399
1691
2042
2451
2824
3065
3199
3369
3643
3872
3890
3740
3623
3634
3645
3498
3194
2887
2707
2578
2345
1962
1544
1220
971
697
348
-34
-374
-628
-841
-1074
-1356
-1655
-1903
-2077
-2219
-2387
-2594
-2776
-2871
-2900
-2941
-3028
-3121
-3143
-3083
-3010
-2977
-2960
-2887
-2729
-2534
-2348
-2180
-1985
-1727
-1421
-1106
-811
-527
-230
103
463
817
1137
1426
1723
2068
2443
2771
2996
3144
3312
3544
3725
3736
3609
3495
3481
3475
3339
3059
2771
2587
2448
2216
1845
1440
1114
855
588
257
-113
-445
-703
-920
-1156
-1442
-1747
-2010
-2206
-2353
-2516
-2725
-2919
-3022
-3035
-3048
-3132
-3232
-3248
-3174
-3081
-3033
-3011
-2914
-2722
-2486
-2273
-2084
-1860
-1579
-1250
-925
-629
-331
-6
364
754
1116
1436
1754
2113
2498
2823
3039
3214
3432
3653
3786
3785
3722
3683
3661
3582
3393
3136
2900
2706
2484
2179
1828
1489
1180
887
572
232
-106
-411
-683
-939
-1193
-1457
-1715
-1950
-2142
-2306
-2473
-2648
-2806
-2912
-2967
-3011
-3074
-3132
-3141
-3100
-3039
-2985
-2927
-2827
-2673
-2483
-2281
-2080
-1856
-1585
-1283
-980
-685
-387
-63
289
655
1002
1318
1632
1982
2357
2687
2914
3068
3248
3473
3633
3641
3547
3477
3473
3453
3312
3051
2792
2617
2471
2230
1879
1525
1238
996
729
405
62
-249
-516
-776
-1051
-1324
-1586
-1838
-2079
-2278
-2430
-2571
-2727
-2884
-2982
-3012
-3017
-3055
-3114
-3124
-3061
-2954
-2852
-2768
-2654
-2472
-2230
-1976
-1736
-1496
-1216
-896
-569
-259
48
375
721
1059
1378
1686
2006
2331
2606
2801
2953
3125
3302
3398
3377
3299
3257
3251
3189
3021
2794
2589
2431
2263
2013
1700
1401
1151
915
657
368
69
-211
-464
-707
-951
-1205
-1468
-1726
-1956
-2143
-2302
-2465
-2635
-2779
-2868
-2903
-2928
-2969
-3017
-3028
-2976
-2882
-2781
-2683
-2559
-2376
-2140
-1880
-1622
-1359
-1077
-777
-462
-137
192
515
827
1135
1462
1804
2131
2408
2615
2792
2986
3174
3295
3312
3275
3249
3242
3204
3087
2902
2706
2532
2361
2142
1867
1572
1297
1038
770
489
202
-76
-349
-610
-864
-1111
-1347
-1573
-1795
-2006
-2189
-2341
-2480
-2622
-2752
-2849
-2902
-2931
-2952
-2964
-2956
-2906
-2821
-2714
-2594
-2453
-2274
-2063
-1832
-1578
-1312
-1038
-760
-481
-197
95
390
680
960
1235
1520
1812
2089
2327
2523
2695
2857
3000
3093
3124
3120
3111
3098
3054
2959
2816
2659
2498
2318
2104
1857
1599
1347
1093
828
555
284
26
-240
-518
-794
-1054
-1294
-1528
-1764
-1980
-2164
-2322
-2462
-2594
-2707
-2791
-2848
-2881
-2898
-2891
-2855
-2794
-2703
-2579
-2435
-2266
-2075
-1862
-1629
-1383
-1134
-875
-607
-339
-74
193
464
735
1006
1273
1537
1788
2016
2225
2414
2580
2719
2821
2886
2924
2954
2963
2933
2863
2766
2652
2516
2342
2141
1928
1704
1474
1233
986
736
485
235
-16
-273
-534
-798
-1050
-1289
-1514
-1729
-1926
-2102
-2257
-2396
-2512
-2611
-2690
-2750
-2793
-2812
-2806
-2765
-2693
-2600
-2491
-2366
-2210
-2030
-1836
-1633
-1426
-1205
-963
-701
-434
-170
99
377
667
960
1236
1495
1744
1982
2205
2402
2564
2697
2810
2904
2964
2988
2979
2941
2868
2765
2630
2469
2290
2096
1884
1652
1415
1179
938
688
425
161
-99
-352
-602
-853
-1099
-1332
-1546
-1745
-1935
-2107
-2258
-2388
-2497
-2583
-2651
-2701
-2723
-2724
-2702
-2656
-2589
-2495
-2375
-2234
-2074
-1899
-1705
-1496
-1277
-1050
-813
-563
-305
-43
225
500
781
1058
1331
1596
1841
2066
2268
2444
2598
2724
2826
2903
2951
2968
2953
2906
2829
2718
2572
2395
2211
2019
1809
1577
1331
1090
844
582
302
8
-278
-554
-829
-1106
-1374
-1614
-1828
-2030
-2222
-2400
-2545
-2664
-2771
-2856
-2913
-2933
-2921
-2882
-2819
-2731
-2612
-2468
-2309
-2131
-1941
-1730
-1502
-1261
-1006
-742
-472
-189
97
381
662
939
1214
1477
1729
1968
2183
2374
2542
2687
2806
2896
2950
2974
2970
2936
2872
2779
2655
2509
2342
2160
1964
1754
1536
1307
1067
817
558
292
16
-262
-533
-803
-1066
-1317
-1550
-1766
-1968
-2151
-2321
-2474
-2608
-2723
-2814
-2880
-2914
-2920
-2897
-2842
-2758
-2644
-2504
-2347
-2172
-1978
-1761
-1522
-1268
-1006
-727
-434
-127
183
486
784
1080
1368
1636
1886
2119
2322
2507
2665
2795
2898
2965
2997
2999
2966
2906
2817
2695
2547
2385
2207
2013
1803
1581
1346
1102
851
592
331
62
-207
-471
-731
-985
-1226
-1458
-1677
-1874
-2061
-2230
-2382
-2516
-2625
-2713
-2780
-2822
-2838
-2824
-2784
-2716
-2620
-2498
-2356
-2187
-1996
-1791
-1574
-1345
-1098
-841
-576
-303
-18
275
563
849
1129
1401
1659
1893
2104
2290
2456
2603
2723
2810
2869
2906
2913
2884
2817
2721
2600
2451
2283
2097
1890
1671
1439
1200
944
674
400
122
-159
-433
-698
-956
-1201
-1432
-1646
-1834
-2014
-2177
-2321
-2449
-2550
-2631
-2688
-2719
-2722
-2692
-2637
-2556
-2450
-2318
-2168
-2002
-1816
-1619
-1408
-1183
-947
-702
-449
-190
74
342
607
869
1126
1373
1610
1828
2024
2197
2354
2491
2600
2678
2734
2763
2763
2732
2668
2574
2459
2320
2160
1978
1777
1569
1352
1121
876
618
355
88
-181
-451
-710
-960
-1199
-1419
-1621
-1809
-1983
-2139
-2281
-2403
-2504
-2581
-2636
-2667
-2666
-2634
-2571
-2483
-2374
-2240
-2083
-1908
-1719
-1518
-1306
-1070
-820
-566
-301
-34
233
503
768
1023
1263
1487
1698
1895
2069
2220
2357
2468
2552
2608
2634
2634
2603
2545
2459
2350
2218
2066
1900
1723
1528
1316
1097
865
623
375
125
-124
-369
-609
-842
-1066
-1280
-1476
-1656
-1825
-1982
-2123
-2246
-2344
-2420
-2477
-2510
-2513
-2485
-2435
-2359
-2259
-2132
-1988
-1821
-1637
-1444
-1230
-1005
-770
-528
-281
-32
221
473
718
958
1186
1397
1590
1763
1917
2055
2176
2271
2341
2394
2419
2418
2395
2346
2269
2173
2058
1923
1767
1599
1418
1221
1014
800
573
339
104
-131
-362
-592
-817
-1033
-1237
-1431
-1609
-1773
-1923
-2055
-2165
-2254
-2320
-2362
-2380
-2372
-2342
-2288
-2203
-2098
-1971
-1820
-1648
-1459
-1255
-1042
-822
-594
-356
-115
120
352
583
809
1029
1232
1416
1586
1737
1868
1979
2069
2133
2179
2201
2198
2175
2133
2071
1986
1877
1753
1614
1457
1292
1120
934
737
537
331
124
-84
-290
-491
-687
-877
-1058
-1230
-1393
-1542
-1675
-1798
-1905
-1995
-2062
-2105
-2129
-2130
-2103
-2060
-1991
-1900
-1787
-1653
-1502
-1332
-1147
-951
-743
-523
-296
-63
166
393
615
828
1037
1233
1411
1572
1717
1844
1952
2037
2100
2134
2144
2136
2100
2043
1964
1869
1754
1623
1484
1330
1163
987
803
613
417
218
20
-176
-365
-545
-719
-884
-1037
-1181
-1313
-1434
-1546
-1641
-1720
-1786
-1837
-1867
-1877
-1870
-1840
-1791
-1721
-1633
-1529
-1412
-1281
-1137
-978
-813
-635
-450
-258
-64
131
326
518
701
871
1030
1174
1304
1419
1518
1599
1664
1711
1742
1751
1739
1709
1655
1581
1490
1388
1270
1143
1007
862
710
547
376
203
29
-143
-315
-483
-643
-793
-931
-1055
-1171
-1275
-1368
-1450
-1516
-1565
-1597
-1616
-1619
-1599
-1562
-1505
-1432
-1347
-1244
-1126
-996
-858
-707
-549
-388
-221
-52
117
284
449
610
762
905
1033
1145
1246
1329
1395
1447
1483
1499
1499
1480
1447
1396
1329
1250
1156
1048
932
810
678
537
393
245
97
-50
-195
-339
-474
-607
-733
-844
-948
-1043
-1133
-1205
-1262
-1305
-1337
-1357
-1361
-1347
-1316
-1270
-1213
-1140
-1051
-948
-833
-713
-584
-445
-301
-154
-8
140
289
432
568
696
809
910
996
1067
1127
1171
1200
1215
1212
1195
1163
1119
1060
987
905
811
710
601
485
367
244
115
-12
-136
-260
-378
-490
-596
-696
-784
-860
-925
-983
-1028
-1060
-1085
-1094
-1092
-1080
-1053
-1013
-960
-896
-821
-737
-643
-538
-424
-304
-180
-54
75
206
340
472
598
719
835
938
1031
1108
1173
1226
1260
1278
1281
1270
1246
1207
1151
1082
1005
915
815
704
584
457
332
200
69
-62
-195
-322
-443
-560
-671
-774
-868
-953
-1025
-1087
-1138
-1175
-1199
-1208
-1204
-1187
-1158
-1113
-1060
-994
-915
-828
-729
-621
-505
-380
-249
-112
24
163
298
433
568
691
807
917
1016
1104
1174
1230
1272
1296
1303
1291
1264
1221
1162
1090
1002
901
788
666
533
391
243
93
-58
-209
-357
-500
-639
-769
-890
-998
-1098
-1186
-1261
-1322
-1366
-1395
-1410
-1414
-1402
-1377
-1335
-1279
-1212
-1126
-1031
-925
-810
-685
-553
-414
-268
-118
31
185
340
492
641
780
911
1030
1134
1224
1299
1358
1401
1426
1432
1420
1387
1333
1261
1177
1073
954
823
684
535
378
219
56
-107
-268
-425
-577
-723
-855
-977
-1089
-1185
-1266
-1334
-1384
-1420
-1440
-1442
-1430
-1402
-1360
-1306
-1237
-1154
-1061
-958
-845
-724
-595
-463
-325
-179
-28
122
272
425
573
719
862
993
1115
1227
1323
1405
1476
1524
1555
1574
1571
1552
1513
1454
1383
1297
1193
1081
957
821
679
534
384
231
77
-78
-226
-366
-501
-626
-745
-853
-949
-1034
-1108
-1167
-1216
-1251
-1272
-1280
-1275
-1256
-1220
-1172
-1110
-1039
-955
-856
-749
-638
-517
-388
-256
-123
16
158
297
435
571
699
818
923
1016
1094
1159
1208
1236
1246
1242
1221
1181
1127
1058
974
877
772
657
537
412
284
155
25
-103
-229
-347
-457
-559
-650
-735
-812
-880
-935
-980
-1017
-1041
-1056
-1061
-1054
-1035
-1007
-967
-919
-866
-800
-729
-648
-559
-463
-359
-248
-135
-17
101
222
342
457
565
665
758
839
912
974
1020
1052
1070
1076
1067
1040
1001
950
888
817
740
654
563
469
374
276
179
85
-7
-94
-175
-251
-322
-385
-441
-489
-527
-559
-586
-607
-619
-624
-621
-611
-592
-566
-531
-490
-445
-390
-330
-266
-196
-122
-47
31
108
186
265
339
414
482
547
605
653
691
720
740
748
740
722
695
655
606
552
485
417
341
262
187
107
26
-50
-127
-199
-264
-322
-376
-421
-460
-495
-523
-545
-560
-572
-574
-573
-570
-558
-541
-518
-489
-460
-424
-388
-350
-306
-260
-209
-154
-94
-34
33
102
171
239
304
367
422
469
511
545
565
578
581
571
551
522
484
435
377
311
237
153
61
-32
-128
-223
-316
-410
-501
-585
-660
-731
-796
-853
-905
-947
-979
-1001
-1015
-1021
-1016
-1000
-978
-946
-909
-867
-815
-762
-702
-637
-570
-500
-428
-350
-271
-192
-113
-35
43
120
191
261
324
386
439
491
533
564
592
606
610
606
593
569
536
499
455
407
358
300
242
187
133
80
26
-19
-59
-99
-131
-159
-182
-202
-215
-220
-227
-226
-221
-214
-199
-183
-163
-140
-112
-79
-46
-9
33
77
120
164
210
261
311
359
409
457
503
549
589
619
648
669
679
681
675
662
644
620
588
552
509
461
411
357
298
240
180
119
62
7
-45
-93
-136
-171
-201
-221
-240
-257
-268
-275
-278
-280
-277
-275
-268
-253
-238
-220
-198
-175
-143
-112
-84
-51
-18
18
55
90
129
169
211
253
294
334
373
408
438
467
485
498
510
511
509
499
486
470
442
411
375
330
279
225
167
106
43
-19
-79
-139
-197
-252
-303
-352
-391
-427
-458
-482
-503
-515
-520
-518
-507
-488
-461
-429
-390
-345
-293
-241
-185
-122
-62
-1
60
121
179
237
294
345
393
436
478
514
549
577
602
624
643
662
676
687
692
692
686
674
658
632
601
566
522
474
424
367
308
244
180
113
42
-27
-99
-169
-236
-304
-367
-426
-478
-527
-571
-606
-637
-663
-682
-695
-699
-700
-694
-683
-663
-641
-618
-590
-564
-533
-503
-476
-452
-427
-404
-386
-368
-351
-335
-326
-314
-306
-303
-304
-307
-311
-323
-339
-356
-377
-403
-434
-465
-501
-539
-578
-623
-665
-706
-751
-792
-827
-863
-895
-920
-940
-957
-968
-973
-972
-967
-958
-944
-926
-906
-885
-861
-831
-800
-769
-733
-694
-656
-621
-584
-545
-504
-466
-427
-389
-353
-316
-279
-242
-208
-175
-140
-101
-61
-22
20
64
110
156
202
250
299
348
401
454
507
563
619
676
733
794
850
905
964
1021
1073
1127
1176
1219
1260
1288
1310
1319
1317
1309
1281
1240
1187
1125
1045
954
852
736
612
483
346
205
65
-75
-211
-340
-462
-576
-677
-765
-836
-897
-942
-972
-989
-990
-979
-956
-918
-870
-812
-747
-674
-594
-509
-416
-326
-231
-139
-46
46
133
218
295
371
441
501
557
606
649
689
718
744
766
784
799
811
817
823
827
828
824
821
817
811
806
802
797
793
792
790
790
794
796
799
807
815
822
831
843
858
872
886
901
916
929
941
947
949
946
934
917
893
861
827
784
740
693
637
580
517
450
378
305
231
152
73
-2
-77
-147
-213
-274
-331
-379
-418
-450
-472
-482
-485
-476
-455
-425
-387
-343
-297
-245
-191
-140
-88
-40
6
49
89
123
154
182
206
228
245
257
265
263
257
252
240
220
198
173
146
117
87
57
25
-7
-42
-74
-108
-142
-175
-206
-232
-254
-274
-292
-306
-319
-329
-338
-348
-355
-364
-377
-385
-395
-405
-410
-414
-417
-420
-419
-420
-417
-410
-403
-395
-386
-376
-363
-355
-349
-344
-338
-336
-336
-336
-336
-338
-340
-338
-337
-333
-327
-319
-310
-300
-291
-281
-274
-270
-272
-278
-286
-302
-322
-339
-358
-373
-389
-404
-419
-432
-444
-460
-472
-489
-507
-522
-538
-552
-567
-583
-592
-600
-608
-613
-614
-614
-604
-591
-572
-543
-506
-464
-415
-366
-310
-254
-198
-138
-75
-9
54
119
184
249
310
367
424
474
524
574
626
679
732
787
838
888
932
967
996
1009
1016
1012
987
948
892
815
719
605
477
333
191
48
-91
-214
-324
-415
-492
-558
-609
-652
-688
-717
-740
-760
-771
-777
-776
-771
-758
-739
-713
-683
-645
-601
-550
-490
-427
-354
-279
-200
-122
-39
53
146
252
369
491
614
726
823
889
914
889
811
688
521
329
126
-72
-250
-399
-514
-590
-631
-636
-615
-572
-513
-447
-379
-315
-261
-229
-223
-250
-312
-404
-530
-680
-845
-1014
-1174
-1317
-1431
-1515
-1556
-1556
-1521
-1439
-1318
-1161
-966
-738
-483
-217
59
338
612
871
1114
1337
1535
1699
1826
1911
1944
1917
1826
1667
1441
1158
821
448
59
-333
-711
-1058
-1371
-1637
-1856
-2028
-2151
-2223
-2241
-2212
-2135
-2011
-1842
-1639
-1404
-1142
-866
-579
-292
-7
272
538
788
1018
1222
1396
1534
1634
1691
1705
1679
1625
1552
1468
1381
1300
1228
1167
1110
1056
1003
947
893
830
766
699
628
558
488
418
347
274
202
127
57
-11
-75
-130
-179
-215
-248
-269
-284
-290
-289
-277
-253
-220
-178
-122
-58
16
92
174
259
343
426
507
582
652
715
772
822
859
886
901
897
880
853
813
763
709
649
584
518
451
386
320
257
198
140
88
40
-2
-36
-59
-82
-96
-99
-99
-92
-84
-71
-54
-39
-26
-21
-22
-31
-55
-87
-133
-189
-250
-317
-384
-448
-510
-559
-595
-621
-632
-630
-615
-589
-556
-515
-468
-420
-376
-339
-311
-297
-298
-318
-359
-420
-501
-599
-711
-833
-954
-1070
-1181
-1274
-1351
-1410
-1448
-1464
-1458
-1434
-1390
-1332
-1255
-1162
-1067
-963
-854
-744
-634
-535
-438
-349
-274
-208
-153
-102
-60
-28
-1
21
39
55
66
81
97
112
136
161
186
210
236
261
281
297
314
328
339
349
364
381
403
430
460
497
536
579
617
650
681
705
724
734
735
728
711
689
658
621
584
547
508
472
438
403
372
343
318
300
288
283
286
292
308
328
353
383
414
442
469
499
526
551
577
602
623
639
652
659
657
648
631
606
574
535
489
431
369
296
216
126
24
-85
-195
-308
-415
-517
-603
-669
-715
-738
-741
-719
-676
-619
-549
-472
-390
-304
-223
-148
-81
-22
28
64
94
111
124
131
130
124
114
101
86
68
44
20
-4
-30
-60
-92
-121
-154
-184
-213
-239
-262
-279
-285
-283
-271
-245
-203
-151
-86
-7
82
178
276
377
477
571
654
723
777
812
822
810
772
711
627
524
410
284
153
25
-100
-219
-326
-422
-498
-556
-597
-620
-622
-606
-573
-527
-468
-398
-325
-251
-180
-117
-64
-19
16
41
54
62
67
66
63
57
52
46
43
43
46
54
64
80
103
126
159
190
221
253
276
298
314
326
334
336
338
338
331
322
312
301
281
260
237
206
171
133
90
43
-6
-52
-91
-132
-169
-194
-208
-213
-206
-189
-162
-130
-95
-59
-30
-10
1
0
-13
-35
-63
-96
-130
-163
-193
-217
-233
-244
-250
-249
-244
-233
-218
-198
-174
-143
-108
-66
-22
24
77
133
182
223
255
272
270
242
189
114
16
-98
-216
-335
-447
-541
-611
-656
-670
-658
-621
-564
-491
-408
-323
-237
-159
-86
-22
29
69
98
113
123
125
115
97
70
32
-16
-74
-144
-220
-302
-387
-467
-544
-611
-668
-713
-743
-762
-776
-782
-783
-782
-780
-776
-767
-758
-749
-732
-711
-683
-648
-611
-563
-506
-441
-370
-293
-206
-113
-15
86
192
296
398
498
590
674
751
823
882
931
973
1002
1026
1039
1046
1056
1067
1084
1107
1144
1191
1241
1298
1356
1407
1449
1474
1473
1452
1404
1331
1240
1134
1018
897
779
663
553
451
356
270
196
124
55
-13
-82
-148
-216
-290
-363
-439
-516
-589
-663
-734
-794
-849
-898
-934
-960
-976
-978
-969
-948
-916
-870
-820
-766
-711
-655
-599
-545
-495
-450
-406
-363
-322
-280
-235
-190
-144
-93
-42
7
49
89
125
157
188
214
235
255
273
288
306
324
341
356
371
387
398
411
421
425
433
439
437
436
433
431
429
427
419
413
409
399
384
369
348
324
299
274
243
213
181
145
110
71
33
-5
-43
-80
-118
-152
-185
-219
-249
-272
-291
-313
-331
-342
-356
-365
-372
-382
-387
-393
-404
-418
-431
-444
-459
-477
-491
-507
-521
-532
-540
-548
-556
-559
-561
-561
-556
-552
-547
-538
-528
-517
-506
-494
-481
-464
-449
-429
-408
-383
-353
-322
-290
-256
-218
-181
-147
-117
-87
-64
-45
-29
-16
-9
-5
-3
-4
-7
-6
-7
-11
-13
-14
-14
-16
-21
-26
-35
-45
-58
-74
-91
-107
-122
-141
-157
-173
-190
-208
-226
-244
-262
-280
-303
-324
-346
-372
-395
-417
-437
-457
-476
-492
-505
-517
-527
-534
-539
-542
-541
-541
-534
-526
-516
-505
-495
-482
-465
-456
-449
-449
-454
-468
-493
-525
-566
-610
-658
-706
-756
-798
-829
-853
-864
-865
-855
-834
-804
-763
-717
-665
-608
-548
-483
-417
-348
-277
-205
-128
-49
27
105
181
257
329
398
460
521
578
628
675
720
764
804
844
885
924
963
1002
1042
1082
1116
1150
1180
1206
1232
1250
1260
1266
1265
1254
1235
1210
1177
1139
1097
1050
1001
950
902
853
808
766
726
693
669
650
637
630
628
631
636
645
652
662
673
683
691
694
694
690
683
673
659
642
621
596
570
541
510
480
453
422
391
361
330
300
275
249
224
202
184
170
160
153
149
145
143
147
151
154
159
165
172
180
185
193
197
200
200
199
197
193
192
190
187
180
171
161
148
134
112
83
55
23
-11
-53
-98
-146
-197
-250
-308
-371
-432
-493
-557
-621
-684
-747
-807
-864
-919
-967
-1010
-1049
-1082
-1110
-1133
-1148
-1158
-1156
-1147
-1132
-1110
-1082
-1048
-1012
-971
-927
-886
-843
-803
-767
-737
-711
-690
-676
-664
-656
-652
-650
-651
-650
-652
-656
-660
-658
-652
-642
-627
-604
-575
-538
-494
-445
-390
-330
-270
-205
-142
-81
-16
45
103
160
216
272
325
377
432
486
538
584
629
669
700
725
738
740
733
712
683
646
599
547
493
439
385
332
284
245
213
187
172
162
159
165
176
194
214
236
260
284
310
333
354
374
390
406
417
424
426
426
424
421
415
406
395
382
365
344
324
298
270
240
206
170
132
96
63
28
-6
-36
-63
-90
-109
-127
-142
-153
-163
-170
-176
-178
-176
-175
-176
-174
-172
-172
-176
-185
-200
-220
-246
-278
-318
-364
-413
-466
-520
-573
-626
-675
-719
-756
-788
-813
-831
-839
-840
-836
-823
-805
-781
-751
-718
-679
-638
-596
-553
-506
-460
-415
-371
-324
-285
-245
-209
-176
-147
-120
-95
-74
-57
-40
-25
-12
0
11
22
32
44
57
72
86
99
111
123
130
136
142
142
138
132
119
103
83
58
31
0
-33
-66
-98
-127
-153
-174
-191
-202
-204
-204
-193
-176
-153
-123
-91
-56
-17
24
65
103
142
178
210
242
273
304
336
365
398
432
466
503
542
582
623
668
714
759
803
847
889
929
969
1003
1034
1059
1077
1093
1101
1102
1091
1077
1055
1026
995
958
917
876
831
791
752
715
686
661
639
623
613
606
604
603
606
609
613
618
619
622
624
625
624
621
613
603
593
579
564
544
524
504
478
450
421
387
352
317
282
244
208
173
137
103
68
36
5
-27
-55
-84
-112
-136
-159
-183
-205
-222
-242
-264
-280
-295
-311
-325
-336
-343
-352
-363
-371
-381
-392
-398
-411
-423
-434
-452
-468
-482
-498
-516
-534
-551
-574
-591
-610
-633
-654
-674
-692
-708
-727
-745
-765
-781
-797
-815
-833
-848
-860
-867
-873
-876
-871
-867
-860
-849
-836
-821
-802
-782
-757
-729
-693
-659
-626
-591
-556
-523
-490
-459
-427
-396
-366
-338
-311
-287
-268
-253
-241
-233
-229
-228
-229
-229
-227
-230
-227
-220
-215
-207
-199
-190
-184
-171
-161
-155
-144
-136
-128
-119
-110
-98
-85
-69
-47
-20
12
47
93
142
197
259
318
382
449
514
577
637
693
748
798
840
875
903
926
944
959
969
973
976
974
970
964
949
930
906
870
826
774
715
650
581
508
430
352
273
200
128
59
2
-50
-94
-125
-152
-169
-176
-177
-171
-163
-146
-122
-96
-66
-30
5
43
82
121
156
190
219
240
258
271
279
279
279
277
269
261
253
241
228
213
194
174
151
127
100
74
47
21
-4
-30
-53
-73
-91
-105
-116
-126
-130
-132
-127
-120
-114
-96
-79
-60
-36
-9
18
46
68
85
100
106
103
94
72
39
-1
-47
-101
-162
-228
-297
-369
-434
-500
-561
-612
-657
-695
-727
-750
-765
-779
-782
-784
-782
-774
-767
-755
-735
-718
-695
-670
-640
-607
-570
-529
-487
-441
-390
-335
-279
-221
-165
-109
-53
1
52
98
142
180
211
240
257
270
281
281
277
269
259
243
226
209
191
176
160
147
137
127
123
120
122
126
128
134
138
144
148
148
153
156
158
165
169
172
183
195
208
225
240
259
280
299
322
346
369
392
415
439
466
491
519
546
575
608
633
660
689
711
731
746
756
765
767
763
754
739
721
699
672
642
608
576
539
500
461
424
381
339
300
259
219
179
138
102
68
36
7
-23
-49
-71
-92
-110
-126
-141
-152
-166
-179
-186
-195
-204
-211
-220
-224
-231
-240
-247
-255
-260
-264
-271
-277
-282
-290
-297
-305
-311
-315
-321
-325
-327
-331
-332
-334
-332
-330
-334
-336
-339
-343
-346
-352
-362
-372
-387
-400
-414
-433
-452
-473
-494
-514
-537
-556
-575
-592
-608
-622
-636
-646
-650
-655
-657
-653
-644
-631
-620
-602
-579
-555
-526
-495
-461
-425
-390
-353
-312
-275
-238
-200
-165
-130
-94
-62
-31
-4
25
51
73
95
113
126
140
152
159
162
166
168
163
156
145
133
120
100
83
67
52
34
17
1
-14
-30
-45
-58
-71
-85
-99
-109
-118
-130
-142
-153
-164
-175
-188
-197
-210
-221
-230
-240
-250
-261
-269
-273
-277
-279
-280
-280
-272
-264
-254
-242
-228
-211
-196
-178
-156
-140
-121
-98
-77
-55
-32
-11
14
40
62
86
108
129
149
167
185
197
209
222
230
241
250
258
264
268
276
280
285
293
299
302
306
310
314
315
315
319
319
319
314
311
311
305
300
293
286
279
271
259
247
236
226
212
198
184
168
153
138
119
103
86
71
55
40
28
15
4
-5
-14
-23
-25
-30
-32
-31
-33
-33
-33
-31
-28
-27
-28
-27
-27
-28
-32
-36
-38
-43
-49
-57
-65
-72
-80
-89
-99
-109
-119
-130
-139
-149
-160
-170
-180
-192
-202
-213
-223
-232
-241
-251
-259
-267
-272
-277
-277
-273
-271
-264
-255
-246
-234
-224
-213
-197
-184
-172
-159
-147
-140
-132
-124
-122
-119
-118
-121
-124
-129
-135
-139
-143
-151
-152
-156
-157
-154
-150
-144
-138
-129
-115
-102
-85
-66
-43
-22
3
32
57
84
115
143
169
195
220
245
265
285
304
319
332
344
355
364
373
381
385
387
388
384
375
362
347
325
297
262
224
179
130
80
24
-32
-84
-136
-183
-227
-267
-297
-320
-338
-345
-345
-340
-327
-308
-284
-254
-222
-187
-154
-121
-86
-54
-22
1
25
47
64
80
97
110
123
135
146
158
166
176
182
184
186
183
179
171
156
139
120
98
75
50
24
-7
-33
-59
-85
-107
-124
-140
-153
-157
-155
-153
-146
-136
-119
-102
-84
-60
-39
-18
4
27
51
73
96
116
136
159
178
196
217
235
255
272
284
299
310
318
328
335
342
349
355
356
359
360
364
366
364
364
366
370
367
368
369
364
360
358
354
346
341
335
327
321
317
311
306
303
302
301
301
303
307
309
310
310
311
307
302
293
278
261
246
227
201
181
157
136
122
109
100
95
96
103
116
132
152
177
203
230
256
280
304
322
340
356
369
378
381
382
384
383
386
387
390
398
406
417
428
440
452
459
460
455
441
416
375
327
267
194
118
35
-51
-139
-225
-303
-377
-441
-499
-543
-577
-603
-619
-626
-625
-619
-604
-587
-570
-545
-522
-495
-472
-448
-421
-397
-375
-355
-334
-311
-295
-276
-258
-245
-232
-220
-207
-194
-184
-174
-167
-156
-147
-138
-128
-120
-107
-92
-78
-61
-46
-33
-18
-6
5
13
13
13
7
-7
-24
-52
-79
-114
-152
-189
-229
-269
-305
-341
-373
-402
-430
-454
-474
-493
-510
-525
-537
-548
-555
-559
-565
-567
-565
-564
-558
-550
-539
-524
-506
-483
-456
-426
-390
-351
-303
-253
-199
-140
-78
-12
56
126
196
267
334
397
461
519
572
618
657
691
718
739
751
756
754
743
727
703
666
626
579
527
468
402
333
258
179
99
18
-63
-146
-227
-301
-372
-439
-496
-549
-596
-634
-668
-691
-707
-716
-718
-718
-709
-691
-668
-639
-605
-568
-526
-485
-440
-391
-342
-296
-247
-202
-158
-117
-79
-42
-15
11
34
50
64
73
79
84
82
80
75
66
56
42
30
15
-4
-22
-42
-64
-85
-105
-128
-151
-173
-194
-213
-234
-255
-271
-286
-299
-313
-322
-329
-336
-340
-341
-340
-336
-332
-326
-319
-311
-301
-288
-274
-257
-241
-224
-203
-184
-167
-149
-132
-114
-96
-78
-65
-51
-35
-21
-6
7
22
36
48
62
73
84
100
111
123
133
142
151
157
165
174
179
183
186
187
189
192
191
188
187
185
185
184
183
182
182
181
182
182
183
184
186
190
190
190
190
191
192
191
189
187
187
185
182
182
181
180
180
177
174
170
167
163
161
157
154
150
146
145
144
142
143
141
143
146
149
152
155
159
159
159
158
155
153
149
149
146
142
140
138
137
139
139
142
142
138
141
141
140
137
132
124
116
107
95
82
70
54
43
32
19
7
-4
-11
-18
-23
-27
-31
-35
-39
-40
-44
-47
-52
-56
-58
-62
-67
-69
-69
-72
-72
-74
-74
-75
-78
-75
-72
-71
-68
-60
-52
-44
-34
-24
-15
0
17
36
55
77
102
129
157
182
209
231
251
275
291
307
323
335
348
359
367
373
379
383
388
390
390
387
383
380
371
364
353
338
322
301
276
250
220
187
157
122
85
51
17
-15
-44
-72
-94
-117
-134
-148
-160
-168
-176
-177
-178
-174
-169
-164
-159
-152
-140
-132
-124
-115
-107
-100
-93
-89
-85
-81
-76
-71
-70
-70
-70
-72
-76
-80
-84
-86
-85
-87
-87
-88
-89
-84
-79
-76
-68
-63
-58
-47
-41
-36
-31
-26
-23
-21
-21
-21
-23
-26
-29
-32
-37
-42
-46
-48
-53
-57
-60
-60
-62
-67
-72
-76
-83
-90
-96
-101
-110
-118
-126
-137
-146
-156
-166
-175
-186
-195
-201
-214
-221
-229
-237
-242
-247
-250
-253
-257
-254
-251
-247
-242
-235
-231
-225
-217
-210
-200
-193
-183
-173
-164
-153
-142
-132
-121
-108
-96
-86
-76
-66
-54
-46
-38
-29
-17
-11
-8
-2
0
1
1
3
-2
-6
-9
-15
-21
-26
-37
-45
-53
-64
-71
-81
-91
-98
-104
-111
-117
-121
-127
-128
-132
-134
-134
-138
-138
-135
-135
-134
-131
-127
-125
-122
-117
-116
-109
-105
-100
-96
-96
-93
-90
-86
-83
-79
-73
-72
-69
-61
-54
-50
-47
-42
-35
-30
-27
-25
-21
-16
-12
-12
-13
-12
-10
-12
-14
-13
-17
-20
-24
-27
-31
-37
-40
-45
-47
-52
-59
-63
-68
-78
-87
-97
-109
-122
-135
-147
-162
-177
-192
-207
-222
-231
-244
-253
-260
-268
-269
-271
-272
-264
-258
-248
-238
-227
-211
-199
-182
-164
-147
-129
-109
-90
-73
-52
-35
-21
-7
8
21
33
42
55
63
69
78
84
90
94
101
107
115
121
126
137
144
152
160
168
179
190
202
217
230
243
256
269
283
298
313
328
340
352
361
367
374
379
380
380
379
377
377
375
369
362
358
352
344
338
332
324
319
311
301
295
287
280
278
274
271
267
264
263
262
263
261
262
262
258
257
263
264
264
266
268
274
275
279
279
277
278
276
277
277
271
270
265
259
256
248
240
230
219
208
193
179
163
148
130
111
92
76
58
39
23
5
-12
-28
-45
-59
-74
-88
-101
-118
-132
-145
-163
-178
-193
-206
-219
-233
-244
-259
-273
-286
-302
-317
-334
-350
-369
-385
-404
-423
-439
-458
-473
-488
-505
-514
-524
-534
-540
-545
-548
-550
-550
-547
-546
-543
-537
-532
-526
-520
-513
-504
-495
-484
-475
-466
-454
-444
-436
-427
-417
-406
-400
-390
-381
-376
-365
-358
-350
-339
-328
-314
-304
-290
-271
-253
-236
-216
-198
-174
-149
-125
-96
-67
-38
-6
25
60
95
127
162
195
227
262
295
326
355
384
410
434
457
476
492
506
517
526
533
532
533
530
522
512
504
493
479
465
450
432
413
399
382
362
346
329
313
296
283
270
257
244
230
221
210
198
190
181
175
169
161
157
153
145
142
138
132
130
130
127
124
123
122
123
125
123
122
125
126
125
126
126
127
127
128
129
130
131
129
126
127
124
122
117
111
108
102
96
92
91
87
82
80
79
80
78
77
78
80
80
81
80
82
86
88
88
90
93
95
98
100
102
102
101
103
102
100
95
92
86
84
81
78
74
72
70
69
68
68
69
66
64
64
61
58
56
55
52
50
47
42
36
29
21
12
3
-8
-20
-34
-47
-59
-76
-92
-103
-119
-135
-149
-162
-179
-193
-206
-223
-236
-247
-260
-270
-278
-287
-296
-306
-317
-324
-333
-341
-347
-354
-362
-373
-380
-383
-391
-397
-401
-409
-412
-417
-423
-427
-430
-437
-441
-446
-450
-452
-455
-458
-457
-457
-458
-455
-451
-449
-444
-440
-434
-429
-425
-417
-412
-405
-393
-384
-374
-362
-351
-336
-322
-309
-296
-281
-268
-254
-238
-226
-213
-199
-185
-172
-160
-148
-137
-125
-112
-101
-88
-78
-67
-58
-48
-37
-28
-18
-4
7
16
29
38
52
64
76
91
105
120
138
152
171
193
213
237
262
287
315
342
370
400
428
455
484
507
528
548
560
570
577
585
582
573
564
548
526
500
473
439
403
367
325
280
236
186
140
94
46
1
-47
-92
-130
-169
-207
-238
-264
-289
-313
-329
-346
-360
-369
-376
-382
-386
-387
-387
-383
-376
-368
-357
-346
-330
-311
-293
-273
-250
-225
-199
-171
-139
-114
-85
-54
-23
7
38
70
99
128
158
184
211
235
258
280
301
323
341
357
368
381
390
399
405
410
415
418
421
424
426
428
432
433
430
431
433
431
425
419
413
403
396
384
372
361
350
338
326
314
301
290
276
265
255
242
235
228
222
219
216
213
211
208
207
205
200
200
197
192
189
187
185
179
175
170
162
154
146
138
129
118
108
97
85
74
60
48
35
22
10
-3
-13
-24
-37
-50
-63
-78
-93
-109
-125
-138
-155
-169
-186
-202
-216
-230
-245
-257
-271
-283
-295
-305
-314
-320
-328
-332
-334
-339
-341
-340
-339
-336
-336
-337
-337
-336
-334
-334
-334
-329
-325
-324
-318
-313
-308
-307
-308
-302
-297
-299
-295
-292
-290
-284
-280
-275
-270
-265
-260
-254
-249
-243
-238
-235
-232
-229
-225
-218
-215
-210
-203
-198
-193
-189
-185
-181
-180
-176
-174
-171
-168
-163
-157
-152
-146
-137
-128
-124
-117
-111
-106
-99
-99
-94
-87
-84
-82
-76
-73
-69
-63
-61
-57
-52
-49
-43
-41
-38
-32
-31
-27
-22
-21
-14
-11
-8
-3
-5
-4
-7
-11
-13
-23
-30
-38
-47
-57
-65
-75
-88
-95
-104
-112
-118
-125
-130
-132
-137
-140
-141
-146
-149
-151
-155
-159
-166
-175
-187
-205
-223
-245
-275
-302
-335
-370
-407
-443
-479
-513
-546
-573
-595
-614
-622
-625
-626
-613
-596
-570
-536
-500
-454
-406
-352
-294
-237
-178
-117
-60
-4
53
104
156
200
241
280
312
339
360
378
392
404
411
413
413
410
404
394
389
377
362
351
337
324
310
298
285
270
261
251
244
238
234
233
235
235
237
242
248
253
265
274
283
294
303
315
328
338
349
359
367
376
382
387
387
389
388
387
386
382
379
373
368
360
356
352
342
336
331
325
318
312
307
299
292
284
276
270
259
247
237
225
213
200
184
170
155
139
121
107
93
78
64
47
35
23
8
-3
-16
-29
-41
-56
-70
-89
-104
-119
-135
-152
-165
-179
-194
-211
-223
-235
-248
-256
-263
-268
-269
-269
-266
-263
-258
-251
-241
-231
-215
-199
-184
-167
-149
-131
-114
-96
-77
-62
-45
-27
-11
6
17
38
53
66
84
96
107
119
132
146
158
171
183
193
203
214
222
229
236
245
252
261
269
277
287
291
298
305
309
315
320
323
327
332
336
337
341
343
345
347
348
348
349
350
346
346
341
336
334
329
326
322
316
316
312
308
307
307
307
304
306
307
308
311
309
309
312
312
313
309
309
310
306
304
299
293
287
278
269
259
250
241
229
219
205
191
178
163
145
130
114
97
82
62
42
23
3
-19
-39
-64
-86
-108
-132
-156
-180
-205
-230
-254
-279
-304
-329
-354
-378
-402
-423
-443
-466
-483
-501
-519
-534
-548
-562
-576
-589
-596
-607
-616
-620
-626
-631
-634
-637
-637
-640
-640
-640
-637
-635
-634
-629
-628
-623
-620
-616
-611
-609
-603
-598
-594
-588
-581
-575
-574
-566
-559
-553
-544
-536
-522
-510
-505
-495
-481
-466
-452
-438
-416
-401
-380
-360
-339
-307
-281
-256
-224
-192
-158
-122
-88
-52
-13
23
63
102
138
175
208
243
276
304
333
357
380
403
422
438
453
465
476
483
485
487
487
483
481
474
464
452
442
433
417
402
388
374
357
337
321
304
286
270
252
236
218
200
182
169
153
135
120
106
93
78
65
55
42
32
20
12
6
-6
-13
-23
-33
-40
-50
-59
-65
-74
-80
-87
-92
-96
-101
-108
-110
-115
-119
-123
-128
-132
-133
-134
-134
-138
-141
-140
-140
-139
-138
-138
-135
-136
-133
-130
-129
-126
-123
-120
-113
-110
-105
-98
-92
-81
-73
-65
-52
-40
-27
-12
5
21
37
56
71
87
103
115
129
142
152
162
171
178
179
178
180
176
172
163
154
145
136
124
110
98
87
77
65
52
40
30
20
11
2
-8
-17
-25
-31
-41
-55
-65
-75
-88
-101
-116
-130
-147
-165
-186
-204
-223
-245
-266
-285
-303
-321
-338
-355
-369
-381
-391
-393
-398
-401
-401
-395
-385
-377
-362
-346
-328
-305
-286
-265
-237
-212
-187
-160
-133
-106
-76
-49
-25
2
27
53
79
101
124
143
167
184
202
221
236
250
263
275
283
293
303
307
313
318
320
324
323
325
325
326
322
321
321
313
310
306
299
291
283
275
269
263
255
247
241
232
222
216
205
196
192
185
