7
5
8
11
13
14
13
12
12
11
10
12
13
10
10
10
9
9
8
8
6
6
1
3
3
0
1
-1
-1
-1
-2
1
1
-1
-2
0
2
2
3
2
1
0
2
2
0
1
1
1
3
0
-2
2
2
-2
-1
0
-4
-5
-8
-11
-10
-12
-13
-11
-11
-11
-13
-10
-11
-12
-11
-14
-13
-12
-11
-8
-7
-6
-3
0
0
1
0
0
1
0
-1
-2
1
0
2
1
-1
-2
-1
0
-2
-2
-5
-3
0
-2
1
3
2
2
2
3
3
4
4
3
6
3
5
7
5
7
8
7
9
7
8
8
8
7
8
7
6
7
4
6
9
9
9
7
7
5
5
5
2
1
1
2
1
1
3
4
4
5
3
4
4
3
5
6
5
9
6
5
5
3
1
2
0
0
1
1
0
-1
-2
-6
-6
-8
-11
-12
-13
-13
-15
-14
-15
-15
-13
-12
-13
-14
-18
-20
-18
-16
-17
-16
-13
-13
-12
-10
-11
-9
-7
-9
-8
-7
-8
-7
-5
-5
-5
-5
-8
-8
-7
-9
-9
-10
-9
-8
-8
-7
-6
-4
-3
-3
-1
0
3
1
2
3
1
2
1
0
4
6
8
9
10
8
8
9
9
11
11
11
11
10
12
11
12
12
11
9
7
7
4
5
6
4
4
4
3
2
-1
-3
-5
-5
-4
-2
-1
-3
-1
2
1
2
3
2
4
6
8
7
9
11
11
7
6
8
6
2
2
1
2
2
-2
-3
-5
-7
-8
-12
-11
-14
-13
-12
-10
-10
-13
-11
-11
-8
-6
-8
-8
-6
-6
-6
-4
-7
-7
-5
-6
-7
-6
-7
-5
-4
-4
-3
-1
-4
-2
1
-2
-6
-6
-6
-4
-4
-4
-5
-7
-6
-8
-9
-7
-9
-9
-11
-11
-13
-12
-11
-13
-9
-11
-11
-6
-5
-3
0
1
5
8
7
6
9
9
6
8
7
8
10
8
10
10
13
12
10
9
7
7
8
11
11
13
13
11
14
11
11
13
13
17
18
15
16
15
18
15
11
10
9
11
10
12
13
13
14
12
14
16
14
16
14
13
15
13
13
13
11
10
7
5
5
4
5
5
3
4
2
1
1
-1
-1
-2
-2
-3
-4
-6
-10
-8
-8
-10
-8
-9
-11
-11
-13
-12
-13
-14
-11
-12
-12
-10
-10
-11
-9
-9
-8
-6
-7
-6
-7
-7
-7
-8
-9
-9
-8
-11
-12
-13
-14
-13
-12
-14
-11
-10
-9
-7
-9
-9
-10
-10
-8
-6
-6
-6
-3
-4
-5
-3
-3
-2
3
1
0
2
5
7
6
5
6
5
4
7
9
9
11
9
10
11
8
6
7
6
7
5
7
6
5
7
3
4
5
6
6
6
6
5
5
6
6
7
7
7
5
3
3
3
4
6
7
9
8
7
7
9
8
6
6
5
6
8
6
6
10
6
6
7
7
7
8
8
7
4
6
5
8
8
6
8
7
10
8
6
8
9
9
9
7
7
6
4
3
2
0
1
-1
-4
-4
-6
-9
-9
-12
-15
-16
-16
-16
-17
-18
-19
-22
-22
-22
-27
-27
-25
-26
-28
-26
-26
-24
-21
-21
-19
-21
-19
-16
-17
-12
-11
-11
-8
-7
-8
-4
-2
0
1
3
4
5
4
4
7
5
6
7
7
8
9
9
7
5
6
6
8
9
7
7
6
7
6
5
6
7
6
6
8
7
7
6
6
6
9
10
10
8
10
9
7
8
5
5
7
5
4
6
5
3
2
4
4
2
1
2
1
-2
-3
-7
-6
-7
-10
-10
-8
-5
-4
-6
-4
-4
-5
-1
-1
-2
1
1
3
3
5
4
2
3
2
2
-2
-3
-3
-6
-7
-10
-14
-14
-15
-17
-15
-16
-17
-13
-15
-15
-13
-17
-15
-14
-13
-9
-10
-8
-5
-5
-4
-3
-1
0
2
4
5
7
7
10
12
10
11
8
4
3
2
0
2
-1
-2
1
3
1
1
0
-1
1
-3
-2
-4
-6
-4
-3
-1
1
3
6
6
8
8
9
8
6
8
7
6
8
6
5
4
7
7
3
4
5
4
5
4
2
3
7
6
6
9
10
10
8
8
7
7
10
10
7
5
6
5
1
1
2
0
1
-1
0
-2
-5
-4
-6
-6
-2
-1
-2
-2
-1
-3
-3
-3
-8
-7
-6
-6
-4
-5
-7
-8
-6
-3
-6
-6
-5
-3
0
-2
-2
-1
-1
0
-2
-5
-5
-6
-5
-5
-5
-7
-7
-7
-6
-4
-7
-9
-7
-11
-7
-6
-6
-5
-7
-6
-4
-5
-6
-8
-9
-7
-3
-3
-5
-3
-1
1
2
0
2
1
0
2
2
4
4
1
2
2
-1
2
3
3
7
8
8
11
11
13
12
12
17
17
16
17
19
18
17
15
12
15
15
14
16
13
12
13
9
11
10
8
10
7
4
4
4
6
9
12
12
9
9
10
9
7
8
9
8
8
8
7
6
7
8
11
8
5
6
4
3
4
2
1
0
-2
-2
-3
-5
-7
-7
-4
-7
-8
-10
-12
-13
-11
-9
-10
-9
-8
-10
-8
-9
-9
-9
-9
-5
-5
-5
-4
-7
-9
-8
-8
-12
-10
-11
-13
-12
-13
-12
-10
-12
-13
-15
-14
-16
-15
-12
-12
-8
-9
-9
-7
-9
-6
-8
-7
-5
-8
-8
-10
-10
-6
-6
-7
-6
-4
-2
-2
-1
-1
0
1
3
4
5
6
6
8
8
8
8
7
9
9
7
8
11
11
13
14
14
15
16
16
15
13
14
14
10
12
13
14
12
11
12
14
13
10
8
11
10
7
6
6
7
6
6
7
4
5
5
4
4
3
4
1
1
2
0
2
1
2
1
-1
2
-2
-3
-3
-2
-2
-6
-5
-7
-7
-5
-7
-6
-6
-3
-3
-4
-2
-4
-3
-3
-3
-2
-2
-3
-2
-3
-5
-5
-3
-1
-2
-1
-2
0
0
2
0
0
-2
-5
-6
-7
-5
-3
-7
-8
-8
-9
-9
-8
-7
-4
-4
-6
-3
-2
-6
-4
-2
-2
1
2
-1
-2
-1
-1
-4
-3
-3
-1
-2
-5
-1
1
-1
-2
1
1
2
2
-1
1
3
0
2
4
2
2
2
3
3
4
5
4
4
3
6
5
6
8
6
8
10
7
9
7
7
5
4
4
4
2
0
-1
-2
-2
-1
-3
-2
-3
-5
-3
-2
-3
-5
-5
-4
-3
-5
-4
-4
-6
-5
-5
-7
-8
-8
-8
-8
-8
-9
-6
-8
-8
-8
-9
-7
-8
-9
-11
-11
-10
-12
-11
-12
-14
-12
-11
-11
-9
-9
-9
-7
-6
-6
-9
-9
-10
-9
-8
-8
-9
-8
-9
-8
-6
-7
-3
1
-2
-3
-1
-1
-5
-4
-2
-5
-3
-3
-5
-9
-9
-7
-8
-8
-7
-7
-4
-2
-1
1
2
2
5
4
3
6
9
9
8
9
12
12
11
11
11
10
10
11
11
11
12
13
12
11
11
14
11
11
12
9
11
9
9
11
6
5
8
6
5
7
9
10
9
9
12
13
11
10
6
5
3
2
4
-1
-2
0
-4
-6
-5
-8
-8
-8
-7
-8
-9
-10
-11
-11
-8
-7
-8
-8
-12
-11
-9
-11
-8
-8
-11
-9
-8
-11
-12
-12
-10
-9
-10
-10
-12
-13
-13
-13
-11
-11
-12
-11
-9
-13
-12
-11
-12
-11
-10
-9
-9
-6
-3
-3
-3
-2
0
0
0
1
-1
-1
0
2
4
2
3
4
6
7
8
7
5
4
4
5
4
4
4
3
4
5
4
1
2
3
5
5
5
8
9
9
9
9
9
14
16
15
12
11
16
18
17
18
19
19
17
17
16
15
16
17
16
14
13
13
16
14
12
14
12
10
8
8
7
12
11
10
12
11
13
15
16
16
16
14
13
14
12
10
11
12
10
10
10
9
8
5
3
5
5
5
5
6
6
9
9
10
9
9
9
8
3
1
0
-1
-3
-4
-5
-6
-5
-7
-9
-6
-5
-10
-8
-9
-12
-10
-10
-11
-12
-14
-13
-13
-14
-15
-15
-16
-16
-14
-14
-14
-14
-12
-12
-11
-10
-10
-9
-8
-6
-6
-6
-4
-2
-4
-3
-3
-3
-3
-3
-2
0
0
0
-1
1
2
1
2
1
-1
-1
1
-2
-3
-1
0
3
5
4
6
7
7
10
10
8
11
11
8
10
9
7
9
7
6
7
8
8
9
8
8
8
8
8
8
8
7
6
3
3
3
5
5
4
1
0
-2
-3
0
1
2
2
1
1
-1
1
1
1
2
1
0
0
-1
-2
-4
-3
-3
-5
-3
-5
-4
-3
-3
-3
-4
-2
-2
-1
-1
-4
-1
-1
1
1
1
3
0
0
-1
-2
-2
-2
-1
-3
-3
-4
-6
-3
-3
-3
-2
-2
-4
-7
-7
-9
-7
-8
-11
-12
-14
-14
-13
-16
-14
-12
-12
-13
-15
-15
-16
-14
-15
-18
-15
-15
-16
-14
-15
-14
-13
-13
-12
-11
-10
-11
-8
-9
-8
-8
-9
-6
-6
-5
-4
-4
-1
0
1
1
1
5
2
2
4
3
5
6
4
3
5
7
3
5
4
3
3
2
3
4
2
2
3
5
3
5
4
6
6
1
2
0
-2
-2
-5
-6
-7
-9
-10
-11
-13
-12
-11
-13
-15
-15
-16
-17
-18
-17
-17
-16
-14
-11
-9
-6
-5
-6
-7
-6
-3
-3
-1
1
3
3
3
4
6
9
9
8
9
8
11
13
11
11
12
10
9
12
9
8
6
6
5
1
0
-1
-3
-6
-6
-4
-5
-5
-4
-4
-4
-4
-5
-5
-4
-5
-3
-2
-3
-3
1
1
5
7
7
9
10
11
13
14
15
17
18
15
16
18
16
17
18
16
15
13
11
9
8
8
7
8
7
7
6
7
7
6
2
2
1
0
-2
-4
-5
-4
-5
-4
-5
-6
-5
-5
-5
-4
-2
-1
-3
-2
-3
-1
-2
-1
1
0
0
1
0
-2
-3
-4
-7
-6
-4
-8
-8
-5
-4
-3
-3
1
0
0
-1
-1
1
-3
-4
-4
-4
-4
-4
0
-3
-1
1
0
-1
0
-1
-1
-1
1
0
1
4
3
4
3
0
2
0
-1
-1
-2
-3
-4
-4
-6
-7
-5
-6
-7
-8
-9
-7
-5
-7
-6
-6
-6
-6
-5
-5
-4
-7
-7
-5
-4
-3
-2
-1
2
2
1
4
6
8
11
14
13
13
14
14
14
17
15
14
18
18
17
20
19
19
21
18
16
16
14
19
19
18
21
20
19
18
16
15
14
14
15
14
11
9
8
6
9
7
9
8
6
4
-1
1
0
-2
0
-1
-2
0
0
2
2
-1
-1
0
-1
-4
-5
-2
-2
-1
0
-3
-5
-4
-3
-3
-6
-7
-8
-8
-8
-6
-9
-10
-10
-10
-13
-13
-10
-11
-12
-11
-11
-13
-18
-18
-20
-21
-20
-19
-19
-16
-11
-13
-13
-13
-16
-18
-17
-18
-18
-19
-22
-24
-21
-21
-17
-14
-13
-9
-9
-8
-3
-2
-2
-1
0
0
4
4
4
4
3
2
1
0
0
0
0
1
1
-1
2
1
1
1
1
0
2
1
2
5
5
6
6
6
8
5
2
0
0
2
0
2
4
4
6
6
3
4
3
3
4
1
2
2
4
6
2
-1
1
1
1
0
-3
-5
-2
-3
-5
-5
-7
-9
-12
-12
-13
-11
-11
-13
-17
-22
-24
-22
-18
-22
-24
-22
-22
-20
-20
-20
-22
-24
-23
-24
-24
-25
-25
-21
-24
-25
-26
-27
-24
-25
-27
-23
-22
-22
-18
-17
-16
-15
-17
-21
-20
-23
-24
-23
-20
-12
-9
-8
-6
-9
-21
-45
-64
-70
-67
-58
-48
-38
-31
-28
-26
-25
-25
-30
-33
-27
-21
-12
-4
2
7
6
0
-9
-17
-28
-34
-32
-28
-20
-9
-3
2
-1
-8
-17
-25
-31
-34
-33
-29
-23
-23
-22
-18
-17
-14
-12
-9
-3
0
3
8
10
13
11
13
17
16
15
18
17
17
15
15
18
19
20
20
19
17
14
11
8
6
5
6
9
9
11
10
8
9
9
5
-1
-1
-2
0
3
2
5
6
8
10
11
10
10
10
8
8
8
7
4
2
-2
-5
-10
-13
-15
-20
-22
-22
-22
-20
-20
-16
-13
-14
-15
-14
-14
-12
-10
-5
1
7
12
17
19
20
22
23
25
31
39
46
54
60
64
70
77
81
87
94
98
102
106
109
114
116
115
115
112
110
109
105
100
99
97
98
100
99
100
98
96
95
94
93
92
90
88
85
83
81
83
81
80
80
77
74
69
67
66
64
64
68
72
75
77
80
82
82
85
87
90
92
92
96
102
105
111
115
121
126
131
137
142
149
157
163
168
173
174
172
171
169
167
163
158
154
150
146
142
138
135
129
124
120
112
105
97
90
81
70
60
48
38
29
19
11
5
-3
-6
-9
-11
-13
-19
-23
-26
-30
-32
-29
-29
-27
-27
-26
-27
-31
-34
-38
-40
-41
-42
-39
-38
-37
-37
-41
-45
-42
-38
-35
-26
-14
-5
6
20
29
39
52
66
86
107
129
150
170
184
196
202
204
208
209
212
216
216
217
213
203
182
155
121
80
40
-7
-50
-92
-131
-166
-200
-227
-255
-278
-296
-306
-308
-309
-299
-286
-277
-266
-259
-255
-250
-242
-232
-220
-197
-175
-153
-132
-120
-117
-122
-132
-141
-152
-157
-159
-162
-157
-155
-148
-139
-130
-114
-96
-72
-41
-5
35
78
121
162
198
228
255
278
296
316
337
357
375
394
409
414
412
396
373
337
283
218
140
53
-40
-136
-230
-317
-394
-459
-512
-552
-580
-596
-605
-611
-610
-604
-597
-583
-567
-542
-514
-480
-441
-402
-360
-321
-285
-249
-219
-201
-183
-172
-171
-174
-186
-200
-215
-232
-242
-246
-247
-232
-206
-170
-124
-71
-11
55
126
198
267
335
396
454
507
552
598
645
694
744
789
827
843
830
777
686
562
411
249
92
-54
-180
-278
-356
-418
-470
-522
-569
-609
-642
-654
-647
-622
-576
-515
-452
-393
-342
-306
-284
-269
-261
-253
-238
-220
-203
-188
-188
-207
-248
-309
-380
-451
-514
-554
-572
-565
-530
-480
-416
-347
-280
-213
-145
-74
4
90
179
265
349
424
488
535
569
596
611
632
657
692
743
803
866
918
952
956
918
843
731
595
444
297
166
51
-42
-115
-184
-251
-320
-395
-473
-544
-604
-646
-660
-660
-637
-598
-556
-511
-468
-426
-388
-346
-293
-232
-160
-87
-19
35
66
67
30
-44
-141
-251
-363
-459
-532
-578
-594
-586
-564
-533
-499
-467
-431
-389
-337
-276
-207
-126
-39
52
141
224
301
369
431
491
544
594
642
685
726
763
800
837
879
929
983
1037
1082
1105
1086
1022
917
771
602
425
259
115
-5
-109
-202
-296
-399
-513
-627
-725
-798
-833
-822
-779
-707
-620
-538
-460
-398
-349
-301
-243
-172
-86
7
95
165
209
207
159
71
-51
-187
-315
-427
-511
-561
-588
-593
-583
-575
-565
-549
-523
-480
-415
-326
-217
-96
21
124
215
279
320
352
378
404
437
474
510
544
568
585
594
601
615
645
701
784
884
994
1092
1155
1164
1111
999
843
663
484
319
184
69
-32
-133
-247
-377
-522
-662
-780
-860
-894
-882
-833
-762
-687
-618
-558
-506
-454
-387
-300
-198
-86
17
97
144
142
98
14
-91
-199
-298
-377
-435
-473
-504
-530
-555
-575
-589
-585
-555
-493
-396
-277
-147
-19
97
187
253
298
324
345
367
392
418
441
456
460
457
451
445
451
477
522
595
697
810
929
1036
1109
1136
1100
1006
868
703
537
382
248
135
34
-65
-177
-305
-453
-601
-734
-841
-905
-927
-910
-865
-808
-752
-701
-651
-607
-551
-474
-378
-266
-153
-54
26
64
54
-1
-89
-197
-305
-398
-471
-517
-544
-559
-562
-564
-563
-550
-525
-475
-401
-307
-201
-94
7
93
161
217
263
304
345
387
430
465
491
511
518
517
518
523
540
579
643
733
843
967
1095
1202
1267
1272
1209
1096
943
771
600
438
289
151
6
-147
-314
-492
-663
-809
-915
-970
-975
-945
-887
-821
-762
-707
-664
-616
-562
-487
-382
-257
-124
5
111
176
193
157
77
-37
-165
-295
-411
-502
-567
-617
-649
-668
-675
-666
-639
-591
-517
-424
-317
-207
-99
-4
79
150
210
263
312
359
401
436
470
496
517
536
555
578
608
651
710
789
890
1003
1125
1236
1310
1322
1263
1140
962
761
561
372
204
54
-84
-224
-373
-532
-697
-842
-952
-1017
-1030
-1005
-953
-883
-808
-742
-683
-621
-560
-486
-394
-288
-171
-64
24
91
130
135
99
27
-67
-178
-297
-419
-536
-638
-714
-758
-771
-752
-705
-633
-544
-447
-347
-249
-157
-67
16
89
155
209
259
301
338
369
396
424
459
495
533
568
601
642
693
761
847
952
1078
1209
1319
1380
1362
1263
1101
900
683
475
296
146
19
-102
-238
-395
-572
-747
-895
-997
-1045
-1040
-990
-912
-819
-731
-652
-577
-507
-430
-339
-235
-126
-21
76
150
191
193
163
97
-3
-124
-260
-395
-515
-619
-695
-744
-761
-750
-714
-653
-574
-480
-371
-253
-135
-27
63
135
194
236
268
300
328
352
375
399
427
460
494
534
578
631
699
785
892
1025
1177
1327
1448
1509
1479
1358
1166
935
703
490
311
165
33
-104
-266
-461
-676
-875
-1030
-1117
-1136
-1100
-1025
-941
-856
-777
-705
-623
-531
-417
-287
-155
-31
66
133
171
186
179
154
109
48
-36
-141
-268
-404
-546
-683
-792
-863
-888
-862
-795
-695
-578
-456
-339
-237
-146
-69
1
73
140
204
259
290
303
299
291
290
312
362
433
522
609
688
769
856
968
1113
1282
1455
1595
1650
1592
1426
1182
907
642
417
245
111
-11
-154
-337
-558
-794
-1002
-1143
-1201
-1178
-1103
-1002
-902
-822
-756
-687
-603
-493
-350
-194
-46
70
135
157
144
112
75
39
-4
-58
-129
-228
-351
-489
-632
-761
-852
-902
-898
-848
-763
-650
-525
-401
-283
-180
-94
-16
57
121
180
228
255
268
261
247
237
243
274
331
404
481
550
611
678
760
882
1053
1261
1483
1671
1774
1748
1586
1329
1028
734
485
296
153
24
-121
-315
-556
-821
-1065
-1236
-1312
-1294
-1213
-1103
-997
-910
-838
-763
-664
-530
-355
-157
37
189
273
293
268
219
166
120
81
33
-36
-136
-263
-406
-552
-678
-771
-823
-838
-818
-771
-699
-605
-496
-376
-250
-128
-19
73
143
198
231
253
262
256
242
231
227
239
272
324
389
462
543
626
723
851
1017
1227
1458
1659
1783
1776
1633
1387
1088
786
528
326
170
37
-117
-314
-558
-836
-1089
-1271
-1361
-1355
-1278
-1170
-1065
-971
-893
-813
-705
-558
-362
-132
95
290
410
449
426
374
312
249
190
128
45
-66
-212
-374
-541
-694
-814
-893
-927
-917
-876
-803
-699
-579
-454
-325
-208
-100
-2
78
142
185
212
220
214
196
170
166
181
219
279
348
422
494
571
654
771
940
1158
1416
1669
1853
1916
1826
1623
1345
1048
777
551
371
210
38
-180
-450
-744
-1024
-1236
-1348
-1365
-1310
-1226
-1137
-1059
-992
-919
-821
-671
-468
-228
22
235
382
451
459
433
395
359
320
268
182
57
-109
-304
-498
-673
-806
-883
-917
-927
-918
-890
-844
-768
-660
-535
-397
-261
-138
-33
44
94
126
146
163
175
183
186
195
213
244
289
344
407
478
560
661
788
952
1156
1399
1646
1847
1952
1919
1751
1489
1183
888
632
421
235
42
-179
-444
-742
-1038
-1284
-1438
-1488
-1448
-1354
-1253
-1163
-1084
-1003
-900
-755
-559
-318
-61
177
362
474
519
522
502
472
439
385
291
152
-36
-255
-480
-671
-811
-894
-935
-954
-961
-959
-939
-889
-804
-678
-519
-345
-177
-36
61
116
144
163
182
207
236
259
272
279
281
285
298
331
385
463
565
687
834
1012
1221
1458
1693
1865
1929
1852
1642
1361
1058
774
532
329
139
-61
-293
-570
-864
-1143
-1351
-1453
-1451
-1378
-1274
-1175
-1090
-1011
-916
-791
-614
-379
-116
152
371
519
596
618
618
611
595
556
471
332
138
-96
-343
-575
-762
-889
-967
-1020
-1068
-1105
-1122
-1097
-1018
-889
-726
-542
-367
-219
-101
-17
40
94
152
216
272
307
313
300
285
280
299
339
396
468
547
634
736
862
1029
1243
1488
1720
1869
1878
1737
1488
1188
898
657
466
308
153
-40
-286
-582
-898
-1173
-1357
-1427
-1397
-1310
-1216
-1142
-1084
-1023
-935
-797
-601
-349
-72
196
417
564
642
671
681
686
677
639
549
398
198
-34
-273
-490
-674
-814
-904
-961
-1000
-1022
-1028
-1009
-952
-857
-737
-596
-453
-322
-199
-97
-16
51
106
154
196
227
241
242
240
241
262
304
357
422
497
577
676
794
944
1135
1357
1586
1777
1873
1832
1661
1400
1108
831
588
373
169
-44
-286
-563
-864
-1153
-1382
-1515
-1543
-1490
-1402
-1313
-1234
-1156
-1057
-918
-724
-477
-194
91
349
552
684
755
787
801
802
783
723
613
446
242
17
-211
-427
-623
-795
-946
-1080
-1189
-1260
-1276
-1229
-1124
-972
-798
-623
-464
-322
-198
-85
26
132
228
298
335
344
336
331
340
376
435
503
570
617
649
686
751
867
1040
1263
1500
1692
1775
1713
1519
1252
978
741
557
410
265
97
-126
-406
-718
-1021
-1256
-1387
-1416
-1370
-1303
-1250
-1216
-1184
-1127
-1020
-847
-608
-317
-18
246
451
578
650
695
734
777
808
804
745
614
421
178
-90
-359
-597
-775
-892
-961
-1000
-1035
-1068
-1089
-1087
-1050
-973
-861
-716
-548
-385
-249
-142
-69
-12
50
125
206
285
344
374
381
375
372
390
433
509
607
714
827
936
1051
1186
1347
1525
1684
1776
1751
1602
1361
1076
801
554
337
141
-56
-274
-531
-816
-1104
-1345
-1494
-1544
-1507
-1417
-1322
-1239
-1163
-1075
-950
-769
-537
-262
26
297
524
686
782
839
873
900
905
861
742
542
287
5
-266
-511
-714
-861
-968
-1044
-1110
-1179
-1232
-1252
-1219
-1117
-957
-763
-560
-366
-202
-65
50
149
244
339
434
515
567
585
575
560
557
576
613
652
697
741
786
853
955
1097
1261
1416
1524
1550
1476
1306
1092
879
690
533
384
222
29
-212
-491
-784
-1051
-1255
-1375
-1418
-1410
-1380
-1350
-1323
-1289
-1221
-1095
-905
-667
-397
-126
121
324
476
588
672
731
761
759
715
623
483
292
71
-164
-386
-580
-740
-862
-956
-1022
-1065
-1095
-1096
-1069
-1001
-887
-732
-547
-351
-163
7
154
282
397
498
587
664
731
779
809
812
793
770
744
723
705
686
667
647
633
624
630
654
691
746
802
844
862
833
751
627
480
330
190
54
-75
-208
-349
-497
-647
-794
-925
-1023
-1079
-1103
-1100
-1079
-1047
-992
-920
-826
-704
-561
-405
-242
-84
50
158
229
266
273
256
221
159
63
-55
-191
-330
-457
-568
-655
-720
-760
-779
-777
-754
-704
-624
-503
-342
-146
68
285
493
688
875
1064
1266
1479
1702
1919
2098
2204
2201
2066
1815
1489
1143
823
540
289
53
-193
-450
-722
-992
-1232
-1418
-1518
-1522
-1448
-1331
-1206
-1093
-992
-888
-761
-602
-413
-207
0
189
343
453
515
537
533
518
502
470
417
329
206
66
-80
-215
-332
-434
-528
-618
-704
-777
-834
-868
-877
-850
-792
-706
-601
-500
-411
-338
-268
-196
-122
-42
34
111
193
276
357
432
503
569
633
694
750
797
837
873
904
930
948
945
924
881
816
745
668
585
501
413
314
209
94
-31
-155
-272
-378
-466
-539
-592
-629
-658
-677
-694
-700
-688
-662
-621
-574
-522
-466
-410
-358
-319
-289
-265
-238
-215
-195
-178
-173
-174
-184
-200
-212
-225
-226
-217
-201
-176
-147
-116
-85
-56
-26
7
49
100
159
224
291
367
443
529
615
704
803
905
1007
1095
1165
1203
1198
1150
1061
949
828
710
591
472
344
206
62
-97
-261
-416
-559
-676
-762
-828
-871
-897
-910
-910
-897
-872
-833
-771
-685
-578
-458
-328
-200
-84
11
78
122
151
169
175
177
160
127
77
8
-68
-148
-224
-289
-337
-375
-404
-423
-440
-453
-463
-459
-434
-389
-329
-259
-182
-102
-25
52
125
190
251
305
359
408
453
485
508
525
533
533
534
533
531
529
530
533
532
524
514
497
474
450
424
393
353
308
254
194
125
51
-20
-98
-178
-262
-354
-444
-529
-612
-682
-736
-772
-790
-797
-799
-790
-775
-744
-698
-641
-571
-495
-414
-329
-245
-168
-97
-36
12
53
90
117
140
161
178
195
205
219
227
232
240
249
261
282
319
364
421
487
548
610
667
716
754
781
789
781
761
725
675
612
535
449
363
277
184
88
-4
-94
-176
-252
-319
-372
-421
-457
-476
-481
-476
-467
-454
-445
-431
-413
-394
-376
-362
-348
-342
-339
-338
-343
-352
-364
-374
-379
-386
-389
-393
-398
-396
-383
-355
-312
-259
-203
-149
-93
-45
-3
37
73
110
148
186
213
235
248
252
250
245
237
227
218
216
215
216
227
238
252
271
293
317
340
363
381
398
413
427
438
438
424
401
371
333
292
248
201
151
102
47
-8
-66
-121
-166
-208
-241
-270
-296
-314
-330
-341
-343
-342
-340
-339
-340
-341
-342
-343
-343
-342
-339
-334
-328
-317
-305
-295
-284
-274
-261
-245
-225
-199
-169
-134
-98
-65
-37
-10
12
30
46
60
74
87
97
106
109
106
107
112
118
125
138
150
163
177
196
220
251
278
311
346
378
407
432
452
465
477
484
482
473
456
430
404
378
347
311
271
228
180
129
72
15
-41
-93
-140
-185
-227
-265
-300
-333
-364
-390
-412
-429
-447
-463
-475
-480
-478
-471
-458
-444
-430
-412
-393
-372
-344
-314
-282
-243
-202
-162
-117
-79
-47
-10
26
56
83
106
123
138
150
165
174
175
175
172
171
171
169
169
174
185
197
207
217
227
236
247
263
280
296
310
318
321
318
314
305
295
278
259
237
210
182
150
116
83
51
18
-14
-48
-79
-110
-140
-165
-186
-207
-227
-248
-268
-289
-309
-325
-340
-349
-357
-369
-375
-380
-378
-369
-355
-334
-311
-288
-263
-236
-210
-181
-146
-110
-70
-34
-1
29
56
81
104
128
148
163
170
172
171
167
164
163
165
167
169
171
173
172
170
171
174
181
191
200
212
222
230
238
242
240
234
224
211
194
177
161
146
127
109
87
66
44
19
-7
-33
-53
-75
-101
-126
-147
-166
-181
-187
-192
-203
-218
-229
-240
-254
-262
-268
-271
-269
-266
-258
-249
-237
-226
-209
-188
-165
-135
-104
-75
-47
-20
7
33
55
73
90
102
115
125
126
130
131
128
125
122
118
111
108
107
106
103
97
96
91
85
80
78
78
81
84
87
89
87
84
77
68
58
49
40
29
24
20
14
12
8
4
-1
-5
-4
-8
-9
-6
-7
-10
-16
-26
-37
-53
-67
-82
-97
-109
-120
-130
-138
-149
-159
-165
-166
-162
-157
-148
-132
-118
-100
-84
-69
-55
-39
-22
-7
6
21
31
36
39
41
41
40
43
39
35
35
30
28
23
20
21
25
34
45
54
65
77
88
96
104
111
117
122
127
130
128
121
112
102
89
77
67
54
43
30
17
5
-4
-14
-21
-23
-22
-19
-17
-17
-19
-21
-20
-24
-27
-28
-30
-33
-40
-49
-58
-69
-80
-95
-110
-123
-132
-135
-138
-138
-133
-123
-111
-94
-79
-63
-44
-25
-9
5
20
27
34
41
43
46
47
40
35
27
15
6
-4
-9
-8
-8
-7
-3
3
13
21
32
45
57
69
78
91
104
113
118
121
121
118
108
92
71
51
31
15
-1
-15
-28
-36
-41
-44
-47
-49
-46
-41
-37
-30
-20
-12
-5
-1
2
6
10
9
8
7
1
-5
-12
-18
-27
-36
-44
-49
-52
-56
-59
-62
-61
-57
-54
-48
-40
-30
-21
-12
-2
7
12
9
5
0
-2
-8
-12
-14
-15
-17
-15
-13
-13
-12
-9
-1
8
19
27
33
40
47
54
57
63
67
67
64
60
55
47
38
29
20
14
6
-4
-14
-26
-36
-45
-51
-52
-54
-53
-52
-47
-37
-30
-21
-10
-1
6
13
16
20
24
24
27
27
25
25
21
20
21
21
22
18
16
17
15
12
8
3
2
2
-2
-6
-12
-15
-13
-10
-10
-14
-17
-18
-18
-18
-20
-22
-22
-19
-19
-19
-22
-21
-17
-12
-5
-2
2
4
7
6
3
0
-5
-8
-12
-16
-21
-26
-28
-35
-38
-40
-42
-38
-32
-23
-13
-3
2
10
18
24
29
30
32
34
38
40
39
38
33
28
26
27
24
21
19
15
13
11
8
9
7
7
11
14
15
17
19
22
23
26
28
22
17
13
6
4
1
-4
-10
-17
-19
-23
-25
-24
-27
-29
-22
-19
-18
-15
-11
-8
-2
1
2
0
-3
-8
-13
-18
-23
-26
-25
-24
-23
-25
-27
-30
-34
-36
-39
-41
-36
-29
-20
-12
-1
7
11
17
20
24
29
30
29
27
22
16
11
3
-4
-13
-22
-26
-30
-30
-28
-25
-23
-18
-15
-11
-7
-1
8
16
25
31
35
37
37
35
32
29
28
29
25
22
20
12
11
8
2
-2
-4
-5
-6
-5
-4
-2
2
3
9
12
17
20
20
24
26
25
25
19
13
11
10
5
-2
-8
-13
-20
-22
-23
-23
-18
-13
-7
-4
-3
-4
-4
-3
-4
-4
-5
-6
-8
-10
-10
-15
-20
-25
-32
-35
-39
-38
-35
-36
-35
-32
-28
-23
-18
-12
-4
4
13
21
26
28
31
34
32
33
31
26
20
15
11
3
-2
-7
-11
-14
-14
-14
-12
-9
-6
-1
0
2
5
5
9
12
16
19
17
18
17
17
15
8
2
-2
-7
-12
-16
-24
-25
-29
-30
-29
-30
-27
-22
-15
-8
1
8
10
14
17
18
21
25
26
25
22
19
15
14
9
6
5
5
8
8
8
14
15
18
21
23
27
29
30
30
27
27
26
24
21
14
8
0
-9
-17
-27
-36
-44
-51
-56
-60
-61
-57
-52
-47
-42
-31
-22
-14
-5
3
8
14
22
27
31
33
35
33
26
23
18
12
10
5
-1
-7
-8
-13
-15
-17
-15
-8
-2
8
15
21
26
27
32
34
31
33
32
30
28
21
13
5
-5
-15
-25
-33
-40
-43
-46
-48
-44
-41
-37
-33
-25
-17
-9
-2
4
10
16
24
30
33
34
31
28
22
15
9
0
-9
-15
-22
-28
-35
-34
-34
-31
-30
-24
-17
-11
-3
5
11
18
25
32
36
38
40
40
38
35
30
23
15
9
1
-9
-19
-28
-32
-37
-38
-36
-35
-32
-25
-24
-21
-17
-15
-11
-7
-6
-1
2
3
8
9
6
8
8
5
3
1
3
4
5
8
13
17
23
28
34
40
44
50
53
56
55
55
49
42
34
23
12
0
-13
-26
-42
-53
-61
-68
-77
-84
-84
-84
-82
-75
-67
-57
-45
-31
-17
-3
13
28
40
55
64
72
78
79
80
77
71
64
54
41
26
11
-3
-19
-32
-42
-49
-55
-59
-59
-59
-57
-52
-46
-41
-40
-32
-25
-19
-14
-7
-2
-1
4
9
11
13
16
22
21
19
20
18
16
15
14
12
11
12
11
9
9
8
5
-1
-4
-7
-11
-13
-19
-21
-25
-30
-31
-34
-35
-37
-37
-34
-33
-26
-22
-13
-3
6
20
27
36
46
53
60
65
68
69
68
65
63
58
48
41
28
17
6
-8
-20
-32
-40
-47
-56
-62
-64
-66
-61
-57
-51
-44
-35
-25
-14
-5
2
12
23
30
41
46
51
55
55
59
56
55
52
47
43
36
28
21
15
10
4
-1
-10
-13
-17
-21
-24
-28
-30
-32
-34
-33
-34
-34
-30
-27
-27
-26
-23
-22
-19
-16
-12
-8
-5
-2
1
4
8
9
16
18
20
23
23
25
25
25
23
21
17
13
8
2
-2
-6
-13
-18
-22
-27
-26
-28
-29
-30
-27
-20
-18
-14
-10
-3
4
6
13
18
24
29
29
30
34
36
37
37
34
31
29
25
19
12
4
-1
-7
-14
-22
-30
-32
-36
-33
-34
-37
-35
-30
-27
-25
-21
-18
-14
-11
-8
-7
-5
-5
-3
0
1
2
3
3
5
3
0
1
2
2
3
6
6
8
10
12
12
12
10
8
5
4
2
0
-4
-7
-8
-10
-15
-19
-21
-23
-24
-24
-25
-25
-23
-19
-12
-7
-2
1
3
7
8
12
17
21
24
26
27
26
27
25
23
15
11
7
3
1
-2
-9
-11
-12
-13
-12
-15
-15
-14
-13
-12
-8
-9
-4
0
-2
-2
-4
-4
-2
-1
-3
-6
-8
-8
-6
-6
-9
-10
-9
-9
-6
-5
-3
2
5
8
15
19
22
27
26
24
29
30
30
28
23
19
17
12
4
1
-9
-10
-10
-13
-13
-13
-12
-9
-8
-4
0
2
7
11
10
16
21
22
26
22
21
19
18
14
9
7
2
-4
-5
-8
-10
-12
-17
-19
-20
-22
-17
-17
-16
-12
-10
-7
-4
-3
-1
1
4
3
4
5
0
0
-3
-5
-6
-12
-13
-17
-17
-18
-19
-17
-8
-2
3
9
15
20
26
30
32
31
34
36
37
33
27
22
13
8
3
-7
-13
-16
-21
-24
-27
-30
-31
-31
-31
-26
-20
-16
-8
-3
4
11
15
19
23
24
24
26
26
23
20
18
16
13
7
2
-3
-8
-16
-21
-27
-31
-30
-29
-25
-23
-23
-20
-17
-16
-15
-11
-8
-4
1
1
3
5
6
8
9
10
12
14
13
17
18
17
21
25
26
27
31
33
34
34
33
34
32
24
18
11
4
-3
-11
-20
-28
-33
-37
-40
-43
-44
-41
-38
-38
-38
-37
-34
-30
-22
-14
-10
-5
-1
0
3
4
4
5
1
2
1
-2
-5
-8
-14
-14
-15
-19
-25
-29
-27
-25
-24
-25
-22
-20
-20
-16
-10
-7
-4
5
11
14
16
18
23
25
25
28
27
28
29
32
31
30
34
33
34
35
31
30
28
27
26
19
11
8
3
-2
-5
-9
-12
-16
-22
-26
-31
-32
-34
-32
-30
-30
-25
-22
-18
-13
-8
-3
4
11
14
21
25
27
32
31
30
29
25
23
16
10
7
2
-5
-12
-15
-20
-26
-25
-25
-23
-19
-18
-13
-5
0
5
14
23
25
33
36
36
36
34
34
32
29
24
19
18
14
8
5
0
-5
-12
-17
-18
-19
-18
-13
-8
-4
-1
-1
2
4
3
2
1
2
0
-3
-11
-14
-15
-19
-21
-23
-26
-25
-25
-25
-22
-18
-16
-10
-2
4
10
18
24
30
37
36
36
34
33
29
22
20
17
12
6
0
-4
-9
-11
-11
-12
-10
-8
-3
2
6
13
21
28
33
37
43
45
47
48
45
45
40
32
24
16
11
0
-12
-19
-26
-35
-44
-50
-55
-55
-58
-59
-54
-50
-45
-37
-28
-21
-13
-5
0
0
1
-2
-8
-11
-16
-23
-29
-33
-34
-33
-35
-34
-30
-25
-20
-14
-9
-2
8
13
20
28
31
36
40
43
45
46
43
40
33
25
17
9
3
-8
-15
-19
-28
-29
-31
-29
-26
-24
-21
-18
-14
-9
-7
-5
-2
3
2
-2
-11
-24
-39
-56
-75
-94
-112
-133
-149
-159
-166
-168
-169
-168
-163
-154
-142
-126
-109
-93
-76
-63
-53
-49
-51
-54
-63
-70
-80
-88
-89
-96
-102
-107
-110
-110
-108
-103
-93
-77
-59
-37
-19
2
21
37
53
67
80
87
92
94
95
96
91
82
74
62
50
38
23
9
0
-8
-19
-24
-26
-24
-18
-16
-10
0
11
22
30
37
45
49
51
48
42
33
23
8
-6
-18
-33
-48
-62
-77
-88
-99
-110
-113
-114
-116
-110
-101
-92
-81
-66
-54
-39
-22
-6
13
28
40
55
70
80
88
92
99
108
114
121
124
130
134
136
140
140
143
145
147
148
146
146
144
138
134
128
121
112
102
96
83
69
53
34
17
-3
-21
-36
-51
-60
-68
-74
-81
-90
-95
-100
-106
-107
-105
-102
-98
-92
-88
-87
-86
-86
-87
-85
-79
-76
-73
-69
-64
-61
-55
-49
-39
-28
-19
-4
15
30
50
70
92
121
151
185
218
252
291
327
356
377
390
402
406
403
397
389
378
358
328
289
246
196
146
95
45
3
-35
-74
-114
-157
-197
-233
-262
-280
-289
-292
-288
-282
-273
-270
-264
-252
-235
-212
-185
-154
-127
-102
-84
-66
-49
-32
-10
14
44
71
101
129
148
166
183
204
230
262
301
343
383
424
463
499
533
574
620
671
723
775
820
860
889
909
921
928
928
922
906
868
806
718
604
471
323
171
26
-113
-237
-343
-434
-507
-564
-603
-624
-623
-600
-563
-516
-460
-401
-340
-274
-206
-134
-59
18
98
171
233
278
306
314
310
291
264
239
213
200
195
202
221
251
300
369
459
565
681
808
934
1059
1175
1285
1392
1496
1595
1676
1723
1726
1668
1535
1340
1101
839
577
328
99
-106
-296
-476
-646
-797
-926
-1025
-1071
-1064
-1010
-921
-810
-694
-583
-484
-405
-345
-295
-262
-238
-227
-237
-267
-326
-403
-493
-595
-697
-800
-896
-983
-1061
-1120
-1159
-1167
-1142
-1085
-987
-851
-685
-494
-290
-79
135
342
537
715
872
1003
1104
1184
1247
1296
1332
1353
1354
1311
1202
1015
766
473
162
-134
-393
-602
-765
-893
-1000
-1097
-1184
-1252
-1287
-1269
-1205
-1111
-1006
-919
-861
-840
-852
-870
-876
-853
-807
-754
-709
-700
-743
-830
-947
-1070
-1181
-1269
-1324
-1364
-1394
-1419
-1445
-1462
-1461
-1428
-1349
-1230
-1083
-923
-766
-619
-488
-368
-250
-127
7
143
269
376
461
512
542
576
623
702
823
968
1118
1233
1269
1197
1029
798
547
312
123
-16
-123
-220
-327
-459
-613
-772
-907
-985
-1002
-980
-938
-910
-925
-981
-1054
-1116
-1130
-1079
-962
-809
-649
-516
-435
-407
-426
-465
-509
-543
-566
-590
-625
-674
-732
-793
-849
-876
-862
-810
-726
-628
-528
-433
-348
-260
-165
-57
77
231
392
553
707
843
958
1066
1180
1306
1458
1631
1805
1942
1987
1917
1733
1463
1149
838
566
352
186
48
-99
-264
-446
-633
-783
-866
-878
-827
-752
-689
-671
-705
-779
-852
-883
-846
-739
-582
-411
-272
-180
-145
-162
-207
-265
-317
-360
-406
-460
-525
-596
-663
-710
-721
-682
-598
-479
-338
-201
-78
30
128
227
332
460
602
748
890
1013
1108
1177
1233
1299
1389
1513
1669
1832
1959
1995
1907
1704
1415
1101
806
564
385
249
128
-5
-161
-337
-514
-649
-714
-704
-648
-579
-538
-553
-617
-710
-793
-831
-800
-706
-574
-436
-335
-275
-253
-267
-288
-306
-321
-334
-365
-416
-490
-571
-641
-685
-680
-627
-544
-435
-322
-221
-133
-54
31
125
237
370
508
647
779
897
1003
1097
1198
1313
1450
1609
1773
1924
2016
2011
1895
1683
1410
1118
845
612
420
256
104
-56
-225
-394
-545
-652
-698
-690
-649
-602
-580
-597
-641
-695
-728
-718
-658
-558
-436
-321
-234
-186
-179
-201
-239
-288
-340
-403
-478
-558
-648
-722
-777
-799
-769
-703
-607
-491
-373
-259
-158
-62
36
143
264
403
549
689
811
919
1011
1101
1198
1321
1475
1651
1834
1984
2048
1989
1814
1558
1265
984
732
520
341
179
15
-165
-354
-531
-672
-753
-767
-739
-700
-678
-700
-761
-845
-927
-969
-960
-894
-790
-671
-567
-492
-447
-430
-425
-424
-427
-439
-469
-519
-592
-676
-751
-793
-790
-739
-645
-522
-390
-269
-160
-57
46
160
286
431
578
715
833
925
1011
1101
1212
1355
1534
1721
1889
1997
1999
1873
1642
1357
1064
798
576
388
220
47
-147
-359
-563
-728
-829
-860
-835
-787
-746
-741
-781
-851
-922
-965
-957
-893
-791
-676
-577
-504
-461
-442
-434
-430
-434
-450
-483
-543
-626
-712
-782
-820
-815
-763
-677
-573
-456
-345
-241
-133
-15
112
251
401
543
675
787
881
962
1042
1136
1250
1387
1542
1698
1833
1914
1900
1779
1576
1319
1043
783
551
342
147
-46
-237
-428
-599
-733
-815
-838
-821
-792
-773
-772
-801
-852
-897
-914
-894
-835
-747
-646
-561
-494
-449
-429
-423
-428
-444
-474
-521
-585
-661
-737
-793
-821
-813
-767
-694
-597
-493
-388
-285
-183
-72
43
173
315
454
585
706
809
894
979
1071
1183
1325
1488
1657
1804
1889
1869
1735
1515
1252
990
748
546
373
206
32
-161
-365
-559
-711
-794
-811
-786
-749
-735
-760
-819
-900
-976
-1014
-1001
-938
-837
-732
-642
-577
-534
-497
-464
-433
-412
-410
-436
-496
-581
-671
-743
-779
-770
-718
-640
-545
-448
-352
-259
-163
-53
71
211
364
514
654
775
877
973
1073
1192
1331
1494
1661
1808
1907
1920
1825
1640
1394
1128
879
662
467
285
102
-99
-309
-512
-686
-806
-864
-872
-861
-857
-881
-937
-1004
-1062
-1080
-1046
-965
-851
-728
-615
-532
-474
-430
-403
-384
-373
-378
-413
-478
-565
-660
-743
-788
-788
-743
-669
-584
-499
-412
-321
-226
-119
3
139
284
427
564
694
810
918
1029
1153
1292
1444
1607
1760
1878
1932
1893
1761
1564
1330
1088
864
660
470
282
85
-126
-344
-551
-723
-842
-908
-940
-956
-979
-1020
-1078
-1133
-1160
-1147
-1084
-978
-851
-721
-610
-530
-476
-440
-414
-392
-376
-369
-380
-419
-473
-534
-586
-613
-604
-563
-502
-433
-365
-299
-236
-165
-77
37
169
312
458
595
716
822
923
1035
1167
1330
1515
1705
1873
1983
1997
1909
1741
1528
1307
1098
909
733
555
357
132
-112
-351
-559
-716
-816
-876
-920
-971
-1049
-1145
-1239
-1302
-1314
-1267
-1168
-1038
-904
-789
-702
-636
-574
-508
-436
-371
-324
-310
-337
-391
-462
-529
-568
-570
-535
-483
-428
-383
-345
-309
-259
-185
-82
52
200
344
477
589
688
793
918
1078
1271
1480
1687
1862
1970
1983
1905
1760
1581
1398
1223
1057
888
696
476
229
-30
-273
-479
-633
-748
-840
-927
-1028
-1144
-1264
-1363
-1420
-1420
-1357
-1258
-1141
-1024
-925
-840
-761
-676
-578
-477
-389
-325
-302
-319
-360
-409
-446
-460
-451
-425
-394
-367
-349
-328
-296
-245
-162
-51
81
218
354
474
582
688
802
943
1114
1311
1519
1705
1843
1912
1893
1804
1666
1508
1353
1204
1048
877
680
450
200
-50
-275
-462
-601
-710
-807
-906
-1026
-1155
-1269
-1349
-1382
-1363
-1296
-1202
-1100
-1004
-924
-847
-767
-678
-579
-488
-416
-371
-359
-374
-409
-442
-465
-468
-449
-424
-396
-375
-358
-337
-305
-246
-157
-45
85
219
349
472
587
709
842
1001
1192
1400
1607
1779
1882
1902
1837
1713
1562
1409
1265
1122
973
795
582
333
67
-184
-399
-568
-699
-809
-913
-1031
-1159
-1280
-1377
-1428
-1424
-1365
-1263
-1147
-1027
-921
-825
-730
-628
-520
-418
-329
-273
-255
-266
-302
-338
-360
-369
-358
-337
-318
-303
-296
-291
-267
-224
-151
-53
63
192
321
440
560
685
824
988
1179
1387
1596
1776
1897
1936
1893
1791
1655
1511
1376
1237
1088
914
702
463
196
-63
-291
-483
-634
-766
-893
-1024
-1158
-1280
-1377
-1433
-1431
-1383
-1298
-1186
-1073
-967
-870
-773
-667
-559
-455
-371
-313
-289
-303
-336
-380
-416
-425
-422
-412
-399
-393
-388
-377
-354
-306
-233
-127
-5
130
269
402
534
674
838
1023
1234
1456
1663
1832
1938
1957
1904
1801
1672
1539
1407
1268
1110
918
686
422
150
-107
-327
-503
-646
-770
-898
-1036
-1174
-1305
-1402
-1454
-1451
-1399
-1314
-1211
-1112
-1020
-927
-832
-729
-620
-515
-423
-365
-344
-358
-393
-437
-470
-478
-472
-453
-431
-417
-401
-381
-346
-284
-198
-80
54
194
337
475
614
760
924
1114
1325
1546
1747
1901
1977
1968
1891
1772
1638
1507
1381
1243
1079
883
647
383
117
-120
-316
-471
-608
-740
-879
-1029
-1178
-1303
-1391
-1431
-1419
-1355
-1263
-1166
-1073
-987
-900
-810
-710
-604
-508
-430
-383
-379
-403
-444
-485
-508
-512
-498
-474
-449
-433
-422
-404
-374
-313
-216
-94
50
196
335
474
618
775
951
1161
1390
1613
1806
1924
1954
1902
1795
1665
1537
1417
1293
1147
968
748
485
207
-51
-272
-446
-578
-698
-822
-963
-1111
-1247
-1354
-1411
-1410
-1355
-1265
-1167
-1070
-977
-889
-797
-693
-578
-460
-359
-295
-274
-294
-343
-389
-422
-435
-421
-401
-385
-375
-379
-380
-363
-316
-234
-116
19
156
284
402
525
665
834
1041
1272
1503
1703
1839
1884
1846
1758
1649
1547
1451
1345
1214
1041
824
575
314
64
-146
-307
-438
-553
-677
-817
-964
-1104
-1216
-1277
-1288
-1255
-1192
-1116
-1045
-983
-925
-856
-767
-659
-550
-454
-394
-378
-400
-447
-494
-527
-540
-529
-509
-491
-482
-475
-464
-433
-368
-263
-135
11
156
291
422
554
710
899
1116
1349
1570
1740
1830
1842
1788
1698
1599
1503
1409
1294
1145
954
715
450
189
-40
-228
-379
-507
-636
-770
-908
-1043
-1151
-1221
-1243
-1216
-1161
-1091
-1022
-957
-893
-818
-727
-622
-508
-403
-330
-299
-309
-353
-402
-444
-473
-484
-484
-485
-495
-511
-525
-518
-480
-405
-293
-164
-31
98
220
344
481
648
855
1090
1338
1569
1750
1856
1882
1842
1770
1691
1614
1530
1422
1275
1077
833
566
306
74
-120
-278
-427
-579
-739
-907
-1066
-1197
-1280
-1310
-1300
-1259
-1209
-1153
-1095
-1036
-963
-867
-752
-626
-508
-419
-375
-368
-386
-415
-434
-441
-439
-422
-404
-401
-408
-414
-408
-368
-294
-189
-62
66
185
298
416
549
709
903
1124
1347
1543
1682
1743
1731
1677
1601
1525
1449
1355
1232
1067
859
620
369
134
-64
-224
-356
-487
-633
-788
-944
-1079
-1171
-1219
-1216
-1178
-1128
-1076
-1030
-992
-942
-866
-766
-650
-538
-447
-390
-371
-383
-413
-441
-454
-454
-444
-435
-433
-431
-429
-417
-383
-322
-230
-114
9
130
246
367
506
671
863
1073
1284
1467
1595
1651
1637
1586
1522
1462
1405
1329
1222
1078
890
675
449
239
62
-84
-207
-333
-474
-626
-781
-915
-1013
-1068
-1079
-1055
-1016
-979
-945
-914
-870
-806
-722
-621
-520
-447
-406
-394
-409
-438
-465
-478
-476
-469
-464
-469
-477
-477
-459
-416
-342
-245
-134
-18
95
205
326
469
639
839
1059
1273
1451
1571
1617
1600
1546
1480
1419
1356
1281
1175
1026
837
613
384
173
-5
-149
-274
-399
-536
-680
-823
-945
-1031
-1071
-1065
-1032
-988
-939
-895
-854
-802
-732
-651
-558
-472
-409
-371
-371
-397
-430
-464
-488
-506
-515
-524
-534
-545
-550
-536
-493
-421
-327
-218
-107
0
108
230
379
555
755
976
1192
1384
1528
1591
1592
1555
1499
1445
1393
1320
1219
1083
905
701
488
286
121
-11
-127
-244
-378
-525
-671
-795
-883
-929
-935
-917
-888
-859
-830
-803
-765
-697
-609
-513
-422
-358
-330
-339
-370
-415
-456
-477
-488
-493
-498
-516
-541
-558
-553
-518
-453
-363
-261
-164
-75
10
106
223
377
568
787
1009
1205
1353
1433
1439
1406
1362
1325
1295
1258
1191
1080
925
732
527
335
174
45
-66
-180
-313
-466
-625
-765
-870
-932
-949
-935
-906
-873
-845
-823
-787
-733
-662
-579
-498
-431
-396
-387
-397
-417
-432
-434
-426
-409
-396
-390
-391
-389
-377
-341
-281
-201
-105
-8
81
166
254
361
494
649
826
1002
1156
1267
1315
1299
1250
1187
1128
1074
1013
932
821
677
505
322
152
8
-107
-207
-306
-416
-534
-645
-730
-781
-791
-767
-724
-679
-640
-607
-569
-517
-452
-377
-312
-266
-249
-257
-280
-312
-343
-370
-395
-415
-440
-472
-500
-523
-533
-517
-479
-415
-331
-238
-140
-39
66
185
326
489
667
850
1018
1151
1239
1272
1265
1235
1190
1136
1067
976
852
704
536
357
186
26
-111
-231
-345
-458
-573
-679
-760
-802
-805
-776
-721
-662
-608
-562
-517
-461
-385
-302
-220
-156
-125
-122
-143
-182
-216
-247
-278
-308
-347
-393
-443
-481
-505
-508
-482
-438
-373
-291
-202
-109
1
126
269
430
596
767
930
1072
1176
1232
1245
1231
1194
1139
1071
977
859
710
541
365
190
28
-115
-238
-353
-466
-576
-675
-749
-792
-798
-775
-727
-667
-607
-542
-480
-415
-342
-264
-186
-118
-73
-57
-64
-82
-112
-146
-177
-210
-248
-292
-340
-382
-412
-422
-409
-377
-329
-264
-190
-107
-9
103
228
363
509
655
795
916
1015
1082
1110
1108
1080
1030
967
886
777
649
502
343
182
28
-114
-239
-351
-452
-547
-634
-703
-746
-760
-748
-717
-679
-641
-597
-551
-500
-444
-382
-321
-263
-217
-191
-179
-172
-168
-163
-161
-165
-175
-190
-203
-206
-199
-178
-135
-77
-4
75
159
250
345
448
553
655
748
831
895
938
953
938
896
830
747
653
547
431
308
180
44
-96
-230
-354
-463
-553
-628
-689
-735
-768
-780
-770
-737
-687
-621
-546
-471
-398
-330
-265
-203
-146
-103
-70
-46
-35
-34
-38
-45
-47
-48
-53
-59
-62
-61
-50
-25
12
59
118
177
246
320
395
473
552
628
694
745
778
792
784
754
707
638
556
458
343
224
100
-23
-137
-244
-337
-422
-499
-567
-624
-662
-687
-693
-681
-657
-623
-574
-522
-464
-399
-341
-286
-228
-174
-127
-94
-72
-58
-55
-49
-45
-42
-37
-28
-14
2
22
43
73
111
159
217
278
347
418
485
548
601
649
688
716
729
720
693
648
583
505
416
317
209
97
-20
-132
-241
-344
-434
-512
-577
-626
-665
-692
-712
-718
-705
-682
-643
-590
-532
-473
-414
-356
-301
-249
-197
-149
-107
-77
-59
-47
-37
-27
-15
4
24
50
82
109
144
183
227
279
332
394
450
502
551
591
626
656
674
683
682
662
626
578
512
437
354
262
164
63
-37
-136
-231
-320
-399
-466
-520
-560
-591
-611
-617
-612
-593
-567
-535
-492
-447
-404
-360
-313
-268
-228
-189
-158
-131
-106
-84
-64
-43
-30
-17
-1
16
39
68
99
135
173
214
259
308
360
416
470
520
564
598
619
627
625
613
587
548
498
437
368
289
207
118
22
-71
-163
-254
-331
-405
-468
-510
-545
-567
-579
-584
-576
-563
-538
-506
-470
-432
-395
-357
-323
-290
-254
-218
-181
-147
-116
-90
-68
-45
-23
1
26
52
79
104
135
168
201
242
288
336
385
426
461
493
518
536
549
553
548
531
504
465
415
357
293
229
163
95
26
-41
-111
-176
-236
-289
-335
-367
-391
-408
-419
-427
-425
-420
-407
-389
-370
-348
-324
-302
-280
-262
-244
-223
-203
-180
-157
-142
-126
-106
-86
-65
-40
-14
14
46
78
109
136
169
205
244
284
319
353
381
400
416
425
426
423
414
394
364
326
284
239
192
144
94
47
3
-44
-88
-127
-164
-190
-214
-229
-237
-245
-252
-259
-261
-258
-259
-253
-246
-240
-234
-230
-231
-232
-234
-232
-225
-214
-201
-185
-171
-156
-142
-122
-95
-67
-33
4
41
73
103
131
166
202
235
267
294
316
331
341
345
340
334
323
306
284
254
222
186
148
111
77
47
22
-5
-31
-53
-75
-90
-105
-116
-123
-134
-141
-149
-157
-166
-172
-176
-177
-176
-176
-173
-173
-175
-173
-172
-169
-162
-152
-142
-133
-123
-115
-102
-83
-61
-34
-10
12
39
62
83
101
116
134
153
167
178
186
188
187
182
177
174
168
160
148
138
125
114
100
87
74
62
46
33
21
8
-3
-14
-24
-33
-46
-55
-63
-69
-74
-82
-88
-93
-102
-108
-117
-121
-125
-130
-128
-125
-121
-116
-112
-108
-104
-97
-87
-76
-65
-52
-42
-33
-23
-14
-4
7
17
26
35
42
46
49
51
57
62
63
62
64
60
59
60
55
54
56
58
60
56
54
55
56
56
57
58
57
52
46
39
31
25
20
17
17
14
10
6
3
-4
-11
-14
-17
-20
-22
-23
-28
-34
-37
-42
-42
-39
-35
-29
-25
-24
-22
-22
-18
-15
-13
-9
-6
-3
-1
-1
0
0
1
9
14
11
9
7
1
0
0
3
6
8
11
13
12
7
3
4
7
8
9
11
11
10
6
6
7
9
12
14
15
14
11
8
6
6
1
-1
-3
-9
-16
-23
-25
-24
-23
-24
-25
-27
-26
-28
-32
-31
-33
-34
-34
-34
-36
-38
-39
-40
-39
-35
-32
-27
-18
-13
-7
-5
-4
1
1
5
11
14
18
20
20
21
17
19
19
18
21
20
13
10
8
10
13
15
16
20
21
21
19
21
22
20
22
24
22
20
17
11
6
0
-5
-10
-16
-24
-33
-44
-50
-57
-64
-66
-70
-70
-69
-68
-67
-66
-66
-62
-56
-46
-38
-27
-17
-6
7
13
24
33
41
52
61
67
71
67
68
69
68
68
66
66
65
59
57
54
54
55
58
60
57
54
53
51
49
48
44
42
38
36
31
24
17
10
4
-6
-18
-29
-40
-51
-62
-71
-78
-86
-92
-97
-99
-102
-101
-98
-95
-84
-75
-69
-59
-48
-37
-28
-17
-8
0
7
18
27
35
38
43
46
45
44
44
42
43
42
43
44
44
46
48
48
52
55
58
59
61
63
62
64
63
60
58
56
48
41
35
26
14
-1
-14
-26
-40
-50
-62
-75
-84
-96
-105
-111
-115
-117
-117
-111
-104
-100
-90
-81
-75
-62
-49
-39
-27
-19
-9
-1
2
7
11
15
19
22
22
25
28
29
28
28
28
29
31
31
31
33
36
38
44
52
61
68
75
78
80
82
79
78
76
73
68
60
48
38
25
17
8
-4
-13
-22
-35
-47
-57
-64
-71
-74
-74
-75
-73
-73
-73
-70
-64
-55
-46
-37
-27
-21
-13
-6
0
2
5
7
8
11
14
14
14
12
11
9
15
19
20
21
21
24
25
30
32
36
42
47
51
50
49
49
48
48
49
48
45
42
35
26
18
5
-6
-14
-19
-27
-36
-43
-49
-56
-60
-64
-70
-70
-67
-63
-59
-58
-54
-49
-43
-36
-34
-27
-20
-16
-9
-6
-1
4
10
11
14
15
15
18
16
17
20
22
23
25
30
32
38
41
43
49
54
56
55
53
52
48
43
39
33
33
28
22
21
14
10
7
-2
-10
-19
-29
-38
-43
-50
-56
-59
-62
-63
-64
-62
-62
-61
-59
-58
-55
-50
-44
-38
-32
-27
-23
-17
-14
-13
-9
-4
0
3
3
7
10
14
15
19
27
27
32
35
32
35
38
41
42
45
48
50
50
49
45
40
36
33
27
22
15
8
4
-1
-6
-13
-22
-28
-32
-38
-45
-46
-48
-51
-50
-53
-52
-53
-56
-53
-51
-46
-43
-38
-32
-29
-26
-20
-20
-14
-11
-5
-1
3
8
13
21
23
25
32
43
52
55
61
67
71
74
75
76
78
78
79
77
75
73
69
64
59
50
44
38
29
20
12
0
-7
-15
-24
-31
-37
-41
-45
-49
-53
-60
-62
-62
-61
-61
-63
-61
-62
-62
-61
-62
-62
-56
-51
-48
-42
-35
-32
-29
-27
-22
-18
-15
-11
-6
0
7
11
15
17
22
27
32
38
41
46
49
50
51
49
48
48
44
43
38
34
30
26
21
15
13
7
3
-3
-9
-13
-19
-22
-26
-29
-30
-36
-40
-41
-43
-42
-41
-38
-34
-32
-29
-26
-25
-19
-16
-12
-4
2
7
8
14
19
21
24
26
26
27
29
30
31
34
32
35
34
33
30
27
27
24
25
24
23
21
16
13
12
10
6
2
-1
-7
-8
-12
-15
-18
-22
-26
-28
-32
-36
-40
-41
-43
-42
-40
-41
-43
-40
-39
-39
-34
-30
-25
-19
-12
-6
0
9
14
19
25
31
32
37
42
43
43
45
45
45
43
39
38
36
32
30
26
19
16
14
12
10
6
5
4
2
0
-4
-3
-5
-7
-7
-9
-11
-14
-11
-10
-13
-14
-14
-16
-17
-20
-22
-23
-24
-28
-28
-27
-29
-28
-27
-22
-20
-15
-10
-5
1
5
9
15
17
19
25
25
24
27
26
27
26
25
25
24
20
17
17
12
5
4
3
0
-5
-10
-14
-19
-23
-22
-21
-24
-23
-22
-22
-22
-22
-22
-23
-22
-19
-20
-17
-12
-8
-7
-5
-3
-3
-2
1
2
4
5
10
12
12
13
12
14
15
18
23
27
29
28
29
30
28
28
29
25
26
27
21
19
18
13
11
6
2
0
-2
-8
-12
-17
-21
-25
-32
-34
-41
-46
-47
-50
-51
-54
-55
-54
-53
-52
-49
-45
-39
-32
-27
-24
-17
-13
-8
-3
0
4
6
8
11
15
19
22
24
24
23
23
24
24
24
24
25
23
22
24
24
19
19
20
22
23
23
23
24
26
22
22
22
19
16
12
11
7
2
-4
-7
-12
-16
-21
-27
-31
-35
-40
-41
-41
-43
-42
-41
-40
-36
-33
-28
-22
-17
-10
-2
2
9
16
19
21
24
27
31
30
32
33
33
32
26
24
21
19
18
17
17
15
11
9
10
9
9
10
10
11
12
10
12
12
11
12
10
10
8
5
2
1
-3
-5
-10
-18
-23
-29
-36
-41
-47
-49
-52
-52
-50
-50
-47
-45
-43
-40
-34
-32
-27
-19
-12
-9
-4
1
5
10
13
18
22
22
24
26
26
25
24
23
21
19
18
19
16
13
15
12
10
11
11
12
10
8
8
9
10
11
11
11
11
10
6
5
7
4
3
0
-2
-6
-8
-9
-10
-12
-15
-16
-19
-19
-15
-14
-14
-11
-5
-2
1
5
10
14
15
18
21
23
27
28
28
28
30
31
32
33
32
30
29
28
24
17
17
18
12
5
1
-2
-6
-8
-10
-13
-15
-14
-13
-14
-11
-11
-11
-11
-7
-6
-9
-9
-12
-14
-11
-13
-13
-14
-14
-14
-15
-16
-17
-13
-10
-10
-9
-9
-8
-7
-10
-11
-10
-6
-3
-1
2
5
4
9
12
10
14
15
15
17
15
15
14
12
8
4
3
-2
-3
-7
-12
-13
-12
-15
-18
-20
-22
-23
-23
-25
-28
-27
-25
-24
-20
-17
-14
-9
-6
0
2
3
7
8
9
12
12
11
11
12
13
16
19
19
19
22
21
21
22
19
17
16
13
12
10
10
12
11
12
12
13
18
17
18
20
22
22
18
16
14
11
9
5
2
2
3
4
0
-2
-3
-2
-2
-4
-7
-6
-1
-1
-2
-3
-3
-2
0
2
2
4
6
8
10
8
9
13
13
12
10
9
7
4
1
-6
-8
-10
-14
-15
-18
-20
-23
-23
-22
-24
-24
-23
-22
-19
-18
-16
-13
-12
-10
-11
-9
-6
-7
-3
-3
-8
-8
-6
-8
-7
-6
-10
-12
-12
-12
-14
-17
-17
-17
-16
-15
-13
-10
-9
-6
-3
-1
3
7
9
13
13
17
22
21
19
21
24
24
25
22
20
16
12
7
1
-5
-9
-10
-10
-14
-17
-17
-18
-19
-19
-19
-16
-13
-10
-10
-8
-5
-1
2
3
6
12
15
15
16
14
15
15
10
6
6
5
2
0
-2
-3
-4
-2
0
-4
-2
2
0
0
0
1
4
4
7
9
12
16
19
19
21
19
18
16
13
9
4
1
-4
-10
-15
-19
-24
-27
-31
-31
-31
-34
-33
-29
-28
-29
-27
-24
-22
-19
-16
-11
-7
-4
2
5
8
12
17
21
20
22
24
20
18
15
12
8
4
2
-5
-7
-9
-9
-9
-11
-12
-11
-8
-7
-8
-2
-1
2
6
6
7
8
9
12
12
14
12
11
12
10
8
5
5
2
0
-3
-6
-9
-13
-14
-17
-18
-15
-15
-13
-7
-4
0
4
8
12
15
17
19
21
19
21
22
19
18
18
15
14
11
9
6
3
0
-3
-6
-7
-11
-12
-14
-15
-15
-12
-11
-6
0
2
8
11
11
14
13
15
16
13
17
16
14
10
6
3
2
-1
-2
-4
-8
-9
-11
-16
-17
-18
-21
-20
-20
-18
-15
-15
-11
-8
-8
-3
-1
1
3
4
7
5
5
6
4
1
-1
-3
-6
-6
-6
-11
-11
-14
-15
-14
-16
-16
-17
-16
-15
-14
-9
-8
-5
-4
0
2
0
3
4
5
8
8
8
8
9
8
9
9
10
9
8
8
6
3
2
-1
-1
-2
-3
0
0
0
2
5
8
5
8
11
12
15
13
14
16
14
14
14
12
12
12
7
6
6
2
4
2
1
1
-2
-2
-7
-9
-9
-14
-11
-8
-10
-8
-7
-6
-2
-1
0
-1
0
2
3
5
8
11
11
12
12
13
12
11
11
10
10
9
9
10
10
8
6
3
3
1
0
0
-1
-1
-1
-1
0
0
0
-2
1
0
-1
-1
-2
-3
-7
-5
-7
-9
-8
-6
-8
-8
-8
-11
-14
-14
-16
-17
-20
-18
-20
-21
-17
-17
-17
-17
-16
-15
-14
-10
-9
-3
1
3
9
11
9
10
10
7
6
7
5
3
0
2
2
3
3
1
0
1
-1
-2
-4
-6
-6
-7
-5
-2
-2
0
-1
-2
0
-1
2
2
1
4
3
3
2
1
0
-2
0
-1
-4
-1
-4
-4
-2
-4
-5
-4
-5
-4
-4
-3
-1
-1
0
2
0
3
5
6
11
10
11
13
10
9
7
5
5
3
3
3
-1
0
-4
-6
-6
-10
-12
-11
-14
-13
-12
-11
-13
-15
-15
-15
-14
-12
-10
-7
-2
-1
2
3
3
1
-1
0
-1
-3
0
-5
-5
-3
-7
-6
-5
-6
-4
-3
-3
-1
-1
1
1
1
3
3
3
7
6
4
5
6
6
7
6
7
4
4
1
-2
-3
-4
-2
-3
-4
-3
-3
-2
0
0
1
3
2
2
1
4
5
3
5
4
4
5
6
8
7
7
7
5
6
5
5
3
0
0
1
-3
-3
-4
-8
-9
-9
-8
-5
-3
-1
-2
-1
0
0
0
0
0
-2
-1
-1
-1
-2
-1
2
3
4
5
5
6
6
4
2
3
2
4
7
7
8
11
11
12
11
13
13
14
15
14
15
13
9
8
5
4
3
-1
-3
-6
-12
-11
-12
-15
-18
-18
-18
-20
-23
-26
-26
-25
-21
-20
-18
-16
-13
-11
-11
-10
-8
-7
-8
-6
-4
-6
-4
-3
-5
-1
2
2
7
9
8
11
12
13
16
14
14
16
14
13
13
13
12
10
10
14
14
12
13
12
13
11
9
9
11
9
8
7
4
1
-4
-9
-11
-13
-15
-13
-15
-14
-13
-13
-13
-13
-14
-13
-11
-10
-6
-1
1
3
7
7
8
10
11
13
15
14
15
15
17
19
18
18
16
14
15
14
13
12
10
7
5
5
1
-2
-4
-7
-7
-9
-9
-7
-7
-4
-5
-7
-5
-4
-5
-5
-6
-8
-7
-10
-12
-13
-11
-13
-15
-16
-15
-14
-13
-11
-10
-7
-4
-4
-2
0
1
2
3
4
6
9
9
12
13
12
12
10
8
7
8
7
6
3
1
2
-3
-6
-4
-10
-10
-9
-10
-10
-12
-14
-11
-8
-9
-7
-5
0
3
3
7
8
7
10
11
12
12
13
13
15
18
15
12
12
12
10
11
10
8
9
9
10
8
7
10
10
12
12
11
14
13
11
14
13
12
13
12
11
9
7
6
1
0
-1
-5
-8
-9
-11
-12
-11
-12
-14
-15
-14
-13
-13
-8
-7
-7
-3
-2
0
1
1
2
3
4
4
3
3
1
1
1
-3
-5
-4
-4
-4
-6
-6
-8
-6
-6
-9
-9
-9
-11
-10
-8
-9
-8
-4
-2
-2
-1
0
2
5
5
3
2
5
3
2
6
2
0
1
0
-2
-4
-3
-5
-9
-7
-8
-9
-6
-9
-9
-7
-5
-5
-5
-5
-8
-10
-10
-9
-9
-9
-8
-10
-12
-9
-10
-11
-9
-10
-12
-11
-11
-10
-9
-5
-6
-8
-4
-2
-3
-2
-3
-3
-2
1
4
5
6
9
9
12
13
11
13
13
13
11
10
8
9
9
9
5
-1
-2
-3
-7
-8
-10
-10
-11
-12
-12
-12
-12
-11
-11
-12
-12
-11
-11
-13
-12
-10
-10
-11
-10
-8
-8
-5
-5
-5
-6
-6
-7
-9
-5
-4
-5
-3
-7
-9
-7
-6
-6
-6
-5
-4
-4
0
1
0
3
2
4
7
6
9
10
9
9
8
8
8
5
6
4
2
1
2
0
-3
-6
-7
-8
-9
-8
-6
-3
-2
-3
0
1
0
2
2
3
3
3
4
4
4
2
3
3
2
0
2
2
0
3
3
-1
-1
-1
-2
-2
-2
-4
-4
-1
0
0
4
4
7
12
13
15
16
16
19
18
20
20
19
16
16
17
17
17
15
14
16
13
13
10
5
6
3
-1
-3
-3
-3
-2
-4
-5
-5
-7
-6
-4
-4
-2
-3
-3
-3
-4
1
1
-1
0
0
0
2
2
1
3
1
-1
0
-2
-3
-3
-5
-5
-5
-6
-8
-8
-8
-10
-11
-12
-13
-13
-12
-11
-13
-11
-11
-10
-8
-10
-7
-6
-7
-5
-5
-5
-3
-4
-3
-3
-4
-5
-5
-4
-4
-3
-3
-3
-1
-1
1
1
4
5
5
8
7
8
11
12
14
11
13
14
13
13
12
12
12
12
13
13
11
12
13
12
12
11
9
9
9
10
9
7
7
6
6
6
6
3
0
2
2
-1
-1
-2
-3
-3
-3
-4
-3
-3
-3
-4
-3
-2
-3
-4
-4
-3
0
1
-2
-3
-1
-3
-1
1
2
3
2
7
6
5
6
7
7
6
7
7
5
4
4
5
5
5
2
1
3
3
5
7
7
7
6
6
5
4
2
2
2
4
1
-4
-4
-6
-4
-5
-7
-6
-7
-7
-9
-14
-12
-13
-16
-14
-15
-11
-10
-12
-9
-9
-8
-7
-7
-7
-6
-3
-1
0
1
1
3
2
2
4
2
4
3
4
6
4
5
3
3
5
2
1
0
-3
-1
-1
-2
-2
-3
-3
0
3
2
1
0
0
2
3
1
3
3
3
7
7
5
2
-1
0
-1
-2
-3
-2
0
0
-1
-3
-3
-5
-9
-7
-8
-7
-4
-7
-3
0
-1
3
2
2
3
3
6
5
8
12
11
12
9
8
9
10
9
9
10
10
8
8
3
4
4
2
0
-4
-2
-3
-3
-4
-5
-3
-4
-3
-3
-4
-4
-4
-5
-6
-6
-7
-7
-7
-6
-9
-11
-9
-10
-12
-10
-12
-11
-11
-10
-8
-8
-7
-8
-10
-9
-10
-9
-8
-6
-1
0
3
4
2
1
-2
-1
-2
-2
0
1
3
1
-2
-1
-4
-4
-3
-2
2
5
6
8
7
7
10
9
7
7
8
9
11
10
9
12
12
10
8
7
6
7
7
7
9
9
8
7
6
8
8
7
8
10
11
9
8
7
5
3
3
-3
-3
-4
-7
-9
-8
-7
-10
-12
-15
-13
-8
-9
-12
-12
-12
-14
-12
-12
-15
-14
-9
-9
-7
-4
-4
-2
-4
-3
-1
-3
-3
0
0
0
1
0
-1
-3
-3
-2
-4
-1
-1
0
-1
-2
-1
-2
-3
-4
-4
-4
-3
-5
-6
-3
-4
-3
-3
-5
-6
-5
-3
-1
0
2
-1
-1
-2
-5
-5
-7
-7
-9
-6
-5
-5
-5
-4
-1
0
-5
-6
-5
-6
-3
-2
-2
2
3
1
2
3
2
0
-3
-3
-1
0
2
1
1
2
0
1
2
3
2
4
6
5
5
7
10
10
6
8
5
4
2
0
1
-1
-1
2
3
8
9
6
6
7
7
9
11
11
11
12
11
8
8
7
7
7
9
10
10
11
9
10
10
8
8
8
9
11
10
10
9
5
0
-2
-7
-7
-7
-12
-12
-10
-10
-11
-14
-16
-18
-20
-20
-21
-23
-21
-20
-18
-19
-18
-16
-16
-14
-10
-8
-6
-3
-2
0
2
2
4
5
7
9
9
11
15
14
16
17
15
15
14
13
11
12
12
10
8
7
9
7
8
8
6
8
8
5
5
4
3
2
0
-1
-3
-6
-6
-7
-9
-9
-9
-10
-10
-8
-9
-9
-7
-5
-7
-5
-3
-5
-3
-3
-5
-3
-1
1
2
3
4
6
9
12
12
11
12
11
12
11
9
7
9
10
12
13
13
16
14
13
15
15
16
17
17
16
15
14
11
8
5
4
-1
-6
-4
-5
-5
-2
-3
-2
-3
-4
-2
-6
-8
-9
-8
-10
-11
-11
-13
-12
-10
-9
-8
-9
-8
-8
-9
-8
-9
-9
-10
-7
-4
-6
-5
-6
-5
-4
-8
-8
-7
-10
-9
-3
-3
-6
-4
-3
-4
-3
-7
-5
-5
-6
-5
-7
-7
-7
-7
-7
-6
-5
-6
-8
-7
-5
-7
-6
-5
-5
-2
0
-3
-1
1
-1
0
0
2
2
2
3
2
4
2
3
6
9
8
7
8
7
9
10
11
13
13
13
13
12
11
11
7
8
8
7
6
7
8
6
7
8
8
6
7
7
7
7
6
7
8
5
6
3
3
6
5
6
6
5
6
6
5
4
4
2
1
0
-1
-2
-4
-5
-11
-10
-11
-12
-11
-13
-12
-11
-11
-9
-7
-7
-12
-7
-8
-10
-9
-7
-8
-10
-9
-9
-8
-9
-8
-9
-9
-6
-5
-6
-3
-2
-2
-2
-2
0
2
0
2
5
7
5
6
6
6
6
6
6
3
3
6
5
3
2
1
2
3
2
1
2
0
1
-1
-4
-5
-5
-5
-3
-3
-5
-4
-4
-2
-2
-3
-2
-4
-3
-1
-1
-6
-6
-4
-4
-4
-6
-7
-6
-6
-5
-3
-3
-3
-4
-1
-1
0
2
2
3
3
4
2
2
1
3
3
1
-1
-2
3
5
3
2
2
2
5
5
5
3
1
1
3
0
-1
0
-1
1
2
0
-2
-3
-2
1
0
-2
-3
-2
-1
-4
-3
-4
-4
-5
-5
-7
-10
-8
-6
-6
-4
-1
-2
-1
-1
0
2
0
5
5
6
7
5
4
2
2
-1
-2
-2
-4
-2
-2
-1
0
1
1
1
1
-1
0
0
-1
-2
0
1
0
0
1
-1
0
0
-1
-4
-5
-6
-7
-6
-6
-3
-4
-3
2
2
2
4
4
4
4
4
5
7
5
8
8
7
8
6
4
5
5
4
5
2
5
4
3
2
3
4
6
5
3
0
-2
-2
-1
0
-1
0
2
3
5
5
6
5
7
6
4
3
0
-1
-2
-3
-5
-6
-3
1
0
-1
-1
-1
-1
-2
-3
-1
-2
-4
-2
-4
-3
-1
0
0
0
1
2
0
-1
1
1
-3
-2
-2
-3
0
-3
-4
-3
-5
-2
-3
-2
-5
-5
-3
-3
-2
-3
1
4
4
6
5
4
4
2
-1
-1
-1
-1
-2
0
0
-2
-1
-3
-4
-2
-4
-4
-5
-6
-4
-6
-8
-5
-7
-5
-2
-1
0
1
2
4
4
1
1
2
0
1
2
3
5
5
7
7
7
5
2
3
3
2
0
-1
1
0
2
2
3
5
5
7
6
4
7
6
5
6
8
9
9
9
7
5
6
5
3
3
1
1
1
-2
0
-1
1
6
2
0
1
-1
2
0
-1
-1
-4
-3
-6
-8
-6
-5
-6
-6
-4
-3
-4
-3
-5
-5
-2
-6
-6
-7
-9
-8
-7
-7
-6
-3
-7
-8
-5
-7
-4
-5
-6
-3
-4
-2
0
-1
-1
-2
-3
-4
-2
-3
-4
-6
-7
-7
-8
-9
-9
-10
-9
-8
-4
-7
-6
-3
-4
-3
-3
-4
-4
-4
-4
-5
-1
-2
1
4
5
5
2
4
3
5
5
3
5
3
3
5
2
3
4
3
3
1
2
1
0
2
1
4
7
6
7
7
6
7
8
8
6
4
3
0
2
2
-2
-1
-1
-1
-1
-3
-3
-3
-1
-4
-5
-2
-4
-3
-2
-3
-1
-3
-3
-3
-3
-4
-5
-6
-8
-8
-7
-10
-7
-4
-5
-2
0
2
2
0
3
1
