3
2
1
0
-1
1
2
-1
-2
-2
-3
-1
0
0
0
1
-1
-3
-1
1
2
1
-1
-3
-3
-1
-1
1
5
6
4
6
7
3
3
3
2
5
6
6
6
6
8
7
9
7
7
8
5
5
6
5
5
3
4
7
5
3
6
5
4
4
5
8
10
6
4
5
4
4
3
4
5
5
3
2
4
1
2
4
2
1
4
3
4
3
4
4
0
1
1
-1
-3
-2
-3
-5
-4
-6
-8
-7
-8
-6
-4
-7
-6
-7
-8
-7
-7
-8
-7
-5
-5
-5
-3
-3
-2
-4
-3
-5
-10
-10
-7
-7
-9
-10
-9
-11
-10
-8
-9
-8
-11
-11
-8
-7
-6
-5
-7
-6
-6
-6
-3
-1
-1
-1
-4
-4
-4
-4
-1
1
-2
-5
-1
0
1
2
1
1
2
4
1
-1
0
1
6
4
1
2
3
7
7
7
10
11
10
9
8
7
6
9
11
12
10
9
10
13
10
9
9
4
7
8
7
8
5
6
7
4
3
4
4
0
-1
0
-3
-4
-8
-7
-4
-8
-9
-8
-9
-10
-8
-8
-4
-5
-6
-4
-5
-4
-1
2
2
1
1
1
2
1
-1
-3
-4
-3
-3
-4
-4
-7
-9
-9
-10
-15
-15
-12
-12
-11
-13
-14
-15
-16
-19
-21
-18
-19
-17
-16
-18
-18
-18
-17
-13
-13
-10
-8
-11
-9
-6
-5
-7
-6
-7
-5
-6
-7
-4
-3
-6
-6
-7
-7
-6
-7
-4
-3
-7
-7
-4
-5
-1
0
-2
-2
-2
-1
0
2
3
5
5
7
5
4
5
6
6
4
4
5
5
2
3
4
2
2
3
5
3
3
4
6
5
4
5
6
9
11
9
9
12
13
12
14
14
13
15
13
15
14
15
18
17
17
15
13
14
12
13
12
10
8
7
4
3
4
5
3
2
1
-1
-3
-5
-4
-6
-7
-6
-8
-10
-8
-8
-9
-8
-9
-12
-14
-14
-11
-8
-12
-8
-9
-10
-8
-7
-6
-3
-3
-2
-2
-3
-6
-7
-6
-6
-7
-9
-12
-10
-10
-8
-8
-10
-9
-8
-8
-8
-6
-4
-3
-1
-3
-4
-2
-2
0
3
4
3
1
0
0
-1
0
1
3
1
-1
1
1
3
3
4
3
3
2
-1
-3
-2
-1
1
2
3
3
3
2
4
5
8
8
8
10
9
6
4
6
7
9
12
12
10
9
8
9
9
9
10
9
10
11
10
9
10
10
7
6
5
4
7
8
8
4
4
1
1
2
3
4
5
4
4
2
1
2
5
4
2
1
2
-1
-1
1
-2
-3
-2
-4
-7
-5
-4
-5
-3
-2
-5
-6
-6
-4
-3
-5
-7
-6
-8
-9
-8
-9
-9
-8
-7
-7
-5
-7
-4
-4
-6
-5
-8
-9
-9
-9
-4
-2
-4
-3
-6
-8
-9
-8
-7
-5
-4
-9
-9
-7
-10
-10
-7
-5
-3
-4
-4
-4
-3
-1
3
6
4
5
5
5
7
10
12
14
14
16
15
12
11
12
11
11
10
8
9
9
10
10
9
7
4
2
1
3
6
4
2
2
1
1
2
5
7
8
9
6
3
4
4
5
5
5
2
2
2
-2
0
2
-2
-2
-2
-3
-2
-4
-5
-7
-7
-6
-6
-5
-6
-5
-8
-10
-11
-12
-10
-8
-9
-8
-12
-14
-13
-9
-6
-5
-1
-2
-3
-3
-4
-2
0
0
2
3
0
0
-2
-5
-3
0
0
1
2
-2
-3
-3
-2
0
4
5
4
4
5
4
4
4
5
6
6
7
3
4
4
2
3
3
3
5
5
1
1
3
3
4
3
3
2
-1
-3
-6
-3
-2
-2
-2
-4
-5
-8
-8
-5
-5
-3
-2
-1
-2
-2
-1
1
3
5
4
4
7
7
6
8
9
8
7
7
8
7
8
9
9
5
6
8
8
11
11
15
12
12
10
7
7
7
4
4
2
1
-2
-3
0
0
-1
-2
-4
-5
-7
-7
-6
-7
-10
-11
-8
-7
-5
-5
-7
-7
-9
-11
-8
-5
-4
-4
-5
-6
-10
-9
-7
-5
-1
-4
-7
-8
-7
-7
-7
-5
-6
-6
-8
-11
-13
-11
-10
-10
-10
-11
-11
-10
-7
-6
-6
-8
-8
-6
-3
-5
-3
-1
0
0
1
-2
-2
-1
-1
-2
2
3
4
5
4
4
6
7
11
10
9
9
9
11
10
10
10
9
5
4
4
4
7
8
11
10
9
10
9
10
9
11
13
12
14
14
17
14
12
13
10
8
9
8
7
9
9
8
9
10
9
6
5
4
3
0
0
-1
-1
0
2
4
3
2
3
1
-2
0
1
1
2
1
-2
-2
-1
1
3
4
1
-2
-4
-4
-2
-1
1
1
-2
-1
-3
-4
-2
-3
-3
-4
-7
-8
-9
-8
-10
-7
-7
-9
-8
-6
-6
-2
-4
-7
-7
-9
-9
-7
-7
-7
-6
-4
-4
-5
-5
-5
-2
-3
-4
-3
-3
-1
0
0
2
2
1
-1
-1
0
1
1
3
1
-2
-3
-2
0
3
6
7
6
2
3
5
7
8
6
4
3
-1
1
3
4
7
5
4
3
1
4
7
9
12
11
7
7
7
8
9
11
11
9
7
5
5
7
7
6
6
3
0
0
2
6
5
2
0
-2
-2
-3
-3
-2
-3
-5
-9
-7
-7
-6
-4
-2
-4
-10
-12
-10
-8
-5
-3
-3
-6
-7
-8
-6
-7
-5
-4
-8
-7
-10
-8
-4
-4
-2
-1
-3
-4
-5
-6
-8
-9
-9
-10
-10
-9
-10
-11
-12
-11
-11
-11
-11
-10
-9
-10
-10
-11
-9
-9
-11
-9
-11
-12
-11
-10
-7
-7
-8
-8
-5
-6
-7
-9
-8
-6
-7
-6
-7
-4
-3
-3
-4
-6
-3
-1
-1
0
1
-1
-1
2
6
6
6
8
5
6
7
9
11
11
11
12
9
8
10
10
11
11
8
8
7
10
12
10
8
6
4
3
5
6
5
4
2
-1
-4
-7
-7
-4
-3
-7
-10
-10
-13
-12
-10
-10
-10
-12
-13
-12
-11
-7
-7
-8
-9
-9
-7
-6
-6
-4
-5
-5
-4
-5
-3
-3
-3
-1
-3
-4
-4
-3
-3
-3
-1
-1
-1
-2
1
2
1
1
0
-1
-1
1
2
2
0
-2
-5
-6
-8
-5
-2
-4
-7
-10
-12
-10
-7
-8
-6
-5
-7
-7
-5
0
3
2
4
5
5
10
11
14
13
12
13
12
15
16
18
16
13
10
7
6
5
5
6
3
-1
-4
-5
-7
-7
-6
-6
-7
-7
-7
-5
-6
-5
0
0
-1
0
3
3
4
5
6
6
6
8
11
13
13
11
13
11
11
16
16
17
16
14
13
9
10
13
13
15
11
9
6
3
5
4
3
1
-1
-2
-4
-6
-2
0
-1
-4
-4
-5
-6
-5
-3
-6
-7
-10
-13
-12
-9
-7
-4
-5
-6
-6
-8
-6
-2
-3
-2
-2
-4
-3
-3
-3
1
1
-2
-3
-4
-5
-4
-3
-3
-6
-7
-5
-8
-8
-5
-4
-6
-7
-9
-9
-8
-4
-3
-3
-3
-5
-4
-1
-2
0
4
4
2
3
3
5
9
9
8
9
6
10
11
12
15
14
14
12
9
10
13
14
15
14
15
13
12
12
12
15
14
14
11
8
8
9
10
10
8
6
3
3
3
5
4
3
4
3
0
0
1
2
2
2
0
-2
-3
-4
-6
-6
-5
-4
-4
-6
-2
-2
-3
0
-2
-2
-2
-2
-4
-4
-4
-4
-2
0
0
0
-3
-3
-5
-5
-3
-3
-6
-8
-10
-13
-13
-12
-9
-9
-8
-9
-8
-7
-6
-4
-4
-4
-4
-5
-6
-6
-4
-4
-3
-2
-3
-3
-2
-2
-1
-1
0
1
0
0
-2
-2
-1
0
0
-1
-1
2
4
6
5
7
7
6
6
9
9
9
8
5
4
2
1
1
1
2
0
-2
-3
-4
-3
-2
-4
-3
-3
-2
0
1
4
4
2
2
4
5
10
13
13
13
12
15
15
16
17
13
11
7
7
8
8
9
12
11
7
7
8
9
8
6
2
1
-2
-2
-6
-6
-2
-3
-2
-5
-2
-1
-3
-2
-4
-4
-3
-2
-3
-5
-4
-6
-3
-2
-7
-4
-5
-8
-7
-6
-8
-8
-8
-11
-13
-15
-17
-16
-16
-14
-12
-14
-16
-16
-18
-18
-16
-16
-13
-9
-10
-9
-7
-6
-2
-1
1
2
4
1
1
3
2
1
-1
-4
-1
1
0
0
-1
-4
-5
-6
-5
-5
0
3
4
3
2
2
1
2
4
2
-1
0
-5
-2
3
5
8
9
7
6
7
9
10
10
12
9
8
8
9
10
9
7
4
3
2
1
1
1
2
4
3
3
4
5
5
8
9
7
9
8
7
7
6
5
8
5
5
6
4
5
6
7
9
8
9
6
5
2
-2
-2
-2
-2
-5
-6
-7
-6
-8
-9
-8
-9
-10
-9
-12
-9
-8
-10
-9
-9
-9
-6
-3
-3
-2
-2
-3
-1
-1
-2
-2
-4
-3
-2
-4
-6
-4
-5
-4
-1
-1
-2
-4
-5
-6
-5
-3
-3
-6
-4
-4
-4
-2
-1
0
-1
-1
0
0
0
0
3
4
2
1
0
0
0
-3
-5
-4
-3
-4
-4
-3
-2
-3
-5
-4
-3
-2
1
1
1
3
4
5
9
10
12
12
10
10
9
11
12
16
17
18
18
16
14
15
16
14
15
15
16
17
16
15
13
15
16
15
12
10
10
9
8
9
10
10
10
9
7
6
5
5
4
2
2
0
-1
-1
0
2
4
3
0
-1
0
0
-2
-1
-2
-4
-4
-7
-8
-8
-8
-7
-10
-14
-14
-13
-12
-12
-14
-15
-15
-16
-17
-15
-15
-13
-11
-13
-13
-14
-15
-13
-11
-11
-9
-10
-10
-9
-7
-6
-3
-3
-4
-3
-4
-3
-2
-2
-1
-2
-4
-3
0
-3
-3
-4
-3
-2
-1
-4
-3
-2
-3
-4
-5
-7
-6
-6
-7
-4
-3
-5
-4
-6
-3
0
0
5
6
5
9
10
11
14
12
10
10
9
9
8
7
10
10
6
7
4
2
8
6
6
2
0
-1
-4
-2
2
1
-1
0
-2
-3
0
0
-2
-4
-5
-4
-3
-5
-5
-1
0
2
3
0
-1
-1
-1
2
1
0
1
0
-2
1
-4
-5
-5
-6
-4
-5
-6
-8
-11
-8
-10
-13
-11
-12
-15
-17
-18
-17
-16
-16
-18
-18
-16
-16
-17
-16
-12
-10
-11
-13
-12
-15
-14
-13
-12
-14
-14
-14
-18
-16
-13
-12
-9
-10
-9
-8
-8
-6
-5
-2
0
1
1
1
1
5
4
6
5
2
2
0
0
1
1
2
3
2
2
4
4
2
5
4
2
1
0
-1
-1
2
2
1
2
2
2
6
6
6
9
9
12
11
11
14
11
9
10
12
14
15
16
16
12
11
10
9
9
11
10
9
7
4
6
5
5
6
5
1
-2
-3
-5
-3
-1
-3
-3
-4
-4
-7
-10
-4
-4
-6
-6
-7
-5
-5
-3
-2
-5
-6
-8
-12
-12
-8
-7
-10
-12
-16
-18
-14
-12
-10
-10
-10
-9
-9
-8
-3
-2
-3
-3
-1
-1
-2
-2
2
1
0
2
0
-3
-1
2
2
3
3
0
1
3
4
7
5
5
6
6
8
8
9
10
9
11
10
8
10
11
8
12
8
7
9
7
9
9
6
6
9
11
12
14
16
17
18
16
19
18
14
17
15
17
18
16
16
14
12
13
11
12
12
9
8
3
2
2
0
4
5
7
8
7
4
4
3
5
9
8
7
5
3
4
3
4
2
1
-1
-2
1
3
3
6
9
7
2
5
7
12
13
11
11
5
2
2
1
2
2
1
-2
-4
-4
-5
-8
-8
-10
-12
-13
-16
-15
-16
-17
-15
-15
-16
-17
-15
-12
-13
-8
-6
-10
-8
-7
-7
-7
-5
-4
-4
-6
-4
-5
-6
-3
-2
-2
-1
0
0
1
2
3
4
3
1
4
4
4
6
4
3
1
0
1
-1
0
0
-2
-3
-3
-6
-6
-6
-5
-2
0
1
3
3
8
11
12
15
16
15
13
10
10
14
15
15
17
16
14
12
12
16
18
18
21
19
18
15
17
19
19
18
13
10
8
7
7
3
1
-2
-6
-10
-11
-10
-7
-8
-10
-12
-13
-13
-15
-10
-7
-5
-7
-7
-8
-7
-4
-2
0
-2
-4
-4
-7
-7
-6
-7
-8
-5
-5
-6
-7
-3
-3
-2
-1
-2
-5
-3
-3
-5
-4
-6
-6
-8
-11
-8
-10
-11
-11
-13
-13
-13
-12
-10
-11
-10
-8
-10
-9
-10
-9
-8
-8
-7
-7
-7
-6
-6
-5
-6
-8
-6
-5
-4
-4
-1
-2
0
2
-1
2
3
0
2
4
2
4
5
6
7
7
6
7
7
8
10
9
6
8
8
9
11
11
8
6
3
1
2
2
2
4
3
1
0
2
5
3
5
5
3
5
4
5
8
7
7
7
7
9
12
11
7
7
7
4
6
7
9
10
10
8
5
4
2
2
4
2
1
-2
-5
-6
-6
-7
-7
-7
-9
-14
-12
-11
-13
-12
-14
-15
-14
-17
-17
-16
-17
-15
-11
-10
-13
-10
-8
-8
-9
-8
-6
-5
-2
-2
-3
-4
-4
-2
-2
0
-1
-4
-4
-6
-3
-5
-7
-3
-5
-7
-5
-7
-9
-8
-6
-6
-7
-6
-7
-8
-8
-9
-10
-8
-9
-10
-7
-5
-7
-6
-4
-5
-3
-3
-1
1
3
3
1
0
2
6
7
8
11
10
9
11
12
14
12
16
16
14
14
14
14
15
15
13
8
8
9
10
9
9
9
6
6
4
4
5
3
4
4
0
-2
0
1
0
-1
-3
-3
-5
-6
-3
-4
-5
0
-2
-2
1
2
4
7
7
10
12
14
17
20
19
18
19
17
18
18
18
19
19
18
14
11
8
7
6
4
3
-1
-3
-4
-6
-7
-10
-12
-11
-13
-18
-20
-23
-25
-27
-28
-28
-30
-32
-31
-29
-25
-22
-23
-23
-19
-18
-15
-12
-9
-1
-1
2
4
3
6
7
9
10
9
12
13
13
10
8
5
5
3
2
1
2
0
-2
-3
-6
-8
-8
-8
-6
-7
-7
-4
-5
-5
-7
-9
-7
-9
-7
-3
-2
-2
-1
2
1
1
4
7
11
12
15
18
20
21
22
25
28
26
26
25
25
25
21
20
19
17
14
14
12
7
7
4
3
3
0
-1
-2
-3
-4
-8
-9
-12
-12
-12
-12
-9
-13
-15
-16
-17
-19
-20
-17
-18
-16
-14
-16
-16
-14
-9
-10
-8
-3
-3
-1
3
6
8
11
13
13
15
17
16
15
11
9
10
7
4
1
1
1
0
-1
-2
-5
-6
-5
-6
-6
-7
-12
-11
-14
-16
-14
-16
-18
-17
-19
-21
-22
-21
-23
-20
-17
-16
-12
-12
-8
-3
2
6
8
12
17
20
22
27
29
33
36
36
41
40
39
39
37
35
34
30
27
25
22
20
17
13
11
8
4
1
-4
-7
-9
-14
-13
-13
-15
-17
-21
-25
-29
-29
-28
-30
-30
-28
-31
-30
-27
-23
-20
-14
-8
-5
-1
1
4
9
12
15
19
23
27
26
27
27
23
22
19
17
16
10
8
7
2
-2
-6
-10
-14
-15
-20
-25
-31
-35
-35
-38
-41
-43
-43
-43
-45
-48
-46
-48
-45
-41
-40
-37
-33
-29
-23
-19
-15
-8
-2
3
9
9
13
20
22
27
29
27
31
31
32
33
28
26
23
19
16
15
17
18
16
15
13
12
12
9
4
-1
-4
-10
-17
-22
-26
-27
-28
-32
-36
-40
-39
-38
-38
-33
-32
-29
-25
-22
-17
-13
-8
-1
5
9
9
13
17
22
28
30
36
40
42
48
49
48
45
42
40
36
33
32
30
27
23
20
17
10
1
-6
-11
-20
-25
-29
-32
-31
-28
-26
-26
-23
-21
-21
-21
-19
-15
-8
-4
1
11
19
22
23
17
1
-20
-43
-66
-82
-92
-94
-93
-90
-85
-75
-62
-50
-38
-23
-11
4
19
39
62
88
111
130
143
143
138
125
104
83
61
40
25
12
-5
-24
-45
-68
-97
-125
-146
-164
-170
-164
-152
-132
-106
-81
-55
-28
-6
10
22
36
46
58
72
86
101
109
114
114
107
97
79
63
44
28
20
15
15
18
15
12
7
3
-1
-2
0
1
6
10
14
20
24
23
21
13
-3
-23
-41
-58
-72
-80
-84
-85
-82
-76
-68
-59
-45
-28
-17
-2
18
36
61
84
108
131
144
158
163
159
155
146
131
114
97
79
63
50
37
22
6
-8
-24
-35
-45
-53
-57
-59
-52
-45
-37
-29
-22
-16
-17
-19
-26
-35
-41
-48
-52
-57
-65
-70
-76
-87
-96
-100
-104
-110
-111
-108
-105
-98
-87
-76
-61
-41
-26
-11
8
21
37
50
64
75
86
95
107
114
116
123
127
126
125
121
113
108
102
91
84
78
70
64
61
59
59
59
59
60
57
51
43
34
26
18
10
-2
-15
-27
-43
-61
-80
-99
-113
-125
-143
-154
-166
-178
-181
-186
-183
-176
-169
-158
-147
-134
-118
-105
-95
-82
-69
-59
-51
-40
-30
-19
-6
7
17
31
49
69
89
110
134
161
189
220
251
281
312
340
358
376
391
400
410
412
408
394
373
344
300
252
194
125
50
-31
-110
-192
-268
-338
-397
-444
-483
-510
-527
-532
-529
-519
-500
-480
-459
-435
-405
-372
-340
-301
-261
-222
-179
-142
-110
-84
-62
-47
-37
-29
-24
-18
-7
14
40
74
118
171
230
296
375
460
552
654
749
835
905
949
960
934
870
769
636
486
325
163
13
-124
-244
-347
-432
-504
-565
-619
-660
-687
-694
-674
-627
-552
-453
-341
-221
-105
-10
64
117
140
135
111
66
8
-61
-135
-218
-306
-396
-492
-587
-684
-765
-826
-859
-852
-815
-743
-635
-501
-346
-183
-21
135
282
420
542
652
758
855
952
1047
1133
1211
1275
1310
1313
1279
1206
1090
943
771
587
404
232
75
-59
-171
-261
-332
-391
-444
-486
-521
-550
-567
-573
-558
-524
-472
-406
-337
-267
-212
-174
-160
-172
-214
-281
-363
-452
-544
-630
-702
-756
-793
-805
-804
-791
-761
-726
-679
-623
-551
-470
-379
-271
-157
-36
89
208
314
402
475
530
566
588
610
636
674
731
807
903
1009
1114
1203
1252
1259
1216
1123
988
821
640
457
284
135
11
-95
-191
-281
-375
-476
-582
-688
-780
-843
-868
-850
-789
-689
-555
-408
-264
-135
-35
30
66
77
68
42
7
-38
-95
-164
-246
-340
-452
-568
-671
-758
-818
-842
-828
-774
-691
-587
-479
-386
-301
-229
-167
-111
-59
-1
68
145
229
317
400
471
533
585
641
709
800
923
1067
1222
1370
1482
1538
1526
1440
1280
1065
817
560
321
125
-31
-149
-243
-329
-421
-527
-653
-791
-926
-1040
-1105
-1112
-1048
-926
-759
-562
-368
-197
-61
27
71
84
80
68
46
23
-3
-46
-107
-187
-297
-431
-569
-695
-795
-855
-870
-841
-772
-675
-566
-465
-379
-310
-253
-201
-147
-86
-8
94
217
348
477
599
708
802
888
976
1067
1169
1279
1383
1466
1508
1489
1404
1256
1044
792
527
269
48
-122
-244
-325
-382
-425
-468
-527
-608
-702
-795
-864
-895
-875
-802
-684
-536
-377
-225
-100
-15
26
28
1
-43
-93
-146
-190
-232
-277
-328
-392
-472
-557
-640
-709
-752
-760
-732
-662
-563
-451
-337
-240
-168
-122
-94
-87
-84
-63
-19
54
155
275
402
528
649
761
867
973
1085
1208
1340
1467
1567
1619
1607
1520
1354
1121
848
552
268
26
-168
-305
-395
-453
-502
-558
-631
-723
-831
-929
-998
-1016
-973
-868
-710
-526
-329
-149
-10
82
124
114
74
14
-54
-123
-189
-256
-328
-411
-510
-625
-744
-850
-926
-962
-948
-882
-772
-631
-475
-333
-215
-126
-69
-34
-9
20
72
149
253
377
512
639
749
843
917
984
1056
1138
1232
1331
1413
1462
1459
1385
1245
1041
785
509
242
8
-176
-299
-369
-406
-428
-453
-495
-561
-642
-727
-796
-822
-800
-718
-584
-421
-246
-82
49
133
161
141
88
14
-67
-146
-220
-292
-363
-435
-514
-601
-694
-779
-844
-876
-860
-797
-695
-560
-417
-284
-176
-101
-70
-72
-93
-121
-133
-115
-63
20
125
240
352
455
545
628
721
835
974
1139
1311
1467
1581
1628
1594
1472
1269
1007
715
421
164
-40
-187
-283
-347
-398
-456
-536
-632
-743
-848
-922
-940
-892
-775
-601
-387
-166
30
183
277
310
289
231
151
62
-29
-120
-211
-313
-428
-559
-704
-851
-983
-1084
-1135
-1128
-1063
-950
-798
-629
-469
-332
-229
-161
-116
-89
-60
-9
61
160
282
409
528
635
724
792
858
933
1029
1148
1278
1401
1494
1533
1502
1397
1215
973
701
430
188
1
-131
-207
-239
-253
-268
-302
-370
-458
-557
-642
-688
-687
-631
-519
-374
-216
-67
49
117
129
90
19
-78
-176
-270
-356
-427
-493
-565
-642
-726
-817
-902
-963
-992
-978
-918
-815
-679
-529
-383
-260
-172
-125
-117
-136
-168
-189
-183
-148
-74
29
153
292
431
566
695
826
975
1149
1341
1542
1723
1854
1912
1881
1749
1526
1238
911
578
276
28
-160
-287
-368
-425
-475
-542
-631
-738
-845
-920
-949
-915
-811
-647
-441
-219
-11
156
263
302
280
211
108
-13
-135
-253
-366
-478
-596
-722
-851
-975
-1089
-1175
-1215
-1205
-1136
-1015
-850
-669
-486
-321
-195
-108
-57
-35
-19
3
48
122
221
343
472
600
714
812
900
993
1100
1230
1377
1521
1639
1708
1705
1620
1451
1211
928
632
357
127
-44
-153
-215
-245
-267
-301
-367
-460
-571
-683
-763
-799
-777
-695
-561
-404
-246
-105
-12
28
20
-35
-121
-217
-315
-399
-469
-531
-589
-653
-727
-809
-889
-957
-996
-999
-953
-860
-729
-575
-416
-268
-150
-78
-51
-58
-89
-125
-144
-134
-83
5
120
251
388
521
648
777
918
1073
1255
1457
1652
1818
1921
1940
1859
1680
1412
1083
733
396
106
-123
-286
-391
-458
-504
-554
-625
-718
-830
-937
-1008
-1025
-971
-844
-655
-429
-195
16
178
272
297
265
190
89
-22
-132
-237
-338
-442
-553
-677
-812
-944
-1059
-1140
-1178
-1156
-1078
-951
-786
-607
-436
-291
-182
-111
-76
-60
-51
-24
32
115
227
356
489
617
730
833
928
1026
1141
1271
1411
1544
1640
1679
1643
1525
1322
1065
772
475
215
9
-132
-219
-260
-275
-289
-318
-372
-456
-558
-656
-724
-745
-709
-618
-480
-321
-166
-34
52
78
49
-20
-112
-219
-321
-411
-490
-560
-625
-697
-772
-847
-914
-964
-991
-978
-927
-834
-707
-565
-420
-293
-191
-125
-99
-104
-132
-161
-178
-166
-119
-37
75
206
349
495
643
797
962
1148
1351
1558
1747
1890
1964
1947
1829
1618
1327
990
642
313
39
-174
-320
-413
-471
-516
-567
-634
-720
-811
-890
-937
-923
-846
-704
-509
-286
-62
133
276
351
364
314
223
105
-25
-155
-286
-413
-543
-675
-809
-942
-1064
-1165
-1226
-1239
-1195
-1098
-950
-772
-582
-396
-236
-113
-30
15
35
46
69
112
178
271
382
504
625
738
845
951
1062
1186
1321
1454
1568
1636
1643
1578
1435
1224
961
678
402
164
-22
-154
-238
-287
-320
-352
-400
-468
-553
-637
-709
-743
-734
-672
-567
-431
-279
-138
-26
39
55
26
-39
-127
-222
-317
-407
-493
-576
-659
-741
-823
-904
-968
-1010
-1019
-986
-913
-801
-659
-505
-354
-226
-132
-72
-50
-55
-72
-88
-85
-57
3
92
202
328
459
592
729
875
1037
1217
1414
1610
1784
1909
1957
1918
1781
1557
1268
938
601
292
32
-171
-316
-415
-489
-553
-625
-708
-804
-896
-963
-992
-960
-865
-710
-511
-292
-79
102
231
300
308
264
182
78
-38
-154
-272
-387
-504
-624
-751
-879
-998
-1099
-1165
-1189
-1160
-1082
-954
-796
-624
-454
-303
-181
-87
-24
18
52
91
140
208
292
388
493
597
698
803
911
1029
1160
1298
1429
1536
1598
1597
1522
1381
1176
924
657
393
161
-22
-151
-231
-279
-308
-339
-381
-438
-514
-590
-649
-679
-664
-600
-492
-352
-198
-51
72
155
189
176
123
42
-58
-168
-279
-390
-499
-602
-700
-797
-885
-958
-1006
-1027
-1016
-964
-876
-764
-635
-503
-384
-285
-211
-165
-141
-133
-126
-115
-88
-40
28
111
210
324
446
585
742
918
1114
1321
1529
1710
1841
1905
1886
1781
1595
1345
1058
758
472
222
17
-143
-261
-354
-442
-532
-627
-735
-833
-909
-947
-929
-855
-726
-553
-357
-156
25
167
260
303
299
246
161
52
-75
-213
-354
-505
-653
-799
-935
-1052
-1145
-1202
-1222
-1200
-1132
-1035
-909
-768
-627
-491
-371
-268
-179
-99
-24
54
143
241
349
457
561
663
762
863
973
1095
1231
1372
1508
1621
1689
1692
1623
1485
1280
1032
763
497
263
77
-62
-155
-211
-254
-300
-358
-440
-537
-632
-714
-763
-768
-721
-629
-500
-353
-212
-89
1
46
49
14
-57
-147
-249
-358
-463
-567
-665
-755
-836
-904
-954
-982
-981
-951
-893
-804
-698
-581
-461
-354
-261
-190
-142
-111
-93
-77
-55
-17
37
107
198
298
412
531
660
806
968
1145
1331
1519
1682
1797
1849
1822
1712
1525
1280
992
692
408
161
-34
-187
-302
-388
-465
-546
-640
-741
-843
-926
-972
-968
-902
-781
-615
-423
-222
-35
116
220
266
259
206
110
-10
-147
-295
-440
-575
-703
-819
-920
-1004
-1066
-1101
-1109
-1085
-1027
-941
-832
-705
-572
-442
-318
-210
-116
-34
41
117
198
286
380
482
586
691
804
921
1045
1179
1322
1466
1590
1678
1715
1686
1582
1412
1184
913
630
357
118
-72
-213
-303
-360
-398
-428
-470
-528
-597
-667
-726
-752
-736
-676
-575
-445
-298
-152
-28
61
113
119
82
9
-99
-229
-369
-512
-651
-772
-879
-967
-1028
-1067
-1074
-1052
-998
-919
-819
-702
-579
-459
-347
-254
-172
-108
-57
-10
31
77
134
203
279
361
452
549
655
777
922
1088
1270
1459
1631
1768
1853
1868
1799
1648
1428
1157
861
566
294
66
-114
-251
-347
-424
-497
-575
-668
-772
-873
-957
-1003
-996
-933
-815
-649
-455
-253
-65
93
206
276
295
259
179
67
-69
-219
-372
-523
-663
-792
-902
-990
-1054
-1089
-1094
-1071
-1019
-946
-858
-760
-654
-552
-446
-339
-233
-123
-14
93
205
319
432
540
645
749
855
970
1095
1232
1372
1507
1621
1695
1714
1665
1546
1360
1118
843
563
298
64
-118
-250
-336
-384
-413
-440
-482
-535
-607
-678
-735
-770
-765
-713
-620
-489
-334
-178
-30
89
167
204
194
137
40
-83
-224
-366
-505
-634
-742
-826
-886
-919
-928
-915
-879
-824
-758
-686
-608
-529
-452
-379
-310
-240
-169
-100
-30
42
116
194
277
364
454
550
660
785
927
1089
1267
1448
1614
1747
1827
1836
1770
1623
1412
1147
852
560
288
50
-142
-290
-402
-488
-557
-629
-710
-797
-885
-961
-1015
-1030
-994
-909
-773
-597
-401
-203
-19
132
241
298
296
239
136
-7
-173
-346
-517
-668
-793
-886
-944
-969
-970
-949
-918
-876
-828
-780
-726
-668
-601
-521
-423
-307
-175
-33
116
266
408
537
651
756
854
955
1065
1193
1332
1476
1616
1728
1796
1804
1740
1595
1379
1110
809
506
220
-29
-227
-372
-465
-518
-546
-563
-580
-609
-651
-701
-746
-779
-788
-759
-687
-577
-435
-273
-107
50
175
261
299
281
214
97
-53
-225
-406
-575
-722
-835
-905
-936
-930
-893
-834
-764
-694
-629
-573
-531
-500
-470
-438
-396
-338
-259
-162
-50
69
187
299
404
504
603
708
825
967
1132
1310
1498
1677
1819
1907
1925
1860
1718
1502
1231
926
613
314
44
-182
-358
-492
-589
-664
-734
-801
-877
-960
-1039
-1103
-1146
-1153
-1111
-1016
-874
-694
-478
-250
-27
170
328
431
471
448
363
228
57
-129
-314
-490
-640
-753
-828
-867
-869
-853
-827
-787
-752
-728
-708
-689
-663
-621
-555
-463
-339
-192
-28
147
324
492
650
794
928
1055
1185
1313
1438
1558
1661
1736
1771
1757
1685
1555
1373
1149
893
628
366
122
-91
-272
-415
-524
-607
-675
-729
-781
-833
-879
-923
-958
-973
-967
-927
-856
-751
-617
-463
-299
-137
11
129
209
241
228
171
78
-41
-173
-304
-425
-520
-584
-621
-628
-620
-605
-584
-571
-568
-577
-594
-606
-609
-596
-562
-504
-421
-317
-192
-58
83
226
367
512
655
801
956
1113
1270
1429
1571
1686
1764
1796
1778
1709
1584
1414
1212
983
744
508
281
69
-126
-300
-459
-602
-734
-855
-966
-1066
-1146
-1206
-1242
-1244
-1216
-1151
-1050
-916
-757
-584
-401
-227
-72
58
151
202
210
180
119
35
-56
-147
-232
-298
-347
-379
-393
-400
-400
-401
-404
-415
-425
-435
-440
-434
-415
-373
-312
-236
-146
-39
80
204
333
462
592
725
852
976
1091
1190
1271
1326
1353
1350
1312
1247
1152
1035
911
778
644
514
388
263
139
12
-120
-256
-391
-524
-647
-762
-861
-937
-988
-1011
-1007
-978
-927
-853
-764
-663
-560
-462
-371
-295
-236
-196
-169
-158
-157
-160
-166
-168
-157
-140
-110
-77
-42
-13
3
5
-12
-45
-89
-138
-188
-235
-272
-296
-306
-298
-273
-236
-188
-127
-55
21
106
204
312
428
548
671
787
891
983
1052
1099
1120
1118
1102
1065
1013
949
871
780
681
569
444
316
178
34
-110
-245
-372
-489
-592
-683
-754
-803
-835
-844
-834
-808
-767
-718
-658
-596
-542
-492
-447
-413
-384
-361
-339
-316
-290
-256
-218
-173
-124
-82
-48
-24
-11
-8
-15
-30
-48
-69
-96
-119
-138
-157
-173
-186
-196
-199
-190
-174
-147
-107
-55
12
89
170
256
341
424
506
580
647
711
765
815
855
889
916
930
929
911
874
819
751
667
573
471
363
251
140
28
-80
-178
-266
-348
-417
-475
-521
-551
-574
-591
-598
-601
-598
-592
-586
-576
-562
-544
-520
-488
-451
-407
-359
-316
-280
-248
-224
-208
-199
-196
-201
-206
-214
-220
-231
-245
-255
-264
-272
-277
-277
-270
-257
-239
-213
-178
-137
-90
-35
21
77
138
203
277
354
435
517
597
675
743
800
844
873
888
889
881
858
826
784
734
679
618
551
479
399
316
231
146
64
-16
-92
-161
-226
-283
-333
-371
-405
-433
-457
-472
-483
-485
-484
-483
-477
-475
-470
-466
-465
-465
-466
-466
-463
-458
-456
-455
-456
-462
-468
-477
-490
-493
-492
-490
-478
-458
-427
-386
-340
-287
-230
-168
-108
-48
11
74
142
212
285
360
433
507
576
636
694
742
781
813
834
846
851
849
840
823
799
768
733
688
639
587
531
474
414
347
278
202
125
46
-33
-107
-177
-241
-294
-339
-379
-411
-438
-461
-480
-500
-517
-535
-552
-567
-585
-588
-594
-597
-599
-602
-605
-609
-616
-618
-619
-618
-606
-594
-573
-543
-507
-464
-416
-363
-307
-244
-179
-111
-40
33
106
179
249
314
376
436
488
538
579
615
646
667
684
691
695
696
692
682
675
665
653
640
622
598
572
537
493
445
391
335
275
209
148
89
31
-20
-75
-124
-171
-217
-258
-296
-335
-368
-398
-426
-451
-472
-489
-501
-515
-526
-537
-549
-558
-570
-580
-587
-589
-587
-581
-567
-551
-526
-497
-459
-413
-366
-309
-249
-187
-122
-55
11
77
144
208
271
326
379
423
458
490
515
534
545
548
546
542
531
520
513
505
497
489
476
459
437
411
382
344
303
264
223
182
145
109
73
37
-1
-35
-70
-107
-141
-175
-206
-233
-257
-281
-302
-320
-340
-359
-377
-393
-410
-423
-439
-452
-464
-472
-476
-479
-476
-470
-459
-442
-420
-389
-354
-312
-267
-222
-177
-131
-86
-43
2
49
97
149
196
243
286
324
359
386
404
417
423
428
436
438
443
447
448
449
443
430
413
392
366
339
308
279
254
224
192
162
132
103
73
44
21
-5
-27
-41
-61
-79
-96
-115
-137
-159
-186
-211
-234
-257
-281
-305
-326
-346
-367
-391
-412
-431
-447
-457
-461
-457
-445
-428
-402
-372
-340
-302
-265
-226
-187
-151
-113
-72
-32
13
57
102
147
186
226
259
286
307
323
335
344
354
361
365
371
373
373
364
354
340
319
296
270
241
214
185
154
125
97
71
50
29
12
2
-7
-11
-10
-12
-11
-10
-16
-24
-32
-44
-56
-64
-78
-92
-110
-130
-153
-184
-214
-241
-271
-296
-314
-329
-334
-329
-320
-309
-294
-277
-258
-240
-224
-205
-187
-165
-135
-109
-77
-42
-11
25
58
82
106
127
147
166
186
202
225
243
259
278
289
302
306
302
297
286
271
252
232
210
185
158
132
107
81
54
35
14
-2
-9
-18
-24
-26
-29
-33
-36
-42
-46
-50
-52
-56
-63
-69
-77
-91
-106
-124
-143
-165
-185
-201
-213
-221
-223
-221
-214
-202
-192
-179
-168
-154
-142
-130
-118
-104
-89
-74
-59
-42
-27
-6
12
25
42
55
69
84
99
113
123
135
148
158
165
173
177
178
178
176
172
165
153
138
121
103
83
61
44
27
14
5
1
0
-2
0
-1
-2
-1
0
-1
1
4
3
5
4
-3
-8
-18
-36
-48
-68
-87
-102
-118
-127
-134
-138
-137
-138
-136
-132
-128
-124
-119
-114
-109
-100
-95
-90
-79
-70
-60
-43
-28
-10
9
25
43
63
82
98
114
126
139
152
158
161
164
165
163
157
148
134
115
98
78
54
29
11
-7
-24
-32
-37
-40
-37
-35
-31
-23
-16
-11
-5
0
2
6
8
11
11
6
1
-9
-22
-35
-52
-68
-79
-92
-102
-105
-107
-106
-104
-97
-88
-79
-68
-58
-52
-44
-40
-38
-37
-37
-35
-36
-34
-31
-26
-16
-4
15
32
45
63
82
98
111
122
133
139
142
143
140
135
127
110
89
67
44
20
-5
-27
-46
-60
-68
-73
-72
-71
-67
-59
-53
-41
-26
-11
7
18
32
43
50
53
50
42
33
19
2
-17
-30
-43
-56
-67
-77
-84
-92
-94
-93
-90
-81
-74
-66
-56
-50
-44
-41
-41
-41
-42
-44
-43
-38
-34
-24
-10
4
23
41
57
77
95
112
130
147
161
170
173
174
172
162
147
129
104
79
52
27
5
-19
-43
-63
-79
-94
-104
-111
-113
-109
-105
-98
-86
-75
-61
-50
-40
-31
-24
-20
-18
-19
-23
-27
-29
-30
-31
-34
-33
-33
-37
-39
-38
-38
-35
-32
-29
-24
-17
-13
-10
-9
-12
-16
-22
-27
-29
-28
-27
-22
-13
-2
8
18
32
44
55
68
85
98
113
122
131
134
130
123
113
99
80
59
41
24
8
-9
-21
-33
-45
-55
-63
-69
-71
-71
-69
-67
-63
-57
-49
-39
-34
-29
-27
-25
-22
-20
-17
-14
-9
-4
-1
3
4
5
4
4
5
8
10
12
16
19
17
16
14
10
-2
-15
-29
-43
-55
-62
-66
-65
-64
-58
-51
-42
-28
-13
4
26
44
60
83
100
112
125
129
128
122
115
102
88
75
57
39
21
0
-15
-27
-37
-47
-56
-62
-63
-60
-55
-52
-46
-43
-38
-33
-33
-34
-36
-40
-46
-50
-53
-56
-57
-53
-52
-49
-45
-39
-33
-25
-14
-6
2
13
20
23
27
32
29
24
17
5
-9
-23
-38
-53
-61
-70
-74
-75
-75
-67
-58
-41
-20
1
23
49
75
96
117
137
149
156
158
154
145
132
120
103
84
66
47
30
18
6
-4
-10
-15
-23
-22
-21
-23
-24
-21
-23
-24
-26
-31
-37
-43
-47
-54
-60
-66
-69
-71
-71
-68
-69
-65
-55
-50
-40
-31
-20
-8
0
10
20
22
24
23
17
7
-3
-15
-33
-45
-52
-57
-58
-58
-56
-51
-42
-28
-20
-6
11
23
42
57
71
80
87
95
96
93
87
78
68
57
49
42
34
30
28
24
25
27
27
28
31
35
38
41
46
41
32
19
2
-15
-31
-46
-58
-65
-67
-70
-70
-68
-63
-63
-60
-57
-57
-53
-44
-35
-24
-12
-3
4
6
4
-1
-10
-21
-32
-42
-51
-57
-60
-63
-60
-57
-54
-46
-38
-27
-11
9
31
49
66
76
78
77
70
59
49
36
28
22
18
21
24
28
30
31
34
34
38
45
57
70
82
94
100
105
102
88
73
53
32
14
-4
-17
-28
-36
-44
-49
-58
-68
-70
-74
-71
-66
-55
-39
-23
-10
1
8
8
4
-3
-13
-23
-32
-38
-42
-45
-48
-51
-53
-61
-65
-64
-62
-54
-41
-24
-3
19
38
51
59
59
53
46
36
23
11
2
-4
-9
-13
-21
-26
-31
-33
-31
-22
-8
10
32
54
74
90
97
98
93
82
68
57
43
32
23
17
8
0
-11
-24
-38
-49
-59
-67
-65
-58
-47
-36
-25
-16
-15
-15
-18
-25
-29
-37
-45
-49
-55
-61
-67
-75
-84
-94
-99
-98
-91
-77
-58
-30
-3
22
48
67
76
81
83
81
77
77
74
71
68
63
55
41
28
12
-4
-13
-18
-17
-10
2
18
32
45
57
60
62
61
59
56
53
49
45
37
27
16
4
-8
-18
-25
-24
-18
-7
7
16
25
34
33
26
18
6
-1
-4
-8
-7
-6
-10
-18
-32
-51
-79
-114
-147
-178
-201
-218
-227
-228
-219
-206
-190
-170
-148
-123
-96
-71
-43
-15
9
31
49
63
73
75
76
78
82
87
97
108
117
126
131
132
130
122
118
112
107
106
108
112
120
127
129
127
122
117
108
97
91
86
84
82
79
83
79
73
64
52
40
26
12
2
-7
-13
-21
-29
-35
-43
-51
-62
-73
-78
-87
-90
-86
-84
-82
-80
-80
-80
-80
-81
-80
-75
-69
-56
-44
-28
-15
-3
5
6
8
7
6
7
8
14
22
27
32
33
35
29
21
19
13
11
11
12
13
10
9
5
3
-3
-9
-11
-10
-5
3
8
17
24
24
25
19
13
5
-4
-11
-19
-22
-26
-34
-38
-44
-50
-59
-66
-71
-76
-78
-78
-76
-77
-80
-83
-84
-84
-88
-87
-82
-72
-59
-45
-30
-15
-2
8
15
21
26
30
29
31
33
31
32
30
25
19
10
3
-4
-11
-17
-19
-20
-17
-18
-19
-17
-15
-13
-14
-14
-9
-4
2
10
17
26
29
29
30
31
32
32
36
37
35
34
34
29
25
19
15
16
17
18
21
24
26
29
29
25
18
9
-1
-11
-17
-20
-19
-18
-19
-14
-11
-11
-9
-9
-5
1
5
10
15
23
30
38
41
39
35
29
25
23
20
12
6
1
-7
-20
-29
-35
-42
-46
-48
-48
-38
-29
-17
-4
6
18
24
29
32
35
43
51
58
61
65
64
56
45
28
9
-9
-26
-38
-49
-54
-54
-52
-52
-51
-52
-54
-55
-58
-58
-54
-48
-39
-32
-27
-20
-19
-20
-23
-22
-17
-8
9
24
39
58
68
78
84
85
85
82
79
77
79
81
82
85
79
67
53
33
15
-4
-20
-29
-38
-45
-50
-54
-52
-49
-53
-54
-48
-46
-39
-28
-13
0
10
16
16
13
6
-6
-15
-20
-25
-27
-28
-27
-25
-31
-37
-44
-54
-59
-63
-61
-50
-35
-20
-8
1
5
3
-3
-13
-24
-33
-38
-38
-33
-27
-19
-10
-3
3
12
22
33
46
61
74
90
104
112
115
107
96
79
56
36
18
7
0
-7
-10
-15
-26
-34
-40
-46
-46
-41
-31
-18
-2
19
40
58
72
79
76
65
45
23
-2
-34
-62
-86
-111
-133
-150
-158
-158
-156
-147
-131
-114
-95
-73
-54
-38
-27
-22
-28
-48
-80
-120
-168
-217
-257
-286
-303
-305
-296
-275
-243
-206
-160
-104
-45
20
91
163
227
284
327
357
373
375
366
347
314
275
236
194
151
113
78
44
17
-7
-22
-31
-34
-27
-7
11
29
49
67
78
85
87
82
71
53
33
10
-22
-54
-85
-120
-155
-184
-212
-232
-242
-243
-233
-218
-196
-170
-152
-134
-118
-106
-91
-74
-58
-39
-19
3
23
38
48
57
67
81
98
119
143
170
200
229
260
286
304
315
316
316
310
303
292
281
267
251
229
198
165
126
82
39
-7
-52
-94
-137
-176
-213
-246
-284
-316
-343
-369
-389
-403
-406
-400
-385
-360
-329
-291
-249
-204
-155
-103
-49
2
55
106
156
203
244
286
326
364
400
432
468
505
545
588
633
679
724
765
791
801
787
740
667
567
442
298
142
-16
-165
-308
-439
-560
-668
-764
-851
-924
-983
-1018
-1027
-1002
-946
-863
-754
-630
-495
-357
-226
-105
-2
80
145
188
213
221
213
190
157
118
80
44
19
9
22
64
138
248
392
569
767
977
1188
1377
1521
1608
1616
1550
1408
1195
936
646
344
54
-209
-435
-629
-793
-934
-1054
-1153
-1228
-1270
-1271
-1214
-1094
-913
-678
-411
-138
112
314
455
530
539
495
413
309
204
88
-38
-179
-344
-542
-765
-1006
-1250
-1469
-1640
-1737
-1745
-1666
-1501
-1269
-988
-682
-374
-81
190
445
687
917
1151
1391
1631
1871
2089
2275
2403
2447
2396
2233
1979
1649
1267
867
473
114
-199
-459
-660
-815
-936
-1028
-1100
-1150
-1170
-1154
-1091
-973
-799
-578
-323
-58
189
395
540
606
601
524
382
199
-14
-241
-474
-713
-948
-1177
-1397
-1598
-1767
-1892
-1960
-1956
-1878
-1726
-1510
-1241
-944
-636
-330
-38
232
475
694
886
1059
1216
1350
1470
1569
1657
1740
1810
1877
1926
1930
1872
1737
1520
1236
913
573
250
-32
-257
-417
-516
-566
-592
-616
-649
-696
-745
-787
-808
-785
-707
-570
-385
-180
19
190
309
363
355
292
181
48
-103
-270
-446
-647
-867
-1106
-1359
-1604
-1818
-1974
-2047
-2025
-1904
-1699
-1427
-1117
-799
-499
-234
-9
184
352
512
673
833
994
1143
1268
1366
1436
1489
1538
1603
1680
1738
1750
1689
1540
1310
1013
682
354
66
-152
-284
-333
-326
-295
-271
-273
-305
-370
-455
-535
-583
-571
-489
-349
-173
4
143
220
225
157
30
-122
-274
-409
-522
-626
-744
-890
-1069
-1273
-1484
-1672
-1799
-1838
-1768
-1591
-1327
-1005
-667
-353
-87
110
245
333
395
460
548
660
790
918
1023
1098
1142
1173
1213
1294
1422
1566
1683
1734
1691
1540
1293
979
641
326
76
-84
-158
-171
-162
-166
-204
-282
-402
-542
-673
-760
-772
-694
-532
-317
-92
96
212
245
192
73
-78
-231
-362
-468
-571
-694
-852
-1053
-1281
-1510
-1709
-1843
-1888
-1827
-1665
-1422
-1127
-815
-521
-268
-59
104
240
367
503
661
831
999
1139
1236
1292
1313
1336
1393
1501
1644
1786
1877
1872
1750
1507
1177
809
456
174
-9
-81
-67
-16
22
10
-60
-185
-341
-485
-587
-612
-546
-392
-184
28
198
297
306
232
98
-63
-219
-344
-438
-522
-631
-790
-1009
-1285
-1578
-1839
-2028
-2101
-2040
-1855
-1573
-1240
-901
-596
-349
-162
-23
92
205
338
502
685
870
1032
1140
1187
1192
1189
1225
1330
1510
1725
1904
1978
1912
1698
1368
981
603
298
108
44
74
145
190
160
44
-138
-350
-556
-706
-759
-703
-546
-323
-94
86
177
180
107
-15
-149
-272
-365
-435
-514
-627
-801
-1048
-1340
-1642
-1900
-2070
-2117
-2035
-1836
-1555
-1243
-940
-671
-448
-268
-108
55
237
441
656
857
1025
1134
1174
1163
1124
1100
1137
1265
1486
1745
1959
2043
1949
1690
1308
886
506
234
99
92
171
270
311
254
99
-114
-340
-527
-632
-637
-553
-398
-222
-77
-8
-25
-112
-232
-342
-414
-431
-410
-386
-401
-501
-705
-1007
-1364
-1706
-1970
-2110
-2112
-1987
-1764
-1489
-1208
-949
-723
-530
-350
-164
41
265
492
705
877
987
1038
1027
985
947
947
1030
1213
1484
1795
2051
2161
2078
1813
1429
1009
637
371
232
208
256
306
298
190
-6
-237
-452
-610
-678
-661
-581
-457
-330
-236
-201
-230
-298
-368
-411
-415
-387
-351
-344
-398
-544
-785
-1100
-1440
-1747
-1963
-2060
-2038
-1921
-1737
-1524
-1304
-1081
-858
-630
-389
-142
111
355
572
758
900
992
1039
1054
1050
1050
1076
1153
1307
1534
1786
1995
2068
1964
1701
1332
940
595
342
203
168
198
233
227
147
4
-153
-281
-354
-364
-329
-266
-193
-131
-96
-99
-138
-201
-258
-298
-325
-352
-405
-496
-649
-865
-1128
-1419
-1695
-1920
-2058
-2097
-2049
-1932
-1768
-1576
-1359
-1109
-832
-537
-234
56
318
542
721
860
962
1031
1078
1111
1136
1164
1212
1302
1453
1665
1903
2078
2112
1971
1671
1291
911
587
363
246
215
237
257
222
113
-53
-216
-326
-367
-350
-304
-255
-214
-196
-202
-225
-269
-313
-337
-337
-338
-369
-451
-590
-781
-1014
-1264
-1509
-1723
-1882
-1964
-1969
-1919
-1828
-1704
-1545
-1341
-1089
-790
-464
-145
148
398
601
758
873
959
1023
1077
1124
1165
1203
1257
1362
1544
1791
2040
2188
2150
1925
1561
1142
751
442
240
142
130
158
164
100
-38
-199
-319
-358
-322
-235
-143
-75
-37
-32
-64
-123
-190
-228
-232
-228
-249
-338
-503
-733
-992
-1248
-1487
-1692
-1849
-1952
-1998
-1991
-1940
-1851
-1715
-1512
-1238
-914
-565
-223
84
337
547
721
863
982
1079
1162
1222
1253
1256
1251
1286
1405
1629
1921
2162
2234
2087
1753
1319
890
538
295
171
142
162
183
138
13
-152
-293
-344
-309
-223
-135
-80
-67
-82
-121
-179
-240
-285
-292
-278
-290
-369
-528
-754
-1011
-1261
-1488
-1679
-1840
-1958
-2028
-2059
-2048
-1993
-1874
-1671
-1389
-1046
-680
-333
-35
210
416
592
751
891
1014
1120
1190
1215
1198
1167
1166
1252
1459
1753
2037
2181
2102
1816
1404
976
626
393
279
254
269
272
214
80
-93
-236
-293
-249
-142
-38
20
21
-13
-61
-110
-148
-161
-147
-119
-120
-193
-356
-590
-854
-1112
-1342
-1544
-1721
-1871
-1991
-2081
-2131
-2127
-2049
-1880
-1614
-1281
-917
-567
-255
9
240
453
662
864
1047
1203
1310
1350
1334
1297
1287
1365
1561
1843
2103
2210
2093
1764
1317
867
519
313
230
217
224
200
106
-51
-218
-322
-315
-205
-44
91
151
130
61
-16
-68
-88
-73
-36
-13
-45
-162
-365
-625
-888
-1119
-1314
-1494
-1686
-1885
-2070
-2214
-2287
-2275
-2166
-1960
-1674
-1344
-1005
-689
-408
-148
110
374
638
878
1081
1235
1334
1369
1347
1307
1301
1389
1593
1866
2095
2154
1987
1635
1198
785
482
317
254
244
236
185
67
-92
-228
-269
-185
-18
157
264
271
197
100
23
-14
-10
22
43
17
-87
-286
-554
-841
-1084
-1252
-1371
-1479
-1621
-1803
-1994
-2146
-2216
-2187
-2055
-1829
-1530
-1194
-876
-605
-373
-160
67
330
604
853
1052
1191
1271
1297
1285
1273
1323
1474
1725
2008
2191
2158
1902
1505
1083
743
535
438
389
342
266
136
-36
-201
-296
-264
-108
97
264
328
281
186
104
72
89
132
162
140
46
-134
-389
-676
-941
-1145
-1288
-1406
-1548
-1738
-1958
-2162
-2294
-2317
-2231
-2053
-1809
-1530
-1240
-960
-699
-449
-192
87
378
646
861
1013
1110
1172
1205
1233
1288
1407
1612
1883
2132
2237
2126
1833
1449
1083
812
652
555
467
352
196
8
-183
-325
-354
-260
-89
91
202
209
150
90
72
115
193
261
278
220
80
-135
-393
-648
-861
-1028
-1175
-1340
-1548
-1798
-2055
-2256
-2361
-2352
-2242
-2057
-1826
-1572
-1310
-1040
-751
-438
-97
261
592
859
1053
1182
1277
1356
1418
1482
1570
1705
1894
2099
2223
2180
1959
1621
1262
961
750
609
489
366
215
38
-151
-312
-392
-360
-236
-77
45
89
61
21
20
77
169
259
306
277
174
0
-219
-442
-647
-822
-986
-1173
-1409
-1686
-1965
-2198
-2340
-2373
-2317
-2189
-2015
-1820
-1597
-1339
-1042
-698
-324
58
411
702
926
1096
1234
1361
1476
1571
1654
1751
1880
2036
2151
2143
1981
1697
1370
1072
847
690
560
431
289
131
-39
-197
-298
-309
-237
-124
-25
14
-9
-51
-69
-39
33
115
174
180
118
-9
-183
-368
-537
-684
-815
-962
-1151
-1385
-1643
-1883
-2062
-2156
-2167
-2111
-2016
-1892
-1739
-1550
-1310
-1013
-665
-285
97
437
719
952
1148
1323
1483
1625
1754
1889
2039
2200
2315
2308
2145
1859
1522
1207
965
790
641
484
308
113
-94
-278
-401
-433
-378
-276
-182
-140
-157
-195
-198
-146
-52
54
135
158
113
4
-142
-296
-435
-541
-632
-740
-890
-1094
-1331
-1562
-1754
-1877
-1930
-1934
-1905
-1854
-1786
-1681
-1519
-1295
-1005
-667
-317
22
322
582
818
1037
1248
1442
1623
1801
1976
2148
2281
2303
2194
1973
1692
1416
1194
1028
886
732
552
348
130
-77
-235
-318
-322
-279
-239
-232
-275
-337
-370
-350
-284
-201
-134
-121
-174
-281
-418
-541
-625
-668
-676
-693
-754
-868
-1023
-1184
-1316
-1393
-1423
-1426
-1418
-1420
-1432
-1426
-1375
-1263
-1077
-833
-564
-299
-60
159
377
606
856
1127
1408
1685
1938
2142
2258
2275
2203
2074
1928
1790
1658
1514
1336
1113
851
573
298
62
-124
-260
-358
-439
-522
-607
-679
-714
-694
-620
-516
-418
-356
-346
-374
-423
-469
-489
-484
-471
-476
-528
-630
-776
-931
-1060
-1148
-1200
-1236
-1277
-1335
-1402
-1454
-1461
-1394
-1237
-1007
-739
-471
-226
2
230
489
788
1123
1471
1785
2021
2149
2176
2128
2036
1936
1838
1727
1579
1372
1109
806
502
235
20
-153
-295
-426
-557
-678
-767
-795
-751
-642
-482
-311
-169
-79
-43
-36
-45
-44
-36
-39
-73
-162
-303
-494
-719
-939
-1132
-1281
-1390
-1476
-1551
-1620
-1674
-1685
-1638
-1517
-1331
-1093
-817
-528
-237
55
354
674
1021
1384
1724
1996
2162
2221
2195
2116
2017
1908
1784
1634
1440
1202
926
636
364
134
-40
-172
-287
-400
-507
-598
-651
-651
-594
-494
-381
-273
-181
-116
-69
-40
-23
-13
-24
-62
-132
-243
-392
-564
-745
-918
-1076
-1212
-1328
-1427
-1511
-1575
-1607
-1600
-1537
-1420
-1249
-1042
-815
-572
-319
-54
227
525
843
1172
1481
1740
1911
1987
1986
1933
1858
1775
1672
1533
1351
1131
883
637
409
213
53
-81
-198
-308
-412
-502
-561
-570
-528
-446
-348
-256
-185
-137
-104
-73
-41
-12
1
-12
-60
-146
-268
-414
-571
-724
-864
-986
-1100
-1207
-1304
-1386
-1437
-1451
-1422
-1346
-1230
-1080
-899
-696
-470
-220
48
340
647
963
1268
1534
1738
1859
1903
1887
1836
1770
1691
1580
1430
1228
987
733
488
275
97
-50
-179
-302
-412
-504
-562
-574
-548
-477
-385
-296
-222
-172
-131
-89
-42
4
40
40
-8
-101
-228
-372
-522
-664
-794
-921
-1046
-1163
-1267
-1344
-1392
-1405
-1376
-1312
-1207
-1069
-900
-701
-482
-243
19
297
585
879
1164
1413
1607
1725
1778
1778
1746
1694
1620
1516
1371
1180
954
710
474
267
96
-46
-179
-316
-447
-555
-620
-630
-589
-509
-412
-323
-254
-201
-154
-102
-42
17
59
69
41
-25
-122
-242
-374
-505
-638
-771
-899
-1022
-1128
-1207
-1255
-1269
-1251
-1200
-1118
-1003
-853
-672
-470
-247
-3
258
538
829
1105
1341
1501
1585
1609
1595
1568
1534
1478
1386
1249
1063
843
616
406
231
85
-48
-175
-311
-437
-542
-603
-608
-570
-502
-428
-359
-301
-244
-181
-111
-38
23
64
77
59
14
-54
-141
-239
-343
-457
-573
-695
-815
-924
-1017
-1091
-1137
-1154
-1128
-1062
-961
-828
-670
-494
-297
-80
167
442
736
1021
1261
1434
1534
1569
1565
1534
1487
1414
1305
1154
963
746
525
325
149
-2
-136
-264
-390
-503
-588
-635
-635
-591
-518
-432
-354
-286
-231
-183
-137
-95
-62
-41
-39
-60
-108
-180
-270
-373
-477
-576
-671
-760
-840
-911
-968
-1006
-1023
-1013
-972
-898
-786
-646
-489
-313
-120
93
331
585
842
1082
1279
1416
1497
1535
1541
1529
1489
1411
1295
1132
928
706
489
293
122
-29
-173
-316
-456
-577
-665
-708
-703
-657
-587
-506
-424
-346
-266
-185
-107
-44
-5
2
-21
-66
-122
-191
-264
-348
-439
-538
-645
-748
-840
-917
-962
-975
-960
-923
-859
-767
-649
-503
-331
-144
61
280
511
752
991
1202
1369
1475
1517
1515
1482
1435
1371
1284
1159
993
797
588
379
189
26
-123
-265
-409
-550
-661
-732
-755
-732
-675
-603
-535
-474
-415
-352
-278
-196
-126
-77
-58
-74
-112
-172
-247
-321
-399
-484
-578
-674
-763
-844
-906
-950
-966
-950
-906
-827
-711
-568
-403
-210
-3
220
462
713
959
1177
1344
1453
1508
1525
1515
1484
1420
1324
1186
1004
797
585
384
208
53
-92
-231
-368
-496
-608
-677
-700
-680
-626
-559
-491
-428
-370
-304
-240
-173
-109
-65
-49
-58
-87
-128
-178
-242
-321
-410
-507
-600
-683
-756
-813
-855
-882
-889
-864
-804
-704
-564
-393
-204
-1
209
429
655
890
1117
1303
1431
1491
1497
1474
1436
1382
1302
1192
1038
842
624
406
205
32
-116
-246
-373
-498
-606
-682
-719
-707
-649
-574
-498
-434
-390
-346
-296
-239
-187
-153
-150
-176
-219
-270
-319
-362
-409
-472
-552
-648
-736
-807
-849
-862
-855
-821
-763
-673
-558
-420
-264
-88
99
298
519
757
993
1193
1342
1431
1465
1460
1430
1381
1315
1222
1090
929
742
547
357
180
17
-138
-285
-423
-546
-642
-704
-714
-681
-621
-542
-472
-418
-361
-302
-233
-157
-89
-37
-10
-13
-36
-77
-125
-183
-266
-368
-484
-596
-689
-753
-792
-810
-808
-779
-724
-646
-533
-384
-202
7
228
455
675
890
1100
1287
1433
1526
1559
1550
1516
1468
1393
1282
1127
932
709
478
263
72
-94
-240
-381
-523
-652
-767
-849
-895
-900
-869
-819
-764
-724
-694
-659
-603
-535
-465
-417
-406
-439
-506
-523
-457
-249
53
176
26
-317
-746
-1124
-1384
-1487
-1432
-1257
-992
-680
-357
-13
342
686
1004
1298
1566
1805
2006
2134
2181
2158
2090
1994
1877
1736
1555
1330
1067
779
495
242
23
-166
-339
-513
-682
-826
-942
-1011
-1043
-1039
-989
-925
-857
-788
-728
-662
-613
-570
-524
-497
-482
-480
-493
-528
-602
-686
-761
-825
-876
-921
-969
-1028
-1082
-1102
-1089
-1038
-954
-859
-741
-592
-418
-210
23
271
533
798
1044
1252
1392
1460
1479
1479
1471
1440
1390
1303
1161
967
754
551
352
172
13
-136
-278
-419
-535
-610
-651
-653
-631
-601
-559
-510
-460
-402
-339
-285
-230
-182
-171
-184
-214
-253
-301
-368
-442
-526
-619
-712
-796
-849
-860
-842
-802
-728
-635
-531
-401
-261
-107
60
249
461
673
883
1073
1217
1317
1376
1393
1384
1361
1304
1214
1109
977
820
638
437
251
85
-52
-175
-313
-456
-584
-679
-717
-706
-669
-622
-583
-550
-525
-498
-447
-374
-288
-203
-147
-130
-152
-184
-218
-256
-286
-330
-410
-513
-614
-704
-770
-809
-809
-772
-711
-624
-514
-373
-202
-11
197
418
653
888
1098
1266
1378
1443
1464
1459
1434
1376
1288
1167
1008
825
636
454
285
140
4
-132
-263
-385
-477
-532
-546
-525
-477
-427
-384
-353
-339
-316
-281
-242
-195
-156
-152
-183
-242
-315
-385
-444
-504
-561
-619
-677
-726
-767
-775
-745
-691
-616
-532
-445
-342
-213
-59
111
295
494
703
909
1075
1195
1267
1304
1313
1302
1276
1224
1140
1020
857
668
486
320
174
42
-90
-232
-373
-490
-565
-599
-602
-586
-560
-533
-507
-470
-419
-351
-267
-185
-124
-96
-106
-150
-209
-273
-338
-399
-474
-558
-646
-729
-792
-827
-828
-800
-753
-681
-582
-462
-325
-164
19
220
429
632
817
970
1091
1172
1221
1245
1241
1209
1139
1031
895
735
560
398
266
157
55
-53
-167
-274
-357
-412
-450
-474
-474
-464
-431
-387
-351
-313
-268
-212
-151
-104
-85
-96
-113
-137
-165
-202
-252
-313
-390
-465
-541
-610
-669
-701
-701
-677
-634
-578
-500
-387
-243
-75
101
277
461
655
841
995
1092
1130
1135
1122
1095
1054
989
885
744
583
409
241
95
-37
-168
-289
-401
-506
-577
-605
-596
-553
-493
-444
-400
-355
-306
-251
-190
-124
-66
-30
-19
-23
-45
-85
-138
-206
-288
-386
-482
-571
-640
-683
-704
-690
-642
-574
-484
-368
-236
-100
36
171
323
488
668
843
976
1060
1100
1106
1100
1084
1036
956
848
717
568
431
308
183
59
-65
-187
-295
-391
-482
-555
-602
-631
-635
-619
-590
-545
-491
-429
-355
-278
-198
-126
-70
-42
-32
-30
-42
-67
-114
-188
-278
-363
-431
-479
-505
-516
-513
-490
-434
-343
-222
-87
60
220
390
568
742
888
986
1043
1063
1057
1041
1011
954
863
741
602
455
316
183
56
-69
-194
-318
-438
-536
-603
-649
-676
-683
-677
-656
-630
-604
-561
-505
-436
-355
-274
-214
-178
-166
-172
-186
-202
-223
-248
-276
-303
-323
-331
-329
-317
-288
-239
-181
-111
-31
57
161
278
407
547
680
794
872
914
928
921
899
873
837
773
682
568
439
310
182
60
-60
-172
-281
-386
-489
-585
-655
-691
-701
-694
-682
-671
-646
-604
-543
-451
-347
-254
-185
-145
-125
-119
-118
-120
-131
-149
-183
-226
-273
-313
-324
-310
-286
-252
-207
-143
-57
46
168
305
452
604
738
842
914
955
972
974
961
934
891
823
727
603
466
331
200
72
-52
-179
-308
-423
-510
-559
-576
-584
-588
-586
-582
-571
-542
-500
-444
-385
-332
-289
-255
-231
-216
-206
-202
-203
-213
-230
-250
-272
-277
-274
-276
-267
-250
-228
-194
-143
-78
2
101
222
347
471
598
707
786
834
853
862
882
903
904
865
791
689
581
474
370
261
142
14
-121
-247
-357
-450
-528
-586
-619
-643
-662
-670
-660
-625
-567
-502
-436
-374
-318
-271
-236
-207
-192
-187
-187
-192
-198
-206
-212
-217
-225
-226
-210
-179
-147
-106
-57
-5
65
158
268
389
509
619
697
754
799
837
863
869
848
800
727
641
545
440
329
210
92
-18
-117
-217
-312
-393
-455
-487
-504
-515
-523
-534
-538
-532
-510
-476
-432
-380
-333
-298
-274
-254
-234
-219
-206
-191
-181
-173
-160
-143
-125
-106
-88
-63
-38
-4
43
89
141
193
247
309
374
442
506
555
591
615
625
624
618
597
557
506
445
373
291
198
106
15
-76
-163
-249
-326
-393
-445
-481
-498
-502
-493
-478
-461
-431
-392
-348
-312
-289
-272
-248
-218
-188
-163
-145
-132
-128
-123
-115
-101
-83
-62
-43
-30
-25
-17
6
44
89
134
177
220
266
313
354
389
421
453
480
501
505
483
438
388
333
272
217
166
110
51
-12
-80
-144
-204
-253
-289
-308
-324
-337
-342
-337
-318
-285
-246
-208
-176
-154
-144
-132
-120
-109
-94
-86
-82
-88
-103
-114
-116
-110
-107
-105
-99
-87
-69
-41
-4
37
76
114
149
180
209
240
276
313
343
359
365
365
361
350
325
283
227
167
112
66
24
-17
-60
-96
-125
-154
-179
-198
-213
-222
-226
-226
-217
-205
-196
-192
-196
-199
-206
-212
-213
-212
-208
-196
-177
-159
-146
-135
-132
-121
-112
-109
-105
-99
-88
-65
-32
6
42
70
93
116
139
168
201
230
253
272
288
299
304
302
286
253
210
168
127
91
62
34
5
-25
-50
-68
-86
-101
-112
-131
-151
-163
-170
-174
-171
-162
-149
-135
-124
-120
-124
-132
-141
-149
-155
-153
-145
-134
-117
-101
-87
-82
-82
-85
-80
-64
-41
-7
31
65
96
121
141
159
180
194
199
197
194
193
192
193
195
191
173
146
118
92
69
49
30
22
20
21
21
13
2
-14
-33
-51
-73
-90
-111
-124
-130
-136
-145
-162
-172
-177
-184
-183
-175
-165
-147
-122
-91
-51
-11
21
40
52
58
57
60
64
65
73
75
71
67
66
64
70
77
82
91
98
106
119
131
143
154
155
146
131
115
95
74
56
35
13
-6
-26
-49
-66
-85
-102
-116
-126
-125
-123
-113
-101
-95
-86
-80
-71
-64
-56
-52
-54
-46
-41
-37
-28
-30
-37
-44
-50
-49
-40
-29
-14
8
31
52
73
93
117
140
159
175
184
181
174
164
152
145
137
124
101
71
44
20
13
14
8
9
6
7
10
10
10
9
2
-9
-25
-50
-75
-99
-127
-147
-162
-170
-168
-160
-154
-145
-133
-125
-112
-97
-79
-62
-45
-27
-11
3
12
12
4
-9
-19
-23
-16
-8
4
19
30
44
63
83
104
121
139
153
162
170
171
165
153
136
116
95
68
37
20
3
-14
-24
-30
-31
-34
-34
-40
-47
-52
-57
-64
-76
-91
-105
-119
-126
-129
-130
-133
-141
-147
-154
-157
-156
-159
-154
-140
-122
-99
-74
-50
-23
1
27
51
64
78
96
107
111
111
107
98
92
84
73
67
59
55
55
56
65
81
106
127
145
157
150
137
119
95
77
56
39
32
17
-1
-26
-51
-77
-100
-119
-137
-152
-157
-155
-146
-135
-123
-111
-100
-86
-77
-74
-70
-67
-61
-51
-38
-25
-20
-17
-14
-11
-7
-3
5
24
51
83
115
140
157
159
154
140
121
102
84
75
67
61
57
52
54
58
60
60
57
51
48
49
48
49
47
47
45
30
7
-26
-64
-100
-133
-156
-173
-185
-187
-187
-188
-186
-182
-170
-150
-123
-91
-60
-29
-5
19
37
51
57
49
40
25
8
-9
-23
-26
-24
-18
-4
13
34
54
70
91
105
108
116
124
130
137
137
132
122
105
81
53
29
9
-2
-13
-30
-41
-49
-55
-52
-54
-55
-56
-58
-58
-59
-55
-52
-50
-49
-49
-50
-60
-81
-100
-113
-124
-128
-128
-121
-104
-79
-51
-22
11
43
71
98
118
129
130
127
127
124
116
102
89
69
47
31
13
5
4
7
18
38
58
80
98
108
115
113
105
92
75
60
45
30
6
-25
-58
-90
-120
-152
-176
-192
-198
-200
-192
-178
-158
-124
-84
-48
-20
-4
10
15
13
9
3
-8
-19
-29
-40
-52
-64
-70
-70
-64
-51
-35
-16
9
35
66
99
127
149
159
164
164
157
142
126
114
96
77
55
33
9
-16
-37
-54
-64
-69
-65
-55
-43
-28
-12
1
10
13
9
-1
-18
-36
-53
-71
-89
-107
-116
-126
-134
-137
-140
-131
-116
-100
-76
-48
-19
17
50
80
107
120
125
124
120
114
108
95
88
78
67
57
42
29
19
17
19
22
30
41
55
69
80
90
96
95
87
71
48
22
-8
-39
-67
-93
-119
-142
-159
-170
-178
-181
-173
-161
-140
-113
-91
-65
-42
-22
2
15
23
28
28
29
24
15
7
2
-7
-12
-13
-9
1
14
26
42
60
76
91
110
126
140
149
153
151
142
129
111
87
65
42
18
-4
-24
-43
-57
-68
-75
-73
-70
-66
-60
-56
-51
-51
-50
-46
-48
-53
-58
-65
-76
-90
-107
-116
-123
-129
-128
-122
-113
-98
-79
-57
-31
-4
21
44
65
80
93
101
104
110
108
106
103
96
87
79
76
73
70
70
74
81
90
97
103
106
107
106
100
96
88
76
59
39
16
-12
-38
-61
-82
-102
-120
-133
-141
-149
-152
-146
-137
-119
-99
-83
-70
-57
-48
-42
-38
-35
-34
-36
-41
-46
-49
-52
-47
-40
-29
-16
0
15
34
53
69
87
98
112
124
132
135
137
130
118
107
94
78
62
48
36
23
13
5
-6
-17
-28
-36
-38
-40
-39
-40
-43
-46
-49
-58
-67
-74
-84
-94
-104
-115
-119
-121
-121
-116
-103
-92
-77
-60
-48
-33
-17
1
22
37
52
69
76
80
81
78
74
73
74
74
79
83
86
89
89
91
93
92
93
94
93
94
90
86
81
70
58
43
25
4
-16
-34
-56
-72
-83
-92
-101
-104
-107
-109
-105
-101
-98
-92
-84
-74
-61
-53
-50
-44
-42
-41
-38
-43
-44
-43
-41
-36
-29
-17
-5
7
20
34
47
51
58
66
73
77
88
96
96
103
109
104
100
92
77
61
45
30
19
3
-8
-15
-23
-27
-31
-37
-39
-39
-41
-44
-46
-50
-53
-53
-59
-62
-64
-70
-74
-80
-87
-91
-94
-93
-85
-74
-62
-48
-34
-26
-16
-7
4
14
22
32
41
51
64
74
85
91
92
90
80
65
53
42
35
30
26
21
23
25
29
35
42
47
46
46
41
34
30
25
16
9
1
-13
-25
-40
-51
-60
-69
-72
-74
-76
-73
-68
-61
-52
-44
-40
-38
-34
-31
-25
-14
0
14
29
42
45
41
41
35
24
16
8
1
0
3
6
17
31
40
49
55
57
52
45
38
29
27
26
23
19
13
8
1
-9
-13
-21
-31
-38
-51
-56
-55
-54
-54
-52
-51
-54
-59
-65
-68
-68
-63
-57
-42
-27
-14
-3
4
10
10
8
3
-1
-3
-4
2
11
28
45
53
61
61
58
50
42
38
32
31
35
36
38
45
48
46
40
31
19
5
-9
-19
-29
-35
-37
-46
-54
-58
-67
-71
-75
-76
-73
-71
-60
-53
-41
-27
-18
-7
-5
-9
-14
-22
-26
-32
-28
-18
-7
10
27
41
51
56
59
60
60
62
63
69
79
89
99
109
114
112
106
90
74
59
42
29
19
12
4
-4
-11
-19
-27
-34
-41
-48
-54
-53
-52
-48
-44
-41
-39
-43
-50
-57
-68
-77
-84
-89
-88
-83
-75
-66
-53
-42
-32
-24
-22
-19
-17
-12
-4
5
21
41
59
73
82
88
89
88
80
69
64
59
54
50
51
49
51
54
50
45
39
31
25
20
13
9
5
-3
-12
-23
-38
-54
-67
-79
-87
-94
-101
-103
-99
-97
-91
-86
-85
-86
-88
-93
-93
-88
-81
-73
-56
-38
-21
-4
10
26
36
45
52
53
58
64
70
79
90
102
110
116
119
117
114
111
107
103
98
92
84
74
61
48
37
27
13
4
-3
-11
-21
-29
-37
-43
-50
-58
-71
-83
-94
-107
-115
-119
-121
-117
-109
-101
-92
-80
-70
-59
-47
-39
-34
-28
-20
-13
-8
2
13
22
30
36
44
50
57
67
76
82
87
89
91
94
98
97
100
101
96
92
86
80
69
59
52
36
21
7
-12
-27
-40
-51
-64
-74
-81
-89
-94
-93
-90
-84
-79
-76
-71
-70
-67
-67
-70
-72
-72
-73
-70
-69
-65
-59
-50
-41
-32
-22
-12
-2
12
27
43
53
66
77
83
88
92
92
89
87
80
73
65
57
47
40
34
27
24
20
19
17
12
12
11
9
8
9
10
7
0
-7
-11
-21
-29
-37
-45
-49
-55
-60
-61
-63
-61
-59
-58
-54
-49
-42
-33
-24
-12
-3
4
9
13
15
13
10
7
4
0
-1
-2
-2
3
9
19
26
34
43
50
55
59
62
63
63
62
58
56
50
44
38
29
21
14
5
-4
-13
-20
-23
-25
-28
-26
-28
-26
-22
-20
-18
-16
-15
-16
-17
-22
-28
-32
-39
-47
-52
-60
-66
-68
-71
-75
-73
-68
-59
-45
-32
-19
-5
4
8
9
10
5
6
10
8
11
15
19
20
21
22
23
27
27
28
34
39
45
53
60
65
66
64
63
58
52
47
41
36
31
23
18
7
-4
-16
-28
-35
-44
-53
-61
-62
-56
-50
-43
-36
-29
-23
-20
-24
-27
-36
-44
-48
-53
-54
-53
-47
-42
-38
-32
-28
-23
-14
-10
-4
5
16
30
43
59
70
77
79
80
80
74
72
69
67
65
64
63
62
58
53
47
38
27
17
7
4
3
3
9
12
9
4
-5
-16
-30
-43
-58
-72
-82
-88
-92
-96
-95
-94
-97
-99
-101
-107
-108
-98
-82
-58
-31
-5
16
32
40
42
39
38
32
26
25
24
27
35
40
45
51
55
53
52
48
42
43
51
55
60
63
61
55
49
39
26
13
0
-13
-23
-29
-35
-38
-41
-44
-48
-52
-58
-65
-68
-70
-71
-63
-58
-51
-44
-38
-31
-24
-18
-10
-6
-5
-4
-1
4
10
17
27
37
43
48
50
50
49
50
53
56
57
61
62
60
57
53
48
41
34
22
12
8
6
5
6
6
10
8
3
0
-9
-15
-20
-27
-32
-40
-44
-46
-49
-48
-47
-45
-41
-40
-35
-32
-26
-17
-11
-4
1
6
11
15
16
18
19
19
19
15
11
6
6
5
5
7
5
3
1
-2
-8
-7
-4
0
4
9
13
16
19
19
14
9
5
-4
-13
-23
-34
-42
-46
-48
-47
-45
-44
-40
-35
-27
-17
-6
3
13
21
27
33
33
35
35
32
28
22
13
4
-5
-12
-18
-14
-16
-15
-12
-13
-12
-8
-9
-8
-7
-8
-5
-1
6
12
17
22
20
15
10
4
-3
-9
-13
-15
-18
-17
-15
-15
-9
-2
8
20
29
36
45
54
63
73
80
85
86
85
81
71
59
48
37
23
13
3
-8
-13
-18
-23
-26
-29
-34
-36
-38
-41
-42
-45
-45
-42
-45
-50
-56
-61
-64
-69
-74
-75
-76
-75
-73
-73
-69
-65
-62
-57
-50
-45
-37
-24
-11
5
19
34
50
63
76
90
100
107
111
112
111
105
95
83
75
67
61
54
46
42
37
31
25
17
10
4
-1
-9
-16
-23
-34
-46
-57
-67
-74
-81
-86
-87
-87
-85
-83
-83
-83
-85
-87
-91
-95
-97
-93
-83
-74
-62
-41
-22
-2
16
33
53
66
80
90
95
100
100
99
93
88
80
71
62
53
50
51
51
55
56
56
56
52
46
40
31
19
9
1
-9
-18
-26
-34
-38
-41
-45
-51
-58
-66
-74
-84
-93
-100
-103
-102
-100
-95
-84
-69
-55
-39
-21
-5
10
24
33
44
52
55
57
58
54
51
43
36
34
35
36
37
38
43
47
49
48
47
43
37
29
21
13
7
2
-3
-10
-17
-21
-26
-34
-42
-50
-59
-64
-72
-80
-84
-88
-89
-85
-78
-66
-58
-49
-37
-26
-16
-4
5
14
27
38
44
48
50
51
49
45
39
35
33
34
34
34
38
40
39
37
31
24
17
13
11
10
11
10
8
7
5
3
-1
-7
-10
-14
-19
-25
-34
-39
-42
-43
-45
-49
-51
-49
-50
-47
-42
-34
-23
-11
1
12
24
36
49
59
63
64
61
57
51
43
36
29
22
15
7
1
-10
-18
-19
-22
-21
-18
-14
-8
-4
0
5
8
11
12
5
0
-6
-12
-15
-18
-24
-25
-29
-33
-37
-41
-44
-45
-41
-38
-31
-25
-20
-10
-1
9
21
30
36
47
53
54
56
53
45
38
27
13
3
-6
-14
-18
-20
-18
-16
-14
-8
-4
-3
1
4
6
8
9
6
2
-2
-7
-8
-12
-17
-13
-11
-10
-5
-3
3
5
5
4
1
-2
-6
-7
-10
-11
-7
-2
4
16
25
32
40
45
49
49
43
39
31
22
15
9
1
-5
-10
-13
-14
-14
-15
-18
-19
-21
-20
-20
-21
-21
-17
-18
-18
-16
-15
-10
-6
0
9
19
28
35
40
40
38
33
19
7
-7
-21
-31
-38
-42
-40
-31
-20
-7
6
22
33
44
51
57
62
62
55
48
37
26
15
1
-14
-27
-38
-48
-54
-58
-60
-59
-55
-52
-50
-46
-42
-38
-32
-25
-17
-8
2
9
18
26
28
28
24
15
6
-6
-22
-36
-46
-53
-59
-57
-50
-42
-26
-14
4
23
36
51
64
74
79
82
80
72
62
48
32
20
3
-13
-21
-29
-32
-34
-31
-29
-27
-22
-18
-15
-11
-10
-5
1
8
13
16
20
23
24
25
21
19
11
2
-5
-16
-23
-32
-41
-48
-52
-57
-58
-55
-45
-31
-22
-8
8
20
33
42
53
61
68
74
71
66
56
43
28
15
3
-5
-16
-24
-28
-33
-38
-38
-37
-35
-32
-30
-24
-16
-10
1
9
17
26
36
41
40
40
37
29
19
8
-6
-21
-37
-56
-69
-79
-87
-88
-85
-74
-62
-47
-29
-7
12
30
49
64
78
85
83
82
75
62
48
33
14
-2
-18
-35
-47
-51
-52
-51
-52
-48
-42
-36
-27
-14
1
19
33
50
65
73
79
81
76
67
53
33
12
-11
-33
-52
-73
-87
-96
-101
-98
-91
-76
-55
-34
-10
14
37
60
73
84
90
90
86
82
72
60
46
30
14
-4
-19
-35
-45
-49
-52
-48
-39
-34
-26
-21
-13
-3
9
26
36
44
52
57
58
52
44
31
13
-6
-24
-44
-60
-67
-75
-79
-79
-79
-73
-66
-57
-44
-29
-15
3
15
26
30
31
34
34
36
39
40
43
43
39
35
31
23
16
7
-3
-14
-26
-31
-37
-41
-38
-35
-27
-17
-6
8
22
31
36
43
43
40
33
19
6
-8
-19
-28
-39
-48
-56
-62
-67
-72
-70
-68
-65
-57
-52
-42
-31
-20
-8
2
14
26
36
46
57
65
71
73
70
69
61
49
35
17
2
-14
-26
-33
-36
-38
-33
-25
-14
-2
12
31
43
54
61
67
71
67
60
52
38
19
2
-15
-30
-39
-51
-57
-61
-61
-62
-64
-57
-49
-42
-31
-19
-7
4
14
27
41
50
59
63
66
67
65
61
55
42
30
14
-3
-18
-31
-39
-42
-43
-40
-34
-26
-13
1
15
28
39
48
55
60
59
56
50
37
19
5
-11
-26
-38
-47
-54
-58
-61
-59
-54
-48
-43
-37
-27
-22
-20
-14
-8
0
10
16
24
30
35
45
52
53
56
51
44
35
24
9
-8
-23
-37
-48
-55
-57
-54
-45
-36
-23
-8
5
19
32
39
44
48
43
39
30
18
7
-5
-19
-27
-37
-47
-47
-47
-48
-44
-43
-44
-41
-37
-33
-24
-16
-6
4
16
26
40
51
60
69
72
70
65
57
45
31
17
0
-16
-33
-45
-53
-59
-58
-50
-41
-26
-7
7
22
39
48
52
56
55
50
40
28
12
-3
-19
-39
-52
-61
-66
-69
-72
-68
-64
-57
-48
-38
-30
-24
-15
-5
7
17
28
39
45
47
44
44
41
35
28
20
11
-1
-12
-20
-26
-31
-36
-39
-41
-35
-27
-17
-4
10
22
29
35
38
39
37
29
19
9
-2
-13
-22
-28
-38
-45
-49
-50
-48
-45
-40
-33
-28
-28
-25
-22
-22
-22
-21
-16
-10
-3
5
14
22
30
34
37
37
35
31
26
21
16
11
3
-7
-12
-21
-26
-27
-24
-19
-14
-5
7
19
32
41
46
50
53
54
53
47
40
31
23
14
3
-5
-17
-25
-30
-39
-43
-46
-48
-46
-45
-45
-39
-31
-24
-14
-5
5
16
21
22
24
25
20
18
15
6
0
-7
-13
-18
-24
-28
-36
-41
-41
-39
-32
-20
-8
4
19
32
42
52
58
63
58
53
45
33
21
11
-1
-14
-28
-39
-46
-50
-49
-46
-43
-38
-32
-27
-22
-17
-13
-10
-2
4
6
8
8
7
7
6
5
3
-2
-6
-4
-1
0
2
3
0
-2
-4
-5
-7
-6
-3
0
8
17
25
33
37
38
39
39
37
34
27
23
22
15
11
10
12
13
13
10
11
10
5
3
2
-6
-13
-13
-15
-17
-19
-18
-13
-11
-9
-4
-1
-1
3
7
11
15
20
20
23
23
19
17
12
1
-10
-19
-23
-24
-22
-20
-11
-2
7
18
26
31
34
35
36
36
35
35
36
33
27
21
18
13
12
4
0
-6
-16
-23
-26
-28
-31
-28
-24
-24
-24
-20
-15
-11
-8
-6
-7
-6
-7
-7
-2
0
2
6
6
1
-7
-15
-21
-29
-35
-39
-40
-36
-29
-21
-12
-2
5
7
12
17
19
20
21
20
20
22
26
28
25
23
17
11
8
5
2
-2
-3
-4
-8
-10
-11
-7
0
1
4
10
8
9
7
5
5
4
7
8
10
11
11
10
7
4
-1
-9
-12
-21
-23
-20
-18
-12
-5
-4
-1
1
6
8
7
9
10
12
14
17
19
21
23
25
27
28
27
20
13
7
0
-3
-8
-13
-13
-14
-12
-7
0
6
7
10
11
12
13
17
14
16
19
16
17
13
8
4
-7
-13
-23
-32
-36
-39
-38
-36
-32
-24
-17
-12
-3
0
2
8
12
14
14
9
8
7
6
3
-2
-7
-13
-20
-24
-26
-34
-37
-34
-32
-22
-13
-2
8
14
19
21
26
24
19
13
6
-3
-10
-13
-18
-18
-16
-12
-7
-3
-3
-6
-9
-12
-11
-12
-14
-12
-11
-10
-5
0
5
9
14
15
16
16
14
13
11
7
6
2
-2
-4
-8
-9
-12
-13
-8
-4
-1
4
9
11
12
18
21
18
16
15
11
6
7
4
4
-1
-4
-3
-4
-3
2
4
6
7
6
3
-4
-11
-15
-16
-14
-14
-13
-11
-10
-6
-2
2
7
8
10
11
9
9
8
4
-2
-7
-11
-13
-20
-24
-29
-30
-29
-31
-24
-15
-10
-1
6
8
11
18
25
24
21
17
6
-2
-10
-18
-23
-25
-25
-25
-23
-21
-16
-13
-11
-8
-10
-10
-9
-10
-7
-4
-3
0
2
4
6
8
8
9
8
6
0
-5
-7
-9
-12
-18
-18
-17
-16
-11
-7
-3
6
13
17
26
31
37
40
37
31
24
15
6
-2
-9
-18
-21
-25
-27
-23
-16
-5
5
12
18
22
23
20
17
11
6
5
2
0
0
-2
-1
2
7
9
11
13
15
16
16
14
13
14
10
11
9
11
14
11
14
18
16
18
22
21
19
16
15
14
11
6
4
0
-6
-9
-11
-14
-15
-17
-16
-16
-17
-12
-7
-7
-6
-7
-10
-15
-15
-15
-17
-16
-11
-7
-5
0
1
-1
-1
-1
-4
-6
-9
-10
-8
-8
-5
-1
1
2
3
3
5
6
7
9
10
11
13
15
12
12
11
8
5
3
-1
-4
-7
-10
-11
-12
-18
-18
-15
-14
-9
-8
-5
-1
-3
-2
1
2
7
6
9
9
6
6
3
0
-3
-9
-12
-11
-7
-2
1
7
14
22
26
29
35
38
33
27
22
19
18
17
18
16
14
14
12
9
8
9
4
2
4
2
1
3
5
6
6
3
4
8
6
3
-1
-5
-5
-7
-10
-10
-10
-8
-6
-5
-4
-5
-8
-10
-12
-13
-13
-8
-1
7
13
16
19
17
16
13
9
9
7
4
-1
-6
-6
-12
-15
-12
-12
-13
-12
-14
-16
-15
-15
-11
-7
-5
-3
-6
-6
-7
-10
-13
-19
-23
-28
-38
-39
-37
-34
-28
-21
-18
-13
-10
-9
-4
0
1
0
-1
-1
0
-2
1
6
11
18
22
20
19
18
14
10
6
3
1
1
0
3
11
14
20
21
23
22
20
22
21
22
25
21
18
13
3
-3
-6
-10
-15
-19
-19
-18
-15
-12
-10
-4
1
4
8
7
5
3
-1
-2
-4
-6
-7
-7
-7
-5
-2
0
4
6
7
7
5
5
4
4
7
9
10
9
10
9
6
7
10
9
12
10
5
3
-4
-6
-5
-9
-10
-11
-15
-24
-27
-25
-27
-27
-26
-24
-22
-20
-18
-17
-16
-14
-16
-19
-20
-21
-22
-20
-17
-15
-13
-14
-13
-12
-9
-5
-4
-4
-4
-3
-2
-1
0
1
1
1
7
9
13
18
20
23
24
22
22
21
22
18
16
14
8
4
2
1
2
2
-1
-1
3
4
7
8
7
8
9
6
1
-3
-8
-7
-8
-8
-9
-9
-6
-5
-4
-4
-4
1
6
5
4
4
5
4
8
12
16
17
17
17
16
15
15
16
16
17
14
13
11
8
6
5
3
1
-2
-4
-6
-5
-2
1
0
1
-1
-2
0
0
-2
-5
-12
-19
-28
-33
-36
-36
-31
-31
-29
-30
-28
-22
-16
-11
-8
-7
-9
-7
-5
-3
0
-1
-5
-11
-14
-14
