11
12
12
14
15
15
13
11
6
3
0
-6
-6
-8
-14
-20
-24
-28
-28
-27
-23
-21
-18
-14
-11
-7
-2
0
2
5
6
12
12
12
13
13
11
9
7
2
0
-4
-9
-11
-14
-14
-15
-15
-13
-11
-8
-3
2
7
11
12
13
17
20
22
25
25
20
15
8
6
2
-2
-3
-4
-7
-10
-11
-10
-10
-8
-5
-5
-3
0
2
6
9
11
12
13
12
8
7
7
5
3
-1
-5
-6
-5
-4
-6
-11
-10
-8
-8
-3
0
2
5
8
11
15
16
18
21
19
19
17
14
12
7
5
0
-5
-10
-12
-13
-14
-13
-14
-14
-11
-7
-1
2
5
6
9
10
12
14
13
13
10
8
4
2
-2
-6
-12
-19
-20
-24
-25
-27
-28
-28
-30
-29
-25
-22
-17
-10
-7
-3
2
3
6
10
12
11
12
10
9
9
8
5
4
3
2
2
-1
-2
2
2
2
1
3
4
6
11
12
8
7
11
13
12
11
8
5
5
4
4
2
-3
-4
-6
-9
-10
-12
-10
-11
-11
-6
-6
-5
-3
1
5
7
9
12
11
13
13
13
11
9
8
4
3
2
-1
-5
-7
-6
-4
-5
-3
-1
-3
-2
3
6
10
15
17
18
19
19
20
21
17
13
9
7
-1
-6
-8
-11
-15
-14
-15
-14
-13
-14
-10
-5
-4
-2
0
0
3
6
6
3
0
-5
-9
-9
-13
-15
-19
-21
-23
-25
-21
-21
-21
-18
-16
-16
-12
-11
-8
-4
-1
2
4
5
6
8
6
8
11
7
6
5
4
1
-1
1
-1
-4
-5
-7
-4
-2
-2
1
1
-1
4
9
7
10
12
12
10
8
6
1
-1
1
1
-2
-4
-6
-8
-8
-6
-4
-3
-6
-4
-3
-3
0
5
9
11
16
17
17
16
18
19
16
15
15
10
5
1
-4
-5
-5
-10
-14
-14
-14
-14
-14
-12
-7
-3
-1
2
3
3
7
12
10
10
10
8
8
3
0
-3
-5
-7
-12
-15
-17
-18
-17
-17
-16
-16
-14
-10
-8
-4
-2
2
4
7
9
6
8
8
6
6
2
0
-3
-8
-8
-8
-11
-11
-13
-14
-14
-11
-8
-7
-5
-1
1
2
4
4
8
8
7
7
5
4
3
-1
-3
-6
-9
-10
-8
-8
-12
-12
-13
-11
-8
-7
-4
-1
4
4
4
9
9
11
16
16
13
14
12
10
11
10
7
6
4
0
-2
-3
-2
-4
-7
-6
-4
-6
-4
2
1
4
7
9
11
13
14
15
13
13
9
5
4
1
-4
-6
-6
-7
-12
-12
-15
-16
-13
-14
-9
-5
-2
1
2
6
8
11
15
16
16
13
15
13
9
8
7
5
0
-5
-9
-11
-10
-11
-12
-8
-5
-2
2
3
6
12
17
18
17
20
16
15
14
9
3
-2
-6
-8
-12
-14
-18
-18
-18
-22
-21
-22
-23
-19
-17
-14
-11
-9
-10
-7
-7
-4
-2
-2
1
0
-1
-2
-4
-3
-4
-6
-7
-10
-12
-10
-8
-4
1
5
4
4
6
9
12
14
15
18
18
18
17
15
18
20
15
14
13
13
7
4
2
0
-1
1
-1
-6
-4
-4
-2
-1
-1
2
2
6
8
10
13
12
13
12
9
7
5
6
4
0
-4
-4
-6
-8
-7
-7
-7
-3
-1
-1
4
11
13
16
18
22
22
20
22
20
19
19
15
12
9
6
4
1
-1
-4
-8
-9
-9
-7
-4
-4
1
3
6
7
7
10
9
9
11
8
5
2
1
-4
-9
-10
-14
-18
-20
-22
-25
-24
-23
-20
-20
-18
-19
-20
-20
-18
-16
-15
-11
-10
-9
-9
-10
-9
-7
-8
-8
-10
-10
-11
-16
-15
-15
-14
-12
-8
-6
-3
0
1
1
3
7
8
8
8
9
9
7
2
3
1
0
2
1
2
2
-1
0
1
4
2
2
2
0
0
0
1
0
-1
-1
1
2
1
2
3
4
4
1
-1
-3
-4
-3
-3
-5
-8
-11
-10
-10
-9
-7
-7
-5
-3
-5
-5
-5
-3
0
-1
3
3
1
3
2
3
4
1
1
-1
-3
-5
-9
-6
-8
-11
-9
-9
-9
-6
-4
-3
3
4
7
10
9
6
6
4
1
-1
-1
-4
-3
-4
-8
-8
-11
-13
-11
-8
-8
-7
-5
-3
-3
-2
0
1
0
0
0
0
1
-1
-3
-3
-3
0
2
0
5
1
-1
3
5
9
11
11
11
9
9
7
5
5
7
6
6
6
6
8
8
7
9
8
9
10
10
12
14
13
15
16
15
17
17
15
13
13
11
9
8
6
4
5
3
4
5
6
7
5
5
5
4
5
7
6
7
7
5
4
3
2
5
4
4
1
-3
-4
-5
-5
-5
-5
-7
-8
-9
-8
-7
-4
-4
-2
0
0
-1
-1
-2
0
3
-1
1
5
3
3
-1
-5
-7
-7
-8
-11
-11
-9
-13
-11
-10
-9
-5
-5
-5
-4
-7
-2
3
1
1
2
5
8
12
12
11
10
8
5
1
-2
-5
-6
-10
-14
-17
-17
-17
-17
-18
-18
-14
-12
-12
-11
-9
-4
4
5
4
7
12
12
11
10
7
7
6
4
0
-2
-2
-3
-3
-6
-7
-7
-6
-4
-6
-5
0
2
3
5
7
9
12
12
9
9
10
10
5
3
1
-2
-3
-5
-7
-8
-5
-4
-3
1
4
3
3
3
6
5
6
13
11
10
10
7
4
2
-1
-4
-5
-7
-11
-13
-15
-18
-18
-18
-15
-12
-10
-7
-4
-4
-3
0
3
1
4
5
6
7
6
3
-1
-3
-9
-12
-13
-18
-22
-21
-24
-29
-28
-26
-26
-23
-24
-23
-20
-18
-14
-9
-4
-1
4
8
11
15
16
15
15
14
10
5
2
-2
-8
-11
-14
-14
-13
-14
-13
-13
-13
-10
-8
-6
-3
2
6
9
11
12
16
21
21
22
21
19
19
15
11
6
5
4
2
5
5
3
9
11
11
9
10
10
10
13
11
11
11
12
11
7
4
5
2
-1
-1
-3
-7
-5
-6
-8
-6
-3
0
2
2
1
1
2
2
3
3
7
8
7
7
7
8
7
7
6
5
5
3
-1
-3
-1
-2
0
2
1
3
5
7
7
6
7
12
15
14
14
16
20
20
22
24
19
19
18
15
13
11
9
8
5
2
-1
-4
-8
-10
-9
-8
-9
-7
-5
-5
-2
-3
0
0
1
5
4
5
5
1
-1
-2
-3
-10
-13
-10
-12
-13
-14
-15
-18
-17
-16
-16
-9
-5
-1
3
6
9
13
14
13
14
14
13
12
11
8
6
4
2
-1
-6
-8
-6
-5
-5
-5
-2
-1
-1
4
10
10
12
16
18
18
16
13
9
6
4
3
0
-2
-3
-6
-8
-12
-17
-20
-21
-22
-18
-16
-16
-14
-15
-14
-11
-10
-9
-5
-4
-4
-4
-3
-3
-5
-4
-4
-6
-8
-10
-12
-14
-14
-13
-19
-22
-25
-26
-24
-23
-23
-20
-16
-14
-14
-13
-11
-7
-3
-1
0
2
1
2
5
4
2
-1
-2
-6
-9
-11
-11
-12
-13
-15
-15
-13
-10
-7
-2
0
5
7
2
3
3
4
5
3
2
2
-2
-4
-6
-10
-14
-15
-15
-16
-15
-13
-9
-7
-2
-2
2
9
11
14
16
14
13
12
11
7
6
3
1
-2
-5
-5
-7
-11
-11
-12
-14
-11
-6
-2
1
7
11
17
22
26
29
30
31
31
31
30
28
26
25
24
22
21
15
12
6
3
1
-3
-6
-7
-8
-7
-7
-8
-7
-2
0
2
4
5
8
10
11
13
15
14
13
13
12
8
5
1
-3
-4
-5
-9
-12
-14
-17
-15
-14
-12
-9
-8
-7
-6
-2
0
-1
1
3
5
5
5
2
-1
-1
-2
-5
-8
-8
-11
-11
-12
-12
-13
-13
-12
-12
-8
-7
-8
-5
-4
-1
1
-2
-2
-1
-1
0
1
1
-3
-4
-4
0
2
1
6
7
9
10
10
10
12
15
17
21
23
25
24
26
24
22
22
18
12
8
7
3
0
-2
-3
-4
-4
-4
-5
-4
-1
2
3
7
12
12
16
19
20
20
21
19
20
21
14
10
7
0
-1
-5
-9
-11
-13
-14
-17
-18
-20
-20
-21
-21
-19
-16
-16
-13
-11
-7
-2
-1
0
3
3
5
7
7
6
5
5
1
2
0
-3
-5
-7
-10
-12
-14
-17
-17
-16
-14
-13
-12
-10
-9
-9
-7
-6
-5
-2
-2
-4
0
1
2
3
2
0
-4
-5
-6
-8
-5
-5
-3
-3
-3
-4
-4
-2
-2
0
-1
-3
-4
-7
-5
-6
-5
-6
-9
-9
-10
-11
-9
-8
-6
-2
2
5
6
9
12
16
18
17
19
17
17
18
15
14
12
8
5
2
0
-4
-6
-8
-10
-9
-12
-14
-11
-7
-5
-1
3
8
14
17
22
26
27
29
30
29
28
26
25
21
15
11
6
0
-6
-9
-14
-17
-20
-26
-31
-28
-27
-24
-20
-19
-15
-12
-10
-5
-3
3
10
14
15
19
17
16
19
17
13
12
8
4
-2
-6
-13
-16
-17
-21
-22
-23
-25
-21
-19
-19
-17
-14
-9
-8
-6
-6
-2
0
2
4
9
11
11
12
13
12
11
9
6
6
5
-2
-4
-6
-9
-8
-8
-9
-7
-7
-7
-6
-5
-5
-5
-3
-4
-5
-2
-1
1
-1
1
3
2
4
5
8
13
12
14
15
15
17
18
20
19
18
14
11
11
7
5
2
-1
-3
-6
-7
-11
-11
-12
-15
-13
-13
-13
-11
-10
-7
-4
-4
-2
1
6
12
15
14
18
23
20
20
17
12
11
7
3
1
-1
-2
-4
-7
-9
-11
-13
-13
-11
-10
-9
-8
-7
-5
-3
-1
3
4
8
10
11
13
14
13
10
10
9
8
3
0
-3
-7
-9
-11
-16
-18
-21
-24
-26
-26
-23
-22
-23
-22
-20
-18
-15
-15
-13
-11
-10
-7
-7
-6
-3
-1
-1
0
3
3
7
8
9
10
9
7
2
0
0
-3
-4
-4
-7
-7
-6
-6
-4
-4
-5
-4
-3
-2
2
4
5
9
13
15
18
23
25
29
30
31
31
32
30
28
26
22
19
13
5
1
-4
-6
-10
-12
-11
-14
-14
-12
-13
-9
-8
-5
0
4
7
9
10
12
15
15
14
15
14
14
10
8
7
3
0
-3
-6
-10
-14
-17
-19
-20
-19
-20
-17
-17
-15
-15
-15
-12
-10
-7
-4
-2
3
4
3
4
6
7
3
0
2
3
4
4
5
7
7
7
5
7
7
6
6
3
0
0
-2
-5
-8
-9
-10
-14
-15
-15
-15
-16
-16
-14
-13
-13
-14
-9
-4
1
5
7
10
12
10
9
10
10
9
5
2
-2
-6
-10
-13
-15
-21
-23
-28
-30
-30
-30
-26
-21
-16
-10
-4
4
9
13
17
23
27
30
34
35
34
35
36
36
33
27
22
18
14
7
3
-1
-6
-9
-12
-12
-9
-6
-5
-1
2
5
8
10
14
17
19
22
24
24
24
24
22
21
19
16
12
8
6
2
-2
-4
-8
-8
-9
-12
-16
-20
-19
-21
-21
-19
-17
-18
-19
-20
-21
-16
-18
-18
-17
-16
-15
-14
-12
-10
-9
-7
-8
-8
-7
-4
-1
1
4
7
6
5
4
3
0
-3
-4
-7
-10
-15
-21
-21
-22
-22
-23
-20
-19
-18
-13
-10
-7
-1
4
9
15
22
25
29
31
32
34
29
27
24
19
12
5
2
-4
-12
-17
-23
-27
-30
-32
-32
-35
-33
-28
-23
-16
-8
1
5
11
18
19
27
29
31
33
32
32
29
27
23
18
17
13
8
5
2
1
2
0
1
5
8
8
12
15
17
22
26
29
31
30
29
28
29
26
24
21
16
11
6
4
1
-4
-7
-10
-14
-14
-10
-12
-11
-10
-12
-14
-16
-17
-17
-18
-20
-20
-23
-26
-30
-30
-33
-33
-34
-36
-37
-41
-40
-38
-36
-30
-26
-21
-17
-14
-11
-9
-7
-6
-2
0
-1
-3
-1
-4
-9
-12
-14
-18
-21
-23
-24
-25
-24
-23
-20
-15
-13
-7
-1
5
11
15
20
27
30
31
31
28
28
28
24
20
16
11
7
-1
-7
-8
-12
-17
-18
-20
-19
-19
-15
-11
-7
0
7
12
18
23
31
37
40
43
47
45
41
40
39
35
32
30
26
18
14
11
7
3
1
-1
-3
-1
-1
1
1
2
6
9
11
13
19
22
21
23
25
23
20
16
11
7
0
-3
-4
-8
-13
-15
-21
-25
-25
-29
-28
-26
-26
-23
-23
-21
-20
-17
-14
-17
-18
-16
-16
-16
-17
-18
-15
-17
-20
-18
-22
-26
-23
-18
-16
-13
-9
-9
-10
-7
-3
2
4
7
7
8
8
5
3
1
-3
-4
-9
-14
-17
-25
-25
-25
-28
-29
-26
-26
-26
-21
-18
-13
-6
0
5
8
10
18
23
25
28
29
25
19
19
16
11
9
2
-3
-6
-12
-16
-16
-16
-15
-12
-6
-5
0
5
10
16
23
28
33
37
43
48
49
46
41
36
29
21
17
11
6
2
-1
-5
-11
-14
-15
-14
-16
-15
-10
-8
-2
7
11
14
19
23
30
35
35
37
37
31
28
25
18
11
6
-1
-6
-10
-18
-21
-22
-25
-29
-30
-28
-25
-21
-14
-7
-4
3
10
11
10
9
9
4
3
1
-8
-12
-12
-15
-20
-23
-29
-30
-29
-32
-31
-29
-31
-28
-20
-10
-4
0
6
12
16
22
26
26
25
29
27
25
22
16
12
8
3
1
-2
-2
-3
-4
-3
-4
-2
2
3
7
12
12
16
18
19
21
20
14
10
8
0
-6
-9
-15
-18
-21
-26
-30
-36
-39
-36
-32
-30
-24
-19
-15
-5
0
4
13
16
19
23
23
23
25
23
19
13
7
-2
-9
-13
-17
-22
-25
-26
-24
-22
-22
-14
-10
-6
4
14
18
25
31
32
35
36
34
30
24
19
12
5
-3
-14
-22
-31
-37
-41
-43
-40
-40
-37
-30
-23
-17
-5
3
10
20
26
31
35
38
39
37
36
34
27
22
12
3
-7
-16
-22
-29
-34
-40
-45
-43
-39
-34
-31
-27
-17
-11
-3
7
12
16
21
23
24
23
23
21
16
9
3
-2
-8
-14
-18
-20
-25
-28
-29
-28
-26
-26
-21
-16
-10
-5
2
11
16
19
25
27
29
32
32
31
29
25
22
15
10
7
4
4
2
-2
-6
-6
-6
-7
-6
-5
-3
1
6
9
13
17
17
18
19
19
21
18
16
14
9
5
2
-1
-3
-4
-5
-5
-3
-5
-2
1
4
7
14
17
20
21
19
17
14
11
7
1
-6
-14
-24
-34
-41
-47
-53
-56
-57
-56
-53
-48
-45
-39
-31
-21
-10
-1
8
18
28
36
36
39
39
33
29
21
14
8
-2
-10
-21
-30
-36
-40
-40
-38
-39
-39
-33
-26
-16
-4
5
15
25
34
42
48
55
57
58
57
52
48
38
27
18
6
-3
-15
-26
-38
-49
-54
-61
-67
-69
-71
-68
-63
-57
-45
-35
-26
-15
-7
1
8
15
21
25
29
32
32
30
29
26
19
14
9
6
0
-5
-9
-13
-12
-11
-11
-7
-6
-2
5
12
22
30
37
42
49
56
59
62
62
60
58
56
53
47
41
36
28
21
15
12
9
4
0
-3
-5
-9
-11
-12
-18
-21
-24
-29
-30
-33
-37
-43
-47
-52
-58
-63
-70
-74
-77
-77
-75
-74
-72
-67
-61
-54
-44
-36
-27
-19
-8
1
6
12
13
12
15
15
13
11
11
9
5
2
0
-1
0
3
5
10
17
24
33
43
52
61
70
75
82
86
89
91
88
85
79
71
62
49
37
23
7
-7
-24
-39
-54
-69
-81
-92
-102
-105
-109
-110
-107
-102
-95
-89
-79
-70
-65
-55
-45
-36
-29
-24
-19
-16
-16
-15
-18
-17
-21
-20
-20
-22
-19
-19
-14
-5
4
17
31
47
69
86
107
128
147
163
177
191
202
210
214
218
214
206
200
190
174
158
141
122
102
86
67
50
30
11
-1
-19
-35
-45
-58
-74
-88
-100
-114
-126
-140
-152
-165
-181
-200
-216
-229
-245
-256
-263
-274
-282
-285
-283
-278
-273
-263
-248
-233
-214
-188
-160
-133
-103
-78
-50
-21
5
34
62
87
112
135
158
178
199
219
237
256
273
292
311
329
347
361
376
390
399
406
410
410
405
395
378
358
331
298
262
219
170
120
67
15
-41
-95
-149
-204
-255
-303
-347
-387
-423
-453
-478
-498
-515
-522
-528
-533
-531
-526
-518
-507
-489
-471
-454
-432
-409
-383
-356
-326
-295
-262
-223
-182
-137
-89
-38
18
75
135
200
267
334
402
469
532
590
646
696
740
778
804
822
834
831
820
801
771
736
691
639
577
514
447
374
303
232
159
88
18
-51
-115
-181
-242
-303
-362
-419
-474
-523
-574
-622
-666
-712
-754
-791
-827
-856
-882
-904
-915
-922
-921
-914
-901
-876
-842
-801
-749
-692
-630
-563
-490
-409
-332
-247
-160
-72
18
104
193
281
367
454
538
614
687
760
831
897
957
1014
1061
1100
1137
1161
1174
1179
1174
1158
1130
1094
1045
981
913
833
747
652
549
443
332
220
107
-8
-121
-229
-336
-441
-536
-627
-711
-787
-858
-917
-965
-1011
-1048
-1079
-1105
-1119
-1127
-1130
-1124
-1108
-1087
-1059
-1021
-979
-932
-877
-822
-758
-689
-617
-537
-455
-373
-285
-197
-110
-21
71
157
244
332
416
500
585
669
744
818
889
955
1016
1071
1121
1166
1202
1232
1254
1264
1264
1253
1229
1198
1155
1100
1033
956
869
773
669
558
444
323
200
78
-45
-168
-282
-393
-499
-599
-692
-775
-853
-921
-979
-1028
-1067
-1101
-1123
-1135
-1140
-1138
-1127
-1113
-1089
-1059
-1025
-989
-948
-896
-845
-791
-731
-670
-607
-539
-470
-400
-329
-256
-182
-112
-43
28
98
170
242
310
378
444
509
576
638
699
756
811
866
919
970
1018
1059
1097
1127
1149
1165
1170
1169
1156
1134
1103
1062
1006
940
865
779
685
583
473
361
246
127
12
-102
-217
-328
-436
-538
-631
-716
-795
-865
-929
-977
-1018
-1051
-1076
-1092
-1102
-1103
-1101
-1092
-1076
-1053
-1023
-986
-945
-900
-849
-796
-739
-679
-615
-548
-480
-410
-337
-265
-194
-118
-48
24
96
165
235
300
364
428
489
549
607
661
714
766
814
865
911
955
996
1031
1066
1094
1111
1124
1129
1123
1109
1083
1047
1002
945
880
807
725
631
529
424
313
198
79
-37
-154
-268
-378
-482
-580
-669
-753
-829
-895
-952
-998
-1035
-1065
-1084
-1098
-1106
-1101
-1090
-1075
-1053
-1028
-998
-960
-920
-875
-829
-778
-724
-663
-600
-534
-467
-399
-328
-255
-182
-110
-35
35
108
178
245
312
375
437
500
557
615
668
718
768
813
857
898
935
970
1000
1028
1047
1060
1070
1075
1070
1060
1041
1011
971
922
863
794
716
631
541
444
340
232
121
6
-104
-214
-322
-426
-526
-617
-702
-778
-846
-906
-954
-992
-1022
-1041
-1056
-1062
-1063
-1055
-1041
-1025
-1003
-974
-941
-905
-868
-826
-782
-736
-686
-631
-577
-522
-462
-402
-338
-275
-210
-139
-69
3
76
143
212
282
349
419
482
544
604
662
721
774
822
870
913
954
991
1021
1047
1068
1079
1088
1087
1078
1058
1029
990
945
890
825
753
670
580
485
382
280
172
61
-48
-158
-263
-364
-461
-550
-635
-713
-782
-843
-895
-939
-974
-999
-1017
-1029
-1031
-1028
-1016
-1004
-985
-957
-925
-892
-854
-814
-773
-723
-671
-620
-564
-508
-449
-387
-323
-260
-194
-125
-59
9
77
144
210
274
339
402
461
519
574
627
680
727
772
813
854
891
919
947
973
990
1004
1011
1012
1007
994
973
944
905
860
802
739
669
586
497
402
303
204
100
-4
-112
-217
-314
-412
-505
-589
-667
-735
-797
-848
-886
-917
-939
-953
-959
-955
-949
-935
-915
-890
-859
-826
-791
-750
-713
-675
-633
-589
-545
-499
-453
-406
-360
-310
-256
-203
-150
-98
-48
6
61
116
168
222
273
324
376
420
465
509
548
588
624
659
691
719
747
769
788
808
820
830
839
836
827
816
797
774
741
696
648
592
530
463
389
311
226
140
53
-35
-123
-208
-289
-367
-439
-507
-566
-619
-664
-702
-729
-750
-764
-771
-773
-766
-751
-734
-713
-689
-664
-634
-602
-565
-531
-498
-459
-424
-390
-350
-314
-276
-236
-200
-160
-122
-86
-45
-9
27
64
101
136
169
201
231
262
292
322
352
382
410
435
463
493
518
543
565
586
610
626
641
657
665
668
669
662
653
635
609
579
540
492
444
385
323
257
186
115
40
-33
-106
-179
-251
-317
-381
-435
-488
-534
-573
-608
-636
-655
-668
-673
-676
-673
-665
-654
-639
-620
-600
-577
-551
-523
-492
-458
-427
-395
-359
-321
-283
-247
-212
-178
-145
-110
-77
-43
-13
17
47
73
97
124
148
170
193
217
241
266
292
322
356
386
417
451
490
530
566
603
640
674
702
727
745
757
759
754
742
720
690
643
594
536
466
392
312
228
143
52
-37
-122
-205
-284
-358
-426
-484
-536
-579
-613
-640
-660
-672
-680
-680
-675
-668
-656
-644
-627
-608
-589
-568
-545
-524
-502
-480
-454
-428
-406
-381
-354
-324
-291
-260
-226
-189
-153
-114
-77
-37
-1
35
73
111
146
180
210
242
276
306
345
382
418
455
487
525
565
603
639
672
703
735
761
782
801
807
804
792
768
740
699
648
585
512
436
351
258
163
66
-31
-128
-224
-310
-393
-472
-539
-597
-646
-687
-719
-735
-742
-744
-736
-722
-704
-680
-656
-629
-599
-571
-547
-518
-490
-462
-435
-410
-386
-363
-340
-312
-286
-255
-225
-193
-161
-130
-93
-56
-21
16
52
91
130
166
205
242
277
314
352
391
428
466
507
549
591
633
674
716
752
786
820
844
863
873
871
862
843
810
764
709
639
565
481
387
288
182
70
-41
-152
-263
-368
-464
-555
-638
-709
-767
-818
-856
-881
-896
-899
-892
-876
-854
-827
-792
-754
-711
-666
-624
-577
-531
-487
-440
-400
-359
-323
-289
-252
-217
-185
-157
-133
-106
-83
-59
-31
-7
17
43
72
104
132
166
204
243
286
332
384
438
496
559
621
684
747
809
863
914
959
994
1022
1036
1038
1025
1001
958
901
833
751
655
546
429
305
177
45
-88
-216
-339
-458
-572
-678
-769
-846
-907
-955
-991
-1011
-1021
-1015
-996
-966
-927
-882
-832
-775
-713
-650
-589
-526
-465
-407
-352
-304
-255
-213
-180
-150
-123
-100
-85
-71
-61
-51
-39
-26
-14
-1
16
35
62
91
133
182
234
301
374
452
534
620
711
797
877
958
1030
1090
1141
1179
1206
1218
1211
1187
1144
1082
1001
906
793
668
533
385
225
68
-87
-248
-405
-556
-696
-824
-943
-1044
-1128
-1196
-1243
-1276
-1290
-1283
-1263
-1224
-1168
-1108
-1036
-954
-869
-777
-682
-592
-506
-420
-341
-266
-198
-140
-95
-59
-30
-10
2
8
9
2
-3
-3
-3
3
19
41
75
121
177
250
340
441
554
672
799
929
1050
1169
1286
1387
1472
1539
1581
1599
1589
1557
1504
1420
1312
1185
1032
867
687
491
286
76
-132
-335
-531
-719
-895
-1052
-1191
-1303
-1393
-1465
-1512
-1535
-1534
-1511
-1466
-1398
-1319
-1234
-1134
-1022
-906
-794
-685
-582
-479
-384
-296
-225
-164
-110
-72
-44
-28
-24
-31
-46
-63
-86
-107
-123
-141
-150
-144
-127
-84
-24
48
140
256
392
547
722
905
1082
1251
1409
1561
1703
1814
1897
1943
1955
1941
1896
1821
1705
1552
1371
1164
941
705
455
191
-85
-355
-608
-843
-1062
-1266
-1444
-1590
-1701
-1777
-1824
-1838
-1819
-1778
-1703
-1601
-1473
-1335
-1196
-1044
-884
-725
-570
-431
-311
-206
-109
-26
38
80
97
100
94
75
41
-3
-60
-124
-182
-231
-273
-307
-330
-338
-313
-254
-166
-53
80
241
429
645
887
1126
1353
1562
1754
1937
2098
2223
2296
2321
2306
2251
2162
2033
1854
1629
1362
1070
767
451
118
-232
-585
-913
-1209
-1475
-1717
-1926
-2088
-2203
-2266
-2277
-2245
-2168
-2056
-1910
-1730
-1517
-1282
-1053
-836
-626
-420
-220
-40
102
205
268
296
307
297
259
188
85
-35
-161
-279
-392
-509
-625
-720
-780
-806
-790
-742
-663
-539
-357
-129
125
402
710
1054
1422
1776
2069
2303
2510
2700
2858
2948
2945
2848
2682
2486
2267
2014
1699
1308
869
424
16
-363
-742
-1138
-1530
-1873
-2132
-2310
-2439
-2535
-2593
-2594
-2514
-2361
-2149
-1909
-1659
-1399
-1115
-808
-488
-190
51
229
367
488
590
646
632
559
445
315
176
28
-138
-324
-519
-707
-863
-982
-1072
-1140
-1187
-1190
-1137
-1033
-886
-705
-489
-216
112
461
815
1179
1570
1989
2401
2738
2960
3093
3198
3285
3311
3232
3027
2713
2355
1990
1626
1228
761
232
-312
-808
-1225
-1585
-1931
-2279
-2584
-2792
-2880
-2871
-2809
-2717
-2580
-2377
-2091
-1731
-1335
-938
-568
-231
96
419
716
938
1046
1046
981
887
771
606
370
77
-232
-518
-765
-974
-1166
-1353
-1516
-1624
-1659
-1613
-1512
-1384
-1233
-1044
-788
-471
-113
256
636
1021
1404
1776
2153
2549
2940
3260
3411
3389
3308
3242
3154
2968
2631
2156
1630
1142
720
322
-115
-609
-1120
-1568
-1885
-2078
-2216
-2373
-2536
-2618
-2545
-2328
-2060
-1819
-1592
-1331
-998
-606
-206
152
446
680
864
1011
1126
1177
1115
931
673
401
127
-158
-477
-821
-1147
-1413
-1611
-1744
-1822
-1861
-1857
-1798
-1682
-1506
-1289
-1056
-816
-561
-290
-9
267
534
795
1067
1359
1640
1867
2047
2237
2499
2815
3042
3026
2787
2530
2388
2308
2151
1815
1301
750
314
21
-204
-479
-866
-1308
-1681
-1874
-1890
-1863
-1922
-2051
-2118
-2002
-1718
-1393
-1141
-959
-766
-495
-153
194
480
684
806
873
917
942
909
770
526
233
-52
-311
-564
-843
-1132
-1393
-1575
-1672
-1708
-1705
-1679
-1625
-1517
-1354
-1156
-950
-757
-571
-366
-150
65
276
469
655
851
1089
1358
1606
1804
1995
2248
2584
2884
2960
2763
2483
2311
2239
2125
1843
1367
822
365
48
-177
-408
-725
-1116
-1498
-1749
-1808
-1755
-1738
-1804
-1864
-1798
-1557
-1225
-928
-711
-523
-286
12
321
580
765
869
901
877
814
706
523
258
-59
-385
-684
-949
-1201
-1442
-1643
-1768
-1804
-1775
-1714
-1631
-1517
-1350
-1137
-912
-695
-493
-295
-82
132
326
508
680
844
1006
1180
1376
1569
1727
1871
2060
2322
2560
2600
2394
2099
1911
1837
1736
1478
1053
582
221
-1
-153
-316
-539
-812
-1072
-1233
-1250
-1159
-1078
-1075
-1099
-1049
-874
-622
-402
-273
-192
-90
51
199
300
334
323
274
191
74
-77
-257
-469
-710
-949
-1148
-1296
-1419
-1530
-1615
-1636
-1562
-1428
-1287
-1158
-1031
-866
-657
-453
-291
-174
-86
0
90
160
216
276
336
412
524
696
916
1132
1334
1586
1952
2393
2716
2743
2529
2323
2276
2296
2205
1892
1401
899
510
242
43
-177
-479
-844
-1195
-1424
-1451
-1357
-1297
-1327
-1371
-1306
-1089
-792
-532
-353
-218
-69
108
276
395
461
471
406
276
85
-149
-414
-712
-1011
-1265
-1455
-1592
-1708
-1803
-1837
-1766
-1596
-1388
-1195
-1025
-847
-635
-404
-205
-64
30
98
156
199
229
260
297
341
400
494
663
885
1110
1352
1681
2115
2534
2735
2636
2416
2300
2305
2292
2115
1727
1225
767
425
178
-36
-293
-622
-992
-1314
-1480
-1473
-1408
-1389
-1417
-1416
-1301
-1071
-815
-607
-446
-301
-151
0
125
214
278
294
241
112
-88
-333
-589
-836
-1051
-1225
-1366
-1477
-1556
-1575
-1512
-1370
-1183
-998
-835
-679
-519
-352
-202
-111
-71
-44
-18
3
0
-18
-18
20
97
219
396
635
910
1209
1564
2012
2518
2940
3093
2952
2703
2533
2450
2333
2045
1548
945
403
-3
-290
-531
-805
-1139
-1495
-1766
-1858
-1771
-1618
-1495
-1414
-1308
-1104
-812
-503
-236
-30
134
270
370
426
440
425
361
221
-8
-308
-630
-925
-1170
-1353
-1478
-1568
-1621
-1614
-1532
-1369
-1134
-871
-633
-445
-298
-163
-29
80
128
115
66
5
-52
-109
-159
-193
-202
-165
-61
121
382
703
1055
1454
1939
2490
2980
3227
3165
2952
2781
2689
2566
2273
1767
1135
523
18
-374
-695
-1009
-1348
-1699
-1985
-2102
-2037
-1871
-1695
-1537
-1359
-1108
-790
-458
-164
87
297
458
560
602
602
573
499
348
103
-230
-599
-934
-1200
-1388
-1528
-1640
-1709
-1716
-1640
-1472
-1230
-954
-703
-505
-348
-197
-45
84
148
136
77
14
-36
-84
-129
-162
-166
-119
-3
192
463
792
1154
1560
2052
2617
3113
3320
3186
2910
2703
2599
2461
2133
1586
920
299
-181
-528
-799
-1054
-1336
-1641
-1888
-1968
-1865
-1656
-1445
-1270
-1086
-853
-561
-253
15
229
390
492
527
511
466
396
289
110
-175
-530
-878
-1162
-1358
-1483
-1565
-1609
-1603
-1535
-1391
-1174
-911
-642
-411
-244
-128
-35
44
99
102
43
-53
-154
-244
-321
-371
-381
-351
-281
-163
30
318
687
1093
1537
2050
2627
3144
3401
3321
3058
2829
2684
2507
2168
1627
959
305
-229
-624
-915
-1159
-1417
-1700
-1930
-2010
-1901
-1667
-1413
-1193
-987
-750
-465
-171
86
286
432
519
536
492
411
316
198
20
-248
-583
-915
-1193
-1395
-1531
-1611
-1641
-1617
-1533
-1395
-1209
-981
-735
-499
-303
-158
-43
39
81
84
51
1
-59
-135
-225
-298
-313
-261
-152
-3
194
465
805
1191
1638
2172
2757
3234
3392
3205
2890
2648
2490
2297
1932
1361
691
79
-383
-701
-926
-1123
-1351
-1599
-1789
-1824
-1693
-1467
-1246
-1070
-904
-693
-435
-187
9
151
259
321
314
244
146
35
-95
-264
-500
-785
-1057
-1276
-1422
-1497
-1511
-1477
-1397
-1274
-1118
-923
-699
-489
-312
-188
-104
-44
-15
-27
-85
-164
-243
-310
-374
-436
-480
-476
-402
-270
-80
170
490
867
1272
1725
2267
2878
3401
3618
3473
3151
2861
2662
2460
2108
1538
836
162
-368
-741
-1000
-1218
-1463
-1735
-1945
-1997
-1859
-1614
-1371
-1171
-987
-766
-497
-227
-2
171
300
368
360
297
218
138
35
-128
-369
-663
-946
-1174
-1328
-1421
-1470
-1466
-1409
-1305
-1154
-965
-753
-546
-361
-213
-97
-8
50
58
25
-29
-82
-128
-191
-264
-320
-332
-279
-165
1
229
511
844
1211
1633
2150
2739
3259
3488
3348
3013
2710
2512
2327
2013
1488
816
161
-357
-719
-970
-1182
-1423
-1699
-1930
-2011
-1911
-1699
-1478
-1297
-1131
-928
-673
-414
-187
6
162
262
296
276
240
204
138
2
-227
-515
-791
-1006
-1162
-1275
-1350
-1383
-1369
-1296
-1170
-1003
-819
-644
-498
-369
-244
-128
-43
-12
-30
-57
-64
-55
-59
-86
-117
-122
-71
39
193
399
658
942
1247
1592
2020
2549
3077
3391
3345
3045
2728
2511
2346
2098
1660
1048
393
-161
-570
-852
-1080
-1324
-1612
-1890
-2042
-2007
-1842
-1645
-1485
-1340
-1152
-903
-626
-369
-150
39
196
300
350
377
404
401
316
120
-153
-424
-650
-840
-1013
-1178
-1313
-1386
-1393
-1339
-1241
-1120
-986
-850
-705
-549
-387
-240
-144
-100
-77
-43
15
70
87
79
92
135
218
339
507
733
993
1246
1506
1839
2296
2818
3195
3226
2952
2611
2370
2218
2047
1714
1187
577
27
-385
-661
-863
-1079
-1365
-1683
-1918
-1982
-1896
-1747
-1622
-1534
-1414
-1219
-962
-693
-446
-223
-33
110
213
307
400
462
428
260
-1
-266
-480
-647
-812
-1004
-1195
-1331
-1379
-1351
-1274
-1176
-1073
-973
-871
-727
-546
-355
-200
-111
-63
-5
91
194
264
287
298
326
387
480
614
801
1017
1218
1406
1645
2004
2468
2877
3006
2811
2479
2221
2083
1979
1764
1356
821
293
-115
-388
-587
-783
-1043
-1371
-1671
-1829
-1823
-1734
-1651
-1610
-1559
-1437
-1231
-981
-730
-493
-278
-102
31
156
313
468
541
468
253
5
-199
-355
-512
-717
-955
-1174
-1323
-1390
-1386
-1338
-1272
-1214
-1168
-1096
-955
-763
-562
-410
-316
-240
-135
16
177
315
419
493
563
651
785
978
1193
1389
1538
1688
1930
2291
2678
2880
2759
2422
2099
1917
1832
1709
1421
969
483
76
-210
-397
-547
-743
-1031
-1342
-1577
-1677
-1650
-1589
-1561
-1560
-1517
-1400
-1225
-1005
-774
-554
-367
-227
-97
71
268
425
455
331
132
-47
-182
-305
-461
-668
-895
-1097
-1235
-1298
-1295
-1258
-1232
-1229
-1213
-1142
-997
-805
-622
-483
-367
-235
-72
126
333
520
668
786
895
1022
1194
1400
1587
1727
1837
1986
2237
2541
2742
2679
2375
2032
1807
1695
1596
1382
1014
578
190
-93
-285
-434
-603
-844
-1129
-1388
-1552
-1602
-1584
-1572
-1581
-1581
-1541
-1440
-1272
-1068
-856
-666
-522
-389
-219
-7
195
300
271
155
26
-76
-159
-275
-449
-658
-866
-1032
-1137
-1188
-1204
-1219
-1247
-1268
-1249
-1172
-1048
-894
-745
-608
-465
-288
-69
170
403
614
803
985
1177
1391
1614
1819
1981
2108
2247
2452
2698
2862
2789
2473
2090
1803
1641
1523
1320
965
525
133
-146
-322
-447
-586
-798
-1064
-1310
-1472
-1523
-1495
-1446
-1437
-1458
-1455
-1395
-1268
-1087
-892
-727
-608
-512
-387
-205
0
147
177
105
-5
-95
-144
-183
-256
-384
-547
-704
-822
-882
-903
-915
-947
-1001
-1043
-1046
-995
-897
-780
-668
-556
-430
-266
-68
144
358
563
754
937
1126
1329
1526
1697
1823
1922
2037
2194
2340
2368
2226
1974
1732
1573
1475
1363
1170
891
593
334
124
-46
-200
-371
-580
-805
-1014
-1182
-1279
-1320
-1350
-1394
-1442
-1473
-1476
-1428
-1326
-1198
-1069
-945
-820
-678
-514
-351
-217
-133
-92
-69
-43
-5
34
48
34
-2
-54
-116
-179
-238
-306
-378
-455
-546
-638
-703
-737
-739
-722
-702
-668
-607
-514
-392
-248
-92
68
230
399
583
774
956
1113
1263
1427
1607
1780
1901
1936
1908
1870
1852
1835
1789
1697
1556
1380
1189
987
772
556
348
142
-85
-332
-573
-794
-977
-1130
-1264
-1386
-1491
-1578
-1642
-1669
-1647
-1584
-1487
-1371
-1257
-1141
-1014
-874
-724
-578
-444
-316
-196
-93
-5
71
123
157
170
148
111
64
16
-36
-101
-172
-241
-299
-343
-384
-415
-425
-414
-393
-359
-317
-264
-184
-76
57
204
354
502
642
780
940
1125
1316
1487
1597
1643
1667
1690
1705
1698
1659
1589
1486
1349
1186
1006
834
677
514
318
91
-142
-362
-563
-743
-907
-1051
-1176
-1294
-1403
-1487
-1536
-1546
-1514
-1465
-1411
-1355
-1286
-1196
-1088
-970
-838
-701
-579
-473
-383
-300
-206
-108
-29
14
33
35
29
23
9
-15
-51
-96
-145
-200
-248
-281
-291
-295
-298
-287
-258
-201
-110
7
138
279
429
578
735
922
1142
1369
1558
1688
1768
1836
1897
1939
1957
1946
1899
1804
1663
1487
1292
1104
917
699
444
173
-104
-370
-607
-818
-1008
-1180
-1336
-1487
-1621
-1719
-1769
-1776
-1757
-1718
-1671
-1612
-1524
-1418
-1302
-1170
-1030
-895
-781
-686
-589
-478
-356
-245
-161
-109
-76
-48
-22
1
21
31
34
22
-1
-21
-30
-25
-14
-11
-11
0
39
101
182
276
381
490
600
721
870
1055
1246
1394
1492
1567
1644
1721
1784
1827
1845
1830
1774
1672
1536
1389
1242
1078
873
633
381
117
-143
-383
-607
-811
-1007
-1207
-1407
-1582
-1709
-1784
-1826
-1849
-1854
-1835
-1792
-1722
-1632
-1523
-1393
-1250
-1113
-993
-877
-753
-620
-474
-342
-233
-150
-88
-33
17
64
105
136
158
163
155
141
127
123
126
124
121
129
157
206
265
339
427
525
619
721
848
999
1162
1288
1368
1428
1492
1563
1623
1662
1682
1678
1637
1553
1434
1309
1191
1057
882
669
449
218
-14
-237
-457
-660
-843
-1026
-1223
-1408
-1553
-1648
-1707
-1746
-1767
-1767
-1741
-1693
-1631
-1549
-1436
-1309
-1182
-1070
-968
-855
-724
-582
-448
-338
-253
-185
-125
-68
-15
34
80
104
109
104
99
105
119
135
143
144
157
188
241
306
381
461
542
618
704
817
959
1108
1225
1285
1320
1369
1433
1495
1538
1559
1550
1508
1437
1345
1248
1159
1060
914
721
521
335
146
-49
-255
-462
-657
-843
-1030
-1212
-1363
-1481
-1576
-1654
-1710
-1737
-1726
-1688
-1640
-1589
-1518
-1416
-1298
-1175
-1050
-925
-791
-651
-517
-394
-282
-173
-81
-11
48
100
150
191
211
207
190
178
175
179
179
176
178
189
221
269
329
404
487
566
642
739
862
1009
1141
1224
1270
1314
1369
1425
1470
1504
1511
1478
1408
1314
1216
1135
1050
923
743
542
352
165
-18
-203
-397
-589
-775
-961
-1144
-1297
-1408
-1500
-1584
-1658
-1708
-1717
-1691
-1649
-1602
-1545
-1465
-1370
-1261
-1139
-1003
-856
-718
-595
-487
-380
-266
-159
-72
-5
49
97
135
164
178
184
189
194
195
196
199
215
241
274
312
359
423
504
592
677
772
889
1022
1143
1233
1293
1351
1411
1460
1493
1519
1528
1508
1456
1376
1284
1199
1114
993
830
646
460
277
91
-103
-303
-496
-682
-867
-1057
-1227
-1364
-1476
-1578
-1667
-1727
-1751
-1737
-1702
-1660
-1603
-1522
-1424
-1320
-1201
-1064
-922
-781
-654
-544
-440
-331
-224
-130
-54
4
48
87
117
134
151
165
177
184
184
183
193
223
264
309
360
420
500
587
675
773
887
1012
1128
1215
1274
1334
1396
1448
1481
1497
1500
1482
1442
1376
1295
1215
1134
1027
881
710
540
371
192
4
-195
-390
-574
-755
-937
-1115
-1265
-1390
-1504
-1596
-1660
-1689
-1688
-1669
-1640
-1592
-1521
-1429
-1328
-1223
-1105
-980
-855
-731
-617
-512
-404
-301
-209
-132
-74
-22
23
58
86
104
122
140
161
172
175
183
208
247
290
340
396
462
536
614
707
813
926
1039
1125
1189
1253
1324
1386
1429
1462
1478
1475
1456
1414
1358
1292
1218
1121
989
832
668
505
329
137
-68
-279
-475
-667
-858
-1042
-1210
-1354
-1479
-1585
-1665
-1707
-1710
-1693
-1669
-1629
-1561
-1471
-1369
-1258
-1143
-1022
-896
-769
-651
-540
-432
-323
-231
-158
-96
-43
8
44
67
84
100
120
140
154
157
169
189
215
252
301
363
434
506
581
667
764
876
992
1086
1155
1214
1283
1349
1397
1434
1457
1458
1440
1405
1348
1282
1213
1120
993
837
678
516
345
159
-45
-256
-455
-645
-829
-1005
-1158
-1287
-1406
-1511
-1590
-1637
-1642
-1621
-1595
-1559
-1500
-1417
-1321
-1216
-1109
-999
-885
-771
-663
-561
-460
-357
-265
-193
-139
-89
-42
3
35
57
76
98
122
143
156
170
192
224
259
299
349
421
497
568
647
739
849
969
1074
1151
1213
1281
1354
1413
1451
1483
1499
1489
1460
1409
1345
1279
1194
1073
919
751
581
405
216
9
-204
-415
-616
-811
-998
-1162
-1297
-1419
-1526
-1611
-1662
-1673
-1654
-1627
-1592
-1538
-1458
-1360
-1253
-1150
-1045
-940
-833
-723
-624
-528
-431
-343
-272
-221
-176
-125
-74
-31
0
17
39
73
103
124
147
177
215
258
302
355
424
503
587
665
752
858
975
1081
1164
1224
1282
1349
1411
1450
1472
1481
1466
1431
1380
1318
1249
1167
1054
907
742
575
409
233
42
-163
-365
-552
-734
-909
-1065
-1199
-1312
-1411
-1493
-1555
-1584
-1573
-1542
-1510
-1467
-1408
-1326
-1231
-1134
-1037
-941
-844
-744
-652
-570
-483
-397
-323
-266
-222
-173
-118
-66
-29
-8
15
49
88
125
153
186
230
281
328
378
442
520
598
671
746
830
929
1028
1107
1162
1207
1261
1314
1350
1371
1377
1366
1342
1302
1248
1185
1115
1024
906
764
609
457
302
134
-47
-235
-413
-581
-747
-902
-1038
-1152
-1249
-1332
-1400
-1443
-1453
-1435
-1409
-1382
-1344
-1291
-1223
-1146
-1070
-995
-915
-824
-742
-674
-604
-528
-452
-388
-338
-292
-239
-178
-123
-88
-58
-18
35
86
129
169
218
279
339
395
453
526
610
691
765
840
924
1015
1098
1156
1195
1236
1286
1321
1337
1342
1333
1310
1274
1227
1165
1095
1018
920
789
646
506
362
214
51
-126
-300
-462
-611
-758
-893
-1009
-1107
-1193
-1264
-1320
-1355
-1361
-1352
-1348
-1341
-1315
-1269
-1209
-1152
-1095
-1028
-955
-876
-803
-736
-657
-571
-495
-430
-374
-315
-244
-171
-115
-71
-22
38
102
160
205
253
309
368
427
483
548
622
698
766
832
908
995
1083
1147
1188
1223
1272
1319
1347
1366
1365
1349
1320
1277
1220
1149
1077
984
857
707
553
406
259
98
-75
-253
-420
-575
-723
-864
-988
-1094
-1186
-1266
-1334
-1379
-1398
-1401
-1398
-1400
-1389
-1351
-1299
-1242
-1184
-1122
-1049
-973
-895
-816
-734
-646
-557
-476
-411
-346
-271
-187
-115
-62
-12
47
114
179
233
282
334
389
448
502
559
629
698
763
825
892
974
1062
1138
1185
1221
1267
1316
1352
1375
1384
1375
1353
1318
1261
1193
1118
1030
912
765
607
457
309
155
-13
-190
-363
-527
-678
-822
-950
-1062
-1161
-1245
-1316
-1366
-1391
-1394
-1387
-1379
-1365
-1331
-1276
-1212
-1148
-1084
-1014
-935
-852
-774
-694
-611
-526
-451
-384
-320
-255
-181
-113
-67
-31
15
67
124
173
213
255
300
350
398
452
515
585
652
713
779
857
948
1036
1102
1145
1194
1249
1296
1332
1352
1353
1338
1308
1263
1200
1125
1043
932
788
631
476
327
179
18
-159
-339
-508
-662
-807
-943
-1057
-1155
-1242
-1315
-1371
-1401
-1404
-1393
-1382
-1372
-1346
-1293
-1223
-1154
-1082
-1011
-931
-845
-761
-683
-600
-515
-436
-371
-313
-251
-182
-113
-59
-16
24
75
137
191
240
288
338
393
448
504
570
639
715
792
861
943
1040
1131
1206
1255
1293
1345
1391
1419
1435
1424
1398
1361
1304
1228
1143
1050
937
799
636
471
316
160
-4
-183
-363
-533
-688
-832
-972
-1095
-1198
-1283
-1360
-1419
-1455
-1468
-1457
-1445
-1432
-1403
-1353
-1284
-1213
-1144
-1072
-994
-906
-820
-732
-646
-557
-472
-403
-341
-281
-215
-142
-81
-34
9
56
115
173
218
266
312
364
422
482
547
621
702
772
847
925
1012
1108
1187
1243
1287
1334
1381
1414
1428
1419
1387
1349
1300
1228
1145
1053
947
814
662
506
353
203
50
-116
-290
-457
-612
-756
-892
-1017
-1122
-1212
-1290
-1350
-1393
-1411
-1411
-1406
-1399
-1381
-1345
-1288
-1217
-1148
-1079
-1007
-927
-843
-761
-680
-594
-513
-439
-374
-313
-248
-177
-111
-58
-13
32
84
146
202
250
300
354
411
474
539
610
687
762
841
920
1005
1093
1171
1234
1280
1327
1375
1409
1427
1429
1411
1379
1333
1271
1193
1103
1002
880
737
583
429
275
119
-46
-225
-399
-562
-707
-847
-979
-1093
-1195
-1279
-1344
-1394
-1423
-1431
-1425
-1418
-1400
-1363
-1308
-1243
-1173
-1099
-1027
-948
-863
-780
-695
-612
-531
-458
-396
-335
-278
-218
-157
-105
-63
-21
28
82
135
187
237
287
346
413
483
559
642
724
809
898
988
1079
1165
1234
1291
1346
1396
1436
1461
1467
1452
1418
1377
1325
1254
1166
1061
937
794
645
494
337
176
10
-169
-349
-516
-673
-816
-947
-1068
-1176
-1271
-1343
-1395
-1428
-1440
-1440
-1435
-1420
-1391
-1342
-1283
-1215
-1141
-1066
-991
-911
-827
-746
-662
-582
-512
-446
-388
-326
-263
-202
-142
-88
-42
7
61
119
178
233
290
349
413
485
560
643
729
819
911
1004
1094
1175
1242
1302
1358
1411
1451
1473
1476
1462
1429
1385
1331
1256
1166
1056
928
784
630
477
317
154
-16
-194
-371
-539
-694
-839
-970
-1087
-1195
-1290
-1363
-1416
-1448
-1461
-1461
-1455
-1435
-1398
-1347
-1286
-1214
-1138
-1058
-977
-894
-809
-720
-632
-550
-473
-401
-336
-270
-206
-146
-89
-37
14
61
106
158
211
267
320
380
442
508
583
657
741
827
914
1004
1090
1162
1225
1281
1336
1386
1421
1440
1442
1423
1385
1336
1279
1207
1119
1010
880
738
589
441
288
130
-35
-207
-379
-540
-688
-822
-940
-1048
-1149
-1235
-1304
-1353
-1377
-1384
-1381
-1373
-1354
-1318
-1269
-1208
-1139
-1064
-990
-915
-834
-755
-669
-582
-502
-431
-367
-307
-248
-187
-129
-77
-30
17
54
94
133
176
224
273
323
377
437
508
588
669
754
844
933
1018
1092
1156
1216
1275
1329
1367
1389
1391
1376
1345
1300
1245
1176
1086
978
852
708
560
415
268
115
-46
-213
-379
-538
-682
-814
-932
-1037
-1136
-1223
-1292
-1338
-1362
-1368
-1368
-1364
-1347
-1318
-1272
-1213
-1147
-1075
-999
-925
-844
-760
-678
-589
-507
-434
-368
-307
-244
-180
-122
-67
-18
26
66
108
145
188
233
279
331
386
446
516
591
674
761
851
946
1040
1120
1190
1255
1319
1381
1426
1456
1463
1449
1420
1372
1313
1243
1154
1046
918
772
614
459
310
153
-10
-182
-357
-522
-671
-805
-923
-1032
-1131
-1221
-1294
-1343
-1373
-1382
-1384
-1383
-1375
-1355
-1314
-1260
-1194
-1124
-1051
-978
-904
-824
-742
-656
-571
-492
-422
-360
-296
-234
-171
-113
-63
-15
27
66
103
143
191
241
295
354
416
485
559
641
734
827
921
1011
1091
1162
1227
1291
1345
1389
1416
1419
1399
1364
1312
1253
1184
1097
992
866
725
576
425
281
135
-16
-172
-329
-478
-615
-736
-842
-936
-1024
-1100
-1160
-1204
-1230
-1239
-1237
-1232
-1222
-1202
-1167
-1119
-1062
-998
-929
-865
-801
-731
-661
-587
-514
-445
-382
-327
-277
-225
-173
-125
-80
-41
-6
26
58
90
131
179
231
288
349
414
488
576
671
767
861
954
1036
1106
1174
1241
1301
1345
1373
1379
1361
1327
1279
1218
1144
1055
944
814
674
520
367
222
77
-78
-233
-387
-535
-669
-788
-887
-978
-1064
-1131
-1188
-1228
-1244
-1248
-1240
-1226
-1207
-1178
-1141
-1088
-1024
-960
-891
-819
-753
-687
-619
-547
-478
-411
-353
-301
-254
-211
-163
-116
-73
-31
5
37
75
113
156
212
270
333
405
478
558
650
751
856
958
1055
1141
1211
1279
1346
1402
1443
1469
1465
1441
1395
1332
1263
1179
1076
958
816
659
495
332
175
20
-136
-301
-464
-619
-760
-882
-983
-1072
-1156
-1223
-1277
-1313
-1329
-1329
-1317
-1296
-1270
-1243
-1202
-1148
-1082
-1009
-935
-863
-793
-725
-655
-576
-502
-431
-366
-309
-254
-199
-143
-91
-42
6
44
79
114
155
199
254
317
384
453
526
606
696
795
899
1002
1095
1173
1243
1305
1364
1414
1448
1464
1456
1424
1372
1304
1223
1131
1025
903
760
601
435
264
102
-54
-210
-368
-524
-673
-810
-928
-1024
-1107
-1176
-1235
-1282
-1310
-1327
-1326
-1308
-1286
-1255
-1217
-1178
-1125
-1061
-988
-910
-833
-757
-685
-618
-543
-468
-395
-328
-267
-211
-161
-113
-63
-13
31
70
106
140
178
225
280
341
405
471
540
617
702
796
898
997
1082
1157
1222
1282
1342
1390
1422
1440
1430
1398
1351
1282
1202
1111
1004
879
734
578
409
237
75
-84
-239
-395
-548
-697
-834
-953
-1051
-1133
-1200
-1253
-1296
-1325
-1338
-1337
-1322
-1292
-1253
-1212
-1162
-1101
-1033
-958
-877
-796
-714
-633
-555
-476
-395
-318
-248
-178
-116
-60
-7
44
93
134
168
206
235
266
310
354
400
454
511
568
636
713
802
888
971
1046
1104
1164
1227
1283
1330
1359
1366
1352
1318
1267
1203
1124
1031
928
803
661
506
333
161
0
-157
-310
-466
-622
-771
-907
-1022
-1116
-1188
-1246
-1296
-1336
-1357
-1367
-1362
-1341
-1309
-1265
-1217
-1163
-1101
-1031
-955
-871
-786
-700
-613
-532
-449
-365
-282
-202
-131
-67
-10
43
94
140
184
223
261
299
337
383
432
482
538
597
664
741
828
915
996
1067
1128
1180
1233
1287
1335
1361
1368
1351
1312
1265
1205
1128
1038
934
810
669
511
346
179
12
-146
-300
-448
-592
-730
-858
-973
-1066
-1140
-1192
-1229
-1256
-1273
-1287
-1287
-1268
-1234
-1186
-1132
-1082
-1031
-975
-914
-845
-762
-676
-596
-520
-450
-382
-308
-232
-162
-97
-43
3
45
88
131
170
207
241
276
310
352
397
450
512
581
663
756
851
941
1013
1068
1120
1170
1220
1270
1304
1318
1305
1264
1208
1145
1074
995
894
772
635
475
308
146
-13
-166
-314
-460
-598
-730
-857
-966
-1057
-1130
-1177
-1201
-1209
-1211
-1213
-1215
-1211
-1186
-1138
-1080
-1032
-1001
-984
-964
-918
-842
-752
-660
-593
-546
-488
-408
-312
-211
-135
-85
-43
11
82
162
237
293
347
408
485
580
674
760
839
929
1042
1167
1293
1399
1461
1488
1500
1516
1533
1541
1520
1461
1367
1245
1113
971
815
648
462
265
65
-140
-346
-547
-734
-896
-1029
-1137
-1221
-1290
-1348
-1381
-1383
-1347
-1276
-1184
-1082
-981
-891
-807
-727
-643
-561
-485
-422
-377
-354
-347
-345
-343
-341
-343
-362
-394
-431
-465
-484
-491
-488
-479
-463
-432
-383
-308
-214
-108
9
140
285
446
613
786
958
1138
1326
1522
1712
1871
1972
2015
2015
1990
1958
1912
1831
1707
1532
1316
1081
837
585
329
67
-195
-451
-702
-932
-1147
-1332
-1476
-1583
-1644
-1668
-1667
-1635
-1579
-1494
-1376
-1233
-1067
-888
-711
-547
-411
-299
-207
-131
-64
-11
17
15
-9
-58
-118
-182
-254
-331
-409
-487
-550
-598
-630
-642
-646
-634
-596
-531
-434
-313
-173
-14
154
340
545
756
975
1205
1447
1692
1921
2106
2222
2263
2246
2189
2108
2009
1878
1703
1491
1240
957
656
344
30
-274
-553
-806
-1038
-1253
-1441
-1595
-1702
-1756
-1755
-1711
-1634
-1525
-1390
-1233
-1052
-863
-671
-479
-299
-139
-12
78
127
139
117
75
18
-51
-135
-238
-359
-484
-608
-716
-803
-872
-917
-939
-932
-898
-840
-756
-646
-513
-353
-165
42
265
489
714
936
1154
1379
1611
1848
2074
2259
2376
2396
2335
2212
2054
1876
1680
1465
1227
964
681
378
59
-260
-558
-824
-1044
-1219
-1363
-1478
-1566
-1625
-1642
-1610
-1531
-1411
-1262
-1088
-903
-712
-517
-326
-150
4
129
218
271
287
264
206
113
-8
-144
-284
-415
-545
-674
-798
-911
-1001
-1066
-1099
-1100
-1068
-1005
-908
-785
-637
-468
-285
-88
119
337
562
794
1029
1257
1476
1691
1909
2120
2305
2428
2459
2398
2257
2059
1827
1581
1331
1074
812
535
240
-69
-386
-693
-965
-1186
-1357
-1476
-1549
-1583
-1584
-1552
-1493
-1403
-1280
-1119
-922
-704
-485
-276
-88
80
216
309
361
367
337
275
179
57
-92
-260
-431
-600
-763
-911
-1037
-1137
-1206
-1246
-1261
-1244
-1192
-1110
-992
-843
-668
-466
-247
-19
214
449
682
915
1145
1373
1599
1824
2044
2255
2425
2521
2526
2431
2265
2042
1777
1495
1207
925
651
383
109
-187
-498
-798
-1066
-1284
-1448
-1553
-1601
-1597
-1554
-1477
-1377
-1260
-1123
-957
-765
-557
-340
-123
84
259
384
454
462
420
342
237
113
-28
-184
-345
-507
-666
-823
-969
-1093
-1191
-1258
-1285
-1276
-1229
-1141
-1025
-887
-735
-562
-366
-151
84
318
548
779
1007
1230
1445
1660
1872
2075
2265
2409
2474
2448
2329
2133
1883
1597
1298
1003
724
462
209
-52
-328
-615
-893
-1141
-1346
-1499
-1588
-1613
-1577
-1492
-1373
-1235
-1086
-928
-762
-582
-395
-201
-7
176
334
446
500
496
437
330
184
15
-163
-337
-497
-641
-781
-922
-1055
-1173
-1268
-1335
-1368
-1357
-1299
-1191
-1044
-868
-678
-481
-280
-70
147
367
590
822
1055
1292
1534
1773
2001
2200
2356
2441
2443
2361
2202
1975
1701
1399
1096
812
547
295
44
-217
-483
-746
-986
-1195
-1365
-1482
-1538
-1528
-1453
-1335
-1189
-1030
-868
-705
-538
-368
-201
-34
128
273
390
467
488
458
378
249
82
-107
-301
-485
-644
-780
-897
-999
-1092
-1172
-1229
-1259
-1258
-1221
-1142
-1017
-851
-650
-429
-205
13
225
428
626
825
1028
1238
1461
1688
1910
2117
2277
2364
2363
2269
2089
1840
1547
1238
932
645
387
150
-75
-301
-540
-784
-1028
-1253
-1436
-1565
-1628
-1615
-1537
-1407
-1242
-1060
-875
-698
-529
-369
-215
-67
78
220
347
444
497
496
437
320
160
-25
-220
-405
-572
-714
-828
-918
-983
-1033
-1075
-1104
-1114
-1098
-1042
-943
-805
-627
-419
-190
45
275
493
692
881
1065
1255
1458
1674
1900
2109
2274
2374
2387
2303
2121
1861
1536
1187
843
523
248
6
-210
-412
-617
-829
-1047
-1264
-1458
-1608
-1693
-1701
-1630
-1488
-1297
-1069
-831
-601
-393
-217
-68
58
168
270
360
434
483
493
460
376
241
67
-133
-336
-525
-693
-821
-914
-979
-1008
-1024
-1020
-998
-963
-907
-827
-717
-577
-405
-203
10
229
451
664
861
1051
1236
1427
1622
1814
1990
2128
2204
2204
2117
1943
1692
1385
1050
713
399
118
-132
-346
-540
-727
-909
-1093
-1269
-1428
-1563
-1650
-1675
-1628
-1508
-1327
-1095
-839
-581
-336
-125
49
188
288
358
406
430
438
422
383
312
209
80
-79
-254
-433
-614
-775
-905
-998
-1052
-1063
-1040
-990
-914
-817
-706
-575
-429
-275
-103
82
279
491
716
943
1173
1406
1633
1845
2026
2158
2236
2244
2178
2035
1825
1555
1244
921
601
299
23
-230
-460
-669
-863
-1045
-1217
-1371
-1503
-1598
-1644
-1635
-1566
-1436
-1256
-1031
-781
-522
-276
-58
125
265
367
429
456
450
418
363
286
192
80
-46
-185
-337
-493
-647
-790
-912
-1012
-1081
-1107
-1087
-1018
-913
-773
-617
-450
-267
-85
94
269
447
632
826
1038
1264
1499
1734
1949
2122
2235
2270
2217
2078
1861
1581
1258
922
590
280
1
-249
-475
-676
-861
-1036
-1199
-1350
-1485
-1589
-1656
-1679
-1650
-1557
-1401
-1190
-935
-662
-388
-129
94
273
409
490
525
517
475
412
334
246
152
55
-51
-166
-291
-428
-572
-714
-846
-957
-1027
-1052
-1029
-955
-839
-686
-505
-308
-108
90
280
463
635
811
1001
1202
1427
1666
1899
2107
2265
2352
2351
2252
2060
1785
1450
1080
701
336
-1
-295
-545
-757
-939
-1098
-1240
-1376
-1507
-1626
-1720
-1782
-1795
-1747
-1639
-1468
-1243
-973
-675
-372
-85
165
366
500
571
580
540
464
361
249
141
37
-56
-137
-215
-292
-382
-485
-596
-710
-810
-883
-914
-895
-828
-708
-547
-349
-130
98
324
541
745
941
1135
1330
1526
1718
1902
2062
2182
2243
2229
2134
1956
1696
1370
1006
618
235
-124
-449
-730
-966
-1154
-1301
-1420
-1515
-1594
-1654
-1696
-1711
-1688
-1624
-1515
-1358
-1154
-911
-641
-359
-87
160
366
515
600
621
582
493
369
233
93
-41
-153
-249
-327
-384
-436
-487
-532
-583
-629
-661
-675
-664
-616
-528
-401
-234
-36
185
421
664
904
1132
1349
1546
1724
1873
1985
2062
2092
2066
1980
1832
1625
1365
1069
748
414
82
-231
-522
-782
-1012
-1210
-1376
-1512
-1617
-1692
-1733
-1739
-1710
-1641
-1533
-1384
-1195
-975
-736
-487
-246
-20
179
340
453
514
525
487
413
315
197
76
-44
-157
-254
-338
-408
-467
-514
-555
-588
-610
-615
-594
-551
-479
-372
-233
-65
127
342
571
804
1040
1275
1499
1702
1872
2003
2083
2104
2064
1961
1797
1573
1305
1009
692
369
53
-246
-516
-758
-970
-1152
-1313
-1445
-1553
-1634
-1686
-1707
-1690
-1634
-1538
-1396
-1212
-995
-752
-501
-257
-28
164
315
419
466
464
423
352
259
153
44
-57
-151
-233
-300
-357
-408
-453
-491
-517
-535
-534
-513
-462
-385
-280
-144
20
205
407
624
858
1098
1337
1567
1773
1944
2071
2139
2145
2082
1952
1762
1519
1239
932
607
285
-28
-321
-590
-831
-1045
-1228
-1383
-1511
-1611
-1679
-1715
-1721
-1690
-1620
-1509
-1359
-1172
-953
-714
-468
-228
-10
172
306
390
426
410
355
270
162
48
-64
-171
-261
-333
-390
-437
-473
-496
-511
-516
-513
-499
-464
-407
-324
-212
-69
98
290
503
734
980
1228
1471
1693
1882
2031
2124
2155
2121
2018
1848
1620
1347
1047
730
410
97
-200
-476
-721
-938
-1129
-1294
-1437
-1552
-1641
-1698
-1716
-1696
-1633
-1528
-1388
-1211
-1006
-784
-552
-319
-103
83
233
342
401
413
380
309
210
92
-28
-142
-244
-330
-394
-438
-466
-481
-484
-480
-469
-450
-416
-362
-289
-192
-69
79
254
455
676
912
1159
1403
1634
1837
1999
2110
2158
2134
2042
1882
1661
1396
1099
785
468
157
-137
-409
-654
-874
-1064
-1228
-1370
-1489
-1584
-1654
-1694
-1696
-1658
-1579
-1457
-1294
-1097
-874
-639
-402
-176
25
184
299
365
383
358
293
198
87
-31
-145
-245
-335
-405
-457
-494
-505
-499
-480
-449
-403
-352
-291
-217
-131
-23
108
266
449
657
887
1128
1374
1607
1813
1980
2092
2142
2119
2023
1860
1638
1366
1068
752
432
122
-167
-428
-661
-864
-1041
-1193
-1320
-1428
-1512
-1576
-1618
-1628
-1602
-1542
-1442
-1299
-1122
-919
-700
-473
-251
-54
109
230
300
323
298
234
147
41
-72
-179
-277
-351
-399
-426
-433
-421
-395
-357
-311
-260
-202
-133
-60
28
132
250
391
554
745
957
1174
1402
1618
1806
1959
2053
2080
2038
1918
1733
1494
1211
903
584
266
-35
-311
-555
-763
-941
-1097
-1225
-1330
-1414
-1476
-1519
-1541
-1540
-1510
-1447
-1352
-1224
-1061
-874
-669
-460
-260
-81
65
167
227
237
201
133
34
-78
-189
-296
-384
-444
-483
-487
-463
-419
-350
-267
-178
-85
7
99
194
291
397
516
647
800
972
1160
1353
1537
1703
1835
1920
1948
1906
1800
1631
1404
1134
838
532
227
-58
-318
-545
-731
-886
-1010
-1105
-1180
-1240
-1285
-1321
-1340
-1345
-1335
-1299
-1236
-1145
-1027
-889
-731
-563
-396
-238
-101
6
74
103
94
52
-13
-99
-195
-289
-370
-428
-461
-464
-435
-381
-303
-209
-97
19
134
246
352
456
562
671
790
921
1064
1218
1378
1530
1662
1765
1821
1825
1765
1647
1471
1246
984
700
408
119
-152
-389
-597
-764
-893
-995
-1069
-1122
-1160
-1188
-1206
-1212
-1210
-1193
-1163
-1110
-1034
-945
-835
-713
-583
-457
-338
-233
-153
-100
-79
-87
-118
-171
-238
-309
-379
-436
-468
-476
-457
-412
-337
-237
-118
13
146
279
405
526
644
755
868
982
1096
1216
1336
1449
1545
1619
1664
1663
1611
1508
1354
1154
918
653
378
110
-138
-355
-543
-693
-806
-884
-934
-966
-987
-995
-1004
-1006
-1009
-1008
-996
-976
-942
-887
-817
-734
-641
-547
-455
-372
-307
-259
-234
-236
-259
-294
-342
-392
-433
-459
-464
-448
-404
-331
-234
-115
16
157
302
442
580
705
820
929
1026
1121
1211
1301
1386
1456
1509
1535
1528
1480
1390
1253
1075
865
630
384
139
-95
-305
-488
-637
-753
-830
-876
-896
-899
-889
-872
-850
-830
-815
-803
-790
-777
-756
-728
-696
-656
-610
-563
-515
-478
-450
-436
-437
-448
-472
-500
-530
-555
-565
-557
-528
-470
-387
-281
-150
-3
153
316
475
631
775
908
1027
1131
1229
1318
1396
1458
1503
1529
1527
1491
1415
1299
1144
953
733
497
252
10
-217
-417
-585
-720
-815
-871
-895
-889
-861
-820
-771
-718
-670
-632
-601
-576
-559
-542
-526
-513
-500
-492
-485
-482
-488
-502
-526
-558
-600
-650
-698
-744
-775
-784
-768
-725
-647
-530
-381
-204
-5
212
432
643
843
1024
1180
1314
1425
1513
1584
1631
1662
1671
1654
1612
1535
1424
1274
1084
866
624
364
99
-159
-395
-599
-759
-882
-955
-982
-975
-935
-875
-802
-728
-659
-597
-548
-508
-482
-467
-463
-468
-477
-489
-501
-515
-530
-541
-565
-595
-631
-672
-714
-760
-802
-827
-838
-820
-771
-682
-555
-396
-207
6
237
469
700
919
1117
1290
1440
1560
1654
1721
1755
1762
1739
1685
1592
1465
1305
1114
895
653
401
146
-104
-335
-540
-709
-840
-930
-970
-973
-942
-888
-811
-724
-638
-558
-491
-443
-409
-399
-408
-426
-457
-490
-524
-557
-589
-620
-650
-688
-721
-755
-794
-826
-852
-867
-867
-839
-777
-683
-551
-385
-186
44
292
547
800
1039
1256
1446
1605
1732
1822
1882
1898
1877
1825
1734
1607
1442
1247
1027
779
519
258
3
-236
-448
-633
-778
-883
-947
-966
-950
-904
-832
-747
-656
-565
-484
-413
-362
-332
-319
-327
-350
-388
-438
-491
-549
-610
-671
-731
-791
-852
-910
-966
-1012
-1046
-1058
-1042
-996
-911
-787
-624
-420
-187
70
342
621
892
1147
1381
1587
1756
1887
1979
2028
2030
1987
1898
1768
1595
1388
1152
896
630
360
99
-149
-372
-565
-722
-837
-906
-933
-924
-882
-812
-718
-612
-509
-415
-329
-265
-225
-212
-225
-259
-314
-382
-461
-543
-625
-705
-785
-860
-930
-993
-1049
-1096
-1125
-1134
-1122
-1080
-999
-880
-722
-525
-296
-42
234
515
793
1061
1303
1517
1698
1840
1938
1988
1992
1948
1857
1720
1541
1329
1094
842
584
330
88
-127
-316
-469
-586
-666
-705
-711
-686
-642
-582
-508
-433
-365
-303
-254
-223
-212
-218
-239
-277
-328
-387
-454
-530
-612
-696
-781
-870
-957
-1040
-1110
-1167
-1202
-1210
-1184
-1120
-1019
-875
-692
-476
-229
35
311
589
853
1099
1321
1511
1664
1777
1843
1863
1838
1769
1649
1486
1284
1053
806
547
290
43
-179
-371
-526
-637
-702
-722
-699
-644
-564
-467
-359
-256
-160
-81
-25
2
7
-12
-54
-115
-189
-273
-363
-455
-552
-644
-736
-829
-918
-1007
-1090
-1157
-1205
-1222
-1206
-1153
-1056
-914
-726
-496
-235
47
338
627
905
1161
1385
1572
1712
1810
1857
1855
1805
1707
1566
1384
1169
932
677
417
163
-77
-292
-475
-618
-716
-769
-779
-751
-689
-601
-495
-381
-269
-166
-81
-19
23
37
27
-2
-49
-114
-191
-275
-368
-463
-559
-657
-757
-854
-952
-1040
-1113
-1160
-1180
-1164
-1105
-999
-850
-654
-421
-161
121
412
696
965
1208
1418
1589
1716
1793
1820
1797
1726
1605
1442
1243
1010
754
487
217
-39
-278
-485
-652
-777
-856
-888
-877
-829
-747
-642
-521
-396
-279
-170
-77
-3
49
78
83
65
33
-14
-77
-153
-242
-341
-445
-554
-670
-787
-899
-1000
-1082
-1136
-1153
-1130
-1061
-943
-777
-571
-329
-62
220
507
787
1044
1273
1469
1621
1723
1770
1769
1715
1612
1463
1277
1059
815
563
310
63
-168
-372
-543
-674
-766
-822
-837
-816
-766
-692
-606
-508
-405
-308
-217
-137
-66
-10
36
69
82
79
60
21
-37
-114
-209
-318
-441
-566
-687
-799
-891
-955
-983
-969
-913
-809
-664
-484
-270
-38
208
459
696
912
1109
1270
1391
1473
1508
1496
1440
1338
1197
1020
815
595
367
139
-75
-267
-434
-572
-668
-732
-759
-754
-725
-672
-603
-519
-431
-340
-251
-168
-95
-35
12
46
60
61
43
4
-53
-126
-215
-316
-425
-537
-646
-741
-819
-867
-881
-854
-782
-673
-529
-353
-150
67
294
516
723
911
1072
1199
1292
1349
1365
1340
1271
1163
1021
848
652
441
224
9
-194
-372
-522
-636
-711
-753
-757
-727
-673
-595
-498
-393
-282
-169
-63
35
125
198
256
290
301
284
240
171
82
-28
-157
-298
-442
-587
-718
-830
-915
-966
-978
-952
-885
-770
-615
-426
-211
18
255
489
707
906
1079
1215
1309
1360
1369
1334
1256
1143
991
815
612
390
164
-60
-272
-464
-628
-756
-851
-905
-922
-901
-841
-755
-651
-528
-395
-257
-118
15
138
247
332
391
424
422
399
347
265
162
38
-97
-236
-366
-485
-588
-665
-715
-729
-710
-658
-567
-445
-300
-137
35
211
383
547
695
816
909
967
991
980
936
863
759
631
481
314
142
-30
-193
-340
-474
-582
-663
-715
-735
-727
-688
-627
-547
-454
-355
-247
-133
-27
72
161
232
282
309
316
298
260
201
126
41
-52
-141
-225
-292
-342
-376
-388
-378
-342
-282
-203
-105
5
122
243
362
474
570
651
713
749
760
741
699
634
548
443
321
189
57
-80
-214
-333
-441
-532
-599
-645
-666
-663
-635
-585
-516
-433
-342
-250
-154
-63
20
92
150
190
212
218
204
170
124
67
0
-72
-144
-213
-267
-308
-332
-337
-323
-294
-247
-179
-97
-10
86
188
288
384
472
553
619
669
695
700
684
647
589
514
428
329
218
105
-7
-112
-211
-298
-373
-432
-476
-503
-512
-502
-478
-448
-404
-351
-295
-238
-185
-134
-85
-47
-18
1
9
9
2
-18
-47
-80
-114
-150
-177
-198
-214
-219
-210
-184
-151
-102
-41
26
95
166
234
301
363
418
463
492
512
518
508
491
461
421
371
315
256
191
125
63
3
-51
-102
-148
-188
-222
-247
-265
-275
-274
-270
-264
-248
-230
-208
-185
-165
-141
-125
-113
-104
-104
-107
-116
-127
-139
-155
-171
-183
-190
-187
-178
-162
-139
-108
-71
-30
18
67
115
159
200
233
263
289
307
325
337
337
328
313
296
274
246
211
172
129
84
42
0
-40
-69
-96
-119
-138
-153
-162
-161
-160
-150
-141
-131
-122
-111
-103
-97
-94
-96
-97
-102
-112
-119
-125
-132
-141
-146
-147
-147
-147
-144
-138
-129
-120
-106
-90
-72
-56
-33
-11
17
49
78
112
145
175
201
223
242
253
261
256
247
232
209
185
161
138
114
92
71
54
40
30
24
21
19
11
1
-11
-24
-31
-43
-59
-73
-86
-101
-112
-118
-123
-124
-125
-126
-123
-120
-117
-114
-109
-102
-96
-93
-89
-86
-79
-69
-59
-43
-29
-14
4
23
44
65
82
96
102
102
99
92
81
68
56
39
25
11
2
-1
-1
2
10
19
28
38
47
56
65
68
70
70
65
61
59
55
51
43
32
17
2
-12
-27
-41
-58
-78
-99
-118
-134
-146
-152
-155
-158
-157
-154
-145
-132
-114
-92
-69
-46
-25
-8
12
35
55
74
90
99
101
101
96
93
88
76
61
43
24
6
-9
-20
-26
-32
-43
-51
-53
-48
-41
-29
-15
-3
10
23
38
56
75
93
107
116
120
124
123
121
118
109
97
84
65
44
26
8
-9
-30
-54
-76
-95
-109
-119
-123
-124
-119
-115
-107
-98
-83
-65
-49
-31
-18
-11
-4
0
7
16
22
26
30
32
30
28
28
29
29
26
17
8
-4
-16
-22
-28
-34
-36
-42
-44
-44
-41
-32
-20
-4
10
20
30
42
55
68
83
91
96
101
99
99
97
92
88
80
68
57
46
33
23
15
3
-10
-24
-42
-59
-78
-91
-104
-117
-129
-140
-142
-141
-134
-117
-100
-86
-69
-54
-41
-27
-15
-2
7
8
9
9
7
11
15
19
20
18
16
15
13
14
13
9
11
8
4
5
5
9
16
22
30
35
37
45
53
62
73
80
87
94
97
102
106
109
105
99
90
75
60
42
25
9
-12
-30
-46
-57
-69
-76
-81
-85
-88
-94
-96
-98
-100
-99
-98
-97
-95
-87
-81
-74
-59
-48
-41
-31
-22
-10
1
10
22
33
44
55
61
69
77
80
79
75
69
62
57
52
46
43
38
35
36
38
42
45
45
43
43
39
35
36
35
31
27
23
19
16
15
10
5
2
-6
-14
-26
-38
-47
-57
-70
-82
-95
-104
-112
-119
-120
-120
-117
-114
-111
-102
-93
-84
-72
-60
-46
-33
-21
-6
11
28
44
59
72
82
91
98
104
112
117
119
121
121
115
109
101
95
88
75
64
52
38
28
18
16
15
14
11
2
-5
-8
-12
-13
-11
-15
-18
-26
-29
-32
-30
-31
-33
-40
-48
-59
-68
-75
-80
-84
-92
-100
-106
-112
-113
-108
-100
-94
-91
-89
-83
-75
-63
-49
-35
-20
-5
8
24
39
56
73
89
104
115
123
130
136
142
144
140
131
119
107
98
84
70
60
47
32
18
1
-14
-26
-34
-47
-58
-71
-86
-94
-99
-101
-101
-102
-103
-101
-100
-95
-86
-77
-67
-58
-53
-45
-42
-38
-32
-26
-21
-20
-22
-23
-29
-29
-26
-27
-25
-19
-13
-6
1
11
23
35
51
61
70
78
83
94
104
114
123
130
138
142
144
144
141
138
130
117
101
86
64
47
27
3
-15
-38
-61
-80
-99
-114
-126
-137
-142
-146
-147
-145
-142
-132
-123
-112
-98
-85
-72
-57
-41
-29
-14
2
10
19
28
34
39
44
48
50
52
49
48
46
43
43
41
39
38
37
36
39
43
48
55
61
66
71
76
79
81
83
83
80
76
66
55
41
30
20
10
-2
-16
-31
-46
-61
-70
-80
-89
-97
-108
-113
-117
-120
-119
-115
-112
-108
-104
-98
-89
-78
-66
-53
-39
-25
-9
4
14
24
30
35
41
48
52
54
57
62
63
62
60
56
54
51
44
36
31
27
22
18
15
12
9
2
1
2
1
3
1
2
4
3
8
10
9
7
3
-1
-6
-7
-8
-11
-14
-19
-23
-25
-28
-30
-32
-37
-39
-40
-38
-37
-34
-31
-28
-24
-19
-13
-6
3
12
20
31
37
45
53
56
60
63
64
62
59
57
54
47
38
30
22
13
5
-1
-9
-19
-26
-32
-32
-37
-39
-39
-43
-44
-44
-42
-40
-35
-26
-19
-17
-16
-11
-9
-6
-2
0
-3
-6
-10
-14
-17
-17
-19
-20
-25
-30
-33
-35
-38
-36
-29
-25
-22
-18
-15
-10
-5
4
14
15
19
24
26
32
34
39
41
44
43
43
41
37
37
34
30
22
17
8
-1
-4
-6
-9
-17
-19
-22
-28
-27
-27
-27
-24
-23
-24
-20
-16
-12
-4
0
3
4
3
0
1
0
0
-1
-2
-4
-9
-15
-19
-22
-20
-21
-25
-27
-32
-34
-33
-31
-27
-23
-20
-18
-17
-14
-9
0
9
16
20
21
24
26
31
38
41
41
41
37
35
34
37
37
35
34
29
27
25
24
25
24
23
20
14
10
5
6
7
2
2
0
-5
-3
-4
-4
1
4
6
4
3
1
-2
-3
-3
-5
-6
-9
-12
-15
-16
-16
-17
-17
-19
-23
-27
-33
-36
-39
-44
-47
-53
-55
-56
-60
-55
-51
-45
-35
-29
-21
-13
-2
9
20
29
38
42
47
50
57
61
63
66
63
61
58
57
55
50
48
43
38
31
23
19
14
7
4
1
-3
1
1
4
9
9
9
16
19
21
25
23
22
23
19
19
20
14
10
2
-8
-17
-25
-29
-37
-47
-52
-63
-70
-73
-75
-71
-65
-63
-62
-58
-54
-46
-32
-20
-11
3
11
18
27
39
52
60
63
63
58
56
56
56
55
54
46
32
23
13
1
-4
-11
-21
-31
-39
-44
-44
-44
-41
-38
-37
-36
-34
-33
-27
-20
-17
-15
-15
-17
-19
-18
-17
-15
-15
-17
-22
-30
-36
-41
-45
-47
-51
-54
-60
-63
-63
-61
-56
-50
-45
-40
-34
-27
-20
-8
7
22
33
42
49
55
59
67
74
77
82
78
74
73
71
68
64
60
53
46
39
30
25
18
11
6
1
-3
-7
-9
-13
-15
-15
-18
-20
-17
-17
-14
-13
-14
-11
-8
-6
-3
1
4
4
4
3
3
5
4
3
2
2
-1
-5
-4
-6
-6
-6
-3
-1
2
4
9
13
19
26
31
35
41
46
53
55
51
51
53
52
48
41
36
30
21
14
5
-4
-13
-22
-28
-37
-44
-47
-52
-53
-52
-53
-54
-53
-50
-48
-43
-36
-31
-24
-20
-18
-13
-12
-11
-9
-5
-3
-2
1
0
0
2
-3
-5
-7
-8
-9
-7
-8
-8
-6
-5
-2
4
6
6
10
11
13
17
21
27
29
30
30
29
28
28
26
24
22
19
12
6
-2
-7
-11
-15
-18
-24
-29
-32
-34
-35
-37
-38
-38
-34
-33
-32
-29
-23
-16
-8
-1
2
8
11
10
15
17
21
22
24
25
27
27
25
22
20
21
17
18
16
16
17
16
12
11
10
7
8
8
4
1
-1
1
2
1
2
0
-2
-5
-8
-11
-11
-12
-14
-18
-18
-18
-18
-16
-18
-22
-25
-27
-28
-27
-24
-24
-23
-24
-26
-23
-20
-18
-18
-18
-21
-19
-14
-11
-3
4
7
11
15
18
21
27
31
36
39
38
35
35
37
38
38
35
29
25
21
13
9
4
-3
-7
-11
-17
-16
-19
-17
-15
-14
-16
-17
-16
-15
-12
-10
-8
-4
-3
-5
-2
-1
-3
-2
-2
-3
-8
-10
-12
-13
-15
-17
-21
-25
-24
-25
-27
-23
-22
-20
-14
-11
-8
-3
2
6
14
18
24
28
29
32
35
34
33
33
34
30
28
23
18
16
11
7
1
-2
-7
-10
-13
-13
-16
-18
-15
-14
-14
-8
-6
-3
3
6
8
11
14
18
19
17
15
13
10
10
9
7
3
0
-6
-13
-17
-19
-22
-25
-24
-24
-23
-21
-20
-17
-15
-10
-5
1
3
7
13
15
18
21
21
23
23
19
16
12
8
2
-2
-7
-12
-18
-24
-29
-31
-32
-31
-32
-32
-32
-33
-31
-29
-25
-20
-14
-8
-3
1
4
6
11
13
12
14
14
14
17
21
20
19
14
10
8
9
8
7
8
6
6
5
5
10
13
15
16
15
13
11
12
15
15
13
11
9
7
5
3
3
5
6
3
1
1
-3
-4
-2
-4
-4
-1
-4
-9
-11
-14
-16
-16
-16
-19
-20
-20
-20
-18
-13
-9
-6
-6
-10
-11
-7
2
8
12
14
15
18
18
19
21
20
18
18
14
9
8
6
4
0
-5
-12
-18
-19
-16
-17
-17
-19
-22
-23
-21
-18
-14
-7
-4
2
6
6
9
12
13
14
13
10
5
-1
-2
-2
-2
-3
-4
-8
-11
-14
-12
-12
-12
-9
-8
-6
-3
0
1
5
11
15
17
17
14
13
15
17
18
15
9
3
2
-3
-4
-1
-2
-5
-9
-17
-22
-20
-19
-16
-11
-8
-8
-8
-4
1
6
11
13
10
8
6
4
6
5
6
7
3
-2
-5
-3
0
4
6
7
8
9
10
13
17
22
25
25
22
19
19
19
19
20
16
10
6
-2
-9
-11
-11
-14
-18
-21
-26
-29
-28
-22
-20
-19
-18
-22
-24
-24
-22
-17
-14
-14
-14
-16
-16
-13
-11
-11
-11
-17
-22
-23
-23
-22
-19
-19
-18
-20
-17
-13
-7
0
3
7
10
14
17
24
28
30
32
34
31
29
30
33
33
30
23
14
6
-3
-3
-4
-8
-10
-13
-17
-18
-17
-13
-12
-11
-9
-11
-11
-7
-5
0
6
7
5
4
0
-2
-1
-1
0
-2
-9
-15
-15
-15
-13
-9
-5
-4
-2
-1
2
8
13
18
21
24
24
26
29
32
35
39
39
34
30
23
20
18
14
13
7
2
-3
-9
-8
-8
-8
-7
-7
-9
-8
-5
-3
1
5
7
5
3
6
6
4
6
6
2
-5
-14
-19
-23
-23
-23
-26
-24
-26
-31
-27
-23
-19
-13
-6
0
5
7
14
21
28
34
38
38
35
34
33
31
30
23
16
8
-1
-6
-10
-16
-20
-22
-25
-27
-28
-29
-26
-24
-22
-17
-15
-10
-7
-1
5
11
16
18
20
20
18
18
19
14
13
9
5
0
-4
-5
-5
-8
-12
-13
-13
-13
-11
-7
-8
-5
-1
1
4
8
10
12
14
14
15
17
13
11
13
11
9
7
5
7
6
6
5
4
2
0
-1
-2
-3
-4
-5
-4
-4
-3
-6
-8
-10
-12
-14
-16
-17
-17
-19
-19
-19
-20
-19
-19
-18
-15
-9
-3
3
8
12
17
23
29
33
37
37
38
38
34
32
29
29
24
16
10
1
-7
-14
-18
-22
-25
-27
-30
-31
-30
-31
-28
-24
-19
-14
-16
-13
-7
-4
0
2
6
7
5
4
2
-1
-5
-9
-13
-17
-22
-25
-26
-23
-22
-22
-20
-20
-18
-15
-12
-5
1
8
15
20
28
36
40
46
53
58
58
57
56
55
55
53
51
48
43
32
24
21
15
9
4
-5
-15
-22
-28
-31
-36
-35
-35
-33
-34
-36
-36
-35
-34
-31
-28
-28
-27
-24
-22
-16
-9
-5
-3
-4
-5
-4
-2
0
1
5
6
2
-1
-1
1
0
3
2
-1
-1
-8
-6
-2
-1
3
3
3
1
1
9
18
21
26
30
28
25
28
30
33
32
31
26
22
17
16
13
8
0
-10
-19
-29
-36
-39
-43
-47
-51
-59
-62
-65
-65
-58
-51
-47
-42
-37
-32
-24
-18
-8
-2
2
8
11
15
20
22
25
26
21
14
12
7
3
3
1
-2
-7
-8
-10
-9
-8
-7
-7
-6
-9
-8
-4
2
6
12
17
19
20
21
24
26
30
37
36
34
33
30
27
25
25
21
17
11
7
1
-3
-6
-11
-15
-18
-22
-27
-28
-28
-23
-23
-24
-21
-23
-25
-22
-18
-14
-11
-9
-5
-2
-2
2
7
10
12
13
14
12
14
18
22
25
26
21
20
18
17
17
15
14
13
7
4
5
5
8
10
10
8
6
6
9
12
18
20
18
17
15
12
13
13
12
11
5
-2
-8
-13
-17
-22
-23
-26
-37
-43
-48
-52
-53
-54
-54
-54
-57
-56
-54
-50
-41
-36
-30
-24
-21
-17
-8
-2
4
10
14
17
18
18
20
23
25
28
27
23
24
24
23
24
26
25
20
17
16
17
20
22
21
19
18
12
10
10
11
12
11
11
11
7
10
13
13
13
10
7
5
3
1
3
3
-2
-3
-7
-12
-15
-18
-19
-18
-19
-21
-22
-22
-22
-20
-17
-17
-11
-7
-7
-3
3
9
15
17
20
23
22
25
27
28
33
33
32
32
31
28
26
24
20
14
11
4
-1
-4
-9
-11
-16
-21
-25
-27
-28
-29
-29
-29
-26
-25
-22
-22
-21
-19
-15
-11
-10
-9
-9
-8
-5
-7
-6
-9
-12
-14
-15
-15
-18
-18
-19
-22
-23
-26
-26
-24
-25
-24
-23
-23
-21
-15
-9
-3
2
10
14
18
22
27
34
36
37
40
40
38
36
35
32
29
26
22
17
11
5
3
2
-1
-3
-5
-11
-12
-12
-12
-12
-9
-7
-8
-9
-6
-3
2
4
6
8
8
9
11
13
16
15
15
15
13
14
10
10
10
3
0
-5
-9
-11
-15
-17
-20
-22
-25
-29
-26
-28
-26
-23
-20
-17
-14
-12
-12
-8
-1
4
11
15
17
19
20
22
24
25
23
19
16
13
5
5
6
0
-4
-10
-13
-18
-19
-20
-21
-21
-20
-17
-15
-13
-10
-2
5
6
11
17
16
18
19
19
23
23
18
15
9
3
0
0
-6
-12
-19
-27
-33
-35
-37
-39
-37
-39
-40
-38
-37
-35
-29
-26
-23
-20
-17
-14
-10
-7
-2
2
4
5
7
9
13
17
22
22
23
21
20
19
19
22
24
24
23
21
19
19
21
23
22
19
19
16
15
18
20
23
26
25
25
24
25
25
28
33
32
32
28
26
29
29
28
25
21
16
6
2
-2
-10
-15
-22
-29
-36
-44
-44
-43
-43
-42
-43
-44
-43
-41
-33
-29
-24
-17
-14
-10
-5
-2
4
9
12
11
9
8
2
0
0
-4
-7
-12
-19
-19
-22
-24
-24
-26
-25
-26
-23
-17
-15
-7
0
4
9
11
13
19
22
23
24
24
22
18
15
13
11
6
3
-2
-7
-10
-16
-20
-20
-19
-19
-21
-23
-22
-19
-18
-16
-14
-12
-12
-12
-11
-9
-5
-1
-1
-1
-2
-1
-1
1
4
3
2
4
3
6
6
7
9
11
15
16
17
18
16
18
16
14
11
7
8
9
10
10
8
9
10
9
11
11
12
14
17
20
23
22
24
27
30
32
27
24
20
19
17
12
9
4
-3
-9
-16
-19
-21
-23
-23
-28
-31
-28
-27
-22
-18
-15
-9
-5
0
6
14
19
21
25
26
28
28
25
23
22
19
14
9
0
-5
-9
-13
-17
-19
-22
-25
-22
-24
-22
-17
-17
-13
-5
-3
0
3
7
12
17
19
16
16
16
18
17
13
7
1
-3
-8
-14
-17
-21
-25
-25
-28
-29
-28
-24
-19
-16
-12
-9
-9
-2
2
6
11
13
13
15
16
17
18
20
22
21
22
19
20
23
22
23
22
21
21
17
21
20
14
15
11
9
9
6
3
2
2
0
-2
-2
-3
-3
-3
-4
-3
-6
-7
-5
-3
-3
-1
4
1
2
5
3
2
-1
-2
-1
-5
-7
-12
-15
-18
-21
-23
-28
-30
-33
-36
-34
-33
-33
-33
-30
-29
-27
-20
-16
-11
-6
-2
4
8
12
13
16
18
17
19
18
17
18
16
12
12
9
4
-2
-1
-5
-8
-6
-6
-9
-9
-8
-9
-8
-4
-2
-2
0
4
6
6
6
9
10
6
5
4
2
-1
3
-2
-10
-13
-18
-26
-30
-31
-34
-33
-33
-35
-34
-29
-24
-22
-18
-11
-5
-2
4
11
16
21
28
33
33
36
38
35
34
32
32
30
27
24
18
16
18
16
13
11
6
3
4
2
3
2
-1
-3
-2
-2
-2
1
6
6
7
6
2
1
2
4
5
6
3
3
4
2
3
3
0
-1
-3
-9
-11
-9
-11
-8
-6
-8
-11
-11
-10
-12
-11
-13
-17
-17
-18
-18
-16
-13
-12
-8
-6
-6
-4
-2
1
8
12
14
15
13
13
16
18
17
18
17
13
9
5
0
-4
-5
-8
-14
-18
-22
-23
-21
-21
-22
-23
-22
-20
-18
-15
-8
-2
1
6
9
10
13
13
17
19
16
10
5
1
-4
-6
-11
-13
-17
-22
-26
-27
-27
-25
-21
-20
-17
-13
-9
-6
4
13
19
26
30
34
40
41
42
41
41
37
32
29
23
21
14
10
10
2
-1
-3
-4
-3
0
1
-1
1
3
2
5
5
4
5
3
-1
0
0
-2
-3
-3
-6
-7
-8
-10
-10
-8
-8
-7
-4
-4
-1
3
3
7
9
10
11
13
11
11
12
12
12
10
5
1
-7
-12
-15
-19
-20
-25
-29
-33
-33
-32
-31
-28
-24
-19
-13
-8
-1
5
9
11
14
18
16
15
13
9
7
3
-3
-9
-15
-21
-30
-33
-36
-39
-38
-38
-38
-34
-31
-27
-18
-9
-4
4
10
15
22
29
32
35
36
37
36
32
32
28
21
18
15
9
4
3
-1
-3
-2
-5
-6
-1
0
4
10
10
12
14
17
17
20
21
16
17
15
11
10
7
4
-1
-6
-11
-16
-19
-21
-20
-21
-21
-19
-17
-14
-10
-7
-3
0
2
5
5
3
5
4
4
5
6
3
-1
-1
-3
-6
-5
-6
-8
-5
-4
1
6
7
10
17
20
21
24
23
23
23
21
19
19
17
14
12
6
-1
-5
-12
-17
-23
-29
-29
-35
-39
-38
-36
-34
-33
-29
-24
-22
-20
-15
-12
-7
-3
-1
-1
-3
-4
-4
-3
-4
-5
-9
-15
-17
-21
-25
-22
-19
-22
-18
-14
-15
-11
-7
-2
5
12
17
21
20
24
27
29
32
33
33
32
31
27
23
22
20
17
15
11
9
8
7
7
7
7
5
5
6
5
7
9
8
10
10
10
11
9
9
9
8
7
4
3
3
0
-1
-2
-1
1
1
2
2
2
5
5
3
3
3
3
6
6
5
4
1
-2
-7
-8
-11
-14
-14
-15
-16
-16
-21
-22
-20
-17
-18
-17
-16
-13
-10
-8
-6
-2
-1
0
4
3
3
5
6
4
2
1
-2
-3
-4
-3
-5
-7
-8
-10
-11
-11
-10
-9
-7
-6
-6
-5
-6
-8
-5
-5
-4
-4
-5
-6
-8
-9
-10
-11
-11
-15
-16
-17
-17
-17
-18
-16
-11
-10
-9
-8
-7
-5
-1
1
2
3
4
4
7
7
6
8
7
5
4
0
-2
-2
-2
-1
1
2
1
4
4
6
5
6
9
10
12
14
13
12
13
11
6
5
5
5
7
6
3
1
1
2
1
2
1
3
2
4
4
3
4
8
8
8
9
9
7
6
3
-2
0
-2
-5
-6
-12
-13
-15
-17
-15
-14
-13
-14
-13
-10
-7
-4
3
5
2
2
4
6
6
7
9
7
6
5
2
-3
-4
-4
-8
-10
-11
-14
-14
-14
-14
-12
-12
-12
-13
-12
-11
-10
-8
-7
-6
-3
-2
-1
2
4
7
6
8
8
7
8
10
13
12
14
14
15
18
18
17
18
15
16
15
14
15
15
15
15
16
11
9
12
8
6
6
2
2
0
-2
-1
-1
2
3
4
4
6
9
12
14
16
19
20
20
21
22
23
21
21
18
13
11
7
3
-2
-7
-8
-14
-17
-17
-16
-18
-18
-15
-14
-11
-8
-5
0
1
3
5
4
7
9
10
10
7
7
5
2
2
1
0
-3
-6
-7
-6
-9
-9
-8
-11
-10
-8
-9
-8
-5
-7
-6
-5
-7
-10
-10
-12
-14
-14
-11
-11
-12
-13
-11
-10
-9
-8
-8
-7
-8
-5
-2
-1
0
2
4
4
4
4
4
0
-2
-3
-3
-6
-8
-6
-4
-6
-7
-6
-5
-5
-5
-4
-1
-1
3
7
7
9
11
14
15
13
14
16
15
13
14
14
15
14
12
13
10
8
8
6
4
2
0
-4
-4
-3
-5
-5
-5
-2
-1
-1
-3
-3
0
1
1
2
4
7
9
12
14
15
16
16
17
12
10
8
5
4
3
3
-1
-2
0
-1
-2
-1
-3
-3
-2
-2
2
3
6
7
7
8
5
3
1
0
-3
-7
-8
-8
-8
-10
-7
-6
-9
-9
-11
-13
-15
-16
-15
-15
-14
-14
-13
-12
-13
-11
-11
-13
-16
-16
-18
-19
-18
-20
-20
-19
-21
-18
-15
-15
-13
-12
-11
-10
-10
-7
-7
-4
0
4
4
6
10
12
14
15
14
14
14
12
10
10
9
7
7
5
3
3
2
4
1
1
3
-1
1
2
2
3
5
7
4
6
8
6
9
9
9
13
12
11
10
9
10
10
12
14
11
10
9
8
4
3
4
5
4
0
-2
-4
-7
-8
-8
-6
-7
-7
-10
-10
-9
-9
-6
-10
-12
-12
-14
-16
-16
-13
-11
-10
-12
-16
-15
-13
-10
-7
-5
-2
-1
0
1
2
7
8
5
4
4
5
3
2
-1
-2
-6
-9
-10
-12
-12
-8
-6
-7
-8
-6
-7
-3
1
5
6
7
13
15
19
20
22
24
23
20
20
18
13
10
8
5
2
2
-1
-6
-7
-12
-13
-14
-19
-17
-15
-19
-17
-15
-13
-6
-3
-2
-2
-2
0
3
2
5
7
6
6
5
5
6
10
14
13
12
13
13
11
11
10
10
10
9
6
6
6
7
6
1
-4
-8
-11
-15
-13
-12
-11
-7
-7
-6
-2
0
1
4
8
11
13
16
20
24
26
29
28
24
20
16
15
12
9
5
3
0
-3
-8
-11
-11
-10
-14
-14
-16
-20
-17
-16
-15
-15
-13
-8
-5
-5
-2
2
4
5
10
11
10
11
4
1
-4
-6
-8
-9
-11
-13
-15
-18
-23
-27
-30
-30
-31
-29
-30
-26
-21
-18
-15
-15
-13
-11
-8
-4
-1
3
8
14
17
16
20
23
21
22
23
23
23
19
20
18
16
15
10
7
4
1
-3
-4
-5
-7
-7
-7
-6
-6
-5
-4
-4
-3
-2
1
6
9
10
10
12
12
12
10
7
8
7
8
6
6
7
4
4
0
0
-3
-6
-7
-8
-8
-5
-6
-4
-3
-3
1
1
2
5
7
11
13
16
17
18
16
15
14
12
13
11
7
5
0
-3
-7
-10
-12
-16
-19
-20
-20
-20
-18
-19
-18
-15
-15
-14
-14
-13
-11
-13
-12
-9
-7
-4
-4
-2
-2
-1
-2
-3
-4
-6
-6
-5
-6
-4
-3
-4
-4
-4
-6
-6
-6
-10
-9
-7
-9
-9
-10
-7
-6
-7
-5
