2
3
4
1
2
0
0
1
1
0
1
1
1
-2
0
0
0
0
0
2
2
3
5
5
5
6
4
5
5
5
5
4
3
1
2
0
0
-3
-1
0
-2
-2
-4
-5
-5
-6
-7
-7
-7
-4
-2
-2
-5
-6
-3
-3
-1
-1
0
0
1
2
-2
-1
0
0
0
-3
-1
-4
-5
-2
-4
-5
-8
-8
-6
-6
-5
-9
-9
-9
-7
-9
-8
-8
-10
-12
-12
-12
-8
-6
-8
-8
-6
-6
-6
-4
-4
-3
-3
-2
0
0
0
-2
-1
2
2
0
-1
-1
0
-2
0
0
-1
2
-2
-1
1
-1
1
1
3
3
5
3
3
4
5
6
4
6
3
2
5
7
6
6
6
5
6
4
1
5
4
3
2
2
2
2
2
1
-1
1
1
1
1
0
-1
-3
-1
0
-2
0
-1
0
2
-1
-1
-2
1
3
3
2
4
4
1
0
5
5
3
2
4
5
3
3
0
1
0
-2
2
3
2
3
2
3
3
4
3
1
3
2
1
2
3
4
1
0
0
1
2
1
3
5
3
1
2
4
1
4
6
5
6
7
8
6
6
6
5
4
3
5
1
-1
-1
-3
-3
-1
-3
-1
-1
-4
-5
-5
-8
-7
-7
-8
-7
-8
-11
-12
-13
-13
-10
-7
-7
-7
-7
-9
-9
-7
-7
-7
-7
-4
0
0
0
0
1
1
1
2
2
2
2
1
1
2
2
0
1
4
3
4
6
6
1
3
2
3
4
2
4
5
4
6
4
5
6
6
5
5
4
3
3
3
5
7
5
6
6
6
6
7
11
8
8
7
6
7
4
4
7
8
7
4
5
5
2
1
1
-1
0
-1
-4
-2
-1
-3
-1
-1
0
0
-2
-2
-3
-6
-1
1
1
0
-2
-1
0
0
0
0
3
3
4
4
4
3
0
1
0
-1
1
0
0
-2
0
-1
-3
-4
-6
-9
-8
-9
-9
-9
-10
-12
-10
-12
-13
-10
-12
-9
-8
-7
-5
-7
-5
-5
-5
-6
-3
-1
-1
0
-1
2
4
4
5
4
2
-1
-1
0
0
3
3
2
3
-1
-4
-7
-7
-5
-4
-4
-4
-5
-6
-8
-8
-6
-7
-5
-3
-2
-4
-6
-6
-6
-3
-4
-2
1
-1
-1
-1
1
3
3
4
4
5
6
6
7
7
5
6
7
6
6
3
2
6
6
3
4
5
6
7
6
4
2
3
1
3
5
0
3
4
7
7
6
8
6
7
6
5
5
6
9
10
8
10
12
11
14
13
12
11
7
9
7
6
6
4
4
3
2
3
0
0
1
-4
-7
-7
-6
-5
-6
-4
-3
-3
-5
-5
-4
-3
-1
0
-1
1
0
-1
1
1
1
2
1
3
4
3
4
6
6
7
4
1
2
-1
-2
-3
-2
0
0
0
0
-3
-4
-6
-6
-4
-4
-3
-1
0
1
-1
-2
-2
-1
1
0
-1
-2
-1
-1
-1
0
-1
-1
1
-1
-4
-2
-3
-2
1
1
1
2
0
-1
-2
-2
-1
1
2
0
0
0
0
-1
-2
-4
-3
0
-2
-1
-4
-7
-5
-4
-4
-2
-1
-3
1
1
0
2
0
-1
0
0
0
0
2
0
1
1
1
1
0
0
1
-1
-1
-1
0
1
-3
-5
-3
-1
-1
0
-2
-2
-1
-3
-4
-4
-5
-3
-3
-3
-2
-1
-1
1
2
2
4
3
5
7
6
4
5
5
6
6
6
6
6
7
6
6
5
6
6
4
4
3
3
1
-1
-1
-1
-2
-2
-3
-4
-4
-4
-3
-2
-6
-8
-7
-8
-6
-4
-5
-3
-1
-4
-4
-5
-6
-3
-3
-4
-3
-2
-2
-3
-2
-1
-4
-4
-2
-5
-5
-4
-1
-2
-2
-3
-2
-2
-2
-2
0
3
6
6
6
5
6
4
5
8
11
12
10
10
9
8
10
9
8
7
7
8
7
6
5
3
4
4
2
1
-1
0
-2
-2
-3
-6
-7
-7
-9
-9
-8
-8
-8
-8
-9
-10
-9
-8
-8
-8
-4
-3
-4
-2
-5
-4
-3
-4
-5
-5
-5
-5
-3
-4
-5
-4
-4
-4
-3
-4
-3
-5
-7
-4
-4
-2
0
-3
-1
-2
-1
0
3
3
4
5
4
7
9
5
5
5
5
9
6
2
2
2
4
6
7
6
1
-1
-3
-4
-3
-4
-1
-1
-1
-2
-4
-3
-5
-7
-5
-3
-5
-4
-3
-4
-2
-3
-2
-2
-3
1
1
0
0
1
2
0
-1
-1
-2
-1
1
3
3
5
5
4
5
3
3
4
3
4
5
6
7
8
9
5
4
6
7
8
6
6
7
5
4
5
4
5
4
4
5
5
6
3
0
3
3
2
4
1
2
1
-1
2
1
2
2
2
1
-1
2
1
0
1
-1
0
-3
-5
-3
-1
-3
-3
-1
-1
-3
-3
-2
-2
1
0
-3
-2
-3
-3
-1
0
2
0
0
1
0
2
5
4
6
5
6
9
8
8
7
8
8
10
8
8
10
9
7
6
7
7
8
10
9
10
10
8
9
4
3
3
4
5
1
3
4
0
3
0
1
3
-1
1
-2
-3
-3
-3
-2
-4
-7
-9
-11
-12
-12
-11
-11
-10
-9
-8
-7
-6
-6
-7
-6
-7
-8
-9
-8
-5
-8
-6
-4
-6
-3
0
-1
0
2
0
-1
0
0
-1
2
3
3
4
3
2
5
3
0
1
0
0
2
3
1
1
3
0
3
1
-3
-1
-2
-3
-2
-3
-3
-4
-2
-1
-5
-4
-5
-1
1
-3
-4
-4
-5
-6
-4
-4
-7
-5
-3
-3
-6
-7
-6
-6
-6
-9
-5
-6
-6
-5
-9
-9
-9
-11
-10
-9
-11
-12
-14
-10
-13
-13
-10
-10
-7
-8
-7
-5
-6
-5
-5
-3
-3
-3
-1
0
2
2
3
6
6
3
6
8
6
7
5
9
12
8
11
10
8
10
5
7
8
8
10
10
13
10
7
8
6
3
3
2
1
2
0
-1
-2
-1
-2
-3
0
-2
-3
-1
-1
-1
-3
-5
-2
-4
-6
-3
0
-1
-1
0
-1
-5
-4
-5
-6
-5
-9
-6
-4
-4
-3
-4
-4
-5
-6
-7
-5
-5
-7
-5
-2
0
0
0
0
0
1
0
2
1
-1
0
0
2
2
3
2
3
6
4
6
9
5
5
8
8
7
9
10
11
10
7
6
6
8
6
7
9
9
10
8
7
7
2
3
2
-2
-1
0
0
0
-1
-1
-5
-6
-6
-8
-6
-6
-6
-6
-6
-5
-4
-7
-9
-8
-8
-8
-5
-8
-9
-7
-8
-7
-4
-6
-5
-5
-3
0
1
2
2
1
-1
-1
-1
-2
-3
0
0
1
1
0
0
1
1
4
2
-1
-3
0
2
2
5
5
3
4
3
3
3
3
4
4
3
4
3
6
8
6
6
6
3
3
3
1
0
-2
-2
-2
-2
-3
-4
-3
-5
-6
-5
-7
-8
-7
-7
-6
-9
-8
-7
-10
-9
-8
-9
-9
-7
-6
-6
-4
-4
-3
-3
0
-1
0
2
1
5
8
9
9
11
10
10
12
12
11
12
14
16
17
15
15
15
11
10
12
10
10
11
10
8
8
5
3
2
3
1
0
-2
-3
-3
-5
-5
-3
-5
-7
-7
-7
-8
-6
-4
-5
-5
-8
-6
-6
-6
-6
-2
1
1
1
1
3
2
3
5
4
5
4
2
2
0
-1
-1
0
0
-3
-3
-3
-5
-6
-9
-7
-9
-9
-11
-9
-8
-9
-9
-10
-11
-12
-12
-11
-10
-9
-7
-7
-4
-3
-6
-5
-8
-6
-3
-2
-1
2
2
4
7
8
5
5
6
7
8
9
10
10
9
10
12
9
7
9
10
8
5
3
4
4
3
5
4
2
3
2
3
3
3
3
-2
-1
-1
-2
-1
0
1
3
2
-1
-3
-1
-1
-1
-3
-1
-1
-3
-3
-4
-3
-4
-3
-2
-4
-2
-5
-6
-6
-7
-7
-10
-8
-8
-9
-9
-8
-8
-10
-7
-8
-7
-7
-6
-7
-5
-2
0
2
5
5
4
4
5
4
4
6
5
5
6
4
4
5
6
5
1
3
5
3
2
2
3
2
2
1
-2
-4
-2
-3
-4
0
1
-1
-2
-2
-3
-4
-3
-1
-3
-2
-1
0
-4
-4
-3
-5
-3
1
0
-1
1
1
1
3
2
0
-1
0
0
-1
0
-1
-1
1
0
2
1
1
0
-3
-2
0
0
-1
0
1
4
8
8
6
7
8
8
6
8
10
12
13
13
13
14
12
9
8
8
6
8
9
7
6
5
3
3
0
-5
-2
-2
-4
-2
-4
-7
-8
-10
-12
-13
-14
-14
-15
-14
-12
-10
-12
-15
-17
-19
-19
-16
-17
-17
-14
-15
-12
-13
-11
-10
-12
-9
-6
-5
-3
-1
0
3
5
7
10
11
11
14
17
19
18
22
26
27
28
27
27
29
31
31
29
29
30
30
27
23
23
22
18
16
15
13
10
10
4
1
0
-2
-5
-9
-13
-14
-15
-18
-18
-20
-22
-25
-28
-30
-29
-32
-35
-33
-34
-34
-34
-36
-34
-33
-33
-31
-31
-29
-25
-22
-21
-21
-16
-12
-12
-9
-7
-4
-2
0
4
6
9
12
17
21
24
30
33
35
38
39
40
46
48
48
52
52
54
52
50
50
49
49
45
42
40
37
34
31
28
23
19
13
9
-1
-7
-11
-19
-25
-28
-32
-37
-42
-46
-53
-54
-56
-61
-64
-63
-66
-67
-66
-64
-62
-62
-59
-60
-57
-53
-47
-44
-39
-32
-29
-23
-16
-12
-7
0
6
13
20
25
31
37
43
50
54
62
68
72
81
86
92
96
97
102
104
103
102
101
100
98
94
87
81
73
65
57
45
33
23
9
0
-13
-26
-34
-47
-59
-68
-79
-89
-97
-105
-107
-112
-118
-118
-121
-123
-121
-121
-120
-119
-114
-110
-104
-96
-91
-84
-76
-69
-61
-51
-43
-35
-25
-13
-4
10
20
30
42
50
61
74
86
96
108
119
130
141
149
158
165
169
174
177
179
177
176
172
164
157
143
130
117
98
80
60
39
19
-3
-23
-41
-60
-81
-98
-116
-132
-147
-162
-173
-182
-188
-195
-201
-203
-204
-205
-201
-196
-192
-185
-180
-170
-156
-147
-134
-125
-111
-95
-81
-68
-50
-36
-23
-5
12
27
41
61
74
89
110
126
144
161
177
190
205
220
233
242
250
254
259
259
257
254
248
242
229
214
199
179
158
134
108
83
56
28
3
-26
-55
-82
-108
-136
-157
-178
-196
-216
-232
-244
-253
-260
-265
-268
-270
-270
-267
-264
-255
-251
-242
-229
-217
-205
-191
-173
-157
-143
-126
-105
-90
-71
-51
-34
-13
8
27
50
70
88
108
126
146
165
184
202
218
235
250
265
276
285
291
294
293
291
290
283
272
259
244
224
200
172
146
118
85
54
25
-8
-40
-69
-96
-123
-151
-173
-194
-215
-234
-248
-257
-266
-273
-275
-277
-277
-275
-269
-262
-255
-247
-234
-222
-208
-190
-174
-160
-140
-120
-104
-87
-71
-54
-34
-15
3
20
38
56
72
88
108
128
142
160
175
191
206
221
237
250
264
273
282
289
292
292
290
283
274
265
251
230
210
187
163
140
107
75
46
12
-16
-46
-76
-104
-132
-156
-177
-199
-219
-233
-249
-265
-273
-278
-282
-284
-284
-279
-273
-265
-255
-243
-234
-223
-208
-189
-174
-157
-138
-119
-98
-74
-54
-35
-18
1
21
40
58
79
97
114
131
148
167
185
201
217
231
242
257
271
282
290
295
298
303
301
294
287
278
265
248
232
211
184
157
132
101
70
35
0
-30
-63
-94
-121
-152
-181
-207
-231
-252
-269
-284
-298
-306
-312
-314
-315
-315
-314
-309
-302
-292
-283
-271
-255
-238
-220
-198
-179
-159
-137
-115
-94
-71
-49
-31
-7
15
34
58
79
97
117
133
148
165
182
199
214
230
242
255
272
284
294
303
306
308
310
311
308
300
290
277
259
239
220
193
166
136
104
71
38
5
-27
-59
-88
-119
-148
-174
-197
-219
-237
-252
-267
-275
-280
-285
-288
-294
-294
-289
-284
-275
-268
-260
-250
-238
-220
-205
-190
-176
-162
-143
-127
-108
-90
-72
-53
-37
-17
-2
13
32
47
63
79
96
113
129
147
162
183
200
216
232
245
259
273
287
293
296
300
299
296
290
275
262
244
222
201
177
151
125
97
66
37
9
-21
-47
-74
-104
-129
-152
-174
-192
-208
-221
-233
-243
-253
-256
-260
-263
-260
-259
-258
-253
-248
-243
-234
-222
-214
-201
-189
-176
-163
-149
-135
-116
-99
-84
-68
-53
-35
-14
2
19
33
51
69
86
108
128
150
172
186
202
220
243
267
280
288
297
308
316
322
322
316
305
291
281
270
251
231
203
170
141
115
90
59
27
-7
-39
-64
-88
-112
-139
-163
-183
-200
-217
-232
-242
-257
-267
-270
-277
-281
-284
-287
-285
-283
-282
-279
-279
-271
-261
-248
-232
-216
-205
-193
-175
-153
-129
-106
-83
-61
-45
-21
1
22
48
68
90
112
135
161
185
209
227
247
273
294
314
326
341
353
360
367
367
362
356
344
329
310
290
266
240
212
179
144
109
79
46
15
-17
-46
-72
-100
-121
-142
-162
-178
-195
-210
-225
-243
-255
-264
-270
-279
-286
-293
-300
-304
-305
-302
-301
-300
-296
-291
-282
-272
-257
-242
-229
-210
-193
-176
-152
-129
-104
-76
-51
-28
-9
17
47
74
102
129
157
182
210
235
260
283
305
329
344
355
369
377
385
385
379
375
365
354
337
316
291
267
244
216
186
153
118
83
52
20
-10
-39
-67
-93
-118
-143
-159
-172
-186
-200
-216
-232
-244
-255
-267
-277
-284
-294
-305
-308
-309
-312
-313
-308
-305
-300
-294
-286
-276
-259
-237
-215
-198
-182
-163
-139
-109
-79
-52
-31
-7
20
52
81
108
133
154
184
215
243
269
290
317
338
359
380
397
403
404
405
404
400
396
382
361
336
309
283
254
223
189
150
115
84
52
17
-14
-43
-75
-105
-129
-152
-173
-195
-210
-227
-243
-253
-268
-282
-296
-307
-317
-322
-324
-330
-338
-344
-344
-340
-336
-326
-314
-304
-296
-284
-266
-247
-227
-209
-190
-164
-135
-108
-85
-58
-30
2
36
66
97
132
162
194
228
258
285
314
345
370
397
417
436
457
470
474
475
473
468
458
439
419
392
355
320
284
245
204
162
116
71
28
-17
-56
-91
-128
-157
-180
-201
-223
-242
-260
-273
-279
-289
-299
-311
-321
-331
-336
-344
-353
-357
-363
-370
-373
-371
-370
-365
-354
-346
-335
-324
-312
-295
-273
-249
-224
-197
-170
-141
-109
-78
-43
-6
29
66
108
145
185
222
255
294
337
379
412
441
471
497
520
537
551
557
554
549
543
523
494
460
423
384
337
288
235
180
127
74
21
-28
-76
-121
-164
-201
-231
-255
-276
-297
-312
-321
-320
-320
-323
-330
-334
-335
-337
-336
-341
-349
-354
-354
-354
-362
-369
-372
-368
-358
-354
-348
-338
-328
-311
-292
-268
-238
-206
-180
-154
-120
-83
-43
0
42
82
123
167
209
247
286
326
372
418
454
484
510
542
568
586
594
601
604
592
575
550
519
485
442
398
348
294
238
176
116
59
2
-51
-101
-149
-193
-232
-263
-286
-308
-323
-334
-340
-341
-337
-334
-329
-324
-321
-319
-317
-321
-328
-331
-332
-332
-336
-346
-353
-352
-348
-342
-337
-330
-324
-309
-293
-275
-248
-216
-184
-150
-114
-83
-45
2
46
89
135
179
220
258
294
335
378
419
455
488
512
539
568
584
594
599
599
590
574
551
516
477
438
395
347
294
240
184
123
62
3
-51
-100
-145
-191
-231
-262
-287
-305
-319
-327
-333
-333
-326
-320
-314
-307
-300
-298
-298
-301
-308
-311
-319
-327
-333
-345
-358
-367
-372
-373
-368
-366
-363
-357
-339
-319
-295
-266
-231
-189
-144
-104
-59
-11
34
87
138
180
227
271
312
355
394
428
468
503
529
555
579
603
615
615
609
598
581
556
519
475
427
373
320
262
197
134
70
7
-52
-109
-166
-213
-254
-292
-317
-336
-350
-357
-363
-362
-351
-333
-318
-305
-295
-288
-280
-270
-269
-273
-279
-284
-287
-290
-300
-315
-332
-341
-341
-336
-333
-330
-326
-317
-299
-275
-240
-199
-158
-117
-70
-17
35
87
138
186
234
283
332
373
405
436
469
503
537
565
585
603
613
617
620
613
599
575
538
496
453
405
349
285
219
151
85
20
-45
-108
-165
-223
-271
-309
-347
-374
-396
-411
-414
-409
-399
-387
-368
-346
-324
-302
-282
-264
-251
-249
-252
-259
-265
-263
-268
-281
-290
-301
-308
-309
-310
-309
-304
-297
-285
-271
-254
-233
-205
-166
-120
-72
-23
24
73
125
186
244
291
337
375
414
453
488
516
543
572
600
619
633
641
640
630
607
579
544
501
447
383
316
250
183
118
49
-25
-95
-162
-221
-275
-324
-368
-409
-437
-455
-462
-458
-449
-434
-409
-380
-347
-314
-284
-256
-227
-207
-196
-191
-201
-216
-226
-239
-249
-263
-281
-299
-312
-318
-321
-317
-312
-306
-295
-283
-262
-233
-198
-157
-110
-58
-3
54
111
165
221
277
335
388
431
468
497
531
567
599
630
655
670
678
677
671
651
617
580
535
481
421
342
262
181
102
34
-34
-105
-176
-244
-302
-350
-386
-414
-436
-450
-451
-441
-420
-392
-361
-324
-284
-241
-197
-163
-136
-121
-111
-106
-110
-125
-154
-182
-210
-234
-256
-281
-310
-333
-348
-354
-353
-355
-353
-343
-327
-299
-264
-224
-181
-128
-73
-15
47
109
167
227
283
337
396
444
485
523
558
597
637
673
693
703
705
697
682
652
608
557
500
436
360
279
189
99
20
-56
-125
-195
-268
-329
-381
-419
-446
-461
-469
-467
-456
-433
-401
-360
-317
-273
-224
-173
-133
-103
-83
-71
-68
-79
-98
-127
-158
-189
-221
-255
-292
-325
-352
-368
-374
-381
-385
-384
-377
-359
-333
-301
-265
-217
-161
-93
-23
38
100
165
237
305
368
423
471
522
569
609
649
684
708
728
741
738
719
681
632
582
527
465
388
298
201
109
24
-62
-144
-217
-280
-334
-384
-435
-475
-500
-508
-501
-485
-463
-433
-397
-351
-298
-240
-187
-134
-87
-49
-22
-11
-19
-38
-60
-91
-124
-161
-207
-254
-298
-335
-363
-384
-398
-403
-407
-404
-391
-372
-348
-312
-264
-204
-130
-55
11
79
146
215
291
363
428
481
532
582
625
664
700
733
764
792
807
796
765
721
669
613
554
474
379
277
170
68
-30
-121
-210
-292
-358
-417
-474
-523
-564
-587
-589
-570
-545
-517
-474
-420
-359
-285
-215
-145
-75
-17
36
71
83
69
37
-4
-48
-95
-151
-210
-274
-341
-398
-444
-482
-504
-505
-500
-488
-475
-460
-430
-377
-300
-214
-127
-45
36
124
209
294
381
467
547
620
678
725
765
805
851
898
932
941
924
888
838
780
710
627
532
420
298
173
48
-70
-182
-282
-373
-454
-526
-590
-643
-675
-681
-668
-643
-613
-571
-514
-441
-362
-276
-192
-111
-30
38
90
125
139
137
116
63
-7
-87
-170
-247
-329
-415
-498
-571
-627
-661
-677
-681
-668
-639
-605
-555
-490
-410
-308
-191
-73
43
152
260
365
469
575
670
761
835
894
944
988
1043
1086
1104
1104
1082
1037
968
875
769
657
539
402
249
89
-74
-219
-351
-466
-563
-647
-714
-771
-809
-817
-805
-769
-717
-652
-574
-485
-387
-282
-175
-67
36
122
195
243
268
270
246
198
120
22
-90
-210
-326
-439
-548
-647
-729
-788
-824
-829
-815
-782
-728
-665
-589
-497
-381
-248
-105
39
178
312
441
563
676
777
873
963
1040
1100
1145
1182
1211
1240
1255
1232
1168
1069
951
831
698
543
365
171
-10
-183
-351
-503
-641
-755
-842
-911
-960
-991
-989
-957
-894
-810
-715
-610
-493
-366
-231
-98
29
148
250
331
392
423
421
385
316
214
85
-67
-224
-374
-514
-637
-755
-860
-933
-972
-975
-946
-900
-830
-738
-630
-503
-362
-201
-26
156
334
499
645
779
906
1018
1118
1206
1276
1328
1363
1394
1414
1415
1384
1308
1186
1046
897
731
546
336
108
-119
-333
-530
-703
-842
-956
-1038
-1100
-1149
-1165
-1143
-1081
-979
-864
-737
-603
-466
-317
-161
-8
137
259
363
443
502
530
521
469
371
229
54
-137
-331
-515
-681
-835
-976
-1098
-1183
-1220
-1210
-1157
-1081
-984
-863
-725
-559
-371
-169
52
270
480
680
858
1025
1180
1323
1444
1534
1596
1631
1660
1683
1684
1645
1541
1382
1186
976
771
551
311
56
-208
-463
-695
-897
-1054
-1163
-1233
-1280
-1308
-1313
-1276
-1187
-1059
-904
-737
-569
-397
-229
-69
88
235
367
478
550
579
564
518
450
348
198
-5
-242
-481
-694
-878
-1044
-1196
-1320
-1399
-1422
-1396
-1337
-1248
-1125
-962
-771
-567
-353
-129
115
367
614
847
1062
1258
1427
1566
1683
1777
1849
1896
1924
1939
1924
1861
1724
1520
1279
1025
774
505
206
-111
-421
-702
-948
-1148
-1291
-1379
-1421
-1433
-1426
-1382
-1286
-1131
-935
-724
-514
-307
-108
87
273
439
584
702
781
810
786
710
602
473
309
87
-205
-539
-865
-1134
-1343
-1513
-1659
-1774
-1831
-1815
-1729
-1579
-1375
-1134
-881
-634
-384
-124
154
441
715
965
1172
1348
1495
1616
1722
1807
1861
1887
1894
1897
1902
1887
1806
1628
1376
1104
842
589
314
-6
-352
-672
-939
-1143
-1276
-1346
-1362
-1349
-1318
-1262
-1161
-1004
-797
-570
-351
-158
18
188
355
514
648
747
807
818
777
688
570
427
259
45
-228
-555
-891
-1187
-1420
-1593
-1725
-1825
-1878
-1861
-1762
-1593
-1370
-1107
-829
-553
-293
-38
218
470
715
937
1116
1254
1359
1439
1505
1563
1607
1627
1626
1616
1621
1640
1639
1563
1388
1141
884
660
442
184
-125
-454
-745
-970
-1129
-1232
-1279
-1281
-1256
-1205
-1125
-1007
-839
-636
-417
-208
-28
127
265
397
526
634
703
729
700
627
522
396
251
71
-153
-427
-737
-1040
-1293
-1476
-1603
-1690
-1742
-1749
-1684
-1542
-1344
-1106
-851
-587
-330
-84
150
373
589
790
967
1107
1207
1280
1335
1378
1420
1452
1464
1460
1458
1482
1532
1557
1486
1295
1039
793
594
400
149
-161
-487
-766
-960
-1082
-1147
-1171
-1165
-1137
-1078
-995
-877
-710
-504
-288
-98
47
164
272
384
495
578
619
609
555
455
327
183
22
-147
-343
-581
-857
-1131
-1355
-1495
-1561
-1587
-1584
-1550
-1464
-1315
-1114
-881
-630
-379
-157
44
226
399
564
711
835
931
998
1046
1089
1132
1181
1231
1274
1308
1354
1443
1562
1651
1623
1456
1221
993
800
593
312
-52
-435
-754
-974
-1102
-1171
-1208
-1213
-1193
-1134
-1028
-878
-680
-456
-238
-55
92
218
340
469
591
673
697
652
554
424
277
114
-69
-281
-515
-766
-1024
-1268
-1462
-1585
-1637
-1628
-1585
-1501
-1373
-1197
-971
-710
-439
-180
42
223
381
519
635
728
792
833
863
888
911
936
967
1007
1048
1095
1167
1289
1456
1610
1652
1541
1330
1115
938
760
509
163
-229
-586
-854
-1024
-1112
-1155
-1174
-1168
-1133
-1056
-933
-755
-532
-304
-107
52
179
296
424
553
657
704
668
573
442
293
134
-47
-255
-484
-730
-982
-1214
-1404
-1535
-1589
-1581
-1533
-1452
-1339
-1175
-953
-698
-437
-200
-3
159
300
421
517
585
622
638
651
668
695
731
782
840
904
978
1073
1218
1421
1627
1745
1701
1524
1304
1111
933
702
373
-27
-418
-727
-928
-1040
-1101
-1128
-1128
-1087
-1003
-879
-714
-514
-292
-87
82
214
328
443
551
631
663
637
556
432
289
130
-55
-265
-488
-711
-924
-1133
-1325
-1472
-1549
-1548
-1488
-1396
-1282
-1132
-936
-702
-459
-245
-72
67
179
270
336
373
388
386
385
396
416
453
514
597
687
773
875
1021
1235
1497
1744
1879
1841
1664
1441
1243
1057
806
436
-20
-465
-817
-1043
-1160
-1214
-1244
-1248
-1216
-1130
-978
-758
-496
-236
-12
159
291
417
547
667
744
745
669
535
377
220
54
-133
-345
-584
-834
-1064
-1247
-1372
-1436
-1449
-1420
-1354
-1246
-1081
-865
-614
-365
-155
5
122
206
264
298
309
295
264
218
172
147
161
216
305
409
515
627
753
927
1180
1499
1815
2024
2050
1901
1676
1466
1271
1025
656
169
-343
-775
-1059
-1209
-1277
-1315
-1342
-1330
-1251
-1085
-835
-535
-234
13
187
313
437
575
711
803
806
715
551
359
181
21
-151
-365
-629
-915
-1171
-1349
-1436
-1455
-1442
-1408
-1346
-1228
-1040
-789
-509
-255
-56
72
156
218
264
297
311
289
231
163
123
136
199
294
403
516
632
752
899
1098
1366
1688
1989
2169
2149
1949
1680
1445
1229
938
503
-46
-586
-999
-1244
-1352
-1395
-1414
-1403
-1336
-1190
-967
-676
-348
-38
201
351
456
562
676
774
802
732
579
386
190
7
-176
-378
-612
-864
-1097
-1286
-1408
-1463
-1456
-1410
-1332
-1222
-1066
-856
-605
-349
-133
23
120
175
209
228
222
183
119
48
-6
-17
22
100
208
335
473
620
772
944
1162
1445
1772
2068
2228
2184
1963
1674
1412
1153
808
324
-250
-786
-1183
-1406
-1497
-1516
-1499
-1446
-1329
-1136
-870
-547
-205
101
325
462
557
655
756
813
788
669
483
273
65
-129
-331
-557
-806
-1052
-1264
-1411
-1477
-1469
-1416
-1343
-1249
-1114
-921
-671
-408
-176
-3
102
155
189
207
201
171
109
22
-58
-103
-91
-20
83
198
324
471
634
808
989
1200
1456
1751
2033
2197
2157
1921
1603
1314
1041
701
229
-338
-867
-1251
-1451
-1504
-1481
-1428
-1345
-1201
-979
-685
-350
-5
296
506
623
687
744
804
834
781
634
417
171
-62
-271
-468
-670
-882
-1083
-1251
-1357
-1379
-1317
-1204
-1087
-972
-841
-666
-450
-228
-40
90
149
161
152
132
112
74
6
-75
-151
-188
-161
-76
42
173
316
482
669
863
1049
1251
1488
1769
2050
2225
2198
1958
1605
1274
980
646
185
-388
-946
-1361
-1571
-1613
-1565
-1486
-1383
-1218
-969
-646
-284
77
386
596
703
745
779
820
833
772
612
379
127
-101
-287
-452
-625
-822
-1022
-1199
-1306
-1323
-1265
-1164
-1065
-969
-861
-715
-520
-307
-119
8
62
62
41
20
6
-20
-69
-140
-206
-233
-198
-98
48
205
363
527
703
895
1091
1297
1512
1741
1977
2138
2134
1926
1591
1258
957
628
191
-343
-862
-1247
-1442
-1479
-1433
-1351
-1234
-1050
-789
-478
-148
171
442
635
728
751
750
747
722
626
447
205
-53
-280
-475
-654
-839
-1020
-1177
-1292
-1345
-1326
-1239
-1111
-975
-849
-717
-560
-380
-205
-69
10
28
14
-9
-42
-80
-130
-183
-224
-249
-246
-194
-89
60
220
381
547
734
940
1146
1336
1516
1718
1947
2136
2179
1995
1650
1284
966
645
229
-289
-817
-1229
-1459
-1532
-1502
-1417
-1290
-1097
-833
-534
-215
107
411
642
749
759
731
712
686
604
433
191
-64
-282
-454
-608
-764
-928
-1079
-1187
-1237
-1224
-1151
-1030
-896
-776
-660
-533
-384
-226
-91
-10
13
-10
-46
-79
-109
-141
-176
-210
-228
-215
-158
-56
83
237
396
565
744
928
1103
1267
1440
1650
1894
2091
2125
1938
1588
1217
914
615
221
-289
-830
-1266
-1514
-1582
-1537
-1441
-1316
-1146
-913
-629
-303
40
358
592
695
696
669
662
656
596
439
204
-51
-274
-446
-590
-740
-893
-1035
-1140
-1190
-1172
-1082
-947
-806
-683
-569
-444
-304
-162
-49
15
34
9
-33
-76
-121
-161
-195
-220
-226
-200
-133
-21
126
283
451
631
813
994
1165
1325
1502
1718
1961
2152
2168
1951
1579
1203
900
607
199
-343
-914
-1355
-1578
-1604
-1530
-1433
-1326
-1164
-914
-590
-232
119
424
635
718
708
674
660
642
561
379
122
-139
-350
-500
-624
-770
-949
-1117
-1232
-1268
-1232
-1141
-1028
-915
-801
-673
-519
-351
-198
-77
-2
25
15
-9
-34
-65
-111
-162
-203
-215
-169
-74
55
210
368
539
730
930
1116
1285
1451
1638
1860
2081
2211
2152
1878
1492
1126
813
466
-2
-574
-1118
-1494
-1644
-1614
-1501
-1388
-1263
-1075
-794
-433
-57
281
539
678
708
683
667
658
609
478
260
0
-239
-422
-555
-683
-841
-1016
-1161
-1240
-1246
-1185
-1081
-966
-859
-744
-601
-435
-267
-132
-50
-16
-17
-32
-57
-95
-148
-203
-247
-263
-244
-181
-70
77
246
432
625
825
1017
1185
1340
1517
1727
1954
2130
2146
1951
1602
1238
932
635
243
-277
-835
-1286
-1527
-1563
-1475
-1351
-1232
-1087
-864
-557
-191
177
483
676
746
735
702
682
649
547
359
108
-160
-397
-586
-740
-881
-1021
-1138
-1218
-1250
-1224
-1138
-995
-829
-675
-534
-403
-278
-157
-53
15
43
22
-39
-118
-191
-237
-250
-249
-243
-228
-169
-44
135
347
569
774
960
1116
1262
1436
1659
1912
2117
2163
1987
1639
1269
972
704
355
-143
-717
-1209
-1493
-1544
-1442
-1296
-1167
-1040
-850
-570
-211
171
498
706
772
730
670
647
637
575
412
157
-123
-359
-515
-611
-708
-846
-1009
-1140
-1198
-1164
-1067
-949
-846
-758
-664
-536
-377
-222
-103
-40
-24
-38
-70
-108
-150
-191
-230
-268
-299
-293
-223
-92
73
254
439
635
843
1034
1196
1353
1540
1774
2008
2133
2051
1763
1389
1063
793
479
25
-541
-1089
-1467
-1608
-1558
-1423
-1285
-1154
-992
-745
-409
-24
348
620
747
744
687
658
666
641
517
280
-17
-290
-488
-613
-719
-859
-1025
-1168
-1237
-1202
-1088
-945
-817
-710
-588
-432
-257
-99
12
66
76
63
33
-12
-69
-142
-207
-251
-265
-250
-191
-80
71
242
435
647
864
1061
1218
1361
1532
1745
1969
2100
2029
1749
1378
1049
789
497
68
-485
-1028
-1398
-1537
-1493
-1370
-1257
-1153
-1009
-777
-449
-77
277
542
675
688
655
642
657
638
515
279
-18
-298
-504
-646
-773
-924
-1097
-1244
-1307
-1261
-1131
-957
-794
-665
-551
-416
-256
-98
18
67
55
6
-47
-96
-147
-206
-270
-320
-344
-334
-280
-177
-33
130
305
499
708
917
1097
1262
1442
1659
1891
2064
2061
1839
1481
1125
840
550
158
-355
-893
-1300
-1482
-1465
-1344
-1209
-1084
-931
-702
-398
-53
284
552
701
726
679
635
624
601
512
329
82
-165
-357
-478
-570
-689
-849
-1024
-1150
-1192
-1142
-1032
-913
-822
-750
-651
-501
-315
-137
-13
39
32
1
-28
-55
-89
-134
-194
-255
-291
-269
-170
-17
154
325
493
677
877
1070
1246
1428
1624
1826
1980
1993
1814
1494
1160
877
591
216
-276
-798
-1207
-1411
-1416
-1315
-1195
-1088
-954
-737
-438
-97
232
500
670
729
715
691
682
658
561
370
107
-175
-415
-590
-729
-871
-1036
-1188
-1280
-1274
-1171
-1014
-844
-703
-588
-461
-307
-148
-11
73
92
59
-4
-68
-119
-161
-209
-263
-310
-329
-294
-193
-47
114
272
439
629
831
1020
1187
1363
1568
1782
1940
1964
1809
1521
1202
921
642
280
-193
-711
-1142
-1384
-1431
-1352
-1240
-1140
-1022
-832
-542
-185
167
444
605
657
648
643
661
667
598
426
184
-65
-264
-402
-516
-655
-849
-1063
-1231
-1306
-1280
-1191
-1085
-980
-873
-734
-551
-335
-116
62
175
213
187
130
78
39
2
-59
-141
-209
-208
-125
12
177
349
520
691
866
1050
1255
1481
1710
1894
1964
1875
1643
1356
1086
818
484
42
-469
-935
-1250
-1379
-1364
-1286
-1206
-1110
-945
-688
-354
1
310
528
637
667
671
689
707
670
531
286
-14
-295
-510
-668
-822
-995
-1177
-1314
-1351
-1281
-1154
-1014
-869
-727
-570
-403
-242
-93
30
116
160
158
115
51
-8
-49
-79
-112
-147
-161
-126
-41
83
239
415
588
751
915
1099
1320
1565
1785
1897
1835
1616
1340
1099
876
581
158
-351
-826
-1157
-1300
-1301
-1243
-1181
-1108
-974
-749
-442
-102
214
450
573
610
622
656
707
709
619
426
154
-125
-355
-529
-692
-884
-1094
-1276
-1370
-1366
-1284
-1160
-1019
-872
-711
-529
-341
-162
-9
105
174
191
170
129
92
55
11
-37
-81
-101
-82
-16
93
237
398
558
721
913
1154
1427
1690
1876
1907
1773
1535
1287
1072
827
470
-14
-532
-952
-1192
-1256
-1228
-1195
-1178
-1123
-965
-679
-315
35
308
482
569
618
681
766
823
784
625
373
99
-135
-318
-486
-689
-928
-1157
-1307
-1355
-1322
-1237
-1129
-1011
-884
-739
-565
-369
-177
-18
81
124
124
117
127
145
138
91
24
-32
-40
14
116
246
376
488
604
747
940
1189
1454
1672
1763
1680
1473
1255
1093
931
670
257
-251
-712
-1007
-1108
-1088
-1057
-1077
-1106
-1048
-850
-536
-187
105
291
381
429
510
639
761
792
689
469
210
-16
-182
-320
-497
-734
-992
-1189
-1271
-1254
-1187
-1114
-1047
-967
-851
-691
-496
-298
-126
-3
76
118
145
186
234
264
250
194
136
113
139
209
298
388
460
532
649
830
1070
1328
1531
1619
1563
1405
1232
1084
922
661
270
-197
-623
-908
-1035
-1058
-1069
-1108
-1138
-1078
-897
-619
-316
-58
125
240
330
434
560
674
715
654
500
295
100
-60
-206
-375
-595
-831
-1031
-1154
-1192
-1163
-1097
-1022
-941
-836
-694
-515
-320
-137
5
90
124
140
172
224
263
266
226
176
157
191
272
365
443
491
534
617
758
949
1153
1317
1383
1326
1184
1032
910
774
551
211
-191
-554
-799
-912
-945
-961
-987
-1001
-945
-794
-571
-322
-90
88
209
300
393
506
614
666
624
490
302
112
-39
-168
-321
-513
-717
-883
-975
-993
-969
-929
-882
-830
-749
-634
-504
-367
-239
-138
-58
-1
40
83
129
170
190
185
175
183
231
316
411
497
569
636
731
863
1023
1189
1314
1345
1265
1109
943
806
658
436
109
-260
-582
-794
-885
-905
-916
-946
-962
-904
-741
-505
-256
-52
83
163
229
321
438
531
555
477
320
145
2
-98
-193
-334
-531
-743
-901
-974
-970
-923
-873
-837
-796
-715
-578
-396
-219
-88
-17
13
43
103
189
267
305
293
251
235
274
371
492
589
636
660
716
844
1029
1209
1308
1292
1164
989
832
704
550
310
-22
-382
-681
-860
-920
-909
-900
-922
-940
-898
-758
-539
-293
-83
54
119
162
246
375
502
566
527
387
194
17
-105
-197
-316
-490
-700
-876
-973
-977
-910
-825
-756
-705
-645
-549
-407
-243
-94
9
57
77
105
169
251
314
330
306
278
288
354
457
554
625
676
752
878
1042
1204
1309
1311
1202
1036
875
725
543
278
-66
-431
-733
-914
-983
-994
-1008
-1033
-1026
-932
-741
-500
-260
-69
60
153
248
361
465
514
483
385
256
124
6
-117
-263
-425
-590
-725
-809
-844
-846
-832
-800
-746
-663
-543
-402
-260
-137
-39
41
121
202
278
336
355
337
308
299
327
389
463
529
581
629
711
845
1016
1176
1264
1246
1125
956
796
656
488
235
-104
-464
-758
-927
-981
-977
-976
-997
-1002
-936
-769
-538
-296
-99
31
120
210
326
464
574
603
545
418
266
120
-16
-170
-368
-601
-828
-1002
-1098
-1123
-1106
-1061
-993
-891
-737
-543
-334
-142
11
133
243
349
449
532
577
577
555
538
548
581
622
640
630
627
671
776
914
1029
1072
1020
905
785
690
581
403
133
-190
-479
-680
-793
-852
-907
-973
-1016
-992
-884
-713
-529
-366
-236
-124
-6
131
277
393
443
422
360
294
227
150
39
-120
-308
-502
-670
-794
-876
-924
-952
-965
-949
-888
-767
-596
-408
-238
-98
30
169
330
496
633
707
721
716
730
776
836
875
867
830
814
857
951
1042
1064
983
825
653
521
422
278
41
-267
-561
-754
-831
-838
-844
-887
-931
-920
-816
-636
-435
-275
-175
-114
-45
64
209
351
434
432
358
260
185
138
78
-46
-248
-490
-702
-835
-889
-906
-938
-989
-1018
-976
-853
-678
-504
-363
-251
-139
7
198
403
580
694
754
807
890
1007
1121
1186
1188
1152
1134
1169
1239
1274
1201
1002
749
526
364
222
25
-265
-590
-858
-1001
-1020
-981
-952
-958
-962
-902
-745
-517
-288
-116
-21
24
70
154
265
343
329
228
94
-12
-67
-107
-180
-311
-489
-652
-752
-782
-789
-814
-859
-889
-863
-767
-626
-482
-365
-269
-172
-37
134
307
457
564
637
707
811
952
1102
1217
1278
1310
1359
1452
1552
1588
1494
1276
1011
774
574
350
42
-335
-709
-997
-1160
-1223
-1242
-1263
-1284
-1258
-1140
-936
-691
-460
-274
-130
4
153
319
469
564
583
537
450
338
203
34
-163
-381
-606
-821
-1007
-1143
-1212
-1220
-1182
-1119
-1032
-916
-764
-585
-392
-201
-28
134
291
434
564
678
783
882
979
1069
1140
1193
1241
1297
1377
1468
1525
1493
1351
1147
950
793
630
385
38
-352
-680
-885
-984
-1045
-1126
-1231
-1301
-1267
-1116
-899
-684
-513
-382
-250
-84
113
303
429
460
418
350
289
231
136
-23
-243
-487
-697
-840
-933
-1010
-1090
-1162
-1177
-1113
-984
-821
-661
-515
-359
-175
40
263
469
630
753
857
969
1102
1233
1320
1345
1333
1331
1387
1479
1524
1443
1232
970
768
643
519
294
-56
-440
-731
-862
-875
-874
-935
-1050
-1135
-1116
-978
-776
-591
-464
-386
-319
-199
-18
193
365
424
369
271
197
171
148
46
-157
-417
-649
-805
-888
-942
-1013
-1094
-1155
-1155
-1071
-928
-762
-602
-460
-318
-146
64
299
526
707
850
993
1154
1323
1462
1548
1602
1656
1724
1778
1742
1578
1318
1056
848
655
390
20
-389
-730
-943
-1039
-1094
-1163
-1245
-1290
-1243
-1094
-893
-693
-524
-386
-253
-110
49
205
331
400
400
352
292
235
166
54
-112
-313
-511
-669
-791
-895
-995
-1085
-1142
-1142
-1091
-996
-869
-725
-562
-380
-180
30
244
450
640
818
992
1168
1325
1444
1530
1612
1711
1808
1850
1781
1595
1352
1133
956
748
440
29
-398
-727
-927
-1045
-1158
-1294
-1427
-1488
-1426
-1270
-1075
-900
-754
-610
-434
-219
22
255
437
547
596
619
645
659
610
468
236
-45
-310
-516
-685
-866
-1081
-1302
-1451
-1483
-1415
-1299
-1186
-1082
-951
-755
-484
-175
126
379
589
795
1029
1289
1528
1698
1788
1831
1876
1939
1978
1924
1741
1468
1182
941
726
473
138
-243
-590
-844
-997
-1105
-1216
-1331
-1424
-1450
-1380
-1234
-1063
-899
-754
-605
-428
-223
-9
182
322
406
452
482
501
489
420
285
112
-67
-234
-389
-540
-694
-847
-982
-1078
-1123
-1106
-1050
-965
-856
-720
-545
-331
-89
167
419
663
901
1124
1326
1499
1640
1759
1852
1897
1858
1727
1541
1345
1158
955
692
362
7
-306
-533
-704
-866
-1031
-1188
-1298
-1330
-1290
-1201
-1097
-995
-900
-784
-632
-441
-233
-51
76
154
211
276
355
414
404
310
162
16
-89
-163
-249
-378
-538
-690
-795
-828
-820
-796
-773
-750
-688
-571
-399
-191
20
218
407
597
792
986
1159
1299
1398
1463
1500
1495
1440
1343
1223
1095
951
772
551
317
103
-75
-225
-378
-547
-712
-844
-919
-949
-957
-952
-941
-915
-871
-802
-702
-581
-455
-342
-254
-176
-97
-16
53
101
118
96
47
-7
-60
-108
-160
-222
-292
-363
-416
-440
-434
-410
-370
-322
-262
-182
-84
35
168
295
408
507
601
689
772
842
890
920
928
903
860
810
756
700
624
518
391
256
145
63
-13
-104
-215
-322
-393
-433
-452
-468
-494
-518
-541
-550
-539
-518
-482
-442
-405
-372
-338
-292
-231
-168
-114
-90
-87
-95
-102
-95
-93
-111
-141
-176
-203
-216
-213
-197
-180
-164
-147
-129
-95
-49
3
60
109
157
210
266
331
395
452
494
519
540
561
578
584
575
551
516
472
427
380
328
270
204
136
65
-4
-61
-108
-157
-208
-259
-295
-316
-331
-340
-348
-347
-335
-314
-282
-251
-225
-201
-180
-168
-165
-175
-190
-207
-225
-244
-257
-263
-265
-265
-254
-237
-207
-167
-132
-104
-81
-61
-30
6
40
61
72
89
113
146
184
220
252
282
310
339
365
379
391
403
412
408
397
389
380
369
351
316
274
226
178
131
80
24
-31
-91
-146
-187
-225
-256
-285
-310
-329
-340
-340
-328
-312
-302
-294
-288
-287
-286
-282
-280
-280
-275
-273
-267
-256
-240
-221
-199
-172
-146
-114
-78
-46
-15
13
43
70
93
114
138
162
179
196
207
223
248
271
290
300
307
315
324
337
348
353
351
347
343
341
335
320
292
253
210
164
119
71
23
-30
-88
-148
-206
-252
-287
-316
-349
-386
-418
-435
-439
-431
-416
-406
-398
-384
-366
-337
-301
-268
-241
-215
-193
-167
-129
-89
-54
-25
-3
21
48
74
97
116
135
150
168
191
212
235
257
279
298
318
333
341
344
348
353
352
347
334
317
296
278
260
242
218
185
149
112
75
39
6
-30
-72
-119
-167
-209
-240
-266
-288
-314
-342
-364
-373
-374
-374
-373
-377
-376
-369
-353
-326
-298
-273
-248
-220
-186
-148
-106
-63
-27
4
29
50
77
103
125
141
154
164
181
206
229
255
275
289
307
321
335
342
345
342
333
324
311
294
278
255
230
202
167
131
99
64
29
-4
-44
-82
-117
-152
-188
-219
-243
-264
-281
-295
-309
-317
-318
-317
-311
-304
-299
-293
-283
-267
-245
-221
-195
-167
-137
-109
-83
-59
-32
-7
16
38
56
70
82
93
104
118
132
144
154
167
181
195
213
230
248
260
261
260
257
252
249
240
223
203
183
156
128
100
72
44
16
-14
-42
-68
-87
-109
-133
-159
-187
-207
-225
-238
-249
-258
-264
-265
-262
-256
-242
-232
-224
-213
-196
-173
-149
-121
-93
-64
-33
-4
24
51
75
93
108
123
132
138
136
133
134
133
130
125
123
123
124
128
134
140
152
163
171
176
174
171
175
178
174
164
144
117
91
67
39
12
-21
-56
-84
-108
-129
-144
-159
-173
-181
-186
-189
-194
-196
-195
-190
-186
-185
-184
-180
-175
-171
-167
-159
-151
-141
-130
-113
-86
-55
-26
4
33
62
94
124
147
164
173
184
191
195
196
189
176
165
148
135
120
103
92
79
69
60
58
60
63
67
66
62
55
49
44
40
31
13
-1
-16
-33
-47
-66
-83
-99
-117
-128
-137
-142
-146
-151
-154
-156
-153
-147
-146
-140
-135
-130
-122
-113
-106
-101
-94
-89
-79
-64
-50
-35
-18
1
24
48
72
94
115
136
154
173
188
200
209
212
209
206
197
185
170
149
122
92
67
46
25
9
-3
-22
-38
-52
-61
-65
-68
-73
-79
-76
-70
-64
-59
-64
-67
-67
-71
-76
-80
-84
-86
-86
-83
-82
-81
-80
-76
-68
-62
-57
-52
-49
-47
-44
-39
-36
-27
-21
-17
-11
-4
7
20
35
56
77
97
110
127
145
155
159
163
163
163
160
156
155
146
135
119
102
84
64
45
26
4
-17
-40
-60
-74
-87
-101
-112
-116
-116
-113
-111
-112
-106
-99
-90
-81
-73
-64
-61
-53
-47
-46
-45
-48
-52
-57
-64
-70
-79
-86
-93
-96
-94
-95
-87
-73
-61
-45
-31
-17
-1
14
34
50
66
83
93
105
116
125
132
137
136
134
131
124
118
113
102
88
75
61
53
49
43
38
29
24
20
14
10
5
-1
-6
-14
-27
-37
-42
-50
-54
-57
-66
-71
-74
-78
-79
-81
-82
-82
-84
-88
-95
-93
-93
-92
-93
-102
-111
-114
-114
-107
-100
-93
-88
-81
-69
-50
-30
-6
12
29
51
67
84
100
111
118
122
119
112
106
100
95
91
79
65
56
45
39
34
31
27
23
22
20
24
26
30
33
34
37
36
31
29
26
22
18
11
2
-10
-19
-27
-38
-48
-59
-74
-88
-101
-110
-115
-118
-116
-115
-113
-108
-100
-87
-73
-57
-46
-30
-16
1
17
27
42
53
63
76
84
90
97
104
104
106
103
92
82
73
61
48
32
14
-3
-16
-27
-37
-42
-47
-51
-54
-48
-40
-35
-26
-20
-13
-5
1
7
13
20
27
30
30
31
29
26
24
22
13
-1
-13
-28
-41
-46
-55
-65
-70
-77
-79
-77
-69
-62
-55
-45
-31
-17
1
19
36
54
72
84
98
107
113
115
113
104
94
85
72
59
48
34
19
5
-7
-18
-29
-37
-45
-48
-51
-54
-57
-57
-54
-53
-52
-45
-41
-35
-27
-19
-11
-1
7
16
25
31
38
42
46
47
47
45
39
30
23
16
8
-2
-15
-31
-44
-53
-57
-61
-61
-61
-61
-57
-52
-45
-34
-19
-2
17
33
50
64
79
89
93
96
94
87
78
69
56
42
28
12
-4
-20
-28
-36
-45
-51
-55
-57
-58
-59
-55
-48
-43
-38
-35
-31
-28
-25
-23
-16
-12
-7
1
9
18
24
31
39
43
45
46
46
45
42
37
33
25
19
13
8
2
-4
-13
-20
-28
-33
-33
-36
-35
-33
-29
-22
-14
-6
1
10
20
31
39
44
47
48
46
44
40
33
24
13
4
-4
-12
-22
-30
-38
-42
-47
-48
-47
-43
-41
-38
-35
-30
-28
-24
-20
-17
-12
-12
-11
-8
-4
1
5
12
15
19
22
23
30
36
39
43
41
44
43
38
37
32
28
22
15
8
-3
-15
-26
-35
-46
-49
-54
-59
-56
-49
-41
-32
-22
-15
-7
3
14
24
30
31
31
31
32
33
31
25
20
15
11
9
1
-6
-13
-21
-24
-28
-32
-35
-35
-35
-37
-37
-36
-35
-32
-27
-24
-21
-17
-13
-8
-3
3
12
17
23
27
34
40
46
51
53
54
53
52
47
40
29
19
8
-2
-11
-18
-30
-37
-43
-50
-53
-56
-54
-50
-45
-38
-32
-22
-13
-5
0
6
16
24
26
26
26
25
21
17
11
2
-7
-11
-15
-23
-29
-32
-34
-38
-40
-41
-39
-40
-36
-30
-29
-25
-21
-16
-8
-2
2
6
7
13
18
22
26
31
38
41
42
41
39
36
31
25
14
6
0
-7
-15
-21
-25
-29
-32
-29
-31
-34
-32
-27
-27
-23
-19
-14
-6
-1
7
16
22
29
35
39
43
44
43
41
38
36
32
27
22
21
14
9
7
4
1
-3
-5
-7
-9
-8
-8
-7
-4
-1
2
5
7
10
15
17
19
21
21
22
23
23
23
21
23
19
16
12
10
4
-2
-7
-10
-15
-18
-20
-21
-20
-17
-17
-17
-16
-15
-13
-11
-12
-9
-6
-6
-3
-1
0
4
6
4
1
-1
0
-3
-7
-10
-12
-12
-14
-12
-12
-15
-14
-16
-16
-14
-13
-13
-11
-8
-8
-6
-1
4
11
20
22
24
27
27
25
26
24
22
18
13
8
3
-3
-10
-17
-25
-34
-41
-45
-45
-43
-42
-37
-26
-18
-6
0
3
12
17
20
23
26
27
25
24
22
25
24
21
13
5
0
-10
-23
-36
-43
-45
-50
-51
-52
-48
-42
-40
-33
-27
-21
-12
-5
0
4
8
11
18
27
36
43
46
48
49
48
47
40
37
30
19
13
5
0
-4
-11
-17
-23
-29
-33
-34
-32
-30
-27
-23
-17
-3
12
26
39
47
53
59
65
66
66
63
56
45
36
26
15
2
-12
-24
-36
-44
-53
-64
-69
-70
-71
-68
-63
-57
-47
-37
-29
-24
-23
-17
-9
-1
6
12
18
25
40
53
58
59
57
56
51
44
37
23
8
-3
-13
-23
-28
-34
-44
-49
-51
-49
-47
-48
-45
-37
-25
-14
-4
6
13
26
41
53
61
68
77
87
95
97
96
89
80
69
56
38
13
-29
-79
-119
-131
-126
-127
-141
-151
-132
-87
-41
-14
-6
3
17
32
43
44
40
34
30
27
23
23
30
34
33
30
25
23
29
33
34
34
29
23
10
-7
-21
-38
-69
-124
-194
-256
-286
-289
-280
-263
-233
-180
-106
-25
54
125
181
217
233
232
221
210
189
158
116
64
20
-14
-37
-54
-69
-86
-97
-99
-89
-74
-57
-42
-32
-26
-18
-14
-14
-10
-4
-6
-13
-24
-23
-8
14
25
28
41
61
81
86
87
95
106
102
84
66
52
27
-16
-68
-112
-145
-175
-204
-225
-228
-216
-195
-166
-128
-81
-33
2
36
72
100
121
138
156
165
161
149
138
144
149
132
97
75
67
53
28
5
-7
-18
-31
-35
-35
-28
-20
-14
-9
-3
2
5
22
45
54
54
52
57
73
76
77
84
88
80
57
45
51
53
47
26
6
-4
-12
-14
-9
-4
-5
-16
-17
-10
-6
-2
4
10
16
8
5
19
38
50
53
55
66
73
75
77
81
87
83
67
52
45
44
38
32
22
2
-18
-26
-25
-24
-26
-33
-34
-32
-24
-13
-5
3
7
4
1
-2
-6
-8
-10
-12
-16
-19
-19
-16
-13
-12
-10
-6
-9
-14
-15
-15
-13
-12
-12
-13
-12
-3
6
13
12
8
9
12
10
3
-10
-19
-26
-32
-37
-43
-48
-48
-46
-43
-41
-34
-25
-13
-6
-7
-9
-9
-9
-7
-8
-12
-16
-21
-28
-30
-24
-15
-7
-6
-16
-28
-31
-26
-17
-13
-18
-30
-39
-34
-29
-24
-21
-20
-26
-41
-47
-45
-38
-25
-14
-8
-6
-6
-1
10
25
34
32
24
14
8
10
15
17
13
6
-8
-16
-20
-17
-9
-4
-6
-10
-11
-9
1
14
19
24
25
23
22
21
29
37
38
31
22
17
18
24
29
32
25
19
15
17
21
20
16
10
2
-5
-9
-10
-10
-9
-13
-20
-24
-23
-18
-12
-8
0
5
12
16
16
19
19
19
20
16
11
-1
-7
-9
-12
-13
-15
-17
-19
-21
-21
-22
-19
-12
-9
-11
-19
-21
-15
-5
5
10
10
5
4
10
15
20
26
24
19
6
-5
-8
-8
-11
-17
-24
-32
-34
-31
-30
-26
-21
-20
-25
-34
-36
-31
-21
-11
-5
-4
-3
1
7
12
15
15
16
11
9
8
10
11
11
8
5
4
-1
-3
-6
-8
-9
-11
-12
-15
-20
-22
-20
-13
-7
-5
-1
-1
0
-1
3
7
8
9
5
4
5
6
11
17
16
13
5
-7
-11
-8
-5
-9
-15
-22
-26
-26
-17
-11
-8
-8
-11
-13
-15
-12
-3
4
12
13
12
14
17
23
29
30
26
17
9
6
10
16
19
19
13
7
3
2
3
6
2
-6
-16
-20
-17
-10
-5
-4
-8
-11
-14
-13
-6
-2
0
1
-4
-10
-9
-6
1
7
6
5
3
3
8
16
18
13
3
-6
-8
-5
-2
5
7
7
6
6
10
16
22
27
24
22
24
29
39
40
38
32
23
18
15
10
11
10
0
-6
-10
-12
-9
-7
-6
-10
-18
-20
-17
-14
-7
-7
-9
-12
-14
-12
-9
-5
-3
-4
-6
-13
-15
-11
-8
-5
-9
-16
-20
-25
-21
-20
-20
-18
-23
-27
-25
-24
-15
-9
-9
-13
-16
-18
-14
-7
0
4
5
6
9
14
20
29
33
32
32
25
23
21
15
12
5
-5
-14
-18
-22
-24
-20
-19
-16
-9
-6
-3
4
11
15
20
23
21
21
22
23
21
18
16
14
12
10
9
6
5
4
3
2
-3
-3
-5
-6
-6
-9
-9
-9
-12
-11
-9
-5
-3
-3
-3
0
3
9
15
19
19
13
7
3
1
2
4
4
2
0
-1
-3
1
5
6
7
4
-2
-3
-3
6
15
15
11
7
8
12
18
23
22
13
9
8
9
13
16
16
13
8
6
6
9
11
6
-2
-10
-17
-18
-22
-21
-19
-23
-27
-31
-31
-25
-18
-10
-12
-15
-15
-12
-4
5
9
12
12
15
19
20
21
22
19
12
7
4
4
7
9
8
4
1
-3
-5
-4
-6
-9
-14
-19
-18
-17
-15
-12
-14
-12
-13
-13
-8
-7
-6
-7
-9
-13
-9
-5
-3
-2
-2
-3
-3
0
1
-1
-5
-8
-10
-10
-10
-7
-4
-4
-3
-2
-1
0
3
6
3
0
-3
-4
3
9
17
18
14
11
11
12
14
13
12
7
0
-1
0
1
5
3
0
-2
-7
-10
-10
-9
-9
-10
-13
-14
-13
-10
-5
-4
-5
-5
-7
-10
-8
-2
3
5
1
1
2
7
7
5
1
-4
-7
-12
-16
-19
-19
-17
-14
-12
-10
-7
-2
2
8
7
8
9
11
12
13
14
13
15
13
13
15
15
17
16
14
11
9
9
8
9
9
8
8
7
7
7
8
9
9
7
9
5
1
2
-3
-4
-8
-11
-10
-11
-10
-8
-9
-7
-2
2
5
6
5
7
9
12
13
13
13
9
7
3
1
-3
-4
-8
-14
-16
-18
-21
-21
-24
-23
-24
-25
-23
-21
-15
-12
-7
-1
3
10
18
23
23
23
18
13
10
9
4
-3
-7
-12
-15
-16
-18
-17
-18
-18
-19
-19
-19
-16
-14
-10
-5
-1
0
-1
2
2
3
6
3
3
3
2
2
2
2
3
5
8
7
6
7
7
6
7
5
2
0
0
2
3
3
3
2
1
2
1
2
2
3
3
4
3
0
0
0
-3
-2
-5
-6
-9
-10
-9
-7
-4
-4
-4
-4
-5
-5
-5
-3
-4
-3
-4
-6
-5
-6
-3
-3
-6
-2
-4
-8
-8
-7
-7
-8
-8
-4
-3
-1
5
9
12
13
12
9
9
9
7
7
5
0
-1
-2
-3
0
-3
-9
-13
-15
-14
-11
-10
-9
-6
-3
1
2
3
11
14
16
17
12
13
14
13
17
16
11
7
2
0
-1
-2
-1
0
1
2
3
7
10
13
15
18
20
19
18
15
13
11
7
3
-1
-3
-6
-10
-14
-16
-20
-20
-20
-18
-15
-13
-12
-7
-4
-1
1
2
3
2
0
-5
-8
-8
-10
-10
-12
-15
-13
-12
-12
-12
-10
-9
-9
-4
-6
-4
-5
-5
-2
-2
-1
-4
-5
-7
-7
-7
-9
-7
-8
-6
-4
-7
-7
-6
-7
-6
-5
-3
-3
-4
-4
-5
-3
1
-1
-1
1
0
-3
-5
-6
-5
-5
-3
-6
-10
-6
1
2
3
5
6
5
6
8
5
5
5
3
1
-2
-7
-9
-10
-12
-13
-13
-14
-13
-10
-7
-2
0
1
4
10
13
12
14
13
14
14
12
12
12
7
7
5
2
-1
-5
-6
-6
-7
-5
-6
-5
-2
2
8
9
10
11
13
15
15
17
17
13
13
8
6
3
-1
-1
-1
-4
-4
-3
-3
-1
3
6
6
5
7
7
5
2
-1
-2
-3
-7
-12
-16
-18
-20
-23
-23
-23
-21
-18
-15
-14
-12
-8
-4
2
4
8
11
13
16
17
17
16
12
9
8
9
6
1
2
0
-2
0
0
2
5
6
6
6
8
9
13
17
14
13
10
8
9
10
11
10
8
6
4
1
-3
-1
-2
-4
-3
-2
-1
-3
-2
-2
-2
1
-1
-2
-2
-4
-6
-9
-11
-11
-12
-12
-13
-14
-10
-8
-7
-4
-4
-3
-3
0
4
4
6
8
8
9
9
8
6
4
1
-3
-5
-9
-10
-9
-12
-12
-13
-16
-14
-10
-10
-11
-10
-11
-7
-7
-5
-5
-7
-7
-7
-11
-14
-15
-16
-18
-20
-21
-19
-18
-18
-15
-11
-10
-4
-2
-1
3
2
1
3
2
1
-1
-3
-4
-3
-4
-7
-7
-7
-9
-8
-11
-10
-7
-7
-7
-3
-2
-2
0
0
-1
0
-1
0
-2
-4
-4
-4
-3
-1
-1
0
0
-1
1
3
2
5
8
10
11
15
17
17
19
19
20
20
18
19
18
17
17
15
15
15
14
17
19
21
25
22
22
24
26
25
24
27
24
24
26
24
24
23
19
18
17
13
14
15
13
14
14
13
14
13
12
14
12
13
13
13
15
15
15
13
10
7
4
2
-1
0
1
-1
-3
-4
-5
-2
-1
1
3
2
2
0
0
0
0
0
-1
-2
-1
-4
-6
-4
-5
-5
-6
-8
-7
-5
-7
-6
-5
-4
-6
-8
-10
-12
-14
-16
-15
-17
-18
-19
-20
-21
-22
-20
-20
-20
-19
-20
-22
-23
-22
-23
-23
-22
-22
-21
-17
-17
-20
-19
-19
-20
-18
-17
-17
-15
-15
-14
-13
-12
-10
-9
-8
-9
-8
-8
-9
-9
-9
-9
-11
-10
-11
-13
-13
-13
-13
-15
-17
-16
-18
-17
-17
-13
-11
-8
-5
-4
-3
-4
-4
-2
-3
-5
-6
-6
-7
-7
-5
-6
-9
-6
-6
-8
-6
-3
-4
-6
-3
-1
-2
-2
1
0
-2
0
-5
-7
-7
-10
-14
-17
-17
-18
-17
-11
-8
-5
-3
-1
1
0
3
5
9
13
11
12
12
8
9
6
7
7
6
4
-1
-3
-2
-1
1
3
6
9
11
12
15
15
14
18
18
20
17
14
14
12
11
11
12
10
13
14
14
15
16
16
16
20
21
20
23
24
22
22
20
15
14
10
6
4
3
2
-5
-4
-2
-6
-6
-3
-5
-4
-2
-2
-2
0
4
5
4
6
5
6
6
5
4
4
5
2
2
2
0
1
4
4
8
11
14
17
16
18
19
19
18
18
18
17
17
