-63
-58
-54
-48
-43
-35
-28
-21
-11
-2
8
10
15
20
21
24
25
24
26
23
22
24
23
22
24
22
23
22
22
21
16
15
12
8
4
0
-8
-11
-12
-15
-18
-17
-21
-22
-26
-30
-27
-28
-27
-23
-25
-24
-22
-22
-19
-17
-18
-18
-19
-16
-12
-11
-12
-10
-8
-7
-7
-6
-3
0
4
6
7
8
12
10
8
8
3
2
4
1
-6
-6
-7
-9
-10
-14
-11
-12
-14
-15
-14
-14
-15
-15
-15
-18
-17
-15
-16
-14
-13
-13
-13
-15
-17
-16
-14
-12
-8
-6
-7
-4
1
2
5
10
14
14
15
15
18
22
21
22
21
19
18
19
16
17
14
10
8
5
0
-3
-2
-1
-4
-7
-7
-11
-11
-14
-17
-16
-17
-18
-20
-19
-17
-17
-19
-18
-17
-16
-15
-14
-11
-13
-12
-7
-7
-7
-5
-2
-2
-2
0
4
4
9
9
8
11
9
8
9
11
13
15
17
17
19
21
22
20
22
25
22
24
25
22
20
18
19
17
16
18
17
18
17
15
13
12
11
12
13
12
10
6
5
7
5
4
5
4
5
2
1
-1
-3
-3
-2
-5
-7
-9
-13
-10
-9
-6
-5
-1
2
5
10
17
20
25
33
38
42
43
41
38
37
35
28
27
22
19
16
10
5
4
-1
-3
-1
-1
-4
-8
-8
-10
-14
-16
-18
-22
-24
-26
-33
-38
-41
-43
-46
-50
-50
-53
-56
-57
-58
-55
-53
-48
-40
-30
-21
-12
-3
9
20
35
50
61
71
77
79
80
80
81
80
76
71
68
60
51
45
39
32
25
18
13
8
2
-4
-8
-13
-17
-20
-23
-23
-25
-28
-30
-35
-40
-46
-51
-55
-57
-60
-60
-62
-63
-64
-60
-56
-51
-48
-42
-33
-26
-17
-8
1
9
13
19
21
22
24
30
32
34
39
34
30
30
27
21
20
21
20
16
14
12
8
8
7
3
5
7
5
8
10
6
5
3
2
-2
-7
-10
-15
-21
-23
-27
-31
-30
-31
-33
-35
-37
-35
-34
-33
-29
-28
-26
-28
-28
-26
-30
-28
-30
-31
-29
-32
-31
-30
-30
-28
-27
-26
-21
-18
-20
-15
-12
-13
-9
-6
-4
2
5
7
11
12
13
16
20
24
26
30
32
31
34
34
30
29
27
24
22
18
14
11
8
6
4
3
1
1
1
1
0
-1
-4
-3
-3
-5
-7
-8
-8
-11
-13
-10
-14
-15
-11
-11
-15
-14
-15
-13
-12
-13
-11
-11
-7
-7
-8
-4
-4
1
6
4
6
8
7
10
6
2
3
-1
-1
1
1
3
5
11
18
22
31
40
47
56
67
77
84
90
98
101
101
101
100
92
90
86
74
69
59
51
46
35
30
25
23
22
18
18
17
13
13
16
12
10
7
4
-2
-5
-9
-13
-16
-19
-23
-28
-30
-35
-39
-40
-42
-38
-39
-40
-35
-34
-31
-27
-21
-12
-10
-6
2
5
11
13
14
20
22
24
26
27
26
25
25
22
19
19
20
18
18
20
18
17
15
16
15
15
16
17
15
11
11
7
4
2
1
-3
-4
-7
-8
-8
-10
-13
-13
-14
-14
-10
-9
-10
-7
-4
-3
-3
-3
-1
5
8
8
13
13
16
20
19
25
27
26
30
30
30
29
29
31
29
29
31
28
28
29
27
27
24
22
23
22
19
16
18
12
10
11
6
6
6
3
4
4
0
2
2
2
8
6
10
15
15
18
18
19
23
22
26
26
24
23
20
19
18
17
16
13
12
11
10
7
5
-2
-2
0
-5
-6
-7
-8
-12
-14
-16
-18
-19
-20
-25
-28
-29
-31
-36
-37
-40
-44
-42
-42
-41
-35
-30
-26
-16
-6
4
13
27
40
48
60
65
69
72
73
71
68
64
56
48
37
27
16
7
-4
-14
-18
-26
-34
-36
-43
-49
-51
-54
-59
-63
-65
-69
-70
-76
-82
-85
-91
-95
-99
-105
-111
-118
-123
-126
-128
-130
-126
-120
-114
-106
-98
-91
-80
-70
-59
-47
-36
-27
-18
-12
-9
-5
2
5
7
7
7
4
3
1
-3
-7
-10
-12
-13
-16
-19
-20
-24
-26
-29
-31
-30
-34
-36
-38
-41
-44
-49
-54
-56
-59
-62
-64
-66
-67
-71
-76
-79
-80
-81
-81
-81
-82
-83
-85
-83
-84
-80
-77
-74
-72
-71
-68
-65
-64
-61
-59
-56
-55
-54
-50
-49
-45
-39
-36
-30
-27
-24
-17
-15
-11
-6
-3
3
5
6
11
13
12
14
14
16
15
15
16
15
18
16
12
13
13
12
13
11
12
12
8
7
6
7
3
1
2
0
-1
1
3
2
1
2
1
2
3
4
5
4
5
5
7
6
7
10
12
17
21
23
25
26
29
31
34
36
37
40
42
45
46
47
50
49
52
54
52
53
56
54
55
56
56
55
53
55
55
55
56
53
51
49
47
47
44
40
39
38
34
28
24
19
17
11
8
5
0
-1
-5
-9
-8
-6
-6
-5
-1
0
0
2
3
1
3
5
5
8
9
10
14
16
20
24
30
37
44
55
67
74
89
100
109
119
128
136
141
143
140
137
134
128
121
112
100
87
74
61
45
34
24
11
1
-9
-21
-32
-39
-46
-54
-60
-65
-73
-76
-80
-85
-87
-88
-95
-98
-100
-104
-105
-106
-106
-104
-104
-100
-92
-89
-80
-73
-65
-50
-41
-31
-16
-12
-3
9
16
22
25
28
31
33
34
35
33
33
30
25
20
16
12
6
1
-3
-10
-13
-17
-23
-24
-27
-29
-31
-37
-37
-38
-41
-38
-36
-38
-35
-36
-34
-28
-27
-25
-22
-21
-21
-18
-17
-13
-11
-8
-5
-1
0
1
5
3
6
10
11
15
15
16
17
17
16
13
10
7
3
0
-3
-5
-6
-9
-10
-12
-13
-16
-17
-19
-19
-17
-20
-21
-18
-15
-14
-12
-10
-9
-8
-6
-4
-1
2
7
12
15
14
18
19
19
22
24
25
27
30
32
33
35
36
38
38
36
39
35
33
30
26
23
20
16
13
10
6
4
1
-1
-2
-5
-7
-6
-7
-9
-10
-9
-11
-16
-17
-19
-18
-18
-20
-20
-20
-19
-20
-24
-21
-20
-23
-20
-18
-17
-16
-17
-15
-12
-12
-10
-9
-7
-5
-7
-6
-5
-5
-4
-2
1
2
4
1
2
2
1
1
-1
0
1
0
1
-1
0
1
2
0
-2
0
-3
-8
-10
-13
-14
-17
-21
-25
-26
-27
-27
-23
-24
-26
-23
-22
-22
-20
-19
-20
-19
-20
-19
-17
-20
-22
-20
-20
-18
-17
-18
-18
-17
-16
-14
-11
-7
-4
0
3
8
11
11
14
14
13
18
20
19
22
24
21
22
22
23
25
24
24
23
21
21
19
18
14
16
17
14
11
11
9
9
9
8
9
8
8
7
5
5
5
5
4
3
5
4
5
4
4
3
3
7
8
8
14
14
15
19
20
22
23
23
21
23
23
21
22
22
20
24
23
22
23
24
25
25
23
23
22
24
25
24
27
29
28
30
32
31
34
38
36
36
36
35
35
37
37
35
31
33
34
31
32
31
29
29
28
28
30
33
33
35
38
41
40
39
38
34
35
35
31
28
28
23
19
18
13
11
9
7
5
3
2
2
-3
-5
-5
-7
-5
-8
-11
-11
-11
-13
-13
-15
-17
-17
-17
-17
-16
-16
-15
-17
-19
-15
-14
-11
-8
-5
-3
2
5
8
10
11
15
20
21
22
24
22
23
24
22
22
19
18
17
14
11
10
7
4
1
-2
-3
-7
-10
-15
-21
-26
-28
-32
-36
-37
-40
-42
-44
-48
-51
-55
-55
-56
-57
-59
-60
-62
-64
-66
-68
-67
-66
-65
-64
-62
-59
-54
-53
-48
-43
-37
-32
-26
-21
-16
-11
-9
-3
3
6
9
11
15
18
19
21
23
23
23
22
24
23
21
18
15
14
12
9
6
1
-3
-5
-10
-14
-17
-20
-24
-27
-31
-32
-35
-36
-39
-43
-44
-44
-46
-44
-42
-42
-41
-39
-35
-28
-27
-23
-18
-14
-6
-6
-2
3
6
9
15
16
17
22
23
23
28
27
25
23
25
27
25
23
19
17
13
9
5
1
-2
-5
-7
-11
-14
-15
-20
-25
-26
-24
-25
-30
-28
-28
-30
-30
-32
-32
-29
-30
-31
-28
-27
-26
-24
-23
-19
-16
-12
-7
-6
1
1
2
7
8
10
14
14
17
20
20
23
23
24
29
30
32
35
34
35
34
34
38
36
34
35
34
32
32
29
26
25
23
22
22
16
14
10
5
2
-2
-3
-9
-15
-19
-23
-26
-32
-34
-36
-41
-44
-46
-49
-53
-56
-58
-60
-57
-58
-58
-57
-56
-54
-52
-51
-45
-39
-36
-31
-24
-16
-10
-2
6
15
21
29
39
45
56
64
69
78
84
89
94
96
103
108
110
111
112
113
112
111
108
101
97
93
85
78
72
63
54
41
32
24
11
0
-13
-25
-38
-45
-53
-62
-73
-82
-89
-101
-111
-116
-122
-128
-132
-136
-136
-137
-138
-139
-134
-130
-126
-119
-111
-99
-89
-76
-62
-50
-35
-18
-5
12
30
46
62
79
95
111
126
138
152
165
176
185
194
202
209
215
216
214
213
211
206
198
189
179
161
147
132
114
95
72
50
29
8
-18
-41
-62
-85
-108
-130
-148
-168
-186
-201
-215
-226
-234
-239
-244
-250
-253
-251
-250
-246
-236
-227
-214
-197
-180
-161
-139
-116
-91
-66
-38
-9
19
48
78
106
134
160
189
214
236
259
280
296
311
324
332
339
342
340
335
326
313
296
279
256
230
201
170
138
102
65
31
-11
-54
-93
-128
-165
-202
-235
-269
-295
-322
-344
-361
-377
-389
-399
-403
-401
-399
-392
-381
-367
-349
-328
-306
-281
-254
-223
-190
-160
-125
-91
-52
-14
27
69
107
148
190
228
268
303
337
371
397
423
446
462
472
480
483
478
469
458
440
416
389
359
325
288
251
212
170
129
91
50
7
-33
-69
-109
-148
-184
-220
-255
-288
-318
-347
-376
-399
-422
-440
-454
-469
-482
-490
-495
-502
-500
-495
-490
-480
-468
-450
-430
-406
-379
-350
-314
-276
-233
-187
-140
-88
-39
14
70
126
183
240
297
350
398
446
489
530
566
595
618
637
648
653
652
640
627
609
582
552
518
480
438
391
344
296
245
195
143
87
34
-15
-68
-121
-172
-222
-269
-316
-361
-405
-450
-491
-528
-563
-594
-620
-644
-662
-674
-684
-685
-684
-678
-667
-649
-625
-597
-564
-527
-484
-436
-384
-327
-271
-207
-143
-75
-7
60
131
199
266
332
393
452
512
564
611
653
689
718
739
754
763
766
758
746
729
706
674
637
594
550
501
448
396
342
287
229
173
113
56
4
-50
-102
-150
-197
-246
-291
-332
-374
-414
-450
-483
-513
-543
-570
-593
-615
-635
-645
-655
-663
-664
-661
-652
-640
-624
-600
-576
-544
-505
-460
-415
-366
-309
-253
-192
-128
-61
4
71
141
213
283
348
411
470
524
576
625
664
697
725
745
760
766
764
755
737
712
683
647
603
559
510
458
405
349
293
238
182
125
71
19
-33
-81
-129
-176
-217
-257
-297
-332
-368
-401
-431
-462
-493
-519
-544
-566
-586
-603
-616
-626
-634
-638
-636
-630
-621
-609
-589
-565
-537
-505
-469
-428
-381
-332
-280
-222
-166
-106
-41
22
85
148
213
279
340
402
458
514
561
606
646
679
706
726
742
750
750
742
727
707
682
648
613
572
526
478
425
371
315
260
205
147
93
41
-12
-63
-112
-160
-206
-250
-291
-331
-369
-405
-440
-476
-509
-536
-565
-589
-610
-628
-643
-654
-662
-669
-668
-662
-653
-637
-619
-594
-567
-535
-497
-456
-413
-365
-314
-258
-202
-141
-80
-16
49
114
178
243
307
370
432
488
540
590
634
673
708
735
755
769
775
770
763
747
720
693
660
621
580
531
479
429
374
319
264
208
153
98
48
-2
-51
-95
-141
-183
-222
-260
-299
-335
-368
-401
-432
-464
-494
-521
-544
-567
-588
-606
-619
-629
-635
-638
-637
-633
-624
-611
-589
-564
-535
-504
-469
-425
-380
-334
-285
-232
-175
-119
-61
-1
60
124
187
250
310
367
425
479
529
573
615
649
678
702
720
730
735
732
722
706
684
656
623
588
546
502
459
411
362
313
262
212
162
114
68
22
-24
-66
-108
-148
-193
-234
-272
-313
-349
-386
-422
-454
-488
-518
-546
-573
-596
-618
-635
-646
-655
-660
-658
-656
-647
-634
-615
-594
-567
-533
-497
-455
-408
-362
-310
-256
-200
-141
-81
-18
47
111
171
236
298
355
414
471
522
572
617
655
691
716
734
750
758
758
754
745
728
705
678
644
606
567
522
476
430
383
331
277
224
171
121
71
18
-32
-78
-128
-176
-225
-276
-321
-367
-412
-452
-491
-528
-561
-593
-624
-649
-673
-692
-703
-708
-711
-708
-700
-687
-672
-651
-625
-595
-561
-523
-482
-436
-386
-335
-280
-223
-166
-104
-41
22
84
146
208
269
327
387
441
493
546
590
634
672
701
727
746
760
768
764
760
751
736
714
686
655
617
576
532
485
436
382
327
273
221
167
110
51
-5
-57
-109
-161
-212
-261
-306
-354
-401
-441
-482
-520
-554
-590
-615
-637
-657
-675
-688
-696
-700
-700
-693
-682
-666
-646
-622
-596
-562
-527
-489
-445
-399
-352
-301
-249
-194
-135
-80
-25
33
92
150
208
262
319
375
425
473
521
560
601
637
665
690
709
723
731
732
730
722
707
691
664
634
601
557
515
470
424
373
318
265
211
157
102
46
-7
-59
-109
-161
-209
-257
-301
-346
-391
-429
-466
-502
-533
-562
-587
-609
-627
-641
-654
-658
-659
-658
-649
-637
-623
-601
-579
-554
-524
-491
-452
-413
-371
-325
-278
-232
-183
-135
-82
-33
18
73
122
172
221
267
316
359
400
441
476
514
546
574
603
623
640
652
659
664
663
655
644
628
607
582
550
519
483
442
402
356
312
265
215
166
115
63
16
-33
-82
-131
-176
-216
-261
-304
-347
-384
-419
-454
-482
-511
-538
-557
-576
-591
-599
-606
-611
-608
-601
-592
-580
-566
-544
-521
-496
-466
-435
-398
-359
-319
-279
-237
-192
-149
-101
-58
-10
37
79
126
172
213
256
297
338
378
413
446
477
506
534
556
576
592
603
612
616
615
610
598
581
566
548
519
488
456
418
377
337
290
244
198
149
102
53
5
-41
-88
-136
-180
-224
-266
-307
-346
-379
-411
-440
-468
-494
-513
-531
-547
-559
-563
-565
-566
-560
-552
-543
-529
-510
-489
-467
-440
-409
-376
-343
-305
-266
-227
-185
-141
-97
-58
-15
29
69
109
150
186
225
261
292
325
355
381
407
426
447
467
480
490
501
507
510
510
509
505
497
485
468
447
425
399
368
336
302
269
232
193
155
115
76
36
-2
-39
-76
-112
-149
-183
-215
-247
-277
-305
-330
-356
-380
-399
-417
-430
-444
-451
-456
-463
-464
-462
-459
-452
-441
-424
-406
-383
-360
-338
-311
-282
-249
-219
-186
-151
-121
-84
-49
-13
21
53
87
116
145
173
197
224
246
265
288
305
320
335
347
359
369
374
379
382
385
385
380
377
373
365
357
345
329
312
290
271
247
219
193
162
134
102
67
34
-2
-36
-69
-103
-135
-166
-196
-223
-249
-279
-305
-325
-348
-366
-381
-394
-402
-409
-411
-411
-406
-398
-386
-371
-353
-332
-308
-282
-255
-225
-196
-164
-129
-95
-62
-27
1
30
58
83
109
134
158
174
195
215
229
243
254
266
276
284
292
297
302
306
306
309
306
300
297
293
286
280
272
260
248
235
217
197
175
152
125
97
66
35
9
-20
-53
-83
-111
-142
-170
-199
-228
-251
-273
-296
-315
-328
-343
-355
-359
-364
-365
-363
-360
-348
-338
-326
-306
-286
-266
-242
-216
-188
-161
-132
-102
-74
-44
-13
10
35
60
84
106
126
144
161
176
190
198
206
215
225
232
235
237
241
242
240
242
242
240
242
243
247
245
242
240
233
229
218
202
191
177
160
141
116
90
68
40
14
-9
-35
-61
-85
-112
-140
-164
-187
-209
-230
-244
-261
-272
-279
-287
-289
-289
-289
-287
-280
-276
-266
-253
-241
-228
-214
-197
-180
-162
-144
-124
-102
-80
-61
-42
-23
-4
18
39
57
74
91
107
122
136
148
156
168
179
186
192
196
199
202
203
203
200
197
195
193
189
184
181
176
170
163
155
148
139
128
115
104
94
81
66
54
41
27
12
-4
-22
-37
-54
-71
-84
-97
-112
-127
-140
-150
-164
-172
-176
-184
-184
-186
-189
-186
-183
-179
-175
-172
-164
-154
-144
-138
-127
-116
-106
-96
-84
-72
-57
-39
-21
-6
10
27
38
50
61
71
81
89
99
106
112
112
110
105
100
93
86
77
69
67
63
58
58
56
50
50
50
50
52
51
49
48
48
46
43
43
39
35
32
27
27
28
27
23
20
15
5
-2
-8
-16
-21
-32
-44
-56
-65
-79
-91
-100
-111
-120
-126
-131
-131
-134
-138
-137
-137
-133
-127
-121
-117
-109
-104
-100
-92
-85
-74
-63
-54
-44
-27
-9
8
25
41
54
68
79
91
98
96
88
67
44
19
-11
-46
-89
-126
-149
-155
-145
-124
-106
-93
-82
-65
-44
-19
1
21
35
44
53
59
65
64
49
25
-9
-40
-64
-84
-101
-118
-132
-147
-160
-166
-167
-163
-157
-153
-151
-154
-159
-159
-150
-140
-140
-148
-164
-176
-173
-158
-135
-116
-102
-92
-78
-50
-10
29
61
77
84
92
110
139
163
175
179
179
184
200
221
237
242
241
242
249
265
280
288
286
279
277
279
284
285
278
264
250
237
229
221
203
179
154
130
114
97
81
59
30
0
-30
-57
-79
-109
-142
-174
-204
-229
-241
-254
-266
-277
-289
-293
-288
-281
-274
-266
-258
-250
-235
-214
-195
-172
-148
-125
-100
-71
-36
1
43
85
130
180
222
266
308
341
375
401
426
446
459
468
475
484
489
492
495
493
490
485
476
462
451
438
423
408
393
375
356
324
288
248
205
163
118
67
8
-52
-112
-172
-228
-284
-345
-411
-474
-526
-564
-598
-633
-669
-703
-725
-730
-725
-714
-703
-689
-665
-619
-555
-481
-409
-348
-293
-233
-167
-101
-34
19
52
73
103
156
218
270
301
323
356
408
475
540
586
604
609
628
670
719
750
749
729
711
704
715
722
708
669
611
560
519
488
448
382
307
227
152
90
23
-58
-151
-249
-343
-427
-509
-594
-680
-759
-822
-871
-909
-944
-974
-985
-975
-944
-903
-861
-820
-776
-721
-644
-554
-468
-398
-337
-274
-197
-109
-21
57
113
155
206
267
329
379
412
431
451
481
514
544
562
573
585
607
639
671
691
701
714
736
767
793
801
788
762
736
718
697
657
588
498
402
315
236
158
69
-36
-152
-261
-356
-430
-501
-573
-651
-731
-797
-850
-892
-924
-952
-977
-996
-1008
-1009
-998
-977
-945
-906
-863
-813
-757
-693
-620
-541
-456
-368
-285
-207
-136
-66
10
80
142
194
236
275
315
363
409
448
478
509
546
585
624
662
701
739
772
807
845
883
911
926
928
919
902
876
838
795
742
669
577
475
367
266
170
70
-37
-157
-276
-379
-469
-546
-611
-674
-732
-787
-838
-881
-905
-916
-922
-929
-936
-942
-944
-939
-919
-886
-846
-804
-765
-729
-686
-629
-558
-477
-398
-330
-265
-199
-122
-42
41
121
185
237
284
334
389
440
486
520
550
585
627
677
730
778
816
857
906
959
1010
1047
1061
1052
1035
1017
996
958
903
829
739
638
534
432
326
218
102
-16
-130
-245
-351
-441
-521
-591
-660
-721
-778
-827
-868
-898
-921
-943
-959
-977
-991
-996
-992
-981
-966
-942
-911
-876
-833
-784
-729
-670
-610
-542
-473
-405
-335
-260
-183
-109
-37
30
99
169
238
299
348
393
442
490
545
601
649
696
749
804
857
909
965
1021
1062
1077
1077
1075
1071
1060
1034
990
921
833
733
632
533
432
329
212
84
-46
-164
-268
-354
-433
-513
-592
-666
-728
-776
-813
-841
-867
-892
-919
-946
-964
-970
-966
-950
-939
-932
-918
-894
-859
-813
-767
-717
-665
-611
-548
-476
-400
-332
-259
-186
-119
-54
12
84
158
227
290
342
396
457
522
593
662
727
786
845
907
970
1034
1097
1147
1178
1190
1190
1188
1183
1166
1124
1057
973
873
763
655
545
435
313
176
43
-90
-210
-310
-399
-482
-566
-645
-716
-776
-815
-841
-862
-882
-903
-922
-938
-948
-950
-946
-934
-928
-923
-914
-893
-859
-820
-780
-743
-706
-662
-608
-545
-481
-414
-354
-299
-243
-185
-120
-55
17
85
133
183
239
307
386
460
527
588
647
705
765
831
912
989
1044
1070
1080
1090
1097
1099
1088
1052
988
904
811
718
620
518
410
294
164
20
-113
-227
-325
-408
-492
-579
-666
-746
-800
-834
-858
-881
-907
-935
-966
-983
-988
-986
-975
-971
-976
-984
-984
-966
-935
-892
-849
-811
-775
-733
-674
-599
-521
-443
-374
-312
-249
-181
-97
-13
65
136
194
250
306
370
450
530
599
663
723
782
847
924
1012
1089
1143
1169
1178
1188
1206
1221
1216
1179
1114
1030
936
840
750
655
547
426
285
139
8
-103
-193
-276
-366
-463
-559
-639
-694
-730
-755
-781
-810
-843
-876
-895
-901
-896
-886
-888
-896
-900
-897
-876
-843
-806
-768
-736
-706
-673
-629
-567
-495
-423
-365
-319
-270
-207
-132
-56
14
77
131
181
235
299
377
452
526
591
647
705
773
860
953
1036
1096
1134
1164
1189
1218
1241
1248
1226
1180
1111
1028
938
846
762
669
556
425
285
156
40
-63
-148
-239
-332
-431
-520
-589
-643
-677
-704
-735
-773
-821
-857
-877
-881
-881
-885
-895
-913
-922
-913
-889
-856
-822
-788
-757
-725
-683
-631
-562
-493
-423
-364
-317
-260
-191
-116
-35
38
102
159
213
273
339
408
480
553
613
673
733
801
878
960
1037
1096
1130
1153
1179
1204
1222
1217
1185
1137
1070
996
910
822
738
645
535
410
272
148
42
-49
-139
-237
-337
-432
-512
-576
-620
-654
-685
-721
-761
-799
-833
-852
-855
-852
-856
-868
-882
-884
-869
-839
-804
-771
-737
-705
-672
-631
-577
-510
-439
-376
-323
-274
-217
-148
-75
-3
61
119
174
229
284
348
416
483
545
597
647
706
773
843
913
973
1018
1055
1081
1104
1120
1127
1121
1088
1033
971
903
836
760
673
574
469
354
236
128
31
-59
-148
-239
-330
-413
-482
-529
-567
-599
-631
-665
-694
-719
-732
-737
-738
-744
-752
-761
-766
-763
-755
-735
-710
-689
-667
-647
-620
-586
-543
-493
-447
-408
-368
-324
-273
-216
-155
-94
-39
13
62
120
180
237
300
360
415
469
528
592
657
720
783
849
909
954
985
1013
1043
1062
1064
1042
1002
958
905
840
759
669
576
477
367
251
140
35
-63
-154
-246
-339
-422
-490
-541
-586
-628
-666
-697
-718
-737
-756
-774
-786
-790
-796
-806
-812
-817
-809
-793
-775
-757
-737
-715
-686
-653
-613
-567
-520
-474
-424
-368
-310
-248
-183
-118
-51
14
73
126
182
247
312
364
407
453
508
567
625
679
734
795
853
904
946
978
1005
1032
1046
1041
1020
987
946
893
829
757
675
585
491
387
281
174
73
-22
-113
-206
-294
-374
-441
-496
-545
-590
-630
-666
-698
-727
-751
-774
-792
-806
-822
-838
-846
-845
-841
-832
-820
-801
-771
-740
-707
-674
-630
-579
-525
-469
-415
-358
-292
-221
-154
-93
-33
32
105
173
226
269
321
382
435
472
512
565
626
677
716
756
809
868
916
941
959
978
991
988
966
931
893
845
785
705
615
532
452
368
269
160
64
-19
-101
-175
-254
-328
-390
-443
-490
-536
-573
-598
-624
-654
-687
-716
-735
-745
-754
-768
-783
-791
-790
-784
-771
-752
-724
-695
-672
-644
-607
-557
-506
-457
-408
-357
-298
-241
-194
-135
-61
17
82
123
164
223
294
353
392
423
466
522
571
606
639
689
746
795
830
848
866
893
919
931
912
879
851
822
775
710
637
567
505
430
340
243
154
80
8
-70
-152
-227
-293
-348
-397
-441
-477
-509
-538
-570
-602
-631
-650
-665
-686
-706
-722
-735
-745
-740
-733
-719
-702
-691
-680
-655
-617
-578
-546
-513
-470
-420
-372
-332
-280
-212
-141
-76
-25
25
86
148
206
254
294
337
386
430
469
510
560
611
654
690
728
769
807
832
844
849
850
838
813
777
736
695
646
584
510
438
370
303
226
136
51
-19
-83
-149
-218
-280
-328
-362
-395
-434
-466
-486
-509
-533
-558
-577
-590
-607
-627
-647
-662
-662
-653
-649
-650
-646
-631
-613
-598
-579
-557
-533
-522
-534
-534
-488
-410
-340
-292
-244
-171
-68
35
121
198
268
331
386
436
485
535
583
624
647
657
682
734
796
834
837
827
833
851
856
829
791
758
717
654
570
495
441
384
303
191
73
-13
-75
-140
-225
-312
-378
-419
-453
-494
-524
-531
-528
-532
-562
-599
-612
-604
-602
-624
-661
-688
-698
-704
-711
-714
-706
-690
-677
-666
-650
-616
-560
-509
-475
-436
-374
-296
-225
-167
-104
-26
49
108
155
212
288
362
402
422
471
558
646
704
735
778
859
953
1016
1045
1075
1121
1148
1127
1075
1041
1032
995
896
754
633
555
480
366
215
66
-60
-174
-290
-408
-498
-565
-633
-715
-790
-823
-812
-789
-783
-791
-793
-776
-747
-723
-702
-677
-663
-666
-677
-670
-640
-604
-592
-604
-613
-597
-553
-509
-482
-454
-414
-368
-323
-271
-197
-107
-26
29
79
149
243
335
404
452
510
585
662
736
807
894
987
1069
1142
1212
1289
1352
1381
1377
1354
1327
1290
1217
1108
980
852
719
565
394
224
59
-103
-275
-445
-593
-714
-815
-917
-1014
-1089
-1122
-1121
-1111
-1100
-1078
-1042
-998
-957
-924
-881
-825
-781
-767
-774
-768
-736
-694
-668
-661
-658
-646
-626
-599
-564
-522
-475
-427
-383
-329
-265
-183
-88
8
97
183
274
381
501
631
766
903
1045
1181
1307
1437
1578
1737
1883
1978
2003
1981
1963
1962
1938
1846
1670
1443
1208
984
768
537
276
-8
-297
-572
-815
-1022
-1193
-1345
-1493
-1632
-1742
-1787
-1767
-1713
-1659
-1613
-1559
-1474
-1356
-1219
-1084
-965
-864
-777
-687
-588
-491
-413
-362
-334
-313
-291
-269
-254
-252
-259
-268
-276
-277
-262
-230
-189
-149
-110
-57
31
151
285
417
555
710
893
1091
1293
1496
1705
1922
2103
2213
2269
2319
2386
2417
2352
2172
1939
1718
1515
1287
997
651
287
-64
-383
-676
-957
-1223
-1466
-1690
-1878
-2013
-2085
-2094
-2078
-2052
-2003
-1918
-1790
-1636
-1482
-1337
-1189
-1041
-896
-754
-622
-510
-420
-344
-281
-224
-184
-165
-168
-186
-201
-209
-221
-244
-272
-284
-271
-240
-199
-155
-101
-16
104
250
419
606
807
1013
1222
1451
1718
1996
2216
2336
2384
2441
2532
2599
2550
2361
2101
1843
1614
1381
1091
731
337
-42
-384
-687
-966
-1239
-1495
-1719
-1902
-2023
-2085
-2103
-2088
-2053
-1991
-1892
-1760
-1608
-1456
-1305
-1157
-1007
-858
-711
-569
-447
-358
-286
-222
-157
-101
-77
-93
-128
-158
-174
-189
-212
-239
-261
-270
-262
-233
-190
-125
-38
69
198
356
546
753
969
1193
1440
1718
1997
2206
2320
2385
2457
2552
2605
2532
2325
2049
1781
1556
1333
1049
680
257
-145
-481
-761
-1018
-1279
-1550
-1800
-1985
-2089
-2124
-2122
-2102
-2061
-1990
-1882
-1737
-1572
-1407
-1247
-1097
-952
-807
-660
-520
-400
-306
-241
-189
-134
-88
-68
-84
-123
-164
-194
-219
-250
-283
-309
-318
-306
-275
-225
-163
-79
34
183
358
555
761
973
1199
1456
1746
2027
2242
2354
2406
2468
2561
2617
2550
2344
2058
1781
1551
1330
1055
692
278
-121
-461
-744
-996
-1253
-1518
-1766
-1960
-2072
-2110
-2105
-2085
-2052
-1987
-1871
-1715
-1544
-1376
-1222
-1071
-908
-741
-585
-452
-339
-243
-163
-100
-55
-22
-12
-31
-72
-123
-165
-200
-237
-277
-325
-358
-366
-338
-291
-238
-168
-79
51
225
423
633
839
1053
1297
1576
1868
2105
2241
2302
2360
2446
2514
2489
2333
2079
1804
1559
1338
1090
776
398
-5
-370
-674
-927
-1161
-1403
-1650
-1866
-2009
-2067
-2061
-2031
-1993
-1938
-1845
-1708
-1544
-1375
-1208
-1050
-898
-747
-604
-471
-346
-236
-156
-101
-56
-17
16
28
6
-39
-89
-127
-154
-177
-204
-231
-248
-244
-217
-169
-108
-30
71
201
357
538
727
918
1127
1367
1633
1885
2058
2148
2195
2256
2335
2364
2285
2081
1816
1558
1335
1119
846
506
125
-246
-559
-820
-1055
-1287
-1515
-1723
-1883
-1969
-1994
-1975
-1933
-1877
-1794
-1674
-1523
-1354
-1190
-1034
-883
-734
-588
-454
-334
-230
-147
-93
-56
-23
2
9
-15
-66
-124
-175
-217
-253
-289
-328
-358
-365
-351
-315
-261
-190
-99
19
168
346
543
744
950
1178
1435
1711
1948
2103
2185
2240
2308
2370
2369
2255
2036
1765
1499
1265
1033
752
408
31
-324
-628
-878
-1097
-1314
-1524
-1711
-1848
-1920
-1934
-1900
-1834
-1746
-1646
-1525
-1376
-1211
-1037
-868
-711
-571
-445
-328
-223
-133
-61
-14
14
28
26
4
-31
-80
-139
-202
-264
-321
-371
-409
-432
-436
-422
-392
-343
-274
-176
-44
117
296
486
684
902
1146
1414
1682
1903
2051
2139
2204
2265
2308
2290
2171
1956
1692
1437
1204
965
678
342
-14
-349
-640
-892
-1117
-1325
-1514
-1672
-1785
-1854
-1869
-1827
-1745
-1636
-1522
-1397
-1257
-1097
-931
-765
-606
-467
-346
-236
-145
-71
-8
35
58
62
44
13
-32
-91
-157
-220
-273
-320
-362
-400
-422
-421
-396
-354
-302
-231
-132
-2
148
321
506
698
905
1134
1383
1630
1832
1965
2042
2088
2126
2148
2111
1985
1770
1506
1244
1001
757
486
183
-135
-440
-719
-965
-1175
-1348
-1488
-1604
-1694
-1753
-1768
-1719
-1620
-1495
-1363
-1230
-1094
-956
-819
-680
-549
-426
-316
-226
-164
-123
-92
-70
-50
-40
-42
-67
-114
-172
-222
-267
-299
-319
-340
-361
-372
-365
-332
-277
-204
-118
-15
111
262
433
616
809
1014
1237
1476
1705
1887
1999
2062
2100
2128
2127
2064
1914
1695
1445
1193
940
680
404
108
-196
-490
-763
-1007
-1212
-1391
-1531
-1638
-1712
-1750
-1753
-1712
-1632
-1526
-1397
-1259
-1120
-992
-868
-746
-623
-498
-379
-277
-201
-147
-118
-101
-79
-55
-42
-55
-104
-162
-224
-282
-325
-349
-361
-372
-383
-385
-367
-319
-244
-148
-34
100
251
417
595
786
992
1224
1476
1711
1893
2004
2066
2107
2138
2146
2092
1961
1760
1517
1260
1000
739
475
196
-93
-381
-661
-920
-1144
-1326
-1464
-1563
-1632
-1678
-1700
-1689
-1633
-1530
-1391
-1237
-1087
-956
-842
-734
-618
-486
-349
-234
-157
-115
-101
-98
-90
-79
-74
-89
-130
-200
-283
-362
-416
-446
-465
-476
-489
-488
-467
-426
-360
-268
-147
4
173
356
544
733
944
1182
1444
1694
1891
2025
2100
2140
2162
2159
2114
2003
1822
1587
1325
1056
780
501
219
-62
-339
-611
-875
-1115
-1315
-1465
-1565
-1629
-1665
-1677
-1662
-1614
-1530
-1410
-1264
-1112
-975
-857
-752
-648
-534
-417
-308
-218
-160
-126
-110
-104
-97
-95
-97
-113
-149
-197
-255
-304
-340
-363
-368
-357
-333
-298
-260
-208
-133
-30
114
279
460
650
842
1047
1268
1496
1709
1877
1992
2053
2081
2080
2036
1944
1795
1599
1373
1121
853
571
279
-10
-281
-537
-780
-1010
-1216
-1393
-1528
-1618
-1666
-1676
-1648
-1599
-1527
-1435
-1320
-1186
-1041
-900
-775
-661
-551
-446
-348
-255
-175
-119
-79
-59
-56
-58
-73
-97
-128
-167
-208
-255
-301
-338
-361
-362
-341
-303
-251
-188
-116
-24
93
240
414
610
820
1035
1256
1475
1681
1857
1982
2062
2102
2103
2062
1971
1834
1653
1434
1187
916
631
344
53
-224
-489
-740
-975
-1193
-1383
-1539
-1653
-1717
-1739
-1723
-1676
-1601
-1499
-1374
-1225
-1072
-917
-770
-639
-515
-402
-297
-201
-123
-65
-36
-22
-16
-23
-43
-76
-119
-171
-224
-278
-329
-373
-404
-420
-422
-400
-359
-297
-219
-124
-2
144
318
517
733
964
1201
1443
1665
1861
2015
2114
2168
2174
2140
2064
1940
1771
1559
1305
1029
738
441
140
-159
-442
-702
-940
-1155
-1347
-1507
-1629
-1715
-1755
-1750
-1706
-1628
-1521
-1396
-1260
-1116
-970
-830
-697
-569
-450
-340
-241
-163
-109
-71
-50
-38
-37
-46
-63
-97
-141
-190
-238
-278
-313
-340
-360
-367
-357
-321
-260
-179
-84
27
161
319
504
714
940
1178
1418
1642
1836
1978
2069
2114
2116
2075
1991
1866
1696
1482
1232
957
667
371
76
-212
-488
-747
-980
-1184
-1355
-1497
-1607
-1680
-1721
-1718
-1674
-1591
-1478
-1340
-1185
-1033
-880
-740
-608
-478
-355
-238
-139
-58
0
36
54
52
37
13
-20
-66
-119
-184
-248
-302
-356
-399
-433
-454
-448
-418
-360
-278
-181
-62
80
246
440
662
903
1153
1403
1638
1840
1999
2107
2156
2159
2118
2029
1902
1734
1527
1291
1020
729
423
115
-189
-481
-750
-995
-1212
-1395
-1547
-1669
-1760
-1811
-1821
-1790
-1712
-1600
-1463
-1305
-1144
-987
-838
-700
-569
-447
-333
-227
-133
-54
7
47
65
62
43
17
-18
-64
-120
-171
-217
-260
-293
-316
-325
-315
-281
-223
-141
-35
90
239
405
594
804
1033
1272
1502
1712
1886
2011
2087
2109
2080
2004
1886
1729
1538
1317
1068
796
510
213
-86
-374
-647
-896
-1114
-1296
-1446
-1561
-1643
-1697
-1717
-1701
-1646
-1555
-1430
-1279
-1113
-945
-787
-644
-517
-411
-318
-235
-163
-102
-57
-26
-13
-19
-37
-71
-113
-169
-232
-295
-352
-392
-413
-420
-410
-384
-343
-283
-198
-88
55
222
408
614
833
1061
1300
1535
1757
1944
2083
2177
2213
2193
2120
2001
1847
1657
1432
1180
899
603
295
-13
-312
-600
-871
-1116
-1329
-1504
-1637
-1727
-1785
-1809
-1797
-1751
-1669
-1555
-1407
-1238
-1056
-874
-699
-542
-401
-284
-189
-108
-41
13
52
78
85
73
47
8
-47
-112
-182
-251
-313
-359
-387
-395
-385
-355
-305
-240
-154
-44
93
262
454
670
904
1151
1397
1630
1836
1996
2109
2169
2179
2134
2039
1899
1720
1516
1284
1029
752
456
154
-149
-448
-734
-998
-1233
-1432
-1596
-1719
-1798
-1841
-1847
-1816
-1754
-1656
-1534
-1387
-1225
-1055
-884
-721
-575
-442
-326
-229
-146
-79
-23
26
61
85
93
85
62
17
-33
-87
-142
-192
-228
-244
-242
-218
-176
-115
-35
63
182
320
488
678
888
1118
1349
1573
1775
1940
2054
2112
2113
2058
1949
1797
1611
1396
1162
913
652
377
95
-192
-476
-753
-1015
-1246
-1439
-1598
-1710
-1776
-1803
-1789
-1738
-1660
-1560
-1440
-1301
-1153
-999
-841
-686
-546
-422
-314
-230
-162
-114
-81
-56
-43
-40
-47
-66
-94
-132
-175
-217
-264
-305
-335
-353
-348
-315
-260
-177
-72
54
204
374
563
770
996
1233
1467
1692
1894
2061
2183
2246
2248
2188
2072
1905
1700
1466
1210
937
654
370
86
-206
-489
-765
-1025
-1258
-1460
-1619
-1733
-1802
-1824
-1802
-1742
-1648
-1530
-1397
-1252
-1103
-950
-798
-651
-511
-385
-276
-186
-113
-63
-28
-7
-4
-16
-42
-75
-116
-165
-218
-273
-327
-371
-406
-429
-433
-417
-377
-308
-215
-93
58
229
430
657
902
1155
1411
1654
1871
2054
2185
2258
2275
2228
2122
1967
1773
1545
1292
1026
750
462
175
-116
-403
-677
-940
-1180
-1391
-1568
-1701
-1788
-1828
-1823
-1773
-1690
-1579
-1448
-1309
-1166
-1023
-888
-758
-634
-519
-412
-318
-234
-159
-95
-45
-12
7
10
-3
-29
-63
-102
-141
-179
-209
-224
-225
-210
-175
-122
-52
39
143
269
419
591
784
1000
1229
1460
1679
1868
2021
2119
2156
2129
2038
1895
1705
1479
1234
978
712
448
186
-71
-324
-571
-813
-1041
-1250
-1436
-1584
-1694
-1757
-1769
-1738
-1662
-1553
-1419
-1271
-1116
-970
-837
-719
-617
-528
-449
-375
-307
-242
-181
-129
-83
-53
-40
-45
-65
-103
-152
-202
-253
-294
-317
-315
-292
-245
-175
-86
25
150
288
443
613
804
1007
1223
1446
1663
1863
2030
2151
2213
2210
2139
2003
1814
1579
1319
1044
763
491
224
-32
-277
-514
-743
-966
-1175
-1368
-1537
-1672
-1769
-1820
-1820
-1771
-1677
-1550
-1400
-1240
-1077
-925
-790
-672
-574
-492
-419
-351
-288
-225
-160
-97
-37
11
40
47
31
-3
-53
-115
-178
-232
-267
-280
-263
-210
-129
-18
116
268
439
616
801
992
1187
1384
1571
1749
1903
2025
2108
2130
2096
1999
1845
1637
1382
1101
801
499
203
-74
-331
-570
-787
-983
-1163
-1326
-1469
-1591
-1683
-1740
-1758
-1733
-1665
-1558
-1416
-1248
-1070
-892
-723
-570
-443
-342
-263
-203
-155
-120
-92
-67
-43
-21
-5
4
-1
-19
-51
-98
-156
-215
-272
-316
-334
-326
-280
-197
-75
80
259
458
669
882
1092
1290
1473
1635
1766
1868
1937
1963
1943
1874
1756
1595
1395
1159
903
628
347
71
-197
-449
-680
-887
-1076
-1240
-1374
-1485
-1568
-1619
-1637
-1621
-1572
-1492
-1389
-1266
-1125
-983
-843
-707
-582
-476
-384
-304
-238
-183
-130
-84
-41
0
34
57
68
69
55
29
-5
-40
-70
-92
-96
-78
-36
35
135
258
408
579
763
960
1155
1344
1516
1661
1777
1851
1877
1853
1780
1664
1503
1311
1088
846
592
333
77
-170
-399
-615
-811
-988
-1145
-1281
-1396
-1487
-1551
-1585
-1582
-1552
-1488
-1395
-1282
-1151
-1012
-872
-738
-620
-517
-429
-361
-308
-265
-227
-186
-148
-108
-67
-30
3
24
31
28
10
-22
-53
-81
-97
-95
-62
2
100
235
396
582
784
997
1208
1406
1583
1733
1848
1917
1939
1912
1839
1720
1559
1365
1145
905
657
407
161
-78
-309
-528
-731
-920
-1094
-1249
-1381
-1484
-1559
-1601
-1604
-1574
-1507
-1410
-1293
-1158
-1019
-884
-757
-645
-549
-470
-407
-354
-307
-265
-224
-182
-143
-104
-68
-38
-17
-5
-6
-17
-31
-51
-67
-74
-65
-34
25
112
228
378
551
739
943
1150
1347
1527
1681
1800
1873
1898
1871
1795
1673
1507
1310
1088
849
602
354
116
-111
-324
-522
-708
-882
-1044
-1186
-1310
-1416
-1494
-1543
-1559
-1542
-1492
-1410
-1298
-1170
-1033
-894
-768
-649
-550
-471
-406
-355
-315
-282
-249
-212
-173
-127
-81
-38
3
33
54
65
64
55
45
38
44
65
113
190
301
444
613
806
1011
1220
1418
1595
1738
1835
1885
1879
1816
1706
1550
1358
1141
909
673
441
217
7
-188
-373
-544
-706
-858
-1002
-1136
-1258
-1362
-1439
-1493
-1513
-1493
-1447
-1367
-1258
-1136
-1005
-876
-762
-662
-582
-522
-477
-447
-421
-394
-365
-328
-282
-224
-161
-95
-35
17
60
87
102
108
113
117
134
173
236
331
453
605
786
982
1190
1393
1580
1736
1853
1923
1938
1893
1793
1640
1446
1223
983
737
497
269
59
-131
-309
-472
-625
-771
-906
-1041
-1171
-1288
-1389
-1464
-1508
-1518
-1496
-1441
-1355
-1251
-1134
-1008
-891
-781
-688
-612
-558
-520
-492
-469
-446
-418
-381
-330
-271
-202
-125
-47
27
91
144
190
228
262
297
337
388
462
561
686
845
1023
1214
1407
1590
1749
1863
1929
1936
1883
1772
1604
1391
1152
894
632
376
135
-78
-269
-436
-575
-696
-804
-907
-1006
-1096
-1182
-1259
-1319
-1360
-1375
-1353
-1307
-1233
-1137
-1026
-907
-789
-682
-592
-522
-475
-450
-441
-445
-451
-454
-447
-428
-391
-341
-278
-206
-128
-50
24
94
156
218
282
347
425
517
629
766
923
1102
1289
1477
1654
1810
1926
1989
1993
1937
1816
1634
1406
1142
858
568
290
34
-196
-390
-554
-688
-802
-899
-985
-1065
-1145
-1219
-1285
-1335
-1370
-1380
-1363
-1322
-1253
-1162
-1054
-936
-822
-713
-615
-537
-476
-435
-417
-413
-418
-421
-421
-415
-396
-365
-321
-263
-193
-116
-31
60
150
239
332
428
534
656
790
941
1110
1289
1473
1657
1820
1953
2041
2071
2039
1944
1786
1573
1319
1034
736
437
151
-109
-334
-526
-683
-807
-907
-990
-1057
-1118
-1177
-1229
-1272
-1299
-1307
-1293
-1255
-1190
-1099
-992
-872
-746
-628
-520
-432
-372
-335
-324
-335
-360
-401
-447
-480
-505
-519
-511
-487
-442
-380
-307
-224
-134
-38
66
177
298
431
583
755
945
1149
1359
1562
1754
1923
2048
2122
2138
2087
1969
1791
1559
1287
989
681
378
95
-164
-389
-582
-744
-872
-979
-1066
-1140
-1203
-1255
-1298
-1329
-1343
-1342
-1319
-1271
-1204
-1112
-1007
-888
-760
-635
-518
-414
-333
-272
-237
-225
-227
-247
-276
-302
-325
-336
-331
-310
-272
-215
-145
-61
30
131
239
353
478
609
755
917
1091
1271
1450
1617
1760
1870
1936
1948
1904
1796
1632
1423
1171
894
607
316
41
-215
-447
-642
-805
-938
-1039
-1122
-1187
-1233
-1263
-1284
-1294
-1289
-1270
-1237
-1183
-1113
-1030
-930
-822
-711
-602
-497
-401
-319
-254
-207
-182
-174
-179
-195
-213
-227
-241
-249
-244
-227
-191
-142
-78
1
91
198
319
456
611
778
959
1146
1332
1505
1661
1787
1874
1916
1906
1840
1722
1557
1352
1113
857
592
325
72
-164
-377
-568
-733
-878
-1000
-1100
-1181
-1250
-1302
-1337
-1355
-1354
-1337
-1302
-1251
-1182
-1097
-1000
-898
-787
-676
-565
-461
-368
-286
-224
-177
-146
-131
-126
-132
-143
-152
-159
-157
-145
-121
-79
-22
54
148
255
383
527
685
859
1041
1218
1392
1549
1678
1774
1828
1832
1783
1684
1536
1347
1128
888
642
396
162
-54
-250
-420
-568
-697
-804
-897
-979
-1050
-1113
-1166
-1209
-1240
-1254
-1252
-1232
-1189
-1132
-1056
-966
-870
-765
-658
-556
-462
-381
-319
-270
-237
-220
-212
-211
-214
-214
-214
-203
-180
-145
-94
-28
54
153
269
401
550
716
891
1070
1248
1413
1560
1674
1749
1781
1763
1694
1577
1415
1219
998
766
531
303
89
-107
-277
-424
-546
-651
-738
-812
-876
-935
-992
-1042
-1085
-1122
-1144
-1154
-1149
-1126
-1082
-1023
-949
-864
-769
-672
-580
-492
-419
-356
-311
-282
-260
-249
-240
-233
-226
-210
-186
-150
-97
-31
51
152
267
402
551
712
888
1066
1242
1406
1546
1660
1732
1759
1735
1661
1543
1383
1189
972
741
507
283
72
-120
-287
-430
-551
-650
-730
-794
-847
-890
-926
-954
-978
-994
-999
-1000
-986
-958
-920
-871
-811
-741
-668
-596
-526
-464
-413
-371
-346
-334
-334
-338
-346
-355
-361
-359
-345
-316
-270
-204
-119
-12
117
266
433
612
803
998
1186
1365
1523
1648
1735
1777
1771
1715
1610
1461
1276
1066
835
604
376
162
-32
-203
-353
-477
-578
-667
-740
-805
-869
-925
-977
-1025
-1064
-1090
-1101
-1093
-1064
-1012
-941
-853
-754
-648
-544
-449
-370
-310
-270
-256
-260
-279
-311
-342
-374
-396
-399
-386
-348
-291
-210
-105
16
158
318
485
661
838
1014
1184
1336
1472
1577
1646
1674
1658
1597
1492
1350
1172
970
751
526
306
98
-92
-258
-400
-516
-612
-692
-755
-811
-858
-903
-943
-975
-1000
-1010
-1007
-988
-947
-888
-812
-723
-622
-516
-414
-320
-241
-180
-145
-132
-138
-162
-198
-244
-289
-320
-341
-345
-325
-282
-210
-110
13
160
322
497
684
870
1049
1213
1352
1458
1526
1551
1533
1470
1366
1227
1060
873
677
480
292
117
-37
-172
-293
-397
-483
-565
-639
-710
-780
-848
-913
-971
-1018
-1041
-1045
-1024
-982
-917
-830
-725
-613
-496
-385
-285
-200
-137
-94
-76
-74
-90
-124
-158
-196
-233
-257
-268
-262
-236
-186
-112
-14
105
248
405
567
738
906
1060
1197
1303
1379
1418
1410
1362
1277
1154
1004
832
649
467
289
127
-20
-152
-265
-365
-449
-524
-598
-669
-739
-810
-872
-927
-970
-994
-1005
-993
-954
-892
-809
-709
-597
-480
-366
-262
-173
-102
-50
-22
-16
-24
-44
-72
-99
-123
-138
-140
-123
-91
-42
26
110
209
322
443
567
695
816
924
1015
1086
1131
1148
1130
1081
1003
897
771
625
472
318
165
17
-125
-236
-322
-388
-437
-477
-511
-545
-577
-608
-647
-688
-728
-764
-784
-790
-774
-732
-668
-587
-501
-404
-312
-227
-156
-103
-68
-54
-56
-74
-98
-124
-146
-158
-153
-127
-81
-15
71
179
303
432
564
694
816
917
997
1050
1071
1066
1029
963
873
762
642
515
385
256
136
27
-79
-174
-261
-338
-406
-469
-528
-583
-634
-681
-722
-749
-765
-771
-760
-734
-683
-607
-518
-418
-311
-203
-107
-25
35
71
79
68
40
-2
-51
-102
-143
-170
-179
-169
-137
-84
-14
72
170
275
385
497
601
697
778
844
889
912
913
882
826
748
649
536
410
279
152
30
-88
-195
-291
-377
-459
-532
-603
-669
-728
-780
-818
-844
-856
-845
-808
-752
-672
-571
-458
-329
-198
-74
39
131
199
241
254
241
205
156
98
37
-16
-55
-75
-74
-46
2
69
149
241
341
444
541
625
697
752
786
805
802
775
728
670
593
502
402
294
185
71
-44
-156
-273
-383
-484
-582
-673
-754
-821
-872
-905
-920
-912
-876
-813
-726
-615
-493
-362
-223
-90
32
131
209
264
293
298
285
257
220
180
141
106
80
67
66
78
100
127
162
200
240
284
328
367
404
437
471
498
521
539
548
545
527
493
444
381
300
208
104
-5
-120
-235
-344
-446
-535
-614
-672
-712
-736
-741
-731
-705
-665
-610
-544
-472
-391
-311
-229
-148
-76
-10
47
97
134
158
178
192
207
217
226
236
249
264
276
292
306
316
328
337
348
356
364
372
380
391
395
397
399
395
385
359
324
277
220
146
60
-31
-129
-228
-322
-414
-494
-567
-622
-660
-690
-699
-693
-674
-646
-604
-554
-500
-439
-376
-310
-243
-180
-121
-61
-8
41
85
126
163
195
227
257
283
310
339
365
388
416
437
459
473
482
491
489
487
484
475
464
446
424
398
362
320
269
205
132
52
-36
-129
-225
-320
-411
-496
-572
-635
-685
-715
-728
-725
-705
-670
-622
-567
-501
-430
-361
-293
-229
-168
-113
-67
-28
10
43
70
95
118
144
172
198
225
256
288
317
342
370
393
413
433
446
460
470
480
484
488
489
485
477
458
426
385
331
266
186
94
-7
-117
-230
-342
-451
-548
-635
-703
-754
-786
-793
-782
-750
-706
-646
-576
-505
-430
-352
-277
-210
-144
-86
-36
12
53
94
134
171
211
247
281
313
340
359
371
380
380
371
357
341
330
317
314
318
330
347
364
386
404
416
416
400
369
317
246
161
65
-41
-145
-246
-340
-422
-488
-535
-564
-580
-580
-567
-548
-520
-486
-454
-417
-381
-348
-312
-273
-237
-198
-154
-108
-55
-2
51
106
157
206
246
278
300
314
317
311
300
283
266
253
241
236
235
238
249
265
283
301
315
324
324
314
289
250
199
136
66
-11
-87
-158
-219
-269
-309
-334
-348
-356
-352
-344
-332
-320
-309
-300
-294
-290
-287
-281
-270
-254
-228
-197
-161
-115
-61
-8
42
88
128
160
178
187
193
189
184
177
168
164
162
166
175
186
203
222
240
253
258
258
251
232
205
170
126
80
34
-10
-47
-80
-107
-127
-140
-144
-147
-148
-146
-150
-152
-158
-172
-186
-199
-215
-227
-235
-240
-232
-216
-193
-159
-123
-84
-46
-11
21
47
62
67
69
71
69
65
67
71
83
101
121
149
179
205
229
247
253
252
238
213
180
143
100
61
23
-11
-39
-62
-79
-90
-92
-94
-93
-88
-88
-88
-88
-92
-101
-114
-127
-140
-149
-155
-158
-155
-146
-133
-114
-92
-67
-36
-11
8
26
38
43
44
42
31
24
17
9
13
20
32
53
80
107
136
163
184
202
210
207
196
176
147
112
73
33
-3
-30
-54
-72
-80
-84
-82
-80
-76
-69
-61
-62
-63
-64
-71
-80
-88
-96
-101
-101
-96
-91
-81
-67
-53
-37
-21
-8
4
7
6
8
4
-3
-10
-17
-25
-30
-32
-34
-27
-15
-1
18
38
59
80
98
115
127
135
137
132
126
115
97
80
63
45
28
10
-5
-16
-30
-42
-48
-55
-58
-63
-67
-73
-76
-76
-73
-70
-66
-59
-53
-45
-34
-21
-11
-3
7
18
25
30
33
36
37
34
27
19
10
-1
-14
-24
-34
-42
-46
-50
-50
-46
-40
-31
-21
-11
2
12
16
21
25
24
19
16
10
3
-3
-7
-4
-5
-5
3
11
16
20
22
24
24
21
15
6
0
-7
-14
-20
-21
-18
-11
-6
1
8
14
19
24
28
29
25
20
11
3
-6
-15
-20
-20
-23
-21
-16
-12
-7
-2
1
3
6
5
5
-1
-7
-15
-24
-33
-41
-47
-53
-58
-60
-58
-56
-55
-52
-48
-45
-40
-36
-26
-19
-14
-5
6
11
18
26
34
43
47
55
60
64
72
75
77
74
70
64
59
54
48
41
33
25
18
11
4
-1
-8
-11
-10
-11
-12
-10
-8
-4
-1
0
1
0
-4
-7
-14
-22
-29
-37
-44
-52
-62
-69
-72
-79
-79
-77
-78
-72
-69
-62
-51
-42
-32
-16
-2
8
21
34
45
58
66
74
81
88
93
93
92
94
96
92
90
84
74
66
51
34
22
8
-6
-15
-26
-32
-37
-41
-37
-31
-21
-11
-1
7
17
23
27
29
26
23
17
8
1
-9
-20
-25
-32
-39
-38
-41
-44
-38
-34
-30
-27
-25
-21
-18
-16
-13
-8
-5
-1
6
12
20
29
41
52
58
68
77
80
82
80
72
62
51
37
24
8
-4
-14
-23
-28
-29
-28
-23
-16
-10
-3
6
10
14
20
20
20
20
16
14
10
7
3
0
-5
-10
-13
-17
-25
-31
-37
-41
-44
-47
-52
-56
-57
-60
-58
-56
-54
-46
-38
-31
-23
-14
-6
8
21
33
45
56
63
68
71
71
70
65
60
52
43
32
23
13
8
3
-3
-4
-6
-9
-9
-10
-10
-14
-16
-16
-17
-20
-23
-22
-25
-23
-20
-19
-15
-15
-13
-10
-8
-10
-9
-9
-13
-16
-20
-21
-25
-28
-30
-33
-35
-36
-37
-36
-28
-25
-21
-12
-5
2
13
21
29
35
38
42
47
48
48
44
39
36
32
30
26
19
18
13
10
7
3
2
2
0
-4
-5
-5
-7
-9
-8
-13
-13
-11
-10
-7
-6
-1
3
6
9
10
9
9
6
1
-4
-10
-17
-21
-29
-38
-43
-50
-50
-49
-51
-47
-42
-36
-28
-24
-14
-5
2
9
16
19
24
29
31
34
37
37
40
41
41
44
46
46
44
40
35
31
24
17
9
5
-1
-8
-10
-11
-13
-17
-14
-13
-15
-13
-12
-11
-10
-13
-18
-21
-26
-30
-31
-33
-34
-35
-32
-29
-31
-31
-27
-28
-28
-24
-19
-17
-14
-10
-4
4
9
16
24
29
38
47
53
59
63
66
70
68
66
62
58
53
47
41
33
24
19
16
12
10
5
4
1
-5
-6
-11
-16
-18
-23
-27
-28
-31
-33
-36
-35
-33
-32
-29
-22
-18
-15
-13
-11
-8
-7
-6
-6
-8
-11
-12
-15
-18
-18
-16
-16
-10
-7
-2
4
10
18
21
21
27
27
26
28
25
24
22
22
22
22
27
31
35
41
43
44
46
44
43
38
32
27
22
15
8
0
-6
-11
-16
-17
-18
-19
-20
-23
-23
-23
-24
-24
-25
-26
-27
-29
-31
-31
-29
-32
-31
-25
-28
-26
-22
-21
-20
-20
-19
-19
-21
-21
-25
-24
-24
-22
-17
-12
-5
4
12
17
25
32
42
50
55
61
65
68
71
75
74
73
70
63
57
51
45
36
28
21
10
2
-6
-12
-19
-27
-34
-40
-45
-50
-54
-56
-57
-60
-60
-55
-50
-45
-39
-35
-31
-29
-27
-26
-27
-24
-28
-32
-36
-38
-40
-40
-39
-37
-34
-28
-23
-15
-7
2
12
22
35
44
48
55
61
66
66
67
68
64
65
61
55
52
49
42
37
31
21
13
5
-5
-12
-23
-33
-38
-44
-50
-54
-55
-55
-54
-50
-44
-40
-35
-28
-23
-21
-18
-17
-17
-21
-26
-31
-37
-45
-49
-54
-57
-59
-59
-56
-53
-49
-40
-29
-16
-6
3
11
21
32
37
43
51
52
54
59
63
64
67
65
64
62
60
57
51
44
35
27
18
9
2
-7
-14
-21
-25
-29
-31
-31
-32
-30
-29
-27
-26
-25
-23
-21
-23
-26
-28
-35
-41
-46
-50
-56
-59
-64
-65
-67
-66
-62
-58
-50
-45
-36
-26
-19
-9
0
7
19
31
38
45
53
59
66
69
72
76
76
78
74
72
68
62
56
52
44
35
28
20
13
11
5
2
-3
-6
-8
-10
-10
-14
-15
-15
-19
-21
-22
-26
-28
-32
-37
-41
-44
-46
-48
-50
-52
-52
-52
-51
-49
-47
-43
-40
-33
-29
-24
-16
-10
-6
4
10
17
26
34
43
49
56
62
65
66
69
65
65
60
56
56
52
48
48
46
43
43
41
41
39
35
33
30
26
23
18
13
9
1
-4
-10
-19
-25
-31
-36
-38
-43
-46
-47
-50
-52
-52
-50
-52
-52
-50
-50
-49
-45
-44
-39
-33
-29
-22
-14
-11
-5
1
8
13
16
20
23
25
25
25
25
28
26
26
28
28
28
32
35
39
41
43
45
45
47
47
44
43
40
37
32
26
21
14
6
2
-2
-6
-11
-13
-18
-22
-24
-28
-29
-34
-35
-32
-36
-32
-32
-28
-26
-23
-19
-15
-11
-7
-4
-1
2
3
4
5
6
6
5
3
5
5
3
3
2
4
8
7
11
15
15
20
23
25
29
28
26
25
25
24
25
25
23
19
17
17
10
6
1
-6
-10
-19
-24
-26
-31
-35
-37
-39
-42
-43
-42
-40
-40
-35
-30
-28
-24
-19
-17
-13
-8
-6
-3
-3
-3
-2
-2
3
4
5
8
8
13
16
16
18
17
14
14
17
16
15
16
16
17
19
19
18
19
19
18
18
17
16
15
12
10
7
1
-3
-8
-12
-19
-21
-23
-28
-30
-34
-34
-35
-37
-38
-38
-35
-33
-32
-32
-29
-26
-27
-23
-19
-18
-16
-15
-13
-11
-9
-5
-2
0
4
5
6
9
11
14
13
15
17
17
19
17
18
18
18
18
17
16
15
13
14
13
14
14
11
8
10
8
3
3
1
-2
-4
-8
-11
-11
-14
-20
-22
-21
-22
-22
-22
-22
-19
-19
-19
-22
-21
-14
-13
-16
-14
-13
-14
-11
-12
-8
-4
-2
2
5
11
14
13
16
18
16
17
16
17
19
18
18
17
14
16
16
15
16
16
18
16
15
13
10
12
9
8
10
6
3
1
-3
-3
-5
-9
-10
-9
-9
-8
-10
-13
-12
-13
-13
-13
-12
-12
-10
-5
-5
-5
-2
-2
1
3
5
9
12
14
15
18
19
14
14
15
13
11
10
9
9
6
2
-2
-2
-3
-5
-6
-5
-3
-5
-7
-8
-9
-10
-8
-11
-11
-6
-6
-7
-3
-5
-5
-3
-4
-2
-1
-3
-5
-7
-10
-10
-12
-12
-11
-12
-12
-11
-11
-11
-10
-6
-3
-1
2
4
6
8
8
10
10
9
7
5
4
3
0
-3
-4
-7
-9
-10
-11
-13
-14
-12
-14
-13
-12
-13
-11
-13
-14
-12
-12
-10
-11
-12
-9
-6
-5
-3
0
1
5
7
7
7
6
3
4
7
3
3
7
6
5
3
2
2
2
6
7
8
13
15
16
20
21
20
18
16
16
12
10
8
3
2
0
-7
-6
-7
-7
-4
-5
-8
-7
-6
-5
-6
-5
-4
-7
-6
-5
-8
-8
-7
-10
-9
-7
-8
-8
-8
-9
-8
-6
-8
-9
-6
-4
-2
1
2
1
0
-1
2
1
2
2
0
2
4
4
2
4
6
7
6
6
7
8
7
7
9
5
1
-1
-3
-3
-3
-2
-2
-3
-1
0
0
1
5
7
8
9
10
10
10
10
8
9
7
5
7
4
2
3
1
0
0
1
4
4
4
4
6
5
6
6
9
9
8
9
9
7
8
8
9
10
10
11
8
7
7
8
6
5
5
4
5
3
3
4
2
1
1
2
2
0
2
2
4
1
-1
1
2
2
3
4
4
3
5
7
9
7
7
7
7
5
5
5
5
5
5
4
3
2
4
5
8
9
8
7
8
13
15
16
16
15
15
14
12
11
8
7
5
0
-1
-1
-4
-2
-2
-3
-2
-2
-3
-4
-3
-1
-1
-2
-4
-5
-6
-5
-5
-8
-7
-7
-7
-6
-9
-8
-6
-6
-6
-7
-7
-7
-8
-7
-9
-8
-8
-9
-7
-7
-9
-7
-8
-8
-6
-3
-1
-2
1
3
1
2
1
2
4
3
4
3
1
0
-1
-5
-6
-6
-7
-9
-7
-5
-7
-3
-3
-4
-1
-1
0
0
-2
-2
-2
-6
-7
-8
-8
-7
-8
-10
-9
-12
-12
-10
-9
-9
-7
-9
-8
-7
-6
-5
-6
-7
-4
-3
-4
-4
-4
-3
-4
-6
-3
-3
-3
-2
-1
1
-1
-5
-5
-5
-5
-4
-6
-7
-6
-9
-9
-8
-6
-4
-3
-7
-7
-6
-6
-7
-9
-9
-10
-9
-13
-15
-13
-13
-14
-14
-15
-15
-12
-10
-10
-8
-8
-7
-6
-6
-6
-2
-4
-4
-3
-6
-4
-2
-2
1
0
-2
-1
-4
-2
0
1
1
1
2
-1
-4
-4
-2
-3
-4
-3
-4
-6
-5
-3
-4
-4
-4
-5
-6
-6
-5
-5
-8
-7
-6
-5
-6
-5
-4
-4
-3
-3
-5
-4
-3
-2
1
2
1
3
3
3
2
4
6
4
6
8
7
7
8
9
9
8
9
8
11
11
10
8
4
5
5
2
3
3
3
3
2
2
2
5
6
6
5
5
6
7
7
7
8
8
5
2
4
5
3
1
2
0
0
2
1
2
2
0
2
1
0
0
-2
-2
-2
-2
-1
-4
-3
-4
-3
-2
-4
