3
3
3
3
4
3
2
2
3
3
0
0
0
0
0
1
2
0
1
0
0
-1
-1
2
1
-1
1
0
-1
1
2
2
0
0
-1
1
0
-1
1
-2
-6
-5
-4
-6
-8
-6
-7
-7
-7
-10
-8
-8
-9
-8
-8
-6
-4
-6
-7
-3
-3
-2
-1
-2
-1
-1
-1
3
3
5
7
5
5
6
4
4
6
5
5
5
7
7
6
6
6
5
4
5
4
2
2
1
3
3
2
2
1
1
-1
-2
-2
-3
-2
-3
-4
-5
-6
-5
-7
-10
-11
-9
-7
-8
-8
-7
-8
-6
-7
-6
-3
-3
-2
0
1
2
3
3
3
6
7
7
7
8
7
6
6
6
5
5
4
4
5
5
6
6
3
4
4
3
4
5
3
2
1
1
0
0
0
-2
-2
-4
-3
-5
-5
-4
-3
-4
-6
-6
-4
-5
-4
-3
-4
-3
-2
0
1
0
-1
-1
0
-1
-1
-1
1
2
-1
-1
0
1
2
2
2
1
0
-2
-2
1
1
2
3
1
2
3
4
4
3
4
5
5
5
5
8
8
8
8
4
4
5
6
8
8
5
4
2
2
3
1
1
4
2
1
-1
-1
-1
-1
-1
-1
-3
-2
-4
-6
-5
-6
-7
-7
-6
-7
-8
-8
-9
-8
-7
-6
-5
-5
-4
-5
-4
-4
-6
-8
-5
-4
-2
-1
0
-2
-4
-4
-4
-1
0
2
3
0
1
0
0
2
3
2
4
5
5
4
3
2
2
1
0
-1
-2
-4
-4
-6
-6
-6
-5
-5
-7
-6
-6
-6
-6
-6
-5
-7
-5
-3
-3
-2
-3
-3
-3
-4
-1
-1
0
1
-2
-2
2
2
4
5
5
4
4
3
3
3
0
1
2
3
5
6
4
5
6
6
5
4
4
3
1
0
2
2
4
3
3
3
2
2
1
2
2
3
3
2
3
0
3
2
1
4
3
3
2
1
3
1
0
0
4
2
3
6
5
7
6
4
5
3
3
5
5
6
6
6
5
6
5
4
6
4
4
3
1
1
1
1
1
0
1
1
0
-1
-2
-3
-1
-1
-2
-1
-2
-2
-2
-3
-3
0
-1
-1
0
-2
-2
-1
-2
-3
-1
-3
0
2
-2
0
0
-1
0
0
-1
0
-3
-4
0
-2
0
3
-2
-2
-2
-3
0
-1
-2
3
5
4
5
5
5
3
5
6
2
1
3
2
3
3
1
1
1
1
1
1
0
-1
1
-1
-1
-2
-4
-2
-1
-1
0
-1
-2
0
-1
-2
-2
-4
-6
-3
-1
-1
-1
-2
0
1
-1
1
1
0
0
-3
-2
1
1
2
5
1
1
6
5
4
7
6
6
8
7
6
8
9
10
10
11
9
10
10
9
10
7
8
5
6
5
3
4
3
4
4
3
3
3
2
2
1
0
0
-1
-2
0
1
1
0
-1
0
-2
-3
-2
-1
-2
-1
0
-1
-3
-3
-2
-3
-3
-5
-3
-1
-3
-3
-2
0
-1
-2
-2
-2
-4
-4
-2
-3
0
1
-1
0
0
-2
-2
-1
-1
0
-2
-1
-3
-4
-2
-3
-6
-3
-3
-2
0
0
-2
-2
-1
-1
0
-1
-2
0
0
2
3
2
5
3
1
2
2
3
3
4
2
2
3
3
3
4
4
4
4
5
3
1
2
0
-2
-4
-3
-4
-6
-4
-1
-2
-4
-4
-5
-8
-8
-8
-9
-8
-6
-6
-6
-5
-6
-7
-7
-9
-9
-8
-11
-12
-9
-7
-9
-9
-9
-7
-7
-7
-6
-5
-5
-4
-3
-1
-1
-2
-1
-3
-3
-1
-1
0
0
2
1
-1
-1
-2
-3
-3
-2
-2
0
0
-1
0
-2
-2
-1
-3
-2
-2
-5
-3
0
-1
-2
-3
-3
-2
-4
-3
-1
0
2
0
-1
1
3
2
1
3
3
3
6
7
7
7
9
6
3
7
9
7
8
7
5
6
5
6
4
4
5
5
6
6
4
4
4
3
2
0
-1
0
-1
1
1
1
2
-2
1
2
-2
-1
-4
-4
-2
-2
-2
-4
-3
-1
-2
2
1
2
2
2
1
-1
1
0
-1
-2
-1
-2
-4
-2
-2
-3
-4
-4
-4
-7
-8
-6
-5
-4
-3
-1
-2
-3
-3
-3
-1
-2
-4
-2
-1
0
2
0
1
1
0
1
4
1
2
6
5
6
6
7
8
7
7
8
7
5
6
6
6
4
2
2
2
2
2
-2
-3
-2
-4
-4
-4
-4
-6
-4
-4
-7
-9
-10
-8
-3
-5
-5
-4
-5
-5
-7
-8
-8
-5
-5
-6
-2
-4
-4
-1
-3
-2
-1
-1
1
1
2
0
0
0
1
3
0
-1
-1
0
3
1
1
0
1
2
2
2
0
-2
0
0
-2
-5
-3
-2
-2
-4
-6
-7
-2
-4
-3
1
-3
-3
-2
-3
-3
-3
-5
-3
-3
-2
0
0
1
-1
1
2
0
0
0
1
1
1
1
1
0
2
4
1
2
1
0
3
5
3
5
7
5
4
3
2
4
3
2
2
1
3
5
6
4
1
3
4
4
6
7
6
6
6
4
4
5
2
1
3
3
0
2
-1
-1
1
-1
1
2
-1
0
-1
-1
-2
-2
-3
-3
-2
-3
-1
-2
-5
-5
-6
-4
-4
-4
-5
-6
-5
-7
-6
-6
-7
-8
-9
-8
-8
-9
-4
-4
-7
-8
-8
-7
-8
-10
-7
-8
-11
-8
-6
-9
-7
-9
-8
-4
-2
-3
-2
0
-3
0
-1
-3
0
-2
-1
0
-1
1
2
0
1
1
3
4
2
3
3
2
1
0
-1
-2
-1
-2
-4
-3
-2
0
-1
-5
-2
-1
-3
-4
-6
-8
-7
-3
-2
0
1
0
3
2
4
4
3
2
-1
1
2
2
5
2
3
5
2
3
3
4
4
5
3
4
6
4
7
8
9
10
11
9
9
11
11
11
10
9
8
7
6
6
6
8
7
6
6
4
8
7
8
9
6
6
6
1
-4
-3
-6
-9
-9
-10
-9
-8
-8
-5
-5
-2
1
2
3
0
0
0
-1
-1
-1
-4
-4
-2
-1
1
2
3
3
1
4
2
2
-1
-1
1
-1
-4
-4
-4
-5
-6
-7
-9
-9
-9
-10
-12
-14
-17
-20
-20
-24
-24
-25
-29
-31
-32
-32
-32
-32
-29
-27
-23
-19
-13
-11
-9
-7
-7
-4
-5
-5
-4
-4
-2
2
3
5
9
15
18
24
28
31
35
37
40
43
44
44
41
39
41
38
36
31
26
23
23
18
13
11
5
3
0
-4
-8
-15
-17
-18
-19
-25
-25
-25
-28
-27
-28
-31
-32
-32
-31
-31
-30
-30
-34
-31
-31
-29
-29
-28
-24
-21
-14
-9
-3
3
10
20
28
33
42
50
56
63
67
71
71
71
71
72
74
72
68
60
51
43
31
16
3
-12
-24
-30
-36
-42
-41
-37
-34
-31
-27
-22
-19
-18
-21
-26
-35
-46
-53
-61
-66
-67
-69
-68
-63
-59
-49
-45
-36
-26
-17
-7
2
11
22
34
47
60
74
89
106
124
139
155
166
169
163
152
138
112
78
41
2
-41
-76
-108
-131
-144
-147
-136
-116
-88
-57
-28
-3
17
25
18
6
-20
-51
-84
-117
-146
-165
-176
-178
-166
-149
-124
-94
-68
-41
-17
-1
11
20
24
31
43
55
73
95
124
158
192
227
259
285
299
298
285
252
200
137
65
-13
-87
-151
-202
-231
-237
-220
-183
-131
-69
-3
55
102
127
129
107
64
4
-64
-137
-202
-255
-289
-300
-293
-268
-233
-183
-130
-83
-42
-11
8
20
21
16
10
6
9
20
43
76
115
163
210
255
295
325
345
349
336
306
255
191
114
31
-52
-129
-188
-230
-245
-235
-205
-149
-80
-8
61
117
154
162
145
102
37
-38
-119
-195
-258
-303
-324
-320
-298
-255
-202
-147
-95
-53
-25
-12
-12
-23
-41
-56
-66
-67
-56
-31
9
62
124
191
256
313
361
394
407
398
368
318
247
166
74
-18
-103
-171
-216
-235
-229
-195
-136
-63
19
99
164
208
228
221
179
116
38
-47
-134
-208
-265
-303
-318
-310
-284
-245
-199
-151
-111
-81
-62
-57
-62
-75
-89
-99
-103
-100
-91
-74
-52
-27
4
35
67
100
133
166
208
251
294
333
366
387
394
381
340
277
196
100
-1
-99
-181
-238
-267
-258
-214
-148
-63
25
105
166
198
197
162
99
19
-71
-161
-241
-303
-341
-353
-346
-318
-278
-234
-193
-162
-139
-128
-126
-130
-136
-141
-143
-133
-115
-87
-54
-15
29
68
108
147
180
215
248
289
330
372
416
448
469
472
449
403
332
235
127
14
-95
-184
-245
-272
-262
-214
-139
-50
42
129
193
228
229
193
127
33
-73
-182
-284
-362
-415
-438
-432
-405
-360
-305
-255
-211
-176
-157
-148
-149
-158
-166
-173
-170
-153
-127
-92
-49
-3
42
84
124
158
191
223
257
298
345
397
453
506
547
571
567
533
461
357
230
89
-52
-176
-272
-329
-340
-305
-229
-127
-11
97
187
241
252
224
154
54
-63
-186
-297
-391
-456
-486
-487
-457
-407
-347
-284
-228
-188
-162
-150
-160
-172
-193
-215
-222
-216
-199
-162
-113
-54
6
63
113
152
182
206
227
255
289
337
393
457
522
574
607
607
571
497
382
236
73
-88
-229
-336
-392
-394
-338
-234
-98
54
197
315
391
413
385
308
188
45
-104
-241
-350
-422
-454
-447
-410
-347
-279
-213
-165
-143
-141
-166
-205
-254
-300
-333
-349
-342
-315
-273
-215
-158
-99
-51
-21
-4
-2
-11
-24
-32
-31
-15
20
75
154
250
357
473
587
691
769
813
813
764
665
517
331
123
-89
-286
-444
-548
-586
-554
-454
-300
-110
91
279
431
530
565
535
446
308
139
-42
-217
-362
-471
-534
-554
-536
-485
-419
-355
-296
-256
-241
-244
-263
-289
-311
-325
-324
-306
-274
-229
-184
-140
-107
-84
-78
-82
-96
-115
-124
-124
-109
-71
-9
82
198
334
486
643
794
923
1025
1080
1080
1015
885
693
454
185
-89
-339
-543
-672
-714
-668
-538
-344
-105
143
366
547
662
693
645
522
340
135
-79
-277
-435
-546
-605
-616
-588
-539
-484
-435
-404
-396
-409
-437
-472
-501
-518
-507
-474
-419
-343
-261
-179
-110
-65
-45
-50
-74
-114
-154
-184
-195
-178
-130
-49
58
185
323
466
608
743
866
978
1075
1148
1189
1187
1131
1016
838
603
326
22
-278
-539
-733
-838
-844
-744
-554
-299
-8
282
529
709
794
781
672
480
235
-31
-291
-513
-678
-773
-798
-761
-676
-566
-451
-350
-280
-244
-249
-285
-341
-403
-455
-492
-500
-477
-432
-372
-304
-242
-196
-172
-171
-191
-225
-261
-291
-299
-277
-227
-145
-32
98
239
379
506
617
708
780
846
904
965
1035
1109
1174
1208
1196
1116
955
710
389
17
-369
-729
-1019
-1196
-1239
-1136
-895
-548
-142
275
647
922
1072
1080
942
691
354
-25
-391
-702
-930
-1051
-1064
-976
-811
-601
-377
-176
-21
67
81
31
-72
-206
-350
-477
-571
-625
-629
-587
-513
-420
-323
-235
-172
-132
-120
-133
-158
-189
-211
-218
-193
-136
-51
65
197
337
476
597
692
763
812
840
859
884
915
957
1005
1040
1048
1007
897
709
449
130
-221
-562
-853
-1059
-1145
-1098
-923
-641
-287
95
456
746
931
988
915
727
452
128
-205
-501
-728
-862
-895
-840
-709
-527
-329
-151
-12
65
72
19
-86
-223
-370
-501
-605
-664
-676
-650
-590
-512
-423
-348
-291
-251
-240
-245
-258
-273
-278
-262
-219
-148
-45
79
215
356
488
602
699
773
832
884
942
1007
1080
1156
1216
1237
1197
1082
873
576
214
-187
-577
-917
-1160
-1268
-1227
-1036
-723
-323
112
520
858
1079
1158
1090
890
585
219
-159
-505
-777
-953
-1018
-974
-845
-655
-442
-242
-82
13
32
-18
-124
-274
-434
-580
-696
-765
-779
-745
-670
-569
-460
-358
-272
-217
-195
-197
-218
-248
-274
-284
-271
-218
-127
-1
156
330
510
680
822
940
1029
1093
1140
1181
1226
1265
1297
1303
1261
1155
968
697
350
-41
-442
-810
-1098
-1265
-1288
-1162
-898
-535
-114
305
672
941
1079
1072
930
673
341
-23
-372
-664
-870
-974
-973
-879
-718
-522
-326
-162
-51
-11
-42
-138
-276
-436
-593
-722
-804
-831
-806
-732
-629
-510
-392
-294
-228
-194
-196
-227
-269
-310
-335
-329
-284
-196
-64
103
286
472
647
796
912
997
1056
1100
1145
1199
1261
1324
1370
1372
1311
1164
920
586
183
-247
-664
-1009
-1241
-1328
-1256
-1031
-684
-257
194
608
936
1141
1197
1103
877
554
173
-210
-555
-829
-996
-1055
-1011
-883
-695
-490
-301
-151
-70
-61
-121
-238
-391
-551
-694
-799
-852
-849
-794
-702
-588
-469
-363
-283
-240
-234
-257
-300
-346
-380
-386
-354
-273
-148
17
212
417
619
803
956
1080
1172
1244
1302
1359
1415
1457
1477
1449
1351
1173
899
539
120
-320
-735
-1071
-1283
-1348
-1247
-993
-617
-169
293
708
1024
1205
1225
1093
831
475
76
-319
-662
-919
-1070
-1104
-1039
-898
-710
-510
-331
-202
-141
-148
-216
-332
-470
-608
-728
-806
-836
-816
-746
-647
-532
-418
-321
-250
-215
-213
-238
-283
-325
-351
-351
-306
-217
-81
93
298
511
716
902
1058
1175
1260
1318
1363
1406
1451
1491
1512
1494
1416
1253
999
658
244
-204
-638
-1015
-1284
-1403
-1361
-1154
-810
-376
91
529
886
1113
1184
1100
870
534
139
-265
-629
-913
-1092
-1151
-1103
-965
-769
-557
-359
-208
-125
-119
-183
-305
-462
-625
-768
-874
-923
-915
-852
-741
-600
-460
-330
-231
-171
-150
-169
-217
-274
-327
-360
-355
-300
-192
-34
161
378
596
801
975
1110
1205
1269
1312
1349
1387
1424
1451
1450
1402
1286
1083
788
415
-10
-451
-851
-1165
-1348
-1374
-1234
-945
-542
-81
380
780
1066
1205
1185
1015
714
332
-79
-469
-794
-1025
-1138
-1137
-1033
-858
-649
-440
-264
-147
-98
-123
-212
-339
-489
-630
-744
-813
-826
-786
-701
-586
-459
-337
-236
-171
-145
-155
-195
-249
-301
-336
-336
-291
-192
-46
143
353
569
770
942
1079
1176
1239
1281
1309
1341
1378
1414
1429
1405
1320
1148
885
533
112
-336
-768
-1129
-1372
-1468
-1390
-1150
-780
-320
163
605
954
1165
1214
1099
843
481
67
-347
-716
-998
-1162
-1206
-1139
-982
-777
-557
-357
-210
-131
-131
-203
-327
-482
-637
-773
-861
-896
-868
-785
-665
-522
-377
-251
-158
-107
-102
-138
-198
-268
-326
-354
-340
-270
-143
34
249
479
710
924
1105
1244
1348
1416
1463
1499
1529
1548
1544
1501
1401
1227
963
614
198
-251
-689
-1062
-1334
-1458
-1419
-1217
-872
-432
46
503
878
1128
1222
1157
945
620
232
-171
-539
-836
-1025
-1106
-1077
-961
-795
-609
-438
-309
-243
-247
-306
-420
-558
-695
-810
-884
-905
-872
-787
-667
-533
-396
-279
-196
-150
-151
-187
-248
-317
-371
-394
-373
-297
-165
16
237
479
717
938
1126
1272
1374
1443
1486
1517
1542
1564
1571
1544
1468
1320
1083
759
359
-88
-543
-953
-1267
-1449
-1465
-1316
-1020
-608
-140
326
732
1023
1168
1158
995
706
335
-68
-453
-776
-1008
-1127
-1134
-1047
-893
-703
-513
-355
-252
-216
-248
-341
-470
-609
-737
-832
-875
-865
-797
-687
-549
-404
-275
-170
-110
-92
-113
-168
-232
-291
-330
-330
-278
-170
-11
190
417
646
863
1054
1205
1310
1380
1423
1453
1480
1506
1517
1507
1457
1338
1144
859
486
56
-399
-833
-1192
-1437
-1530
-1454
-1221
-857
-409
62
504
857
1079
1153
1070
846
522
146
-234
-574
-836
-994
-1046
-1002
-884
-719
-547
-396
-293
-248
-269
-347
-466
-603
-731
-832
-887
-889
-839
-744
-615
-473
-337
-220
-133
-89
-80
-108
-158
-214
-264
-288
-274
-210
-97
61
254
466
683
882
1057
1203
1309
1387
1449
1496
1535
1565
1569
1533
1444
1276
1020
674
253
-210
-667
-1071
-1375
-1542
-1550
-1388
-1083
-672
-208
251
652
946
1104
1110
976
723
397
40
-308
-605
-821
-943
-973
-925
-822
-693
-567
-467
-414
-408
-455
-535
-633
-730
-801
-842
-839
-789
-698
-579
-449
-323
-217
-141
-103
-100
-130
-182
-238
-286
-311
-298
-237
-126
35
230
448
676
893
1085
1241
1358
1444
1506
1554
1591
1619
1628
1602
1525
1371
1134
806
397
-63
-539
-979
-1335
-1568
-1644
-1553
-1307
-931
-479
-8
424
769
988
1061
985
782
486
140
-207
-518
-757
-909
-962
-933
-840
-710
-578
-467
-398
-380
-410
-480
-573
-671
-746
-791
-791
-745
-660
-539
-408
-275
-160
-78
-34
-31
-61
-117
-191
-255
-299
-309
-277
-196
-64
109
315
535
753
952
1121
1256
1355
1425
1481
1526
1562
1589
1589
1552
1458
1283
1021
666
236
-232
-702
-1131
-1464
-1666
-1709
-1583
-1309
-922
-471
-12
403
726
918
969
882
683
410
103
-197
-453
-637
-738
-754
-703
-607
-498
-403
-340
-321
-354
-430
-531
-639
-733
-794
-813
-782
-707
-595
-461
-325
-201
-103
-39
-17
-33
-78
-143
-216
-280
-316
-318
-277
-186
-51
119
318
532
739
928
1095
1232
1338
1423
1490
1542
1588
1618
1617
1566
1446
1246
955
578
137
-334
-794
-1194
-1490
-1649
-1654
-1503
-1215
-829
-396
35
413
695
856
885
799
618
376
121
-117
-313
-442
-508
-516
-481
-432
-389
-371
-392
-454
-551
-670
-792
-893
-958
-972
-937
-854
-729
-577
-421
-281
-171
-95
-60
-65
-105
-172
-242
-306
-348
-358
-329
-252
-135
20
204
402
602
793
966
1115
1242
1353
1448
1535
1619
1696
1748
1752
1689
1537
1285
932
492
-8
-526
-1011
-1412
-1685
-1802
-1753
-1544
-1205
-785
-332
97
452
696
813
803
689
501
275
51
-138
-278
-351
-367
-343
-304
-268
-261
-303
-395
-528
-688
-854
-997
-1095
-1135
-1107
-1015
-868
-685
-489
-300
-146
-37
26
39
9
-56
-138
-218
-280
-314
-309
-259
-167
-36
125
306
494
676
844
992
1119
1229
1334
1431
1530
1630
1716
1774
1779
1701
1526
1242
852
376
-149
-674
-1149
-1530
-1767
-1846
-1763
-1527
-1178
-766
-344
40
346
546
629
607
502
352
188
42
-62
-118
-130
-107
-78
-65
-86
-155
-280
-451
-649
-851
-1030
-1159
-1222
-1213
-1130
-987
-800
-597
-396
-218
-79
10
56
64
42
-1
-48
-86
-112
-113
-88
-37
41
147
268
402
538
672
801
920
1031
1142
1256
1374
1499
1624
1727
1782
1768
1664
1450
1124
696
197
-333
-846
-1286
-1614
-1797
-1819
-1688
-1430
-1079
-696
-324
-2
238
384
435
408
331
236
153
100
88
113
160
204
227
202
116
-37
-251
-501
-765
-1016
-1218
-1355
-1409
-1384
-1283
-1119
-917
-701
-491
-304
-152
-43
32
72
82
76
58
41
28
25
36
63
115
193
284
389
503
620
741
862
987
1120
1262
1413
1568
1708
1802
1835
1778
1611
1333
944
470
-52
-572
-1039
-1407
-1644
-1732
-1673
-1490
-1211
-891
-567
-279
-53
103
185
214
211
198
206
237
298
377
452
502
507
443
303
94
-175
-479
-782
-1060
-1284
-1436
-1504
-1495
-1411
-1269
-1095
-900
-707
-521
-353
-211
-88
14
96
160
204
230
235
224
206
186
173
180
213
268
353
460
581
718
861
1009
1164
1323
1478
1619
1730
1790
1772
1664
1450
1126
709
227
-277
-755
-1161
-1460
-1627
-1654
-1556
-1352
-1088
-803
-530
-303
-130
-11
62
109
157
221
313
432
557
669
747
764
704
559
332
45
-274
-597
-897
-1147
-1332
-1442
-1479
-1450
-1369
-1248
-1104
-942
-768
-590
-408
-226
-49
114
252
357
419
435
413
364
301
239
201
194
222
286
382
494
611
730
847
961
1073
1193
1324
1449
1552
1606
1584
1466
1242
908
485
8
-478
-919
-1271
-1506
-1607
-1575
-1429
-1208
-955
-707
-486
-314
-189
-105
-41
31
127
254
410
577
731
848
895
858
729
511
224
-104
-438
-753
-1025
-1236
-1373
-1444
-1452
-1407
-1326
-1215
-1072
-908
-725
-525
-317
-109
88
258
386
466
493
474
426
369
315
283
287
326
393
485
585
681
772
858
943
1034
1140
1262
1377
1466
1503
1462
1318
1070
730
311
-136
-567
-937
-1208
-1364
-1395
-1321
-1169
-976
-778
-601
-461
-356
-275
-202
-113
6
159
339
526
694
816
867
835
715
517
259
-31
-327
-608
-855
-1060
-1221
-1339
-1418
-1459
-1465
-1423
-1331
-1189
-993
-756
-486
-209
51
270
438
537
573
562
517
464
428
416
439
492
562
638
710
766
809
849
898
974
1080
1208
1342
1447
1493
1446
1288
1018
647
214
-231
-644
-975
-1198
-1301
-1295
-1206
-1067
-913
-776
-666
-583
-518
-449
-351
-220
-48
154
359
545
682
751
741
652
500
307
94
-117
-320
-507
-678
-843
-999
-1153
-1295
-1409
-1481
-1491
-1424
-1279
-1060
-787
-488
-192
77
288
433
514
540
536
521
511
517
547
594
649
704
743
769
784
792
813
864
952
1076
1220
1360
1461
1490
1423
1248
970
615
214
-187
-546
-830
-1020
-1118
-1137
-1103
-1039
-966
-894
-828
-762
-684
-577
-436
-264
-67
132
315
461
552
585
560
486
380
255
120
-17
-158
-307
-470
-655
-847
-1043
-1225
-1373
-1461
-1474
-1412
-1274
-1079
-839
-577
-322
-85
113
274
393
477
534
571
597
614
626
635
645
653
662
676
698
733
784
861
961
1079
1206
1327
1412
1437
1385
1248
1020
717
368
2
-341
-633
-855
-998
-1069
-1081
-1053
-1001
-937
-865
-782
-684
-555
-398
-217
-21
172
348
487
580
619
605
549
458
348
226
91
-62
-230
-413
-613
-822
-1028
-1211
-1353
-1443
-1470
-1434
-1334
-1183
-988
-773
-549
-322
-112
80
245
379
478
546
581
595
597
594
594
606
624
652
691
739
799
871
952
1047
1156
1259
1338
1367
1326
1207
999
721
393
44
-286
-564
-774
-910
-977
-993
-976
-939
-886
-824
-745
-644
-513
-354
-173
17
192
344
460
531
559
542
489
413
321
211
83
-69
-242
-430
-633
-836
-1027
-1197
-1325
-1405
-1434
-1409
-1337
-1216
-1056
-868
-655
-430
-204
9
202
362
484
569
622
651
669
682
694
713
739
765
792
821
857
911
985
1079
1181
1281
1353
1374
1318
1180
962
678
354
25
-280
-537
-732
-865
-948
-992
-1007
-999
-972
-921
-839
-720
-565
-385
-192
-1
172
317
426
500
533
529
500
441
356
242
97
-74
-264
-461
-656
-842
-1004
-1141
-1242
-1304
-1329
-1315
-1265
-1169
-1034
-862
-665
-455
-242
-38
148
306
435
532
607
668
716
750
778
794
800
801
794
792
806
846
917
1014
1124
1229
1301
1316
1260
1121
911
654
369
81
-181
-409
-587
-719
-819
-893
-940
-958
-946
-905
-829
-719
-581
-420
-249
-85
67
200
310
391
447
475
471
435
365
262
126
-34
-210
-392
-572
-741
-896
-1031
-1138
-1212
-1252
-1259
-1226
-1149
-1037
-890
-721
-541
-352
-164
15
180
328
458
569
666
746
805
846
867
873
864
848
839
845
872
925
1000
1087
1167
1226
1238
1188
1068
880
647
386
120
-128
-346
-525
-664
-770
-843
-892
-916
-908
-876
-812
-717
-601
-462
-313
-163
-20
110
229
326
402
447
458
435
379
293
171
25
-131
-296
-458
-615
-762
-894
-1010
-1098
-1163
-1194
-1191
-1150
-1068
-954
-817
-666
-510
-351
-196
-45
99
236
372
504
624
730
816
877
915
933
931
920
916
926
952
996
1050
1099
1132
1127
1069
954
786
582
359
131
-88
-281
-441
-569
-664
-737
-787
-808
-808
-779
-723
-646
-552
-445
-329
-213
-95
19
126
221
296
353
382
376
347
285
199
96
-19
-138
-252
-362
-467
-566
-656
-734
-790
-822
-828
-811
-765
-695
-608
-509
-408
-306
-197
-89
17
126
236
342
440
525
593
636
655
656
637
602
560
519
482
449
427
411
395
377
356
327
284
233
179
120
69
24
-16
-47
-72
-88
-96
-97
-98
-98
-94
-90
-86
-82
-81
-79
-79
-81
-84
-88
-95
-108
-126
-148
-176
-205
-232
-255
-273
-287
-296
-293
-287
-277
-261
-248
-232
-212
-194
-178
-165
-155
-153
-154
-160
-171
-178
-179
-176
-166
-154
-138
-116
-91
-69
-46
-24
-7
13
32
50
67
89
115
143
172
202
231
260
287
301
312
316
316
315
307
300
288
271
257
239
221
203
183
170
158
151
151
151
155
155
155
156
152
148
144
134
125
111
96
78
54
23
-11
-44
-73
-103
-129
-152
-168
-177
-186
-193
-200
-208
-218
-231
-246
-261
-277
-289
-297
-301
-298
-289
-274
-258
-236
-213
-192
-169
-144
-120
-91
-60
-31
5
42
76
112
143
175
206
227
253
269
285
298
305
309
305
297
285
264
244
223
196
174
154
131
116
105
94
91
92
92
93
96
98
95
90
79
61
39
10
-22
-54
-87
-121
-155
-183
-210
-234
-247
-260
-266
-270
-271
-268
-266
-262
-261
-261
-257
-255
-253
-247
-239
-227
-214
-201
-183
-165
-144
-124
-104
-81
-57
-30
1
31
60
91
119
144
168
192
215
238
258
273
287
297
299
301
296
282
269
250
232
212
189
168
145
128
110
95
86
81
80
83
83
80
75
64
51
33
10
-16
-43
-73
-101
-129
-156
-184
-210
-232
-252
-266
-274
-278
-275
-267
-256
-242
-232
-220
-207
-196
-186
-176
-167
-158
-146
-131
-119
-101
-84
-65
-38
-19
2
25
44
67
90
112
132
152
167
183
199
211
220
228
230
231
227
219
208
194
179
162
143
123
102
80
59
38
18
0
-15
-24
-28
-27
-20
-12
-5
10
22
28
34
31
22
8
-16
-40
-71
-103
-137
-171
-200
-226
-243
-256
-263
-259
-252
-242
-229
-212
-195
-181
-168
-154
-144
-135
-125
-116
-107
-94
-82
-67
-49
-29
-6
14
36
61
88
116
139
162
181
197
212
218
226
230
232
239
240
240
240
232
226
212
195
177
151
117
79
32
-24
-87
-156
-228
-293
-343
-379
-395
-392
-365
-314
-243
-161
-70
18
102
176
234
273
292
288
267
230
182
123
56
-12
-83
-146
-201
-251
-294
-325
-346
-357
-357
-344
-321
-284
-234
-182
-125
-66
-10
43
91
136
178
216
252
285
312
337
355
374
387
395
401
400
395
386
370
352
329
302
273
241
205
171
137
106
76
43
15
-11
-32
-50
-71
-85
-90
-92
-91
-87
-84
-80
-78
-79
-84
-95
-113
-137
-166
-201
-238
-282
-325
-362
-391
-411
-419
-419
-408
-385
-354
-317
-278
-235
-188
-144
-100
-55
-12
28
65
98
125
146
167
180
187
194
201
207
214
222
228
231
237
240
247
254
262
275
289
303
312
316
318
319
317
306
291
273
251
222
188
145
90
30
-30
-97
-170
-241
-308
-371
-425
-471
-507
-529
-541
-541
-528
-505
-476
-440
-403
-361
-320
-280
-243
-210
-183
-155
-129
-103
-73
-50
-26
-3
19
41
54
66
77
86
93
101
107
110
115
123
132
146
163
191
219
256
296
339
389
435
482
524
560
589
606
610
603
581
543
491
430
361
283
197
104
9
-88
-185
-278
-369
-450
-521
-583
-632
-669
-688
-693
-683
-658
-621
-570
-511
-441
-366
-287
-207
-132
-64
-8
34
64
78
81
70
52
28
0
-29
-52
-74
-95
-106
-108
-104
-87
-62
-27
16
63
116
174
232
290
355
417
473
528
578
622
660
684
698
699
682
650
602
540
465
382
290
188
79
-33
-141
-241
-337
-425
-501
-563
-615
-649
-671
-683
-677
-658
-631
-594
-556
-511
-459
-409
-356
-301
-251
-203
-153
-109
-69
-34
-8
11
24
30
28
23
13
-6
-26
-44
-58
-67
-69
-60
-45
-18
20
68
125
191
262
342
423
502
583
658
724
783
829
860
872
863
826
769
693
599
489
364
230
96
-36
-161
-280
-389
-485
-561
-620
-670
-706
-723
-719
-696
-660
-615
-556
-490
-414
-337
-266
-199
-140
-87
-50
-27
-18
-22
-36
-63
-97
-139
-187
-235
-280
-317
-350
-376
-383
-381
-367
-343
-311
-264
-205
-137
-57
29
121
219
321
419
519
616
710
802
884
956
1020
1075
1108
1123
1112
1071
1007
918
806
674
521
350
172
-10
-188
-353
-507
-640
-749
-834
-898
-933
-943
-928
-883
-823
-750
-658
-557
-449
-335
-224
-116
-21
62
128
178
209
218
206
168
110
32
-59
-157
-257
-360
-459
-546
-622
-679
-716
-728
-718
-685
-629
-553
-462
-354
-231
-97
41
179
317
446
571
690
800
904
996
1079
1152
1215
1268
1305
1319
1303
1251
1168
1058
926
764
573
368
151
-65
-276
-477
-661
-823
-956
-1061
-1136
-1182
-1192
-1165
-1106
-1024
-922
-800
-657
-501
-340
-186
-45
81
195
286
350
385
398
384
339
269
172
64
-48
-174
-303
-432
-559
-670
-760
-824
-864
-873
-852
-802
-724
-622
-496
-349
-190
-21
150
318
485
654
818
972
1109
1236
1355
1458
1543
1609
1643
1638
1584
1486
1360
1198
1003
775
523
262
0
-254
-493
-713
-909
-1077
-1209
-1308
-1367
-1388
-1365
-1307
-1219
-1101
-956
-781
-585
-377
-173
19
197
355
490
589
644
665
648
592
498
372
227
70
-99
-277
-456
-635
-797
-930
-1039
-1122
-1176
-1191
-1169
-1102
-994
-850
-670
-466
-246
-16
218
456
694
926
1143
1332
1502
1653
1779
1880
1950
1974
1942
1848
1702
1522
1301
1035
732
402
74
-243
-542
-812
-1052
-1259
-1424
-1542
-1612
-1638
-1615
-1541
-1434
-1300
-1136
-946
-723
-474
-222
19
243
445
630
783
889
945
946
901
814
679
507
310
93
-129
-351
-573
-785
-969
-1122
-1238
-1321
-1371
-1386
-1352
-1273
-1150
-989
-797
-579
-337
-79
183
453
725
988
1235
1453
1642
1813
1960
2074
2147
2158
2097
1973
1806
1601
1358
1057
711
343
-26
-367
-686
-977
-1238
-1462
-1633
-1747
-1796
-1790
-1731
-1625
-1485
-1322
-1128
-900
-638
-366
-110
126
341
544
729
879
982
1020
1003
944
841
700
522
308
76
-164
-409
-642
-859
-1050
-1200
-1314
-1392
-1429
-1428
-1376
-1281
-1142
-974
-786
-568
-329
-78
180
442
706
963
1207
1431
1631
1816
1978
2112
2199
2214
2152
2027
1862
1664
1410
1089
718
331
-44
-392
-712
-1015
-1286
-1514
-1685
-1786
-1822
-1800
-1724
-1605
-1450
-1267
-1045
-783
-496
-207
59
292
505
707
889
1025
1097
1104
1062
980
864
714
519
284
32
-228
-480
-720
-942
-1141
-1309
-1434
-1516
-1550
-1534
-1465
-1350
-1200
-1013
-798
-560
-296
-27
242
511
778
1038
1285
1509
1700
1874
2029
2155
2233
2237
2166
2031
1860
1648
1376
1040
658
265
-108
-450
-768
-1066
-1337
-1564
-1726
-1821
-1851
-1826
-1752
-1634
-1479
-1291
-1063
-795
-501
-214
46
283
509
723
908
1042
1108
1107
1061
974
852
691
483
240
-21
-279
-528
-761
-982
-1183
-1353
-1477
-1554
-1586
-1567
-1500
-1394
-1241
-1048
-824
-576
-312
-39
236
508
781
1049
1296
1514
1706
1875
2023
2147
2224
2227
2146
2008
1835
1631
1371
1046
670
284
-76
-407
-711
-1000
-1265
-1484
-1642
-1730
-1754
-1724
-1645
-1527
-1371
-1177
-943
-676
-388
-112
131
347
549
743
903
1005
1035
995
911
796
643
450
214
-47
-308
-550
-768
-966
-1139
-1275
-1361
-1397
-1385
-1333
-1241
-1112
-958
-774
-570
-358
-137
82
300
514
722
929
1118
1288
1431
1553
1662
1758
1820
1815
1736
1606
1455
1289
1082
819
514
206
-76
-309
-510
-696
-863
-991
-1066
-1088
-1062
-999
-915
-816
-705
-572
-418
-247
-78
66
173
251
319
381
418
412
350
242
115
-14
-153
-308
-484
-669
-834
-963
-1049
-1109
-1147
-1161
-1145
-1085
-988
-864
-731
-598
-452
-299
-139
21
167
301
422
533
642
758
872
975
1067
1153
1242
1339
1423
1458
1431
1352
1254
1150
1014
821
578
318
84
-106
-261
-404
-542
-649
-702
-703
-663
-597
-520
-439
-352
-252
-129
-1
115
201
247
270
283
294
286
236
138
4
-142
-276
-404
-546
-706
-870
-1017
-1120
-1178
-1203
-1213
-1211
-1184
-1118
-1011
-879
-740
-611
-487
-356
-215
-69
69
183
281
368
454
551
656
756
840
919
1008
1114
1233
1333
1374
1354
1302
1251
1187
1074
898
678
453
261
106
-37
-185
-327
-434
-483
-487
-462
-418
-376
-324
-262
-177
-73
33
119
174
200
214
230
244
229
163
52
-79
-207
-322
-441
-586
-754
-914
-1037
-1114
-1154
-1181
-1206
-1210
-1177
-1104
-1001
-893
-787
-684
-570
-437
-293
-149
-19
96
199
302
414
537
657
760
850
945
1061
1197
1321
1398
1408
1372
1329
1285
1207
1056
843
615
410
245
103
-46
-206
-347
-437
-472
-466
-445
-417
-388
-345
-278
-186
-78
22
90
131
153
178
208
220
186
93
-35
-163
-276
-383
-512
-672
-843
-984
-1077
-1126
-1153
-1184
-1205
-1192
-1132
-1041
-939
-838
-739
-636
-518
-383
-238
-101
24
136
246
365
498
637
760
865
972
1092
1226
1361
1452
1475
1441
1393
1349
1278
1143
932
697
487
323
192
52
-106
-254
-354
-389
-382
-360
-341
-326
-301
-250
-165
-68
16
70
94
103
118
140
153
121
28
-96
-227
-335
-430
-554
-709
-875
-1015
-1096
-1133
-1156
-1182
-1205
-1195
-1138
-1043
-935
-838
-746
-645
-525
-389
-247
-111
13
123
234
356
497
638
760
866
966
1084
1231
1375
1477
1501
1466
1417
1375
1308
1169
957
713
493
327
195
57
-102
-251
-349
-384
-370
-342
-324
-312
-293
-244
-162
-75
-3
32
39
40
48
59
53
1
-98
-219
-335
-434
-529
-644
-789
-932
-1038
-1093
-1109
-1115
-1127
-1127
-1093
-1015
-904
-792
-698
-612
-507
-381
-244
-111
5
106
201
305
424
553
678
784
874
974
1096
1241
1382
1462
1466
1430
1386
1352
1279
1123
895
646
439
286
153
4
-163
-309
-394
-411
-392
-375
-368
-354
-322
-256
-170
-90
-28
6
20
32
45
52
27
-42
-147
-268
-385
-491
-608
-749
-905
-1039
-1118
-1154
-1168
-1186
-1199
-1176
-1106
-1001
-894
-797
-707
-607
-480
-342
-204
-82
25
126
232
347
476
610
729
824
911
1021
1166
1324
1442
1478
1452
1414
1396
1361
1251
1051
804
582
415
278
129
-45
-214
-324
-367
-367
-356
-351
-345
-323
-268
-194
-118
-53
-8
22
43
63
79
77
32
-57
-169
-281
-388
-505
-644
-806
-955
-1059
-1117
-1151
-1181
-1206
-1201
-1147
-1054
-951
-860
-780
-691
-575
-437
-301
-176
-67
37
145
263
390
523
648
756
854
968
1109
1271
1416
1493
1498
1474
1464
1456
1388
1223
990
756
575
436
290
104
-94
-244
-316
-335
-348
-373
-395
-393
-359
-301
-237
-184
-143
-114
-89
-68
-44
-31
-52
-109
-201
-299
-382
-470
-586
-734
-879
-992
-1051
-1086
-1126
-1164
-1179
-1149
-1071
-974
-888
-810
-723
-613
-479
-340
-207
-88
24
136
253
382
520
655
773
881
996
1141
1311
1458
1544
1554
1529
1518
1507
1436
1269
1035
799
613
469
317
125
-82
-239
-316
-334
-352
-387
-423
-431
-399
-340
-282
-236
-205
-183
-158
-134
-112
-106
-134
-195
-287
-380
-459
-539
-644
-782
-920
-1020
-1070
-1094
-1122
-1155
-1170
-1135
-1050
-954
-876
-810
-728
-616
-477
-343
-224
-112
4
132
263
399
539
672
794
913
1043
1194
1355
1487
1548
1547
1530
1529
1510
1413
1220
971
746
590
468
311
105
-102
-233
-272
-267
-281
-330
-372
-368
-310
-232
-176
-144
-130
-115
-88
-59
-41
-56
-113
-203
-302
-393
-472
-568
-699
-849
-981
-1065
-1109
-1140
-1181
-1220
-1221
-1163
-1068
-973
-895
-817
-718
-586
-436
-296
-175
-61
64
201
344
492
635
764
886
1013
1166
1338
1494
1590
1612
1598
1595
1599
1554
1402
1158
904
714
588
455
259
28
-159
-245
-256
-257
-302
-371
-405
-378
-308
-237
-192
-170
-155
-137
-109
-83
-77
-110
-192
-299
-400
-481
-555
-668
-816
-962
-1066
-1115
-1143
-1183
-1235
-1264
-1234
-1151
-1054
-974
-902
-805
-673
-519
-370
-237
-116
6
140
289
445
597
730
846
971
1125
1300
1456
1559
1593
1588
1594
1608
1572
1434
1212
975
787
650
508
314
88
-98
-198
-235
-263
-317
-382
-418
-399
-348
-293
-253
-233
-215
-193
-169
-146
-139
-168
-235
-325
-415
-495
-575
-678
-810
-940
-1031
-1081
-1108
-1144
-1185
-1202
-1176
-1104
-1020
-945
-874
-788
-670
-528
-383
-251
-133
-19
111
269
433
585
717
839
977
1147
1327
1475
1552
1567
1570
1590
1596
1533
1370
1150
943
789
662
498
290
79
-76
-150
-185
-229
-298
-357
-376
-349
-298
-246
-218
-207
-193
-169
-143
-128
-145
-198
-279
-363
-435
-509
-605
-728
-854
-955
-1028
-1074
-1122
-1173
-1204
-1197
-1152
-1088
-1027
-966
-889
-791
-672
-544
-418
-294
-174
-42
106
272
441
601
739
875
1030
1210
1390
1520
1582
1595
1610
1635
1623
1523
1337
1119
930
795
660
478
264
69
-53
-112
-157
-217
-291
-341
-346
-313
-266
-227
-205
-193
-182
-167
-154
-150
-180
-257
-352
-439
-511
-583
-685
-819
-947
-1032
-1074
-1105
-1154
-1208
-1229
-1196
-1124
-1055
-998
-941
-852
-726
-589
-458
-335
-214
-83
67
230
400
571
726
870
1018
1187
1374
1537
1632
1659
1665
1685
1701
1649
1497
1283
1083
935
809
639
417
188
23
-69
-128
-203
-306
-390
-420
-401
-367
-347
-337
-327
-308
-280
-258
-247
-264
-315
-385
-460
-521
-585
-672
-786
-904
-990
-1034
-1059
-1096
-1147
-1179
-1166
-1109
-1039
-980
-932
-871
-772
-644
-507
-379
-259
-139
-1
162
340
517
681
829
986
1162
1350
1518
1624
1664
1674
1691
1699
1653
1519
1322
1123
965
826
663
456
237
61
-47
-124
-201
-289
-373
-416
-414
-392
-369
-360
-360
-352
-332
-308
-290
-299
-347
-416
-485
-545
-601
-675
-777
-882
-966
-1014
-1031
-1051
-1080
-1098
-1091
-1048
-983
-923
-868
-812
-736
-639
-524
-402
-286
-171
-48
98
269
446
611
770
927
1099
1287
1452
1562
1615
1640
1660
1660
1605
1483
1318
1146
996
855
690
496
304
149
35
-49
-130
-219
-293
-335
-342
-329
-321
-326
-332
-331
-320
-308
-309
-341
-398
-466
-524
-581
-655
-745
-850
-940
-1004
-1040
-1065
-1094
-1119
-1118
-1080
-1021
-959
-900
-840
-768
-676
-572
-469
-365
-257
-139
-2
151
316
477
633
794
966
1151
1323
1454
1535
1588
1630
1655
1629
1540
1400
1247
1111
982
831
646
454
291
172
77
-20
-119
-212
-275
-296
-297
-303
-322
-345
-354
-347
-343
-353
-389
-448
-510
-569
-630
-701
-790
-892
-986
-1059
-1107
-1144
-1177
-1205
-1206
-1172
-1114
-1048
-982
-914
-825
-714
-592
-469
-358
-245
-117
30
190
354
507
645
799
979
1169
1332
1441
1508
1563
1616
1646
1616
1514
1371
1235
1122
1007
856
670
485
339
233
145
48
-62
-159
-219
-244
-253
-267
-290
-313
-329
-335
-339
-356
-393
-455
-527
-598
-660
-727
-811
-912
-1011
-1081
-1126
-1153
-1183
-1211
-1214
-1183
-1124
-1052
-980
-905
-816
-703
-575
-444
-320
-199
-68
83
244
396
542
685
836
999
1164
1310
1417
1481
1527
1566
1584
1552
1464
1334
1199
1082
973
841
675
504
366
269
191
105
2
-93
-156
-182
-191
-212
-243
-273
-296
-301
-306
-332
-378
-440
-509
-576
-643
-718
-807
-900
-994
-1068
-1115
-1149
-1184
-1210
-1219
-1195
-1145
-1077
-1009
-940
-851
-735
-599
-458
-331
-207
-71
81
243
400
537
664
798
952
1113
1248
1343
1396
1438
1479
1501
1476
1389
1269
1152
1048
953
837
695
551
430
345
274
201
115
31
-32
-73
-98
-123
-156
-194
-233
-262
-289
-324
-374
-442
-523
-605
-681
-754
-834
-921
-1005
-1076
-1128
-1164
-1190
-1207
-1204
-1181
-1135
-1074
-1003
-917
-815
-700
-578
-450
-320
-189
-46
105
255
400
524
650
786
928
1066
1177
1256
1304
1345
1386
1402
1373
1292
1184
1084
996
908
803
670
539
438
364
306
236
157
85
24
-15
-43
-76
-113
-156
-196
-238
-281
-325
-384
-453
-531
-621
-708
-788
-864
-937
-1008
-1074
-1123
-1153
-1166
-1165
-1151
-1126
-1076
-1009
-933
-846
-749
-642
-527
-408
-290
-169
-39
100
241
376
499
622
752
885
1013
1116
1187
1239
1278
1309
1319
1285
1215
1126
1033
949
858
755
640
531
438
357
290
224
160
103
51
8
-26
-58
-88
-121
-161
-211
-263
-317
-379
-445
-528
-619
-707
-787
-861
-931
-994
-1052
-1092
-1114
-1121
-1114
-1094
-1056
-1006
-945
-875
-797
-704
-604
-499
-394
-292
-183
-64
67
195
319
440
564
695
831
957
1059
1136
1194
1243
1275
1282
1258
1200
1126
1045
964
879
782
671
562
464
377
299
223
152
86
30
-15
-52
-82
-112
-139
-171
-214
-259
-311
-365
-423
-497
-578
-659
-733
-800
-860
-919
-973
-1009
-1032
-1042
-1040
-1032
-1009
-972
-923
-870
-808
-735
-649
-552
-458
-363
-260
-146
-19
109
235
356
485
624
761
891
996
1074
1139
1193
1230
1236
1214
1174
1116
1050
975
893
802
698
593
490
395
309
219
136
63
-1
-55
-104
-143
-180
-219
-258
-296
-337
-382
-428
-480
-538
-597
-654
-705
-752
-796
-840
-876
-904
-923
-932
-943
-944
-934
-911
-876
-835
-789
-730
-657
-575
-489
-391
-291
-178
-51
80
213
350
498
643
780
909
1020
1115
1194
1250
1282
1288
1272
1244
1202
1139
1067
984
899
809
709
605
502
404
313
227
143
62
-15
-79
-137
-194
-247
-307
-363
-418
-475
-529
-584
-641
-694
-742
-783
-820
-850
-880
-905
-927
-943
-951
-956
-954
-944
-927
-901
-862
-811
-748
-677
-599
-513
-417
-309
-192
-64
69
204
348
497
642
777
896
1003
1094
1166
1213
1235
1242
1233
1212
1178
1124
1061
991
917
836
748
650
549
455
370
285
201
121
40
-36
-108
-181
-251
-326
-399
-468
-541
-608
-668
-718
-760
-798
-834
-859
-878
-893
-901
-908
-914
-915
-911
-897
-874
-845
-807
-760
-703
-632
-557
-473
-377
-274
-161
-40
86
214
346
486
622
749
859
952
1029
1091
1132
1152
1152
1135
1108
1074
1027
969
905
832
759
681
595
512
431
357
286
214
142
68
5
-61
-133
-207
-287
-370
-446
-518
-592
-665
-731
-790
-834
-872
-905
-926
-943
-951
-956
-955
-945
-931
-910
-877
-837
-791
-737
-674
-602
-520
-431
-333
-225
-109
17
143
272
405
541
671
795
904
992
1058
1109
1144
1157
1149
1123
1089
1048
994
935
866
788
711
634
556
478
399
324
257
197
137
77
12
-52
-113
-180
-253
-332
-418
-501
-575
-649
-718
-783
-842
-888
-932
-965
-987
-1004
-1010
-1011
-1006
-986
-957
-920
-871
-816
-753
-680
-595
-502
-404
-298
-181
-57
72
208
345
481
616
745
862
960
1040
1101
1142
1165
1172
1159
1129
1090
1044
988
927
855
774
693
608
521
440
361
280
206
137
72
10
-52
-115
-180
-249
-321
-393
-465
-537
-608
-677
-738
-794
-842
-883
-918
-945
-965
-982
-989
-986
-981
-966
-938
-902
-854
-800
-736
-658
-571
-477
-368
-251
-126
5
147
291
438
580
711
831
934
1019
1089
1139
1169
1179
1177
1154
1119
1078
1023
960
890
816
738
655
577
497
417
344
267
192
119
45
-31
-98
-169
-244
-320
-394
-467
-537
-606
-673
-735
-793
-842
-882
-916
-944
-964
-978
-981
-978
-969
-951
-921
-883
-838
-782
-718
-645
-559
-463
-358
-242
-118
17
155
297
433
568
692
798
895
973
1029
1070
1091
1095
1086
1064
1029
985
935
876
810
742
669
599
529
463
397
330
267
201
135
69
-4
-76
-150
-224
-300
-375
-449
-523
-592
-661
-725
-782
-834
-877
-915
-945
-966
-981
-987
-982
-963
-937
-902
-854
-799
-736
-659
-573
-481
-378
-266
-147
-21
110
246
383
512
639
750
844
924
984
1029
1057
1063
1057
1039
1010
971
924
872
812
749
684
623
558
492
434
375
317
262
202
144
83
18
-49
-120
-198
-277
-353
-430
-503
-575
-645
-711
-776
-835
-884
-928
-968
-997
-1017
-1027
-1023
-1010
-984
-949
-896
-833
-761
-679
-585
-477
-359
-235
-103
34
176
323
466
600
718
822
910
979
1030
1059
1068
1065
1049
1020
983
934
876
813
745
674
601
530
464
399
334
272
212
158
101
41
-18
-80
-145
-211
-278
-346
-409
-471
-530
-587
-646
-700
-749
-796
-837
-876
-910
-934
-950
-957
-954
-941
-918
-880
-831
-771
-698
-608
-509
-399
-279
-152
-15
130
275
416
552
676
787
881
958
1014
1053
1073
1076
1062
1036
1002
956
901
842
775
704
634
560
486
415
345
276
210
144
77
11
-54
-117
-183
-248
-309
-370
-426
-477
-529
-576
-617
-659
-692
-721
-752
-780
-803
-823
-835
-841
-842
-834
-818
-790
-749
-700
-641
-566
-478
-380
-269
-150
-25
106
241
376
500
611
711
795
862
915
950
965
967
958
941
914
876
826
771
716
658
600
537
474
415
353
291
228
163
100
36
-32
-103
-175
-245
-310
-374
-435
-493
-545
-593
-633
-667
-700
-726
-748
-766
-781
-788
-788
-782
-773
-755
-728
-697
-657
-607
-544
-474
-395
-303
-200
-90
25
149
271
385
490
583
666
734
789
830
852
865
868
863
849
820
785
747
702
653
603
549
497
447
396
346
293
239
182
124
58
-11
-80
-149
-217
-289
-358
-420
-482
-537
-589
-638
-679
-714
-745
-770
-790
-803
-805
-802
-794
-777
-748
-711
-667
-616
-558
-489
-414
-326
-228
-127
-22
90
203
315
419
509
590
657
707
746
768
779
780
771
761
741
714
680
644
606
563
520
473
427
382
333
285
234
183
130
74
12
-47
-106
-171
-236
-299
-361
-417
-469
-520
-566
-607
-640
-669
-695
-719
-736
-747
-749
-742
-727
-702
-665
-620
-564
-502
-432
-351
-265
-172
-71
38
148
257
366
463
549
625
687
737
768
780
784
779
768
750
722
690
651
611
571
527
482
434
385
337
289
238
185
134
79
20
-40
-98
-157
-215
-273
-330
-385
-436
-487
-530
-575
-615
-648
-678
-706
-727
-743
-750
-750
-748
-734
-713
-686
-646
-596
-532
-460
-381
-290
-194
-91
18
130
238
345
447
535
613
681
734
769
792
800
799
792
775
747
712
675
634
592
548
501
456
408
357
307
255
205
152
96
39
-23
-84
-143
-202
-259
-319
-375
-424
-470
-514
-557
-596
-632
-664
-688
-714
-733
-744
-744
-735
-723
-702
-673
-632
-577
-515
-443
-367
-284
-190
-84
30
142
256
364
464
555
633
698
747
780
802
810
806
793
773
743
705
662
617
567
521
471
419
367
314
263
213
160
105
49
-7
-65
-120
-179
-234
-282
-332
-376
-416
-455
-489
-523
-555
-581
-603
-622
-638
-648
-655
-657
-647
-634
-616
-589
-552
-505
-455
-397
-329
-252
-167
-72
29
131
233
331
424
507
575
631
680
713
729
735
733
720
695
665
630
590
549
502
452
402
345
290
236
181
122
68
12
-44
-98
-154
-210
-262
-310
-357
-395
-431
-463
-489
-513
-533
-553
-571
-580
-589
-598
-603
-603
-598
-584
-561
-534
-503
-463
-419
-363
-306
-242
-169
-90
-6
86
177
270
361
443
515
578
627
663
688
699
697
692
679
661
638
609
577
538
493
450
405
355
302
250
196
139
85
35
-16
-72
-125
-176
-227
-271
-312
-352
-390
-419
-445
-466
-484
-498
-508
-518
-528
-538
-545
-549
-547
-541
-527
-510
-486
-452
-408
-361
-307
-244
-177
-106
-26
58
144
231
316
395
465
525
575
612
641
659
659
652
640
622
599
569
534
499
460
419
378
331
279
222
166
111
49
-6
-61
-114
-163
-212
-258
-300
-341
-377
-409
-440
-468
-488
-506
-519
-530
-539
-539
-542
-544
-540
-533
-520
-503
-482
-454
-421
-379
-328
-273
-212
-143
-67
13
95
182
265
344
423
489
545
595
634
660
675
677
673
660
638
611
579
540
499
456
415
368
318
267
214
160
103
45
-10
-68
-119
-169
-216
-258
-299
-334
-365
-393
-417
-439
-460
-477
-493
-503
-512
-518
-520
-518
-513
-505
-492
-474
-452
-423
-389
-348
-297
-244
-187
-123
-54
24
103
179
257
334
401
465
518
562
596
621
637
639
633
619
599
572
535
495
452
402
356
308
256
201
143
88
33
-24
-76
-126
-171
-212
-250
-280
-307
-332
-352
-367
-383
-394
-403
-412
-418
-420
-421
-422
-423
-420
-410
-399
-383
-362
-340
-314
-277
-239
-195
-147
-94
-35
26
89
154
219
279
335
387
431
467
498
520
536
546
545
538
527
503
477
445
401
355
311
265
217
166
111
58
6
-46
-99
-147
-190
-230
-263
-292
-315
-331
-344
-351
-355
-358
-356
-353
-352
-348
-342
-338
-329
-320
-309
-292
-277
-262
-239
-219
-192
-160
-126
-87
-47
-4
46
92
141
190
237
282
322
358
385
411
430
441
449
446
441
431
415
398
369
337
300
260
220
174
126
80
33
-18
-65
-109
-154
-194
-232
-263
-291
-313
-328
-341
-350
-351
-350
-345
-340
-334
-325
-317
-309
-300
-288
-271
-255
-237
-218
-198
-172
-146
-120
-88
-56
-20
17
57
96
135
175
217
253
288
321
345
366
383
393
398
401
398
389
377
361
341
313
284
253
216
178
136
94
52
6
-40
-82
-123
-163
-196
-229
-261
-286
-308
-321
-331
-339
-343
-340
-335
-327
-319
-310
-300
-285
-271
-254
-232
-209
-187
-161
-135
-108
-79
-48
-12
22
55
91
129
165
198
233
268
295
320
344
360
373
384
386
382
376
364
351
334
309
284
251
220
188
152
111
72
28
-14
-55
-95
-132
-169
-201
-231
-258
-285
-307
-324
-336
-344
-346
-344
-341
-333
-320
-307
-293
-273
-254
-233
-211
-187
-164
-141
-114
-88
-58
-27
4
34
64
96
127
156
186
211
234
256
278
296
308
317
323
327
326
319
308
294
278
255
230
204
169
136
106
71
35
-1
-35
-72
-108
-141
-172
-203
-229
-251
-271
-286
-294
-300
-303
-302
-296
-290
-281
-266
-251
-235
-216
-197
-170
-148
-121
-94
-72
-48
-22
3
26
51
76
97
116
137
155
173
189
200
212
227
235
242
249
248
249
249
244
238
229
217
205
190
170
149
124
98
74
45
15
-12
-43
-71
-95
-120
-143
-165
-183
-200
-214
-225
-233
-237
-241
-240
-230
-223
-213
-198
-183
-167
-149
-128
-107
-88
-66
-44
-23
-2
18
36
58
75
91
106
121
134
144
151
158
165
169
173
178
178
177
175
172
167
162
156
150
141
130
122
106
88
75
56
37
17
-2
-20
-39
-56
-74
-91
-110
-124
-138
-154
-166
-174
-181
-183
-186
-186
-180
-176
-170
-164
-157
-149
-139
-127
-112
-99
-87
-69
-55
-40
-24
-12
1
16
30
41
53
63
73
84
90
99
103
108
115
120
122
125
124
122
120
117
114
108
103
98
90
81
73
63
50
38
26
17
8
-5
-18
-26
-35
-42
-50
-63
-70
-74
-78
-83
-86
-89
-88
-86
-83
-79
-75
-70
-61
-54
-49
-41
-37
-33
-27
-25
-19
-14
-9
1
5
8
16
21
23
26
26
33
35
36
41
43
44
48
51
52
51
50
49
47
47
44
40
36
35
33
26
21
17
12
6
1
-4
-9
-14
-17
-22
-29
-29
-31
-33
-37
-41
-39
-38
-37
-35
-33
-27
-23
-22
-16
-14
-10
-7
-3
3
4
7
12
15
15
14
16
16
13
10
11
9
7
4
4
8
9
8
5
4
5
5
4
6
6
7
6
6
6
6
4
1
-2
-2
-5
-5
-6
-7
-7
-7
-5
-6
-11
-10
-11
-13
-12
-10
-7
-8
-6
-5
-2
1
2
5
9
12
14
17
20
22
25
25
25
26
27
25
22
19
16
12
9
5
-3
-6
-9
-11
-14
-18
-17
-19
-20
-21
-24
-21
-16
-13
-10
-8
-7
-5
-7
-5
-4
-8
-9
-9
-11
-11
-13
-11
-8
-10
-10
-9
-7
-6
-3
-1
2
2
5
7
8
13
14
17
20
21
24
25
26
26
24
24
26
27
26
26
26
21
17
13
7
1
-6
-11
-16
-20
-25
-29
-33
-38
-46
-56
-58
-53
-46
-45
-42
-29
-18
-14
-9
-4
0
-1
-5
-4
-2
-3
-8
-12
-16
-13
-13
-12
-9
-8
-7
-1
1
6
11
13
13
15
18
21
26
30
31
29
31
33
33
37
39
38
35
34
28
24
16
8
8
4
1
-4
-7
-6
-9
-14
-15
-15
-16
-12
-10
-8
-7
-9
-8
-4
-3
-3
-2
-1
-1
-1
-3
-1
1
-3
-7
-9
-11
-15
-18
-20
-21
-23
-21
-20
-17
-12
-8
-2
5
12
19
22
27
34
38
41
40
41
43
40
36
29
24
19
10
7
7
4
-1
-3
-5
-6
-7
-9
-8
-7
-8
-6
1
1
1
-6
-9
-7
-9
-9
-11
-15
-11
-8
-7
-9
-11
-11
-9
-11
-13
-16
-18
-21
-24
-27
-32
-37
-36
-37
-42
-41
-32
-28
-28
-27
-20
-10
-4
-1
7
18
28
32
38
51
58
60
62
65
63
50
39
28
7
-18
-37
-51
-56
-62
-66
-56
-38
-22
-1
21
42
52
52
63
73
65
54
46
39
25
3
-9
-13
-20
-36
-47
-47
-49
-54
-55
-53
-52
-53
-51
-44
-35
-31
-31
-24
-17
-14
-12
-8
-2
4
7
8
10
19
29
33
33
42
49
56
64
66
64
63
61
57
51
48
40
32
25
18
14
13
11
7
5
4
7
15
14
7
6
9
10
2
-3
-2
1
-7
-18
-22
-17
-19
-29
-33
-27
-29
-41
-47
-39
-35
-48
-57
-51
-42
-40
-43
-38
-20
-4
-5
-3
9
24
29
24
23
35
45
42
42
48
45
42
36
32
34
29
16
7
2
1
-9
-21
-16
-4
-4
-13
-11
7
19
8
-3
8
18
3
-28
-41
-44
-67
-111
-141
-139
-141
-155
-164
-142
-103
-86
-78
-52
-9
19
14
11
37
61
51
18
10
31
36
10
-11
-3
10
-1
-19
-18
-7
-6
-12
-9
7
13
14
22
34
46
51
44
52
65
57
39
33
48
51
27
9
18
30
14
-10
-4
18
19
-1
-5
9
17
13
2
-1
6
0
-17
-16
-8
-28
-59
-54
-28
-36
-68
-67
-26
-11
-38
-49
-20
7
-4
-17
3
26
24
4
16
49
47
25
35
63
62
33
41
78
81
48
43
77
82
56
43
52
62
57
42
26
22
37
38
19
10
21
27
17
11
21
26
11
2
11
16
-7
-31
-26
-6
-10
-48
-59
-25
-8
-33
-59
-36
2
-6
-40
-33
3
-1
-38
-40
-3
-4
-41
-40
-16
-20
-27
-24
-24
-18
-13
-19
-19
1
27
15
-4
20
45
43
26
30
54
62
41
22
25
38
37
16
3
7
2
-13
-16
-14
-12
-16
-26
-17
5
5
-7
-4
14
17
0
-10
-9
-9
-14
-24
-38
-49
-36
-20
-36
-62
-55
-22
-27
-65
-61
-31
-33
-51
-46
-26
-23
-34
-30
-10
-6
-24
-17
20
25
-9
-16
17
37
29
18
28
47
49
50
56
60
54
57
65
61
57
55
52
57
55
32
17
31
37
20
1
-1
-7
-19
-7
-6
-50
-61
-19
-15
-59
-71
-35
-28
-58
-61
-39
-41
-47
-36
-30
-42
-49
-32
-12
-16
-32
-38
-27
-12
-17
-35
-28
2
-1
-22
-16
15
23
11
17
22
16
23
46
42
30
36
42
40
29
41
60
40
10
18
45
38
10
6
28
34
6
-2
17
25
14
-3
-10
-6
1
-25
-51
-33
-27
-70
-93
-62
-41
-65
-91
-87
-72
-70
-77
-77
-64
-61
-67
-68
-50
-27
-20
-34
-35
-10
-4
-27
-26
14
36
10
-19
7
65
60
16
32
76
62
25
39
75
83
61
38
51
66
58
53
55
54
42
31
25
16
22
30
6
-17
-16
-11
-8
-6
-11
-22
-36
-42
-31
-25
-47
-63
-53
-36
-41
-60
-49
-28
-20
-22
-38
-50
-21
9
-12
-26
4
30
10
-3
36
59
38
23
42
61
54
54
69
66
57
69
81
81
85
90
90
80
65
74
98
86
50
30
44
61
40
12
27
43
4
-25
0
11
-22
-32
-9
-20
-46
-47
-22
4
-13
-58
-74
-41
-11
-48
-88
-52
-13
-61
-108
-60
8
-11
-66
-38
18
-3
-45
-10
61
52
-12
-20
38
71
42
19
52
78
40
8
42
81
55
16
29
63
54
19
16
56
77
40
-4
5
40
34
-12
-23
6
6
-41
-74
-47
-21
-47
-81
-82
-75
-82
-94
-96
-74
-55
-67
-92
-82
-47
-45
-60
-49
-35
-49
-74
-68
-30
-14
-35
-37
-11
-3
-29
-25
25
53
28
0
11
38
45
46
65
70
39
33
58
57
33
50
74
43
-7
1
41
42
14
13
24
-1
-23
5
26
-7
-38
-26
1
-16
-65
-64
-3
21
-39
-87
-50
-2
-17
-52
-46
-31
-48
-52
-17
-11
-52
-57
-6
37
3
-67
-52
44
80
1
-56
9
81
53
3
16
49
49
50
59
40
10
36
92
91
42
13
25
49
66
60
19
-14
8
39
13
-27
-7
28
8
-29
-25
-3
0
-11
-30
-38
-28
-26
-51
-70
-50
-28
-46
-79
-83
-45
-11
-38
-79
-52
2
-7
-53
-30
41
33
-40
-34
47
66
-1
-22
33
66
33
1
31
77
59
4
22
91
74
2
7
79
79
-3
-26
43
73
2
-54
-10
43
22
-27
-40
-21
-11
-25
-38
-29
-33
-55
-53
-28
-28
-54
-47
-11
-15
-60
-74
-41
-15
-18
-36
-61
-62
-25
-1
-34
-63
-29
9
-24
-62
-26
23
17
-1
15
19
-8
-2
62
93
33
-28
10
76
64
10
15
68
73
24
19
71
86
54
44
66
64
37
35
60
56
16
1
19
32
7
-22
-13
2
-26
-60
-36
12
-1
-68
-86
-31
4
-19
-48
-47
-40
-42
-37
-26
-21
-25
-24
-11
-6
-22
-24
11
47
28
-28
-37
20
63
48
14
9
18
25
36
42
29
19
29
32
10
-6
6
28
29
1
-23
-17
11
24
11
6
17
14
5
14
34
36
23
23
19
2
-2
15
21
-4
-29
-17
7
-7
-50
-49
3
20
-24
-54
-28
0
-8
-20
-15
-18
-35
-29
-3
-12
-36
-26
2
9
-11
-29
-25
11
38
20
-19
-25
17
54
29
-9
5
41
34
7
10
30
29
7
-6
7
16
-1
-9
7
9
-25
-39
-4
22
-3
-41
-36
3
17
-4
-19
-5
15
12
-9
-11
21
39
9
-26
-20
10
25
17
-5
-20
-11
7
13
10
11
15
15
7
-2
-7
14
48
41
-16
-53
-24
30
40
5
-29
-22
6
13
1
-2
22
49
30
-18
-37
3
57
57
6
-34
-24
17
32
11
-11
-6
12
1
-31
-37
-7
16
3
-29
-54
-46
-14
10
2
-24
-39
-21
4
-2
-17
-14
6
9
-20
-38
-25
3
4
-16
-31
-20
1
5
3
16
24
8
2
21
26
8
5
24
22
-10
-25
4
23
3
-15
-15
-5
5
6
0
-5
-1
1
3
3
9
9
-8
-7
15
17
-8
-19
7
24
2
-28
-26
2
9
-14
-35
-24
1
4
-12
-14
-5
-3
-5
4
11
0
-17
-9
19
16
-16
-27
0
24
7
-24
-23
16
41
18
-17
-13
23
41
15
-5
9
21
7
-6
14
29
8
-14
4
15
-3
-18
4
24
-1
-27
-16
16
19
0
-3
4
8
4
1
4
17
16
-3
-24
-30
-9
9
-4
-33
-43
-15
5
-13
-31
-12
11
-4
-29
-22
1
-1
-13
-7
3
-22
-41
-4
36
17
-33
-38
5
26
10
-12
-13
5
15
-3
-24
-13
12
21
0
-20
-19
-6
7
13
2
-18
-25
-3
17
8
-13
-15
4
9
-17
-24
1
16
7
-10
-14
-7
2
9
7
-10
-24
-15
10
15
-6
-21
-2
15
-8
-32
-16
13
8
-16
-22
-14
-9
-1
15
13
-18
-35
-7
29
26
-11
-21
1
16
8
-9
-7
11
19
8
-7
-12
-5
14
28
17
-15
-37
-18
25
36
5
-21
-11
8
4
-5
7
26
14
-17
-19
5
19
9
1
8
6
-16
-21
9
32
19
3
2
-2
-8
4
29
38
2
-35
-26
4
14
2
-5
0
-8
-18
-7
13
16
13
12
11
3
-2
10
29
32
17
-3
-12
1
22
30
17
-4
-19
-14
3
19
13
-12
-21
-1
12
-5
-24
-12
14
20
0
-17
-10
13
25
15
2
-7
-9
0
18
23
6
-5
-1
6
5
4
8
7
2
-3
-6
-2
1
8
7
-2
-13
-12
-9
-13
-7
3
3
-18
-37
-23
4
11
-4
-21
-23
-15
-6
1
-3
-12
-17
-14
-10
-13
-16
-9
-3
-3
-9
-20
-28
-19
6
14
-12
-32
-15
14
15
1
-4
1
5
-2
-3
12
13
-2
-4
12
16
2
-8
8
24
13
-6
0
19
18
6
1
5
9
10
14
15
8
-2
-4
2
10
9
-6
-15
-10
4
3
-12
-13
-1
1
-13
-22
-17
6
19
6
-8
-14
-10
5
16
16
7
-5
-12
-5
3
6
12
12
4
-8
-11
-2
14
27
23
0
-16
-9
13
27
21
8
3
-3
-11
-2
19
32
19
-10
-21
-1
23
26
19
15
15
8
6
10
22
34
23
2
-11
-10
6
23
29
15
-17
-35
-16
20
31
8
-21
-21
-6
3
4
6
10
4
-14
-22
-11
6
12
7
-1
-17
-26
-15
12
30
19
-7
-24
-16
10
31
32
15
-4
-9
-5
4
18
27
18
-1
-17
-23
-10
10
15
2
-19
-32
-32
-15
6
14
0
-22
-34
-26
-9
-1
3
0
-15
-35
-42
-24
-1
4
-11
-22
-20
-20
-15
3
29
33
2
-26
-16
11
28
29
24
16
-2
-10
7
29
34
27
14
4
-1
3
17
31
33
17
-4
-11
5
31
41
28
10
0
-3
0
11
17
12
3
-13
-22
-21
-13
4
15
4
-18
-30
-21
-2
14
13
-4
-20
-24
-16
-8
-4
-7
-13
-15
-17
-23
-27
-15
4
7
-4
-17
-22
-15
4
20
21
7
-6
-3
15
30
32
28
25
24
18
12
16
28
37
39
26
5
3
19
35
38
27
4
-8
-3
3
8
9
-2
-14
-23
-23
-18
-16
-15
-16
-23
-36
-39
-35
-26
-13
-13
-29
-43
-39
-24
-12
-11
-18
-26
-28
-28
-17
-3
2
-2
-4
0
3
4
15
29
30
21
12
18
33
37
33
32
32
27
23
22
30
36
29
22
16
14
18
23
26
22
14
8
5
1
5
9
5
-5
-15
-19
-19
-18
-21
-22
-21
-28
-39
-39
-29
-21
-19
-23
-28
-29
-26
-19
-11
-7
-8
-10
-9
-5
2
4
4
4
5
7
3
5
16
23
24
20
16
17
19
25
28
28
29
24
22
27
25
22
18
18
18
12
6
0
-3
1
4
-1
-12
-14
-10
-6
-4
-7
-8
-10
-13
-15
-15
-19
-20
-22
-23
-22
-24
-26
-29
-23
-19
-22
-29
-31
-24
-9
-3
-10
-14
-10
-7
-4
-4
-2
3
8
9
8
10
6
6
17
21
17
10
7
14
21
22
19
17
17
14
11
14
21
24
22
15
9
5
1
-1
-1
2
0
-8
-18
-19
-11
-7
-13
-18
-27
-30
-29
-25
-22
-21
-22
-22
-25
-25
-24
-24
-24
-22
-20
-22
-24
-21
-15
-11
-8
-12
-17
-11
1
5
4
7
10
11
11
12
15
20
22
20
20
20
18
19
19
19
21
20
14
15
17
16
16
14
12
5
3
2
2
4
2
-1
0
-3
-5
-8
-11
-15
-17
-18
-20
-24
-23
-18
-16
-21
-23
-22
-21
-17
-15
-14
-11
-9
-9
-9
-7
-4
-3
-2
-1
-3
0
4
7
10
13
10
9
13
14
13
16
17
18
14
11
14
17
19
16
13
17
19
14
13
12
10
6
1
-1
-1
-3
-4
-6
-5
-6
-7
-9
-11
-11
-12
-13
-12
-15
-17
-17
-17
-18
-16
-15
-17
-14
-15
-15
-15
