4
8
7
4
5
6
5
6
8
7
7
5
4
6
4
3
4
5
3
2
3
-1
-1
2
0
-2
-3
-2
-1
-1
-1
-2
-1
-4
-3
0
-2
-4
-4
-3
-3
-2
0
3
4
4
4
4
1
1
4
5
4
3
5
6
5
5
2
2
-1
-2
1
1
1
1
1
3
1
-1
-1
-2
-1
-2
-1
-3
-5
-1
-2
-3
-2
-2
-3
-2
-3
-5
-5
-5
-2
-1
0
0
-1
-1
-2
-2
-1
1
0
3
1
-4
-1
-3
-1
1
0
-1
-4
-4
-2
-4
-2
-2
-4
-6
-5
-4
-3
-4
-3
0
-5
-9
-9
-9
-8
-7
-5
-5
-5
-3
-3
-3
-4
-5
-6
-4
0
1
2
3
4
4
7
9
8
9
7
7
6
4
4
6
8
7
7
6
5
4
3
2
1
0
0
1
0
-1
0
0
-3
0
-1
0
1
1
0
-1
1
4
2
4
1
0
-1
0
2
3
4
4
4
5
3
5
5
4
4
5
4
4
4
4
7
7
7
7
7
7
7
6
5
4
8
10
10
8
8
8
6
6
6
6
6
4
2
0
-2
-3
-5
-7
-6
-6
-6
-8
-6
-5
-8
-10
-10
-8
-9
-10
-9
-7
-6
-7
-7
-6
-6
-5
-6
-8
-9
-8
-7
-8
-7
-7
-8
-6
-5
-6
-5
-3
-4
-5
-4
-6
-4
-5
-6
-8
-5
-1
-4
-4
-3
-2
-1
-3
-1
-3
-3
-4
-4
-5
-6
-3
0
0
2
1
1
-3
-4
-3
-3
-2
-3
-3
-5
-3
-2
-3
0
0
0
-2
-1
2
3
2
2
3
5
5
7
7
5
7
7
6
5
8
8
8
7
7
8
6
6
6
8
8
7
7
4
4
5
2
2
0
1
0
-1
-1
-5
-1
1
-1
0
-1
0
-4
-5
-6
-5
-5
-4
-2
0
3
2
1
5
4
3
3
3
0
0
0
-1
1
2
3
4
2
1
1
0
0
-1
0
1
0
0
-3
-2
1
0
-1
0
3
2
-1
1
0
1
0
0
2
2
0
-3
0
2
2
0
1
1
0
3
2
-1
0
1
2
4
4
6
6
2
3
-1
0
2
1
2
4
5
5
4
5
6
6
7
6
6
7
5
5
6
4
1
3
6
4
6
8
4
7
5
3
4
3
-2
-1
2
1
2
2
2
1
2
3
1
3
1
0
2
2
1
0
0
4
3
2
2
-1
-2
-3
-2
-2
-3
-3
-4
-4
-7
-8
-6
-8
-12
-11
-10
-11
-11
-10
-12
-11
-9
-10
-8
-8
-7
-6
-6
-6
-5
-4
-5
-6
-4
-6
-7
-1
0
1
0
2
2
-2
0
2
0
0
0
0
-1
-3
-2
-4
-3
-2
-3
-2
-2
-5
-2
-1
-3
-5
-2
-2
0
0
-1
0
1
1
-1
2
6
2
3
6
3
4
3
5
3
3
5
3
2
3
5
2
1
0
0
-1
0
1
-1
-1
-2
-3
-3
-5
-6
-3
-4
-3
-1
-6
-6
-5
-2
-2
1
5
2
1
4
1
2
4
3
4
2
1
4
4
5
5
4
4
3
3
5
2
2
3
2
-1
0
0
-4
-3
-2
0
0
1
1
0
1
2
1
2
4
4
3
4
5
2
2
2
2
3
1
2
5
2
3
4
1
0
0
1
-1
-2
-2
0
2
2
1
0
1
2
2
5
3
4
6
6
6
5
6
8
8
6
4
3
2
0
2
3
2
1
2
2
0
-1
-3
0
-2
-6
-5
-7
-7
-4
-7
-5
-1
-4
-7
-7
-7
-7
-7
-7
-3
-2
-3
-2
-2
-2
-2
0
1
0
1
-2
-1
0
-2
-4
-1
-1
0
1
-1
-2
-1
-3
-3
-4
-3
-4
-2
-2
-4
-2
-3
-1
1
1
1
4
6
5
4
3
5
6
3
4
5
6
7
7
8
5
3
3
4
6
4
2
2
1
2
0
-2
-3
-5
-4
-4
-6
-7
-7
-6
-6
-6
-8
-9
-8
-10
-9
-8
-12
-9
-7
-5
-5
-5
-3
-4
-5
-1
1
2
3
3
6
8
8
9
9
8
7
9
7
7
10
10
11
12
12
10
10
9
9
7
7
7
7
6
6
7
6
3
5
3
4
4
3
0
-2
-1
-3
-3
-3
-5
-7
-9
-9
-10
-9
-8
-10
-7
-7
-7
-7
-8
-8
-8
-10
-8
-5
-7
-8
-6
-6
-8
-6
-6
-7
-6
-4
-3
-4
-1
-1
-2
-2
-1
0
-2
-4
-3
-2
-3
-3
-2
-2
-1
2
3
1
1
0
0
2
6
4
3
4
2
1
3
3
5
8
5
6
8
7
8
7
9
8
8
8
9
8
7
4
5
4
3
4
2
3
4
4
2
0
2
1
1
1
-2
-2
-2
-5
-4
-5
-7
-6
-3
-4
-1
1
2
2
1
-1
-1
-2
-2
2
2
1
1
1
2
2
2
2
1
-1
2
3
1
2
1
1
0
0
2
0
-1
-1
-1
0
1
1
1
0
-3
-3
-5
-5
-4
-4
-5
-5
-1
0
-4
-5
-5
-7
-7
-4
-6
-7
-6
-7
0
-4
-5
-1
-2
-3
0
1
2
3
2
3
4
3
1
1
4
6
7
3
3
4
4
4
4
1
0
0
2
3
2
3
4
0
0
1
-3
-5
-5
-4
-4
-5
-6
-7
-9
-7
-7
-5
-5
-7
-5
-5
-9
-8
-7
-9
-5
-2
-2
-2
-3
-5
-2
-3
-2
-2
-1
-1
0
-3
-2
-1
0
-2
-2
0
-3
-4
0
0
0
-1
-2
-2
-3
-5
-2
-3
-3
-1
-2
-1
0
1
-1
0
1
-2
-2
-3
0
0
-1
0
3
0
-1
1
-3
-3
-1
-2
1
2
1
0
-2
1
4
4
3
3
5
3
-1
4
3
2
3
0
2
4
4
5
5
4
4
2
3
6
4
6
8
7
7
7
7
7
7
9
9
9
8
8
8
6
4
5
6
7
6
7
6
4
4
6
5
3
5
3
2
3
3
3
-1
0
-2
-4
-3
-3
-1
-1
-2
-1
-2
-7
-4
-4
-7
-5
-5
-4
-3
-3
-3
-4
-5
-6
-3
-6
-8
-5
-7
-6
-7
-6
-5
-5
-4
-6
-8
-7
-5
-5
-6
-6
-5
-4
-4
0
-1
2
2
2
5
2
4
6
6
5
5
5
5
4
6
6
8
7
5
5
3
5
4
3
7
6
5
7
7
5
5
2
3
2
2
3
2
2
1
-4
-4
-5
-4
-1
0
-5
-5
-4
-6
-7
-9
-8
-10
-9
-6
-6
-6
-8
-9
-7
-7
-11
-11
-9
-9
-9
-8
-10
-10
-10
-11
-9
-7
-5
-7
-5
-3
-3
-4
-4
-5
-5
-4
-2
-2
-1
-2
-5
-3
0
-2
-2
-4
-2
0
-1
1
0
1
0
0
2
0
-1
1
0
2
2
3
2
3
3
7
8
6
8
6
6
6
5
5
6
7
7
7
7
9
8
4
4
4
2
1
2
6
5
4
4
2
2
0
1
-1
2
5
3
1
2
3
1
0
2
3
3
3
5
4
4
3
1
3
3
3
2
3
3
3
3
3
3
2
0
0
-1
-1
-1
-1
-2
-2
1
0
-2
-3
-3
-1
-2
-2
-3
-6
-8
-5
-6
-7
-5
-5
-5
-2
-1
-1
-1
-1
2
1
1
4
2
3
7
7
7
7
5
6
3
3
5
3
2
3
4
1
3
2
1
0
-3
-3
-5
-6
-6
-7
-9
-9
-7
-12
-10
-8
-10
-10
-12
-10
-10
-13
-12
-11
-11
-8
-9
-10
-8
-5
-3
-4
-4
-1
-1
-1
3
2
3
4
3
7
6
6
8
7
8
10
7
6
8
6
4
4
5
6
3
3
4
3
1
2
3
2
4
2
3
4
3
5
2
1
1
1
0
1
3
3
2
2
3
4
7
8
7
6
8
8
8
6
5
6
4
6
6
1
2
3
3
3
0
0
1
1
1
-1
-3
-3
-3
-5
-5
-6
-5
-4
-3
-4
-6
-6
-5
-6
-10
-9
-7
-9
-12
-11
-10
-10
-9
-10
-12
-10
-9
-9
-11
-11
-11
-12
-12
-13
-14
-15
-13
-13
-12
-12
-12
-10
-9
-8
-6
-7
-4
-4
-4
-3
-3
-1
0
1
3
6
9
10
11
13
13
13
13
13
14
12
12
14
14
15
16
14
14
14
12
12
9
7
8
6
6
5
3
3
2
1
2
-1
-3
-2
-2
-4
-4
-2
-3
-7
-7
-5
-3
-2
-2
-1
2
0
0
5
5
5
8
6
6
8
5
6
8
8
10
10
8
7
6
6
5
6
6
4
3
3
0
-1
-4
-6
-5
-5
-9
-10
-10
-14
-13
-15
-16
-15
-18
-18
-17
-19
-18
-17
-16
-14
-16
-13
-14
-13
-10
-10
-8
-6
-6
-4
-3
-2
1
1
1
8
9
8
11
13
12
13
14
15
16
18
22
23
22
19
19
17
17
16
15
16
14
16
13
12
12
7
7
2
1
4
2
2
1
1
0
-4
-3
-7
-8
-9
-13
-13
-14
-15
-12
-13
-13
-17
-15
-14
-15
-10
-12
-13
-13
-13
-11
-10
-9
-9
-6
-3
-3
-2
0
3
6
6
6
7
4
4
5
6
9
8
7
6
4
6
7
7
10
7
7
7
4
4
1
0
0
-1
1
2
1
1
-1
-2
-3
-3
-4
-6
-6
-4
-6
-5
-5
-11
-11
-11
-14
-13
-14
-14
-11
-11
-11
-11
-13
-13
-12
-14
-13
-11
-9
-5
-2
1
1
3
6
5
7
12
13
16
17
17
17
17
19
21
24
24
25
25
25
27
27
26
26
27
26
23
22
19
19
16
13
10
6
6
4
-3
-7
-8
-9
-12
-15
-17
-21
-26
-29
-28
-28
-28
-28
-26
-27
-29
-31
-31
-30
-30
-28
-27
-27
-25
-22
-17
-15
-14
-10
-12
-10
-5
-2
3
7
10
15
18
23
26
27
31
31
33
37
36
38
38
39
40
36
36
34
32
31
30
29
28
23
18
15
12
9
4
1
0
-7
-11
-14
-17
-20
-24
-28
-32
-38
-40
-40
-44
-48
-46
-48
-47
-45
-46
-47
-45
-43
-40
-36
-33
-31
-28
-25
-19
-13
-7
-2
2
5
7
10
16
18
24
30
32
38
43
48
56
59
60
68
71
71
72
73
72
74
71
71
70
64
61
57
48
41
33
28
24
15
5
-5
-12
-18
-29
-36
-40
-50
-59
-65
-74
-84
-91
-95
-99
-104
-110
-114
-114
-117
-118
-112
-115
-111
-104
-100
-93
-88
-80
-71
-61
-48
-39
-25
-13
-1
10
21
33
47
58
69
81
92
104
116
129
140
148
156
163
168
169
171
175
173
170
164
157
148
139
126
112
97
80
60
41
23
1
-21
-40
-62
-84
-102
-120
-141
-157
-171
-187
-201
-211
-219
-224
-229
-231
-230
-226
-223
-214
-206
-195
-183
-172
-160
-145
-128
-111
-92
-72
-53
-33
-11
10
33
55
81
105
126
151
174
195
218
241
264
280
297
316
329
338
341
344
342
335
325
310
289
266
239
208
175
138
99
61
20
-21
-63
-105
-142
-178
-210
-241
-274
-300
-321
-339
-350
-359
-363
-364
-365
-358
-351
-341
-330
-318
-303
-288
-270
-251
-235
-218
-197
-178
-158
-135
-108
-80
-54
-24
10
46
84
118
156
195
236
278
316
356
392
423
450
470
484
489
490
487
472
453
427
396
363
327
285
242
199
156
114
71
29
-10
-48
-82
-115
-143
-172
-195
-217
-241
-260
-278
-297
-313
-329
-343
-358
-373
-380
-388
-397
-402
-404
-405
-406
-401
-396
-382
-365
-349
-324
-297
-265
-228
-192
-149
-105
-62
-13
37
89
140
191
243
297
348
396
442
483
519
550
573
585
594
594
582
567
543
512
476
435
393
346
297
249
195
145
97
47
2
-39
-77
-110
-143
-170
-201
-227
-252
-277
-297
-320
-342
-362
-381
-400
-420
-440
-457
-472
-483
-491
-498
-504
-503
-499
-491
-478
-459
-436
-407
-374
-337
-298
-254
-206
-158
-109
-55
-2
54
113
170
226
284
341
394
444
491
533
573
606
633
653
662
666
665
651
632
608
572
534
494
447
399
348
295
244
191
137
87
37
-10
-49
-90
-127
-159
-191
-221
-245
-269
-293
-318
-340
-361
-383
-401
-419
-438
-455
-472
-487
-502
-512
-516
-521
-523
-519
-511
-499
-481
-459
-434
-403
-367
-332
-294
-251
-204
-154
-100
-49
4
59
115
170
225
284
335
387
436
481
525
562
594
621
643
661
671
668
662
646
618
591
555
512
468
417
365
310
253
201
146
90
40
-9
-55
-98
-137
-169
-200
-228
-252
-276
-294
-311
-327
-345
-359
-373
-387
-396
-409
-423
-436
-450
-459
-471
-481
-485
-489
-486
-479
-470
-457
-441
-419
-393
-364
-326
-289
-252
-206
-163
-117
-64
-13
38
89
141
193
244
293
346
395
441
488
532
569
604
634
657
672
682
681
672
657
635
603
565
523
471
418
356
294
234
171
109
51
-8
-63
-110
-154
-192
-220
-246
-268
-282
-294
-305
-312
-316
-321
-325
-329
-334
-338
-347
-357
-367
-380
-395
-410
-426
-441
-455
-468
-475
-478
-478
-474
-464
-450
-429
-402
-375
-346
-306
-268
-223
-172
-121
-67
-13
43
98
153
206
261
314
362
411
458
500
543
586
620
650
677
695
703
705
696
680
658
627
589
546
495
443
385
323
263
202
140
79
23
-33
-81
-128
-167
-201
-230
-254
-272
-284
-295
-303
-310
-315
-316
-318
-320
-323
-329
-337
-345
-354
-367
-382
-397
-416
-434
-445
-460
-470
-475
-479
-477
-467
-455
-442
-421
-398
-371
-336
-298
-256
-205
-157
-106
-50
4
60
117
171
229
285
337
387
438
486
534
581
622
659
689
712
729
738
739
733
715
688
654
610
565
514
455
397
333
268
201
140
78
17
-41
-93
-141
-184
-222
-254
-279
-299
-314
-330
-339
-345
-352
-356
-362
-365
-370
-378
-380
-387
-401
-414
-426
-440
-455
-472
-487
-496
-505
-509
-504
-498
-489
-476
-459
-438
-409
-378
-342
-302
-259
-212
-158
-106
-50
10
67
127
185
241
302
358
412
471
526
577
626
670
713
750
779
799
810
810
800
781
750
710
667
614
556
494
426
355
285
211
138
66
-4
-68
-128
-183
-229
-272
-307
-337
-359
-376
-390
-402
-410
-412
-415
-416
-418
-416
-417
-421
-420
-425
-432
-440
-454
-467
-473
-482
-490
-494
-493
-491
-483
-471
-455
-435
-412
-386
-353
-318
-280
-235
-191
-140
-84
-29
31
88
148
208
266
324
382
441
496
549
602
650
692
729
763
787
805
810
806
794
769
736
694
644
591
531
466
398
326
254
178
106
33
-39
-104
-169
-228
-278
-325
-364
-392
-415
-435
-450
-459
-467
-470
-468
-463
-457
-450
-439
-433
-427
-425
-425
-423
-424
-425
-425
-423
-419
-415
-411
-403
-391
-376
-359
-339
-316
-291
-259
-223
-184
-143
-99
-52
-2
46
97
148
194
247
297
346
395
438
480
524
560
593
628
657
679
698
711
717
713
707
688
658
625
585
535
480
421
361
295
229
163
92
22
-42
-108
-173
-232
-287
-333
-372
-407
-432
-451
-465
-474
-481
-479
-475
-465
-453
-442
-426
-414
-402
-390
-381
-373
-370
-366
-361
-357
-347
-340
-331
-318
-305
-291
-277
-261
-247
-229
-205
-183
-153
-121
-86
-49
-14
25
64
99
140
181
221
261
302
343
380
418
456
491
524
557
586
609
625
639
647
648
645
635
614
586
551
507
459
407
349
284
221
157
91
27
-36
-97
-154
-208
-257
-300
-337
-369
-398
-415
-427
-433
-430
-427
-418
-406
-396
-384
-374
-362
-351
-343
-333
-327
-324
-320
-315
-313
-311
-305
-299
-294
-285
-279
-270
-258
-244
-228
-209
-185
-160
-132
-101
-69
-37
0
39
78
115
155
198
236
274
313
350
388
424
455
486
513
539
562
580
596
605
611
606
589
569
539
502
462
411
359
300
238
177
112
47
-15
-78
-137
-195
-249
-297
-341
-375
-404
-427
-438
-443
-443
-438
-430
-419
-407
-392
-376
-358
-342
-326
-313
-303
-291
-281
-275
-265
-255
-252
-248
-243
-237
-229
-217
-206
-195
-181
-164
-144
-121
-97
-69
-41
-9
26
65
103
137
173
205
236
269
300
328
355
384
408
431
455
474
494
509
519
527
529
528
521
504
484
454
415
372
325
270
216
158
102
47
-8
-64
-120
-173
-223
-272
-316
-355
-386
-408
-419
-427
-428
-423
-418
-407
-393
-379
-365
-351
-335
-323
-308
-292
-278
-263
-253
-245
-237
-230
-222
-214
-210
-204
-192
-178
-164
-147
-124
-99
-76
-46
-18
11
43
73
104
135
165
196
224
254
280
303
326
345
360
377
395
411
426
440
454
467
475
481
480
470
454
429
397
361
316
270
216
162
110
54
-2
-54
-108
-160
-205
-251
-293
-326
-358
-380
-391
-396
-391
-382
-370
-354
-336
-316
-299
-283
-268
-258
-249
-243
-238
-232
-227
-221
-217
-212
-203
-201
-195
-184
-177
-166
-150
-135
-116
-97
-76
-50
-26
0
22
43
68
93
118
145
172
200
229
253
277
298
317
336
354
370
389
404
417
429
437
440
436
428
410
384
356
315
271
230
178
130
79
27
-19
-66
-109
-147
-183
-218
-247
-271
-293
-309
-319
-327
-325
-315
-305
-291
-276
-259
-244
-231
-223
-218
-217
-217
-218
-219
-220
-219
-217
-212
-206
-200
-190
-178
-167
-152
-136
-118
-100
-84
-66
-43
-22
5
31
57
83
108
137
165
187
214
239
257
279
293
303
316
325
326
331
336
335
339
341
339
336
333
321
306
291
265
236
203
164
125
85
43
3
-31
-68
-104
-135
-167
-199
-228
-257
-284
-305
-325
-342
-349
-351
-348
-342
-332
-319
-306
-294
-285
-275
-268
-259
-250
-240
-226
-212
-194
-173
-154
-133
-113
-94
-72
-49
-26
-9
12
33
49
69
89
105
124
143
159
173
190
203
218
234
249
264
277
287
294
302
311
319
328
339
345
354
358
357
357
353
341
328
307
278
245
213
173
126
83
31
-23
-71
-119
-169
-215
-258
-303
-334
-364
-393
-412
-425
-434
-436
-433
-425
-417
-402
-383
-363
-338
-318
-299
-275
-250
-224
-199
-172
-144
-111
-82
-53
-20
10
37
62
81
97
109
111
110
106
97
89
85
82
82
87
95
104
121
145
171
198
227
258
288
318
347
368
387
403
417
428
434
430
418
402
375
342
302
257
203
146
85
22
-43
-114
-184
-249
-311
-372
-424
-469
-504
-522
-531
-529
-515
-494
-470
-440
-408
-372
-336
-297
-258
-224
-186
-151
-121
-92
-68
-48
-28
-10
9
25
39
52
58
63
66
68
69
69
71
75
87
101
115
134
162
196
239
290
338
389
440
486
526
558
579
584
573
555
525
487
448
403
350
291
225
153
76
-4
-90
-167
-239
-308
-366
-415
-458
-493
-521
-539
-550
-555
-553
-547
-534
-515
-490
-466
-439
-413
-389
-364
-340
-319
-296
-275
-254
-232
-212
-197
-182
-164
-150
-134
-108
-82
-48
-5
41
94
149
202
251
300
346
388
430
469
511
555
590
620
645
666
685
703
712
723
739
754
769
783
787
780
758
710
638
537
408
253
84
-101
-291
-478
-654
-811
-945
-1057
-1141
-1196
-1227
-1231
-1208
-1163
-1093
-1006
-903
-791
-672
-556
-444
-343
-255
-179
-117
-73
-35
-8
0
2
-10
-39
-78
-122
-170
-214
-246
-268
-267
-245
-201
-128
-30
91
231
388
553
721
885
1041
1186
1318
1435
1538
1630
1713
1787
1843
1874
1867
1809
1680
1469
1171
802
374
-87
-548
-982
-1355
-1643
-1836
-1926
-1921
-1840
-1704
-1529
-1328
-1114
-892
-664
-439
-221
-16
171
325
435
483
468
393
261
74
-143
-380
-622
-854
-1066
-1248
-1391
-1494
-1547
-1542
-1479
-1352
-1167
-930
-648
-346
-42
251
515
736
911
1038
1130
1188
1227
1259
1284
1309
1333
1363
1408
1468
1549
1654
1784
1920
2034
2086
2037
1857
1541
1104
569
-24
-618
-1157
-1593
-1893
-2052
-2083
-2020
-1897
-1739
-1567
-1388
-1203
-1002
-768
-491
-169
178
524
833
1062
1191
1202
1093
888
606
277
-73
-424
-766
-1102
-1420
-1720
-1993
-2210
-2340
-2361
-2261
-2035
-1695
-1273
-807
-348
68
403
639
780
843
849
821
784
749
729
723
715
704
694
678
679
710
788
936
1164
1478
1864
2284
2685
2985
3113
3021
2692
2150
1438
619
-233
-1042
-1735
-2263
-2600
-2748
-2742
-2621
-2408
-2130
-1805
-1437
-1032
-591
-120
362
830
1250
1580
1788
1850
1770
1563
1247
850
405
-57
-513
-953
-1367
-1755
-2116
-2426
-2650
-2762
-2737
-2555
-2229
-1769
-1215
-629
-66
420
785
1010
1097
1066
948
771
565
364
188
47
-60
-125
-149
-125
-39
114
340
633
984
1394
1850
2336
2819
3264
3611
3785
3720
3381
2779
1952
956
-123
-1182
-2127
-2882
-3386
-3611
-3574
-3325
-2920
-2409
-1839
-1246
-649
-70
486
999
1450
1821
2079
2191
2133
1906
1528
1030
447
-176
-780
-1329
-1794
-2164
-2432
-2592
-2654
-2611
-2451
-2179
-1804
-1345
-821
-269
260
712
1033
1204
1206
1054
784
436
52
-327
-664
-921
-1078
-1132
-1083
-930
-686
-363
24
457
920
1383
1825
2237
2617
2974
3305
3603
3834
3917
3758
3311
2572
1574
397
-855
-2059
-3081
-3820
-4202
-4196
-3835
-3208
-2423
-1576
-740
25
680
1215
1632
1943
2148
2239
2202
2010
1656
1150
534
-136
-801
-1397
-1860
-2160
-2293
-2280
-2158
-1968
-1742
-1504
-1249
-962
-646
-301
58
407
711
921
994
906
660
291
-147
-600
-1015
-1349
-1567
-1645
-1578
-1376
-1066
-674
-216
281
792
1295
1761
2169
2488
2705
2831
2882
2898
2923
2973
3010
2940
2659
2115
1307
299
-806
-1901
-2849
-3538
-3873
-3800
-3338
-2571
-1647
-708
140
832
1343
1667
1817
1828
1732
1557
1323
1017
628
152
-386
-933
-1431
-1829
-2082
-2163
-2066
-1820
-1478
-1105
-754
-465
-247
-85
38
133
199
232
230
178
56
-144
-413
-719
-1022
-1277
-1445
-1511
-1467
-1321
-1077
-755
-387
1
386
762
1114
1430
1690
1885
2007
2063
2055
2003
1939
1905
1954
2114
2339
2502
2455
2102
1443
555
-445
-1420
-2242
-2810
-3043
-2909
-2432
-1718
-922
-189
399
812
1065
1178
1179
1096
947
755
535
271
-51
-432
-839
-1194
-1447
-1561
-1520
-1350
-1079
-766
-476
-261
-161
-172
-265
-390
-492
-556
-589
-589
-568
-550
-552
-602
-691
-794
-881
-926
-910
-845
-740
-603
-436
-242
-26
197
425
667
917
1159
1367
1514
1589
1602
1574
1528
1492
1508
1637
1930
2367
2830
3120
3058
2571
1705
600
-574
-1658
-2524
-3076
-3240
-2996
-2416
-1642
-847
-154
388
777
1036
1182
1219
1155
1006
775
478
116
-317
-777
-1198
-1492
-1598
-1512
-1271
-937
-580
-273
-66
15
-41
-206
-420
-632
-800
-909
-956
-949
-890
-805
-714
-636
-580
-551
-534
-534
-549
-580
-619
-632
-585
-460
-255
11
325
659
982
1258
1455
1550
1561
1522
1468
1436
1451
1566
1831
2251
2748
3138
3207
2813
1972
831
-410
-1558
-2478
-3073
-3281
-3091
-2541
-1750
-886
-102
520
965
1261
1410
1420
1297
1043
698
284
-172
-641
-1082
-1433
-1632
-1630
-1434
-1098
-701
-324
-31
133
161
76
-90
-297
-507
-680
-802
-874
-901
-896
-875
-844
-800
-745
-681
-621
-572
-534
-516
-495
-455
-384
-260
-80
150
412
672
906
1092
1212
1257
1242
1196
1154
1133
1147
1223
1392
1698
2152
2689
3124
3243
2896
2069
900
-399
-1623
-2603
-3233
-3445
-3228
-2633
-1778
-837
30
717
1194
1472
1560
1480
1251
895
454
-36
-534
-997
-1394
-1668
-1767
-1665
-1372
-947
-481
-66
239
402
429
340
167
-65
-317
-562
-775
-939
-1051
-1105
-1099
-1031
-902
-724
-534
-375
-267
-220
-228
-271
-325
-352
-312
-193
-5
229
474
698
875
996
1053
1056
1028
999
996
1040
1134
1302
1580
2000
2554
3109
3438
3324
2681
1592
251
-1094
-2247
-3067
-3471
-3434
-2972
-2175
-1204
-245
554
1124
1466
1599
1550
1342
997
554
50
-464
-949
-1365
-1665
-1803
-1735
-1455
-1008
-470
57
489
761
839
727
448
46
-408
-853
-1229
-1484
-1604
-1579
-1427
-1186
-892
-598
-344
-167
-94
-119
-235
-405
-564
-666
-665
-540
-316
-25
288
595
870
1082
1206
1237
1186
1098
1012
956
952
1013
1188
1531
2056
2703
3284
3544
3298
2516
1327
-50
-1380
-2491
-3247
-3561
-3410
-2827
-1935
-910
53
817
1332
1611
1675
1548
1254
822
301
-258
-793
-1255
-1613
-1820
-1838
-1650
-1273
-756
-193
322
708
896
877
683
368
8
-346
-655
-902
-1089
-1209
-1262
-1247
-1159
-1017
-830
-626
-441
-311
-249
-254
-302
-351
-365
-324
-213
-46
156
371
562
703
778
791
764
725
696
693
729
809
940
1130
1416
1831
2381
2999
3484
3596
3174
2200
845
-636
-1992
-3036
-3650
-3769
-3398
-2609
-1557
-454
504
1197
1598
1742
1670
1419
1025
535
0
-520
-984
-1369
-1646
-1772
-1710
-1436
-971
-397
191
686
1008
1124
1028
748
333
-166
-674
-1121
-1442
-1597
-1592
-1447
-1203
-913
-610
-341
-147
-54
-76
-181
-325
-463
-548
-556
-472
-293
-42
239
508
727
874
946
954
911
834
747
679
667
720
862
1132
1557
2143
2816
3373
3557
3174
2214
839
-680
-2061
-3097
-3678
-3752
-3340
-2523
-1457
-350
609
1297
1678
1795
1704
1456
1082
609
70
-491
-1013
-1439
-1723
-1833
-1738
-1433
-952
-366
230
728
1038
1117
975
660
243
-202
-608
-933
-1158
-1278
-1307
-1260
-1158
-1010
-830
-631
-443
-298
-216
-198
-232
-294
-352
-382
-357
-265
-107
89
289
453
557
598
603
593
587
600
646
736
868
1038
1251
1536
1942
2493
3098
3541
3558
2988
1858
372
-1169
-2486
-3407
-3842
-3763
-3206
-2270
-1129
7
943
1571
1880
1923
1757
1424
962
406
-201
-792
-1294
-1663
-1863
-1866
-1655
-1242
-668
-15
598
1065
1315
1328
1124
748
270
-254
-763
-1192
-1492
-1632
-1603
-1429
-1156
-838
-526
-267
-90
-25
-59
-174
-333
-479
-571
-580
-500
-343
-133
95
304
467
571
615
626
623
624
643
686
764
882
1049
1296
1674
2214
2857
3418
3617
3244
2266
850
-707
-2109
-3156
-3740
-3817
-3399
-2563
-1474
-348
622
1309
1689
1800
1697
1426
1011
479
-116
-706
-1224
-1605
-1810
-1823
-1621
-1215
-645
1
614
1085
1334
1345
1143
783
343
-117
-541
-891
-1161
-1342
-1434
-1443
-1359
-1196
-975
-730
-490
-287
-157
-103
-125
-202
-292
-353
-357
-291
-165
1
165
301
403
479
544
615
690
760
824
902
1010
1148
1335
1604
1995
2524
3096
3480
3405
2721
1492
-40
-1551
-2773
-3553
-3843
-3639
-2998
-2033
-910
162
1006
1539
1766
1757
1571
1246
805
272
-300
-843
-1284
-1578
-1698
-1625
-1359
-914
-350
243
752
1094
1240
1195
991
664
241
-241
-737
-1179
-1503
-1670
-1663
-1501
-1221
-881
-540
-242
-35
55
25
-106
-291
-467
-586
-627
-583
-461
-283
-76
128
300
439
548
641
730
804
860
904
959
1025
1128
1302
1606
2089
2709
3274
3485
3116
2138
729
-804
-2155
-3135
-3656
-3691
-3257
-2441
-1401
-325
596
1248
1616
1743
1683
1461
1093
603
34
-542
-1052
-1437
-1666
-1712
-1554
-1197
-683
-91
467
882
1090
1091
925
644
291
-94
-473
-807
-1059
-1218
-1290
-1281
-1204
-1076
-909
-718
-525
-375
-295
-290
-346
-431
-499
-523
-494
-407
-257
-62
152
343
490
589
670
753
831
890
924
955
1004
1082
1202
1395
1726
2237
2862
3380
3487
2991
1902
453
-1044
-2317
-3203
-3636
-3598
-3120
-2295
-1279
-259
601
1206
1549
1678
1633
1430
1082
602
30
-565
-1098
-1504
-1731
-1746
-1542
-1138
-583
25
579
979
1183
1189
1019
716
308
-164
-652
-1094
-1429
-1623
-1666
-1566
-1349
-1055
-729
-428
-210
-105
-118
-224
-375
-514
-602
-616
-544
-389
-166
98
363
590
769
897
989
1042
1050
1021
981
961
985
1079
1291
1671
2241
2909
3428
3497
2941
1802
327
-1153
-2378
-3209
-3590
-3518
-3033
-2222
-1240
-268
552
1155
1542
1735
1741
1550
1165
619
-20
-670
-1241
-1664
-1881
-1865
-1619
-1176
-605
-2
518
879
1050
1031
853
553
171
-251
-679
-1068
-1380
-1580
-1642
-1566
-1367
-1084
-770
-476
-255
-138
-124
-191
-303
-413
-480
-488
-424
-285
-77
166
409
615
762
860
934
987
1013
1000
964
942
958
1041
1227
1574
2118
2794
3382
3576
3147
2111
697
-776
-2030
-2920
-3399
-3467
-3147
-2501
-1649
-739
99
788
1310
1661
1824
1765
1472
977
342
-338
-960
-1444
-1732
-1792
-1629
-1267
-760
-196
330
733
965
1018
902
638
249
-220
-707
-1146
-1472
-1645
-1653
-1509
-1251
-938
-629
-370
-201
-133
-158
-255
-383
-496
-555
-540
-442
-267
-42
214
460
665
815
906
952
959
930
879
840
842
916
1082
1372
1817
2427
3094
3567
3544
2874
1649
162
-1250
-2366
-3107
-3465
-3436
-3042
-2342
-1458
-554
248
907
1419
1764
1891
1752
1358
770
100
-550
-1100
-1496
-1707
-1713
-1518
-1161
-698
-204
245
583
785
836
746
536
221
-164
-576
-960
-1261
-1443
-1493
-1420
-1252
-1017
-757
-514
-329
-228
-205
-241
-293
-332
-341
-324
-281
-204
-87
79
271
454
599
707
790
850
884
884
868
875
932
1054
1249
1547
2005
2619
3243
3587
3371
2523
1224
-206
-1481
-2458
-3088
-3371
-3305
-2906
-2251
-1457
-648
108
792
1379
1801
1966
1839
1451
882
238
-382
-910
-1296
-1510
-1543
-1407
-1132
-763
-372
-19
249
408
453
392
228
-30
-346
-671
-948
-1135
-1206
-1160
-1030
-853
-676
-550
-495
-501
-552
-615
-662
-667
-618
-516
-374
-201
-3
217
442
651
815
927
994
1023
1020
992
958
946
986
1092
1280
1586
2044
2624
3155
3350
2990
2068
814
-451
-1499
-2258
-2748
-2982
-2940
-2619
-2067
-1373
-634
99
806
1428
1854
1979
1777
1327
761
186
-331
-776
-1131
-1363
-1456
-1405
-1221
-938
-596
-232
103
362
504
508
392
183
-78
-350
-598
-808
-962
-1044
-1059
-1022
-964
-904
-855
-812
-764
-711
-656
-597
-520
-412
-275
-114
67
268
473
651
774
839
861
870
874
870
865
869
913
1000
1128
1337
1696
2228
2826
3237
3180
2551
1504
316
-760
-1606
-2234
-2666
-2879
-2840
-2558
-2078
-1470
-775
-12
751
1387
1755
1797
1559
1157
695
238
-194
-590
-923
-1162
-1290
-1301
-1205
-1021
-769
-476
-186
48
179
188
98
-49
-205
-337
-444
-520
-556
-563
-566
-594
-660
-750
-835
-888
-906
-896
-853
-770
-628
-434
-200
61
336
594
810
953
1016
1037
1039
1031
1006
970
949
962
1011
1102
1277
1606
2104
2637
2933
2756
2078
1102
107
-733
-1383
-1894
-2279
-2498
-2504
-2292
-1908
-1396
-776
-69
642
1202
1487
1479
1264
966
661
363
50
-284
-614
-901
-1102
-1203
-1195
-1074
-861
-591
-327
-141
-67
-101
-199
-305
-384
-436
-469
-504
-534
-547
-559
-581
-627
-690
-740
-767
-772
-761
-728
-669
-569
-421
-237
-4
265
541
787
968
1077
1136
1163
1155
1123
1079
1037
1021
1034
1094
1260
1596
2088
2576
2795
2544
1866
991
154
-530
-1081
-1568
-1991
-2292
-2410
-2314
-2028
-1584
-989
-288
399
914
1161
1168
1046
893
749
576
334
21
-333
-662
-916
-1066
-1089
-997
-841
-683
-579
-544
-547
-557
-552
-508
-438
-365
-313
-287
-271
-255
-253
-283
-356
-472
-615
-763
-898
-989
-1013
-953
-806
-594
-342
-67
222
507
764
977
1140
1264
1342
1363
1336
1278
1225
1213
1257
1382
1605
1950
2340
2591
2495
1988
1222
428
-239
-765
-1223
-1653
-2022
-2253
-2291
-2123
-1775
-1278
-657
-2
543
864
954
915
853
809
751
602
333
-32
-425
-770
-1015
-1134
-1122
-1019
-894
-796
-742
-709
-652
-561
-447
-341
-274
-263
-297
-333
-343
-324
-292
-280
-310
-403
-543
-700
-824
-879
-855
-759
-621
-468
-294
-89
162
442
728
992
1206
1358
1434
1442
1407
1370
1363
1385
1450
1587
1831
2162
2437
2441
2071
1423
713
115
-358
-792
-1244
-1693
-2047
-2219
-2189
-1978
-1610
-1112
-542
-16
352
535
619
705
816
901
870
679
365
2
-329
-583
-756
-850
-898
-934
-984
-1045
-1103
-1116
-1057
-933
-780
-641
-536
-457
-372
-251
-114
0
51
16
-97
-274
-478
-662
-781
-824
-803
-735
-638
-507
-325
-81
209
515
812
1074
1284
1440
1539
1602
1645
1683
1724
1783
1894
2088
2349
2533
2432
1974
1287
600
55
-393
-854
-1369
-1861
-2207
-2323
-2225
-1964
-1582
-1105
-574
-89
265
488
651
826
995
1081
1006
759
396
-1
-356
-637
-852
-1019
-1148
-1255
-1343
-1386
-1350
-1229
-1035
-809
-599
-443
-348
-291
-228
-128
-4
92
105
25
-120
-289
-450
-579
-664
-704
-717
-709
-675
-583
-419
-188
96
392
679
950
1203
1423
1589
1699
1766
1802
1823
1841
1884
1999
2202
2388
2348
1954
1314
653
112
-315
-741
-1238
-1740
-2127
-2298
-2249
-2039
-1712
-1297
-837
-415
-94
143
371
639
905
1063
1044
862
583
287
29
-184
-379
-580
-800
-1026
-1236
-1387
-1433
-1374
-1243
-1096
-964
-847
-724
-565
-369
-152
43
170
209
172
84
-25
-131
-239
-345
-439
-524
-586
-597
-540
-412
-228
-18
196
426
681
953
1212
1432
1612
1753
1863
1948
2031
2156
2356
2579
2639
2387
1844
1193
633
183
-276
-842
-1486
-2062
-2432
-2541
-2426
-2157
-1795
-1392
-1012
-689
-390
-44
375
792
1081
1174
1101
960
819
686
526
308
23
-319
-686
-1032
-1306
-1471
-1536
-1534
-1511
-1468
-1384
-1235
-1014
-748
-469
-207
14
166
244
275
286
275
221
108
-55
-225
-356
-435
-456
-437
-389
-312
-204
-51
154
405
688
966
1220
1445
1649
1834
1994
2150
2342
2565
2722
2652
2304
1798
1324
936
522
-49
-773
-1492
-2030
-2326
-2423
-2403
-2297
-2095
-1802
-1470
-1122
-734
-287
180
582
850
990
1064
1122
1152
1110
970
734
442
118
-234
-598
-949
-1254
-1500
-1705
-1857
-1928
-1886
-1730
-1502
-1236
-945
-627
-297
8
249
418
526
580
568
490
366
230
102
-14
-114
-192
-242
-256
-224
-141
-11
158
346
540
744
968
1216
1483
1756
2036
2328
2590
2716
2617
2323
1973
1660
1337
876
223
-524
-1204
-1707
-2028
-2227
-2345
-2372
-2279
-2078
-1814
-1500
-1120
-673
-211
199
520
772
992
1175
1280
1281
1181
1004
778
502
161
-233
-637
-1006
-1311
-1561
-1760
-1897
-1946
-1892
-1740
-1514
-1240
-933
-606
-286
-4
223
408
547
633
654
612
533
444
355
272
189
108
42
7
19
77
164
275
411
576
768
988
1257
1582
1925
2229
2399
2372
2192
1969
1788
1612
1304
796
157
-449
-914
-1250
-1529
-1805
-2043
-2187
-2202
-2095
-1902
-1644
-1335
-995
-657
-332
-15
299
595
839
998
1064
1055
994
883
705
441
107
-253
-595
-907
-1188
-1438
-1642
-1764
-1791
-1727
-1598
-1427
-1216
-964
-680
-395
-126
119
329
495
600
650
680
706
730
720
673
613
574
583
621
654
667
677
713
787
912
1106
1383
1696
1913
1929
1773
1591
1497
1450
1298
927
398
-105
-446
-644
-835
-1107
-1426
-1679
-1805
-1822
-1769
-1670
-1519
-1321
-1103
-881
-631
-337
-35
211
369
470
577
709
799
765
599
359
124
-81
-306
-578
-882
-1159
-1346
-1442
-1479
-1476
-1436
-1346
-1208
-1027
-804
-558
-310
-86
102
262
405
541
665
758
806
825
837
861
894
925
956
990
1027
1056
1083
1142
1273
1473
1675
1772
1708
1542
1408
1348
1262
1010
559
48
-349
-569
-705
-882
-1140
-1398
-1539
-1543
-1480
-1420
-1382
-1335
-1227
-1054
-840
-603
-360
-130
67
227
352
461
553
600
572
469
323
165
-8
-212
-456
-710
-933
-1107
-1224
-1302
-1354
-1371
-1327
-1221
-1078
-921
-756
-566
-361
-160
31
212
385
555
703
816
898
951
999
1044
1081
1116
1142
1172
1214
1278
1395
1556
1704
1750
1652
1490
1384
1356
1283
1030
590
103
-268
-484
-655
-891
-1199
-1467
-1578
-1535
-1434
-1354
-1301
-1217
-1075
-889
-700
-533
-378
-218
-41
140
307
437
504
494
435
372
314
236
100
-95
-308
-501
-654
-795
-949
-1112
-1246
-1310
-1306
-1266
-1215
-1143
-1027
-867
-687
-499
-304
-95
124
329
509
673
827
969
1090
1177
1237
1296
1359
1410
1438
1466
1547
1691
1817
1818
1668
1479
1371
1328
1212
910
475
73
-177
-322
-507
-814
-1175
-1425
-1503
-1495
-1509
-1562
-1575
-1471
-1261
-1018
-801
-612
-426
-235
-58
88
210
322
397
407
358
285
217
137
16
-155
-337
-480
-567
-643
-752
-884
-987
-1033
-1043
-1044
-1042
-1009
-930
-820
-692
-552
-393
-203
9
219
419
605
785
951
1098
1239
1382
1523
1642
1727
1807
1917
2048
2121
2058
1878
1690
1580
1489
1278
887
412
22
-210
-370
-602
-945
-1277
-1460
-1491
-1487
-1549
-1651
-1695
-1621
-1462
-1294
-1146
-991
-783
-526
-263
-31
155
293
379
413
414
395
348
251
103
-72
-238
-382
-515
-663
-818
-937
-986
-987
-983
-986
-972
-917
-821
-706
-597
-487
-354
-197
-23
152
321
492
663
850
1047
1249
1433
1568
1661
1768
1934
2133
2261
2234
2087
1945
1889
1837
1626
1211
720
333
101
-106
-439
-884
-1279
-1478
-1509
-1520
-1613
-1736
-1761
-1636
-1437
-1267
-1167
-1076
-918
-698
-482
-315
-179
-23
146
294
395
438
439
402
325
217
87
-52
-199
-355
-524
-690
-827
-931
-1016
-1085
-1122
-1105
-1040
-947
-844
-724
-575
-394
-198
-4
179
363
562
778
998
1187
1335
1463
1619
1829
2056
2199
2204
2120
2056
2059
2041
1876
1544
1161
856
653
423
60
-395
-802
-1046
-1178
-1336
-1575
-1813
-1928
-1877
-1743
-1634
-1564
-1465
-1278
-1014
-752
-552
-393
-245
-88
57
158
211
233
238
240
232
204
151
76
-21
-130
-246
-366
-492
-615
-720
-798
-851
-886
-899
-885
-836
-747
-620
-464
-297
-124
73
305
566
832
1066
1259
1445
1666
1907
2098
2155
2098
2035
2042
2062
1968
1706
1361
1083
906
733
443
38
-343
-584
-709
-846
-1074
-1334
-1511
-1547
-1515
-1515
-1558
-1581
-1518
-1370
-1194
-1034
-889
-721
-528
-337
-165
-18
108
197
249
256
226
186
126
38
-69
-176
-265
-335
-399
-463
-522
-576
-616
-645
-664
-663
-634
-576
-494
-398
-281
-140
38
253
475
674
865
1090
1368
1655
1868
1950
1960
2011
2122
2185
2079
1801
1479
1246
1084
875
533
108
-246
-456
-597
-793
-1055
-1291
-1412
-1422
-1414
-1444
-1479
-1455
-1344
-1196
-1072
-979
-880
-751
-616
-508
-416
-321
-215
-119
-50
-6
34
74
97
91
53
-2
-54
-116
-195
-290
-387
-468
-522
-561
-591
-593
-559
-493
-417
-341
-256
-136
24
206
385
550
726
952
1222
1466
1612
1665
1711
1822
1949
1970
1832
1607
1427
1338
1254
1050
711
367
131
-20
-213
-511
-845
-1094
-1202
-1239
-1311
-1430
-1506
-1459
-1324
-1198
-1129
-1080
-971
-793
-607
-475
-402
-327
-212
-87
-10
-2
-30
-52
-50
-62
-110
-177
-232
-257
-274
-309
-354
-386
-399
-403
-415
-421
-410
-373
-318
-265
-196
-93
48
218
392
575
796
1044
1267
1401
1457
1526
1651
1778
1792
1666
1487
1358
1297
1203
977
652
356
179
67
-98
-351
-611
-775
-827
-860
-958
-1103
-1205
-1205
-1154
-1125
-1137
-1148
-1103
-998
-872
-762
-676
-576
-452
-328
-222
-137
-67
4
69
108
115
100
78
43
-6
-74
-149
-220
-286
-341
-380
-396
-388
-370
-337
-283
-193
-66
72
204
337
492
693
919
1094
1181
1223
1310
1461
1586
1585
1458
1304
1216
1179
1090
879
595
361
230
126
-50
-302
-545
-694
-763
-837
-963
-1098
-1158
-1119
-1037
-987
-970
-932
-844
-723
-623
-574
-544
-497
-424
-358
-330
-321
-291
-234
-169
-128
-115
-113
-103
-83
-69
-79
-104
-120
-127
-131
-141
-157
-158
-148
-132
-110
-69
-1
91
199
316
463
650
849
1005
1099
1176
1294
1440
1524
1482
1351
1221
1144
1081
939
695
432
249
152
47
-142
-379
-563
-648
-683
-763
-905
-1032
-1071
-1034
-1001
-1021
-1055
-1038
-954
-849
-768
-717
-653
-544
-415
-308
-247
-202
-145
-76
-30
-24
-40
-57
-65
-71
-86
-112
-132
-138
-139
-143
-147
-133
-95
-48
1
65
148
251
359
468
590
740
897
1015
1064
1085
1147
1255
1337
1318
1200
1075
1014
988
905
711
463
266
160
74
-86
-319
-542
-673
-731
-799
-913
-1033
-1088
-1056
-1006
-994
-1011
-998
-930
-835
-766
-733
-694
-619
-520
-439
-395
-357
-288
-197
-119
-72
-43
-5
50
95
109
97
80
70
55
22
-18
-46
-50
-34
-6
36
99
189
288
386
502
651
822
959
1041
1103
1198
1322
1401
1374
1261
1147
1082
1024
894
662
401
206
89
-33
-223
-456
-636
-717
-748
-814
-933
-1041
-1068
-1031
-1002
-1030
-1073
-1067
-1001
-913
-855
-820
-762
-662
-550
-457
-392
-332
-255
-170
-107
-75
-53
-17
28
56
64
64
75
93
104
110
120
139
164
182
206
253
316
381
438
499
589
716
831
891
917
967
1067
1162
1174
1090
987
940
935
889
738
525
358
279
217
84
-127
-331
-448
-499
-575
-722
-887
-982
-985
-971
-1016
-1098
-1138
-1092
-1003
-951
-943
-924
-842
-723
-626
-576
-545
-474
-363
-263
-202
-165
-115
-34
49
102
126
142
169
197
217
227
232
244
261
285
316
361
410
459
516
600
714
829
898
928
972
1046
1115
1118
1039
937
867
832
769
628
435
275
187
115
-6
-182
-346
-430
-458
-503
-606
-731
-796
-786
-762
-788
-868
-929
-918
-864
-833
-848
-871
-846
-773
-700
-657
-630
-579
-490
-389
-313
-263
-210
-137
-55
11
52
82
120
160
196
224
249
277
310
350
393
445
505
568
637
715
802
884
937
970
1005
1045
1070
1044
970
884
822
769
676
531
366
229
130
33
-102
-268
-409
-497
-552
-618
-711
-800
-841
-845
-847
-868
-894
-901
-872
-830
-801
-780
-750
-693
-625
-567
-522
-477
-415
-341
-276
-224
-180
-133
-75
-21
25
65
100
135
169
205
236
262
291
326
369
418
462
508
567
642
725
793
840
876
925
985
1021
1006
948
886
844
793
698
561
408
277
174
58
-86
-249
-384
-466
-527
-611
-719
-806
-847
-853
-870
-921
-970
-984
-957
-918
-902
-895
-867
-799
-710
-637
-582
-519
-430
-326
-230
-154
-93
-23
60
139
198
234
261
295
332
358
365
362
365
380
407
433
457
487
535
606
687
752
792
829
882
937
966
943
881
812
759
706
614
479
336
231
153
66
-57
-195
-301
-361
-406
-485
-601
-705
-761
-786
-824
-899
-979
-1018
-1004
-981
-981
-989
-973
-907
-820
-751
-703
-648
-558
-445
-343
-263
-191
-99
13
114
191
243
302
371
432
471
485
501
532
575
606
618
631
665
721
779
813
816
814
830
855
859
820
747
678
628
582
506
395
285
194
132
69
-25
-140
-245
-317
-372
-444
-539
-633
-697
-727
-756
-803
-857
-888
-886
-869
-858
-859
-845
-798
-739
-687
-649
-610
-546
-468
-381
-307
-239
-161
-71
18
92
153
216
285
345
384
408
437
484
539
576
598
625
674
743
800
829
836
854
885
909
893
837
777
729
684
615
503
381
275
188
103
-12
-142
-254
-342
-410
-488
-582
-671
-734
-773
-808
-848
-890
-908
-905
-892
-875
-862
-833
-787
-728
-664
-600
-525
-446
-364
-286
-209
-127
-53
19
79
129
180
228
269
290
304
327
362
408
443
469
506
563
636
704
746
773
799
838
870
868
830
773
718
670
615
535
428
320
227
148
62
-42
-150
-248
-322
-390
-470
-562
-647
-715
-759
-804
-858
-908
-941
-943
-925
-903
-883
-852
-796
-717
-621
-529
-443
-355
-255
-148
-55
21
93
157
220
274
306
328
344
368
396
417
438
454
477
511
552
594
633
670
701
729
753
769
767
740
699
651
607
555
485
399
312
233
161
83
-18
-126
-224
-311
-392
-486
-588
-679
-748
-802
-848
-894
-929
-934
-917
-888
-854
-811
-743
-650
-546
-447
-354
-260
-156
-57
27
99
158
204
244
271
285
292
293
297
299
302
313
325
346
376
414
456
504
545
578
605
634
659
666
651
624
596
566
525
464
385
303
225
148
65
-34
-139
-236
-322
-409
-499
-587
-670
-735
-779
-813
-835
-846
-841
-821
-779
-727
-667
-598
-523
-440
-354
-264
-174
-96
-21
53
122
188
238
272
300
324
348
368
377
374
377
392
409
422
425
429
445
465
480
475
468
464
462
459
439
411
378
346
320
282
229
170
107
46
-19
-94
-172
-253
-333
-412
-478
-530
-580
-623
-656
-676
-677
-658
-634
-612
-581
-537
-476
-405
-344
-292
-237
-173
-99
-35
7
44
86
131
169
187
194
204
221
234
235
226
220
224
238
249
254
257
259
273
293
307
316
320
326
331
333
330
323
309
288
260
231
199
161
114
63
17
-27
-69
-113
-162
-203
-235
-252
-266
-281
-290
-294
-286
-274
-265
-258
-253
-240
-222
-209
-198
-194
-186
-169
-154
-138
-124
-112
-97
-78
-59
-51
-46
-37
-28
-16
-1
12
26
39
54
74
94
118
141
153
166
179
196
212
217
222
224
229
232
229
220
208
195
188
174
153
125
96
75
54
27
0
-29
-50
-67
-81
-94
-107
-119
-124
-128
-134
-137
-142
-147
-148
-145
-141
-138
-138
-135
-126
-115
-106
-100
-95
-91
-86
-77
-75
-75
-72
-71
-68
-61
-50
-42
-32
-18
-6
7
19
29
46
62
74
89
101
116
127
136
143
147
149
145
135
125
111
99
86
71
54
37
24
18
11
-1
-8
-11
-9
-5
-11
-18
-21
-20
-18
-23
-31
-39
-47
-48
-47
-46
-41
-41
-39
-34
-37
-36
-41
-47
-52
-65
-76
-85
-95
-98
-99
-102
-100
-94
-85
-72
-53
-34
-21
-6
6
20
34
47
57
66
75
83
93
100
105
107
114
117
115
112
105
100
95
86
79
68
61
53
39
28
19
10
3
-9
-19
-26
-29
-31
-31
-33
-33
-28
-24
-19
-16
-13
-12
-12
-13
-18
-26
-36
-45
-51
-59
-68
-75
-80
-85
-88
-89
-89
-88
-93
-98
-98
-96
-99
-97
-94
-88
-77
-63
-47
-34
-14
7
26
52
70
86
99
112
124
134
140
137
139
139
133
128
117
108
100
87
74
62
56
44
35
27
19
13
6
-2
-6
-14
-23
-35
-42
-46
-53
-59
-63
-65
-64
-65
-60
-56
-51
-49
-47
-43
-41
-42
-46
-54
-59
-65
-68
-73
-74
-74
-69
-60
-49
-35
-24
-14
1
15
26
34
41
46
55
64
67
69
75
81
86
89
93
93
92
91
85
80
69
58
49
39
26
13
0
-10
-23
-35
-45
-51
-53
-59
-64
-69
-68
-65
-58
-52
-47
-38
-34
-29
-23
-19
-17
-22
-25
-29
-35
-40
-44
-45
-43
-40
-34
-27
-22
-19
-12
-3
4
9
9
14
19
19
24
26
31
39
47
54
62
70
74
78
83
82
80
73
65
60
55
48
36
25
18
8
3
-5
-16
-24
-33
-40
-49
-58
-62
-69
-69
-69
-73
-75
-77
-76
-74
-72
-72
-69
-63
-56
-48
-41
-33
-26
-17
-8
-2
2
4
8
6
6
7
2
4
7
7
11
14
24
33
43
53
58
67
75
78
87
89
90
93
91
85
78
73
66
60
53
44
34
22
12
1
-9
-24
-35
-43
-53
-63
-75
-82
-87
-91
-91
-92
-90
-86
-83
-78
-71
-65
-54
-49
-45
-35
-25
-14
-3
5
12
20
26
32
38
39
40
40
43
43
42
40
35
34
32
27
25
19
8
2
-5
-8
-10
-13
-14
-12
-6
2
8
18
29
38
48
57
67
74
76
76
72
66
61
47
36
24
10
-1
-15
-31
-41
-55
-69
-77
-86
-92
-99
-103
-102
-101
-96
-89
-82
-73
-64
-49
-34
-21
-10
0
13
28
41
53
60
67
74
75
78
77
73
69
62
54
48
41
36
28
20
17
12
7
4
-2
-8
-10
-16
-20
-23
-26
-27
-29
-23
-22
-19
-12
-7
0
6
10
13
15
16
17
14
12
6
1
-9
-18
-29
-38
-43
-52
-60
-65
-68
-65
-61
-58
-52
-44
-34
-23
-15
-6
-1
6
15
25
32
38
48
52
55
58
59
60
60
58
55
50
47
43
38
32
24
18
14
9
2
-3
-5
-5
-4
-7
-13
-12
-13
-14
-15
-19
-21
-21
-24
-26
-25
-29
-27
-28
-29
-28
-28
-28
-27
-28
-26
-23
-21
-19
-17
-17
-15
-13
-10
-12
-17
-16
-18
-16
-12
-14
-11
-6
-5
0
3
5
13
20
28
34
37
39
42
44
47
50
48
48
50
48
49
47
44
44
39
39
36
29
25
19
13
7
1
-6
-10
-13
-18
-22
-26
-28
-30
-32
-33
-34
-40
-44
-49
-47
-48
-46
-46
-47
-41
-36
-33
-29
-26
-24
-21
-17
-12
-11
-9
-2
2
5
7
9
13
13
14
15
12
13
11
13
14
15
18
20
23
30
34
37
43
45
50
52
47
49
46
42
38
30
26
21
11
7
2
-6
-12
-18
-27
-30
-33
-39
-45
-48
-50
-52
-55
-52
-51
-48
-43
-41
-38
-35
-33
-24
-18
-13
-6
0
7
14
19
22
27
30
34
36
38
38
36
37
37
34
31
27
27
27
22
17
11
4
1
-5
-7
-7
-11
-13
-17
-16
-13
-15
-15
-9
-6
-4
-1
2
6
11
11
11
9
9
6
4
0
-6
-9
-12
-17
-18
-22
-25
-25
-28
-28
-28
-29
-25
-23
-18
-13
-10
-8
-6
-4
2
6
9
13
14
16
20
20
21
22
21
22
22
20
20
18
19
18
15
12
6
3
1
-4
-14
-19
-21
-23
-26
-29
-28
-28
-26
-28
-27
-26
-24
-22
-18
-13
-11
-7
-5
2
7
8
14
18
21
26
29
29
28
24
20
21
21
17
12
10
8
3
1
-5
-4
-4
-4
-2
2
5
7
7
11
13
12
13
14
16
19
16
14
13
13
14
10
8
6
-1
-5
-6
-15
-18
-21
-27
-27
-30
-33
-33
-37
-35
-33
-35
-39
-37
-33
-28
-23
-18
-14
-7
1
7
14
17
21
28
34
35
38
38
37
35
34
30
29
26
23
21
16
13
9
4
1
-1
-3
-7
-11
-12
-16
-14
-13
-12
-4
-1
4
9
11
14
19
23
26
25
22
20
24
21
16
16
9
1
-4
-10
-19
-25
-32
-35
-38
-43
-48
-52
-56
-54
-54
-57
-57
-51
-47
-42
-36
-29
-22
-16
-2
6
13
20
26
34
40
45
51
51
53
56
52
48
49
43
37
33
27
22
16
11
9
6
3
1
0
-5
-6
-6
-8
-8
-7
-4
-1
2
4
4
5
4
8
11
9
9
11
8
7
3
-4
-9
-15
-23
-27
-34
-40
-46
-50
-51
-54
-54
-56
-55
-50
-48
-48
-44
-38
-30
-20
-13
-5
4
11
19
24
31
37
40
45
48
51
51
53
52
47
45
42
37
30
23
17
11
1
-4
-7
-13
-17
-17
-19
-23
-21
-20
-20
-19
-20
-19
-17
-14
-10
-8
-8
-5
-2
-1
1
5
5
4
4
5
4
5
4
3
3
-1
-1
1
-2
-5
-6
-7
-8
-9
-11
-11
-7
-6
-3
0
1
3
5
8
10
12
13
16
17
15
18
20
18
17
16
15
14
13
9
6
7
5
1
-3
-9
-13
-14
-17
-19
-22
-25
-26
-26
-23
-21
-25
-23
-20
-17
-15
-14
-10
-10
-8
-6
-7
-4
-1
-1
3
5
4
7
7
9
10
8
9
10
9
9
10
11
7
8
9
7
7
6
5
4
5
5
4
5
6
10
13
13
16
18
18
22
23
23
19
18
16
15
13
9
7
2
0
-4
-7
-11
-16
-19
-25
-30
-33
-37
-39
-43
-46
-47
-49
-47
-41
-41
-37
-31
-27
-19
-11
-2
6
12
16
22
30
35
37
43
44
46
50
48
48
49
46
45
42
36
33
28
24
18
10
5
0
-6
-11
-17
-19
-22
-24
-22
-24
-23
-22
-22
-20
-16
-14
-12
-12
-11
-11
-11
-9
-13
-14
-14
-17
-18
-16
-20
-25
-25
-27
-29
-29
-28
-27
-27
-24
-22
-23
-21
-18
-15
-9
-3
2
10
14
23
28
30
36
41
45
50
52
52
51
54
51
46
41
35
30
25
21
16
8
0
-7
-12
-19
-22
-23
-28
-30
-32
-33
-32
-32
-28
-26
-25
-19
-15
-13
-7
-6
-2
3
4
4
4
5
4
1
1
-2
-4
-6
-11
-14
-19
-19
-18
-21
-21
-20
-20
-16
-14
-12
-8
-3
2
8
14
18
22
27
33
36
38
39
40
40
40
39
35
32
32
28
21
16
14
6
-1
-6
-13
-18
-21
-24
-25
-28
-35
-37
-38
-39
-36
-36
-35
-32
-29
-23
-17
-11
-6
-3
2
7
11
13
14
14
15
18
18
16
18
17
14
14
15
11
7
7
3
1
-3
-5
-7
-8
-7
-5
-3
-3
-3
0
1
5
6
6
8
9
10
13
14
16
19
19
20
17
16
16
11
8
3
0
-3
-7
-9
-10
-12
-12
-14
-15
-16
-18
-19
-18
-21
-19
-18
-20
-19
-18
-17
-13
-12
-8
-4
-2
0
4
9
11
12
15
16
18
18
19
19
19
16
15
13
10
9
9
7
8
8
8
9
8
8
8
5
2
1
0
-1
-1
-2
-5
-6
-5
-3
-3
-6
-6
-9
-12
-13
-14
-15
-15
-16
-19
-20
-18
-19
-21
-22
-24
-22
-23
-24
-21
-23
-22
-19
-15
-14
-11
-10
-8
-2
-2
-1
1
3
6
7
10
14
15
17
19
21
24
26
28
26
26
28
27
26
23
21
20
18
17
15
9
9
7
6
9
8
6
6
4
7
6
6
5
3
5
3
1
-1
-3
-2
-3
-6
-7
-6
-4
-7
-7
-9
-13
-14
-15
-14
-17
-20
-21
-21
-24
-24
-23
-23
-25
-24
-23
-25
-25
-23
-20
-17
-15
-13
-9
-4
-2
2
4
4
10
10
11
14
12
12
13
12
13
13
15
16
12
11
8
5
6
5
5
3
2
3
4
1
0
1
0
4
7
5
8
11
13
12
15
19
23
24
23
21
22
19
16
15
12
13
14
13
12
9
6
4
1
0
-3
-10
-13
-16
-18
-21
-24
-26
-25
-26
-29
-24
-24
-23
-20
-18
-15
-15
-11
-9
-7
-4
-1
-2
-2
-1
-2
0
-2
-1
0
2
3
3
3
0
-1
0
-1
-1
-5
-5
-6
-6
-5
-7
-7
-4
-2
0
2
4
5
9
9
10
13
10
13
16
15
17
16
16
16
15
15
14
12
10
8
5
7
7
3
3
1
0
1
-3
-5
-7
-9
-8
-10
-11
-9
-12
-9
-8
-7
-4
-3
-1
1
2
4
5
4
3
6
7
5
4
4
0
-1
-1
0
0
-1
0
-2
-4
-5
-4
-7
-9
-11
-11
-12
-17
-18
-17
-20
-15
-11
-12
-7
-6
-5
-2
-1
1
5
6
9
10
10
13
14
13
16
16
13
13
13
13
11
8
8
9
8
7
7
5
2
1
0
0
-3
-4
-2
-4
-6
-6
-5
-1
1
1
0
-1
-2
-2
-4
-6
-5
-5
-6
-6
-9
-9
-11
-12
-10
-10
-9
-6
-9
-12
-13
-15
-16
-13
-12
-10
-9
-9
-7
-3
-1
0
1
4
7
8
8
10
10
11
11
8
9
8
11
7
4
3
1
-2
-2
-4
-5
-4
-7
-11
-10
-10
-10
-10
-9
-8
-7
-10
-9
-6
-1
3
3
3
5
7
11
13
15
18
20
21
20
23
23
22
21
19
19
16
14
12
13
14
10
5
8
9
8
5
3
3
4
3
4
2
2
4
4
3
3
6
8
9
9
11
11
11
10
9
7
4
1
2
0
-3
-7
-9
-11
-13
-14
-14
-15
-16
-18
-19
-21
-20
-16
-15
-9
-4
-6
-3
0
6
11
15
18
19
21
22
21
22
23
26
27
23
22
24
24
22
19
18
15
12
11
9
9
9
6
4
3
-1
1
1
2
2
-2
-4
-4
-6
-4
-1
0
2
2
2
1
0
-1
-1
-2
-5
-10
-13
-17
-17
-15
-15
-15
-17
-16
-16
-18
-21
-22
-25
-26
-24
-22
-21
-20
-19
-19
-15
-12
-7
-4
-3
-1
3
6
5
8
12
10
10
7
5
2
-1
-2
-6
-8
-9
-8
-5
-6
-10
-11
-14
-11
-6
-8
-10
-9
-12
-16
-14
-12
-11
-8
-7
-3
3
4
6
6
11
15
18
18
18
20
17
15
17
22
24
16
12
9
5
0
-1
-2
-2
-2
-1
-1
-2
3
6
8
11
15
17
16
18
20
27
36
45
50
49
53
54
52
49
46
42
33
22
16
11
11
10
8
3
0
-1
-6
-8
-8
-9
-13
-22
-30
-30
-24
-17
-11
-6
-5
-2
7
14
21
25
31
32
28
24
22
24
26
18
6
-5
-13
-18
-24
-35
-48
-59
-69
-78
-86
-88
-87
-85
-88
-91
-87
-75
-64
-60
-62
-57
-49
-41
-39
-37
-31
-26
-30
-39
-40
-24
3
23
21
16
16
18
14
0
-8
-15
-54
-142
-242
-281
-251
-216
-228
-277
-297
-268
-227
-198
-164
-109
-73
-107
-188
-227
-179
-103
-74
-100
-121
-98
-51
-7
48
128
201
214
166
121
126
169
195
176
127
65
-1
-65
-111
-128
-126
-140
-206
-323
-429
-458
-402
-329
-292
-292
-291
-254
-174
-54
97
237
328
358
353
369
419
484
524
504
429
334
256
211
189
175
146
88
7
-85
-140
-142
-114
-92
-98
-127
-157
-158
-118
-45
35
99
135
144
155
190
251
322
371
378
356
331
319
326
344
351
334
289
230
182
159
144
117
80
33
-16
-60
-88
-95
-81
-68
-69
-67
-62
-40
8
58
90
104
108
109
113
127
148
167
167
135
96
79
85
92
84
53
9
-36
-65
-75
-75
-72
-81
-108
-144
-157
-137
-96
-63
-47
-45
-48
-45
-26
9
45
66
69
54
32
18
22
37
46
36
1
-42
-77
-87
-74
-55
-47
-62
-87
-105
-101
-73
-33
-7
-10
-36
-68
-79
-62
-28
4
9
-15
-48
-62
-55
-32
-2
14
1
-40
-77
-87
-75
-50
-31
-25
-40
-72
-91
-89
-67
-37
-21
-28
-59
-83
-84
-66
-35
-13
-9
-16
-32
-44
-35
-12
7
7
-12
-40
-60
-58
-42
-27
-14
-15
-27
-38
-41
-33
-20
-4
-3
-16
-32
-42
-35
-16
2
9
10
8
8
10
29
58
76
80
71
62
60
58
62
66
63
52
34
21
13
11
13
15
17
12
0
-6
-2
13
27
35
33
24
16
11
9
15
33
51
57
49
36
32
42
60
77
82
72
50
26
15
29
54
68
63
35
5
-6
1
22
35
24
-3
-37
-62
-65
-43
-20
-14
-31
-61
-75
-65
-29
13
39
52
44
31
31
50
87
115
116
89
49
24
18
31
49
55
38
-4
-47
-69
-59
-26
-1
-1
-21
-47
-54
-30
12
57
83
77
54
35
37
63
96
113
100
62
23
1
4
20
34
30
5
-32
-54
-53
-34
-14
-8
-18
-38
-55
-55
-36
-10
5
7
-3
-18
-23
-20
-13
-3
-4
-18
-39
-57
-58
-50
-35
-24
-27
-33
-38
-38
-28
-12
1
6
-2
-16
-21
-11
7
22
22
11
-2
-9
-9
-4
0
6
2
-8
-12
-6
9
21
28
26
26
24
25
29
28
27
22
13
5
-3
-10
-8
-13
-19
-25
-34
-41
-40
-37
-35
-31
-29
-25
-20
-14
-8
-2
10
11
10
13
13
15
9
-2
-13
-23
-27
-37
-45
-55
-62
-68
-77
-83
-85
-88
-86
-89
-89
-85
-78
-62
-50
-39
-29
-19
-13
-12
-11
-12
-14
-14
-14
-14
-12
-5
1
1
-2
-3
-4
-6
-10
-19
-20
-23
-28
-30
-31
-28
-24
-24
-27
-31
-35
-38
-42
-45
-46
-48
-52
-53
-54
-53
-45
-37
-33
-33
-31
-26
-26
-25
-26
-25
-26
-29
-32
-39
-41
-41
-43
-47
-56
-61
-62
-64
-68
-71
-72
-70
-65
-61
-60
-58
-53
-51
-50
-49
-49
-47
-47
-51
-52
-50
-49
-44
-46
-51
-54
-57
-55
-55
-56
-55
-57
-62
-60
-53
-48
-40
-39
-44
-42
-41
-39
-34
-31
-28
-27
-30
-34
-33
-27
-22
-19
-22
-27
-32
-32
-33
-34
-31
-31
-33
-32
-31
-24
-16
-7
-2
0
2
2
5
9
6
3
0
0
-3
-2
0
1
0
-6
-10
-12
-9
-8
-10
-17
-20
-21
-23
-21
-17
-13
-12
-14
-18
-16
-12
-9
-6
-11
-13
-13
-12
-5
2
6
9
7
4
6
10
14
17
18
16
15
17
20
26
31
29
29
28
27
27
30
38
39
37
32
29
32
32
33
31
31
32
33
34
36
46
58
67
73
74
79
85
87
91
93
93
86
78
73
71
70
66
53
40
30
20
14
11
5
-3
-12
-18
-21
-18
-14
-8
-2
0
3
9
15
21
26
29
27
19
15
14
9
10
13
14
9
1
-3
-7
-8
-8
-8
-10
-17
-22
-22
-19
-16
-11
-7
-9
-7
-5
-5
5
8
9
11
10
10
11
17
23
26
28
26
23
19
25
32
33
33
30
27
27
25
27
28
29
26
19
13
7
9
13
14
16
14
11
11
11
16
20
19
18
14
13
14
15
16
16
14
12
11
7
7
7
7
6
1
-4
-5
0
3
2
6
5
6
4
1
3
6
10
13
13
11
8
6
5
7
10
11
9
5
3
8
10
13
15
12
7
2
1
3
10
16
17
18
20
22
29
37
42
45
43
41
41
41
44
44
41
39
32
26
22
21
21
20
19
14
10
5
3
7
11
10
9
5
1
-3
-3
-3
0
2
-1
-1
1
6
11
12
13
14
13
10
9
10
12
11
7
1
-4
-7
-10
-13
-15
-17
-17
-19
-24
-25
-24
-20
-13
-8
-4
-4
-7
-5
0
8
11
12
12
12
14
18
23
28
31
30
27
23
25
23
22
19
14
10
3
1
-2
0
3
3
1
-2
1
4
6
5
1
2
3
0
1
0
3
4
2
-2
-5
-7
-3
1
3
5
2
-1
-3
-3
-4
-5
-5
-7
-13
-14
-16
-16
-17
-21
-22
-27
-28
-31
-32
-28
-29
-28
-29
-28
-26
-27
-24
-25
-26
-26
-28
-25
-22
-20
-20
-21
-16
-16
-16
-13
-8
-8
-7
-6
-6
-4
-2
1
5
3
3
3
1
3
4
5
3
3
1
1
3
5
6
2
0
-3
-8
-7
-6
-4
-1
0
4
3
6
12
13
13
17
19
17
15
14
15
12
8
10
8
1
-1
-3
-6
-5
-6
-4
-2
1
2
2
3
5
9
13
16
20
24
25
26
27
26
27
24
18
16
16
14
14
10
9
9
6
7
9
8
8
7
9
11
15
18
16
18
20
19
19
18
18
18
18
17
18
13
7
7
3
1
1
-2
-7
-9
-9
-7
-7
-5
-4
-5
-6
-6
-3
-1
-4
-4
-4
-7
-7
-7
-11
-8
-8
-9
-5
-6
-6
-2
-2
-2
0
-2
-3
0
-1
-1
-1
0
1
3
2
-1
-1
1
1
0
0
-1
-5
-7
-6
-9
-12
-13
-12
-13
-13
-9
-7
-7
-8
-7
-5
-4
-4
-4
-4
-6
-8
-9
-12
-12
-10
-10
-8
-11
-14
-11
-11
-9
-7
-6
-5
-6
-6
-4
-3
-1
-2
-2
1
2
4
5
7
7
4
5
3
3
4
5
6
5
4
5
7
11
13
13
15
12
11
11
13
12
12
13
12
13
13
16
17
16
17
18
17
16
19
20
19
17
18
16
15
16
15
15
13
10
8
8
3
0
-2
-6
-8
-11
-14
-12
-13
-15
-12
-12
-13
-9
-11
-8
-6
-7
-2
1
3
6
6
7
6
8
10
6
5
2
0
-1
0
-1
-2
-4
-5
-5
-5
-7
-7
-6
-7
-5
0
0
5
7
6
6
7
9
13
13
12
14
14
12
12
8
7
8
7
8
7
5
5
6
7
6
5
5
2
0
0
0
0
-3
-5
-8
-11
-12
-11
-11
-8
-9
-12
-13
-13
-12
-10
-10
-9
-7
-8
-8
-6
-8
-8
-8
-11
-13
-12
-14
-13
-11
-12
-12
-13
-14
-15
-15
-15
-13
-13
-12
-11
-10
-6
-3
1
1
2
4
6
7
7
4
3
4
5
7
8
9
8
8
8
9
10
10
10
11
10
9
12
14
14
14
14
16
19
20
20
21
19
15
14
14
15
18
18
17
15
11
8
7
6
3
2
0
0
-3
-3
-4
-3
-7
-8
-9
-11
-13
-12
-12
-13
-13
-12
-13
-14
-12
-10
-6
-7
-11
-13
-15
-15
-15
-12
-13
-13
-12
-11
-9
-7
-6
-7
-5
-5
-8
-7
-8
-9
-12
-14
-15
-12
-10
-9
-8
-10
-10
-9
-6
-6
-5
-1
-3
-3
1
2
4
5
5
4
4
3
5
4
6
9
9
10
7
4
6
7
8
10
11
8
7
9
12
15
14
12
12
13
12
12
12
12
10
6
4
5
6
8
6
7
6
4
1
-1
0
-2
-2
-7
-5
-4
-4
-2
-1
1
3
2
6
4
4
8
6
6
4
1
1
3
7
8
9
6
5
4
4
7
9
7
8
8
7
7
4
4
3
1
2
3
3
3
2
2
1
-1
-3
-5
-4
-6
-7
-6
-8
-8
-8
-10
-8
-8
-7
-5
-3
-1
0
1
1
3
3
3
2
1
4
-1
-3
-2
-4
-2
-4
-6
-5
-11
-14
-14
-17
-20
-21
-21
-18
-16
-12
-11
-11
-11
-15
-16
-12
-11
-10
-9
-6
-4
1
2
2
5
5
3
6
5
6
4
4
7
7
8
6
6
6
5
6
6
8
7
5
4
1
3
4
2
2
2
-1
1
3
2
3
2
1
2
0
2
6
7
5
2
1
2
5
6
5
6
7
9
11
11
10
12
14
15
15
13
13
12
9
9
6
5
5
4
5
4
0
-2
-4
-5
-7
-7
-5
-5
-5
-8
-10
-9
-8
-6
-7
-6
-7
-4
-3
-3
-3
-3
-4
-2
1
4
7
8
11
13
14
14
15
12
10
10
7
10
11
11
11
7
6
6
3
3
2
-1
-3
-8
-10
-10
-10
-9
-9
-10
-9
-9
-9
-8
-7
-6
-8
-9
-10
-9
-9
-6
-4
-1
1
2
2
2
5
5
5
6
3
6
5
4
5
2
3
2
0
3
2
1
0
0
-1
-1
0
-2
1
1
-3
-5
-7
-7
-3
-6
-5
-3
-5
-4
-1
-3
-2
-3
-5
-5
-6
-5
-2
-3
-3
-2
0
-2
2
3
1
3
-2
-4
-4
-7
-7
-8
-9
-9
-11
-11
-11
-8
-11
-11
-12
-15
-13
-14
-15
-14
-16
-13
-13
-13
-10
-10
-9
-7
-9
-7
-5
-8
-7
-6
-5
-4
-3
-2
1
2
1
-1
-2
-1
0
2
2
1
1
1
3
4
3
4
4
3
2
2
2
3
0
0
0
-4
-1
0
-2
-2
-2
-6
-7
-8
-7
-7
-6
-3
-2
-1
1
2
1
0
2
3
1
0
3
3
7
9
9
12
9
8
8
5
5
6
4
2
5
3
2
4
4
2
3
1
-1
0
2
0
0
1
1
5
5
4
4
3
5
4
6
9
8
8
7
6
7
6
7
8
5
6
8
8
8
11
7
6
5
4
3
4
3
2
2
1
2
3
2
2
1
0
-1
0
1
-1
-1
-2
-4
-4
-5
-5
-6
-9
-9
-11
-10
-9
-10
-10
-9
-11
-12
-14
-17
-14
-14
-15
-11
-12
-14
-10
-10
-8
-10
-9
-6
-4
0
0
0
-1
0
0
2
4
4
5
7
8
7
9
8
9
12
11
11
10
11
14
12
13
15
17
17
15
16
14
16
14
12
14
11
10
11
9
10
9
7
6
2
0
1
-1
-4
-4
-5
-7
-6
-10
-11
-14
-14
-15
-16
-13
-13
-14
-12
-14
-13
-13
-15
-14
-10
-11
-9
-5
-7
-7
-6
-7
-4
-2
-4
-2
-6
-6
0
-2
-1
1
-2
0
0
-1
3
2
-1
1
2
3
5
7
7
7
9
11
11
10
12
12
11
12
13
15
16
15
16
13
12
13
10
7
7
8
9
10
9
8
7
8
6
3
5
2
-1
-2
-2
0
1
-1
-1
0
-2
-5
-4
-6
-5
-7
-9
-9
-9
-7
-9
-11
-12
-13
-9
-9
-12
-8
-8
-10
-7
-6
-3
-1
-3
-1
2
0
0
-1
0
1
0
3
4
3
7
6
4
6
4
6
6
3
2
1
1
-1
-2
-4
-6
-3
-2
-5
-4
-4
-4
-5
-5
-2
-5
-7
-4
-2
-4
-2
2
0
-3
1
1
0
3
4
5
6
5
7
7
5
6
4
7
7
6
6
5
3
1
-3
-8
-4
-2
-2
-1
-1
0
0
-2
-5
-4
-7
-10
-9
-8
-8
-9
-7
-9
-8
-7
-10
-11
-11
-10
-8
-9
-10
-10
-9
-8
-7
-7
-8
-9
-10
-9
-7
-9
-6
-6
-5
-3
0
2
3
5
3
2
5
6
8
9
8
8
7
8
9
6
4
5
7
5
5
5
7
5
3
2
1
0
-2
-4
-2
-1
-4
-3
-3
-3
-3
-5
-6
-5
-4
-2
-3
-3
-2
-3
-2
0
-3
-2
1
1
2
1
1
1
2
2
3
4
3
3
2
3
3
0
2
0
0
1
1
2
1
2
2
2
0
0
1
1
0
1
2
0
3
3
1
2
0
2
4
3
4
7
7
7
8
10
8
9
9
10
12
11
10
10
9
9
8
8
7
7
7
4
3
6
1
-3
-1
-2
-2
-3
-3
-5
-7
-7
-8
-13
-12
-12
-14
-14
-15
-13
-10
-11
-12
-11
-10
-9
-9
-11
-10
-8
-7
-4
-4
-3
1
1
0
3
3
3
6
6
7
6
8
10
8
7
7
5
5
5
6
6
4
4
5
4
4
5
4
4
5
4
3
4
4
3
5
7
6
4
3
3
6
6
3
4
5
3
5
3
1
4
1
-1
0
-1
-2
-1
-1
-2
-1
-1
-2
-3
-4
-5
-4
-2
-3
-1
0
-3
-4
-2
-4
-3
-3
-4
-2
-1
-3
-4
-5
-2
-2
-2
-1
0
-1
-2
0
0
-2
-4
-2
-2
-3
-3
-3
-2
-3
-3
-2
-4
-3
-2
-1
1
0
0
-1
-4
-4
-3
-4
-1
0
1
4
5
4
4
5
5
5
6
5
6
6
5
2
3
4
2
3
3
0
2
2
2
1
0
-1
-1
-2
-2
-3
-2
-4
-5
-7
-8
-8
-6
-6
-6
-6
-6
-8
-4
-4
-6
-2
-1
0
1
3
1
2
4
5
6
3
1
4
5
8
6
6
6
3
2
2
2
2
2
1
1
0
0
1
-2
-6
-5
-5
-5
-3
-6
-6
-4
-5
-4
-4
-3
-4
-1
-3
-1
-1
-2
0
-1
-2
0
-1
0
1
-1
-3
-2
-1
2
-1
-2
-1
0
2
2
0
3
3
0
1
0
-2
0
0
0
2
2
2
3
1
2
4
1
-1
0
-1
1
0
-2
2
2
1
2
1
2
1
1
0
0
-2
0
-3
-3
-1
-2
0
-1
-4
-4
-3
-5
-4
-2
-5
-3
-5
-6
-4
-6
-4
-3
-7
-6
-5
-5
-5
-5
-6
-4
-1
-1
-1
1
2
0
-2
2
4
3
4
5
4
6
5
2
2
1
1
3
2
5
5
3
6
4
4
4
2
2
3
3
3
3
2
3
4
2
3
2
3
2
0
1
3
3
5
8
5
4
3
1
3
3
-2
3
2
1
2
4
2
-1
-2
-2
-2
-2
-3
-3
-3
-1
-1
-2
1
1
-1
-2
-1
1
-1
-1
0
0
0
-1
-2
-4
-5
-4
-5
-4
-4
-1
1
-3
-4
-4
-3
-2
-3
-4
-1
-1
-1
0
-1
-1
-2
-5
-4
-4
-3
-2
-3
-4
-3
-1
0
-1
-3
-2
-3
-1
-2
-2
-1
1
-2
-1
-1
-1
0
-1
-2
-2
-4
-2
-1
-1
0
1
-2
-2
1
0
0
2
4
4
6
5
3
1
2
4
0
1
2
1
4
4
3
5
3
2
1
0
0
0
0
0
1
0
1
3
-1
-2
-2
-4
-4
-5
-1
-1
-3
-1
1
0
1
1
0
2
1
0
2
2
3
5
5
2
-1
2
3
3
3
4
5
4
4
3
4
4
4
4
2
0
1
1
-1
0
0
-1
-1
-3
-4
-2
-2
-4
-6
-5
-3
-3
-3
-3
-2
-4
-5
-4
-3
-1
0
-2
-1
-1
-1
2
0
-1
-1
-2
-1
-1
-1
0
0
1
1
2
4
2
0
3
4
0
2
5
6
6
3
3
5
3
5
5
4
5
6
7
6
3
4
3
2
2
3
3
2
1
2
3
1
-1
-2
-3
-4
-2
-1
-3
0
-2
-5
-4
-5
-6
-7
-7
-6
-4
-3
-1
-3
-4
-5
-7
-6
-6
-5
-3
-4
-2
-3
-3
-4
-5
-4
-5
-6
-5
-7
-6
-2
-3
0
-1
-3
-1
-3
-3
-2
-3
-1
2
0
3
3
2
3
3
3
4
2
2
5
4
5
4
2
1
1
2
1
-1
1
3
3
1
2
3
1
-1
1
-1
-2
-2
-2
-2
-1
3
1
1
3
1
0
2
1
3
4
2
0
2
1
3
4
3
4
3
5
3
1
2
2
2
1
3
4
3
3
2
2
2
1
1
1
1
2
3
1
1
3
3
2
0
1
1
0
0
2
3
0
-2
-1
-3
-3
-5
-4
-3
-3
-1
-1
-2
-1
-3
-4
-2
-5
-3
-2
-2
-1
0
-3
-2
-1
-3
-4
-4
-5
-2
1
0
2
3
1
2
4
3
2
3
1
2
5
4
3
2
4
7
6
7
7
8
8
6
7
7
5
5
7
8
7
6
5
7
4
4
4
-2
0
1
0
1
0
1
2
-1
-2
-4
-6
-9
-10
-8
-7
-7
-7
-7
-8
-8
-7
-9
-12
-10
-9
-9
-7
-7
-8
-6
-10
-8
-6
-7
-7
-7
-6
-5
-1
-1
1
0
-3
1
0
1
2
1
3
2
8
8
4
6
3
4
4
4
3
4
0
-1
2
0
0
0
1
-2
-5
-1
-1
-2
-2
0
1
1
3
2
2
4
5
4
4
3
4
4
1
3
4
2
5
4
6
4
2
1
0
0
1
2
0
-1
-2
-2
-6
-7
-5
-6
-3
-5
-7
-6
-6
-5
-4
-5
-5
-4
-1
-3
0
2
3
1
1
3
0
2
0
1
5
7
8
8
8
6
8
9
7
7
8
8
9
9
9
8
7
5
5
4
2
4
5
2
3
2
0
2
-1
-1
-2
-4
-1
-3
-5
-5
-8
-5
-7
-7
-5
-7
-7
-7
-5
-5
-5
-5
-6
-7
-9
-10
-8
-9
-8
-3
-2
-3
-4
-6
-5
-5
-1
1
-1
0
0
0
0
-1
2
3
2
4
6
4
2
2
2
1
3
4
5
4
2
5
5
5
5
4
3
1
1
2
2
0
0
4
2
0
0
-1
-2
-3
-2
-3
-6
-7
-8
-5
-5
-8
-6
-8
-9
-7
-7
-7
-6
-3
-4
-5
-1
-2
-4
-1
-1
3
5
8
9
10
10
9
10
12
9
11
12
12
12
15
16
14
14
12
7
7
5
4
3
2
1
0
-1
-4
-7
-6
-5
-7
-9
-12
-12
-12
-12
-15
-18
-17
-17
-16
-15
-12
-10
-11
-10
-7
-8
-8
-7
-7
-5
-5
-4
-3
-2
-2
-1
-2
-3
-2
0
-1
3
5
6
5
4
5
5
7
8
10
6
4
6
3
4
5
5
6
5
5
8
7
4
5
7
4
2
