-2
-1
-3
-4
-5
-5
-3
-1
-2
-3
-5
-4
-5
-6
-5
-8
-5
-4
-4
-3
-4
-2
0
-2
-2
-3
-4
-1
0
2
1
1
2
1
4
5
4
6
7
7
4
2
5
5
1
2
1
2
3
3
2
1
1
2
0
-2
-4
-6
-3
-5
-8
-7
-9
-11
-7
-9
-11
-11
-10
-9
-9
-11
-13
-9
-9
-10
-10
-7
-7
-6
-4
-4
-6
-4
-3
-5
-2
-2
-2
-1
1
2
1
4
2
2
3
4
3
5
8
5
4
6
3
4
4
1
1
5
3
3
3
2
2
3
3
3
3
4
5
6
8
6
7
8
8
7
6
8
8
9
10
8
7
6
6
7
5
4
2
4
4
4
3
-2
0
-1
-1
-1
-2
-3
-6
-5
-5
-7
-8
-9
-6
-5
-5
-6
-6
-2
-1
-2
-2
-5
-6
-5
-4
-5
-1
5
2
3
4
4
3
1
3
2
2
2
2
3
2
2
1
0
-1
-1
2
1
-2
-1
-3
-1
-1
-5
-4
-2
-2
-1
-3
-3
-2
-4
-2
-3
-3
-1
-3
-2
-1
1
2
-1
0
2
3
3
2
2
-1
2
7
4
4
4
4
6
2
0
-2
-2
-1
0
0
0
-1
0
-2
-2
-1
-1
-2
-2
-4
-3
-3
-3
-4
-1
-1
-2
-3
0
-1
0
3
2
3
2
2
3
3
2
4
5
4
3
2
4
5
4
4
4
2
4
2
0
1
1
1
1
2
1
3
4
3
0
1
1
1
2
-1
-2
-2
-2
-3
-4
-2
0
0
1
-3
-1
1
-3
-2
-2
-4
-6
-6
-3
-3
0
-1
-4
-4
-5
-3
-3
-3
-3
-6
-5
-3
-7
-5
-2
-2
-4
-5
-7
-6
-2
-3
-4
-4
-2
0
-1
-1
-2
-5
-4
-4
-3
0
0
1
2
2
1
1
1
0
0
1
0
0
-1
-1
1
2
0
1
1
0
1
2
1
-1
2
0
-2
-2
-4
-1
0
-1
2
1
3
1
1
2
0
1
-2
0
2
2
5
6
8
7
4
4
4
6
4
4
4
4
5
5
5
5
3
4
4
0
0
0
1
1
1
-1
-1
-1
-3
-1
-1
-1
-3
-2
0
-1
-1
-1
0
2
1
3
6
4
5
3
3
4
4
5
7
6
6
6
4
4
4
4
5
3
3
3
2
4
2
1
2
3
3
0
-1
-1
1
1
-2
-3
-3
-2
-3
-4
-4
-5
-5
-5
-4
-1
-1
0
-2
-4
-2
-3
-4
-3
-3
-3
-3
-3
-3
-1
0
1
0
-2
-1
-1
0
0
0
3
0
-1
-1
0
0
1
0
-2
-1
-1
-4
-4
-5
-5
-5
-5
-4
-3
1
-1
2
1
-2
-1
-4
-3
-4
-3
0
-1
0
1
0
1
3
3
0
0
2
0
2
1
0
-1
-2
-3
-1
1
1
1
3
1
3
3
4
6
5
5
5
5
5
8
8
8
8
6
4
4
6
6
6
6
6
5
4
3
5
1
-2
1
-2
-1
4
3
3
4
3
0
-1
1
0
2
-2
-2
0
-2
0
0
0
1
0
-2
-1
0
-2
-1
0
-3
-3
-4
-6
-4
-6
-6
-4
-8
-8
-6
-8
-7
-6
-5
-5
-5
-4
-2
-2
-2
-3
-4
-6
-4
-3
-2
-2
1
-2
-2
-3
-4
-5
-5
-4
-5
-5
-4
-3
-4
-4
-3
-3
-3
-2
-5
-5
-2
2
1
-2
-1
-2
-1
0
-1
0
0
1
2
3
5
5
5
7
8
7
6
4
6
5
3
4
4
6
7
7
7
5
3
3
4
3
3
3
2
4
3
3
4
3
1
0
3
2
2
2
2
0
2
2
3
2
4
3
3
2
4
3
1
3
4
0
1
2
1
2
3
1
0
-1
-1
-2
-2
-4
-3
-4
-6
-2
-4
-5
-2
-3
-5
-2
-3
-5
-6
-3
-5
-3
-2
-3
-3
-1
-1
-2
-3
-3
0
0
1
5
0
0
0
0
2
1
2
2
4
4
2
-1
-1
1
-2
-2
-1
2
1
-1
0
-1
-1
2
-1
-2
-1
0
1
1
4
4
5
4
1
0
-2
0
1
-2
-1
0
0
0
0
1
2
3
0
-1
3
1
0
2
2
2
1
2
4
4
2
1
1
0
-3
-2
-2
-2
-3
-4
-2
-3
-5
-7
-7
-7
-9
-5
-8
-6
-5
-6
-4
-5
-9
-7
-6
-9
-8
-7
-7
-5
-4
-5
-3
2
0
-1
0
-1
-1
1
2
5
4
5
8
9
7
4
4
4
5
4
2
3
1
1
2
1
-1
1
3
3
2
3
2
0
1
1
2
1
0
0
-1
1
1
1
2
2
1
0
1
1
0
2
3
3
4
4
4
7
6
2
4
1
2
1
0
1
1
1
0
0
0
-5
-5
-5
-5
-7
-8
-11
-10
-10
-12
-10
-13
-12
-11
-9
-6
-7
-9
-11
-11
-11
-11
-6
-8
-7
-4
-3
-3
-2
-4
-4
-3
-3
-4
-2
1
-2
-1
0
3
3
5
5
2
4
3
3
2
1
4
3
2
2
4
5
3
5
6
4
4
2
2
4
5
6
7
7
6
6
6
11
7
7
6
3
5
3
3
3
5
7
7
6
5
4
2
2
2
4
6
3
1
0
-1
-1
-2
-2
-3
-2
-1
-2
-3
-5
-5
-6
-7
-6
-7
-8
-8
-5
-5
-4
-4
-4
-3
-4
-6
-5
-4
-4
1
3
2
1
1
0
3
0
0
1
0
-2
0
0
0
1
1
1
0
0
0
0
0
1
0
1
1
1
0
-1
3
2
2
3
2
-1
-2
0
-2
-4
-6
-7
-5
-4
-3
-3
-3
-5
-5
-6
-9
-10
-9
-11
-11
-9
-11
-9
-10
-10
-11
-14
-12
-10
-10
-11
-10
-8
-8
-7
-8
-9
-8
-7
-7
-4
-2
-2
-4
-5
-6
-5
-3
-3
-1
2
3
6
6
6
9
10
11
13
13
13
14
11
14
13
14
14
13
14
14
13
11
10
12
13
12
13
7
6
8
9
7
8
9
8
10
11
10
12
11
10
11
11
11
13
16
19
18
16
17
17
14
13
17
19
17
17
18
18
17
17
16
16
17
17
16
17
15
13
16
14
10
12
11
10
12
11
11
16
11
9
9
10
9
10
8
6
7
7
7
8
7
8
6
5
5
6
7
5
7
7
5
7
6
7
7
5
10
11
9
9
8
10
7
7
10
10
11
15
14
12
14
16
17
19
19
20
19
21
20
24
26
25
26
26
23
24
25
24
26
27
24
23
23
23
24
24
23
23
21
21
21
20
20
19
19
20
19
20
20
21
25
24
24
24
22
23
24
26
27
28
29
28
28
30
29
29
30
30
31
32
29
29
31
33
33
35
34
32
33
33
32
33
33
31
30
29
28
28
29
29
27
24
26
25
22
24
21
19
19
17
16
14
14
14
12
12
14
11
10
10
9
12
12
10
12
11
11
11
11
13
15
14
11
11
14
13
13
13
13
11
10
10
8
10
9
9
9
7
7
5
3
3
1
0
0
0
0
-5
-6
-10
-13
-12
-11
-12
-12
-14
-14
-13
-14
-11
-11
-12
-13
-15
-16
-16
-15
-15
-14
-15
-16
-16
-15
-14
-13
-13
-13
-12
-10
-10
-12
-13
-16
-16
-16
-14
-13
-12
-11
-9
-12
-16
-17
-18
-17
-17
-18
-18
-20
-20
-23
-26
-29
-30
-29
-29
-30
-30
-32
-32
-36
-39
-38
-41
-43
-46
-46
-46
-49
-50
-50
-53
-52
-53
-56
-57
-58
-59
-58
-60
-60
-61
-63
-63
-63
-62
-63
-61
-60
-62
-64
-61
-61
-61
-60
-58
-60
-62
-62
-62
-62
-64
-64
-67
-67
-67
-68
-65
-67
-69
-69
-69
-69
-69
-70
-71
-74
-80
-82
-84
-82
-79
-79
-80
-80
-80
-84
-82
-82
-79
-78
-78
-78
-78
-77
-78
-79
-77
-74
-76
-74
-73
-75
-72
-69
-71
-72
-72
-72
-70
-67
-67
-64
-64
-59
-55
-56
-53
-51
-53
-51
-50
-49
-47
-45
-43
-45
-42
-43
-45
-44
-43
-42
-40
-40
-38
-37
-37
-38
-37
-37
-38
-36
-34
-36
-35
-33
-35
-37
-37
-38
-34
-32
-36
-36
-39
-36
-36
-36
-37
-38
-38
-38
-39
-36
-36
-34
-34
-31
-29
-30
-31
-31
-32
-29
-27
-27
-26
-23
-23
-22
-22
-21
-18
-15
-13
-16
-15
-14
-14
-16
-15
-12
-12
-14
-13
-13
-11
-10
-11
-10
-9
-11
-12
-10
-11
-12
-11
-9
-9
-6
-5
-5
-4
-4
-4
-5
-3
-2
-1
1
1
3
3
4
5
5
7
7
8
10
9
11
11
10
12
14
18
21
22
23
24
25
28
28
28
28
30
29
31
31
32
35
35
34
34
34
33
32
32
34
35
34
34
33
36
36
34
33
32
31
33
33
33
33
33
32
29
29
31
30
30
33
31
31
31
28
28
30
31
30
31
31
28
28
30
29
27
31
30
25
22
22
21
21
19
20
18
17
14
14
14
12
10
7
6
4
3
3
1
-1
2
1
1
1
-2
-3
-3
-1
-1
-1
0
-4
-1
2
2
3
4
2
5
2
1
5
5
4
5
5
4
4
7
4
6
8
7
6
8
9
9
8
5
7
7
7
11
10
10
12
12
12
12
9
11
12
9
8
9
9
10
8
10
9
11
14
15
15
14
16
16
15
15
16
19
19
22
24
24
26
26
31
31
29
30
30
32
34
34
34
36
37
35
37
39
39
38
39
38
38
39
38
38
38
37
37
38
40
41
40
41
39
41
40
40
41
42
41
40
44
41
41
42
41
40
38
38
36
36
36
39
40
37
37
38
37
35
37
35
32
33
32
30
32
33
33
33
32
32
31
27
28
28
26
23
27
27
26
26
27
28
27
23
23
24
22
22
22
19
17
19
16
18
17
13
14
15
12
12
11
9
12
11
10
9
8
5
8
10
10
12
15
14
15
15
15
15
16
19
20
19
19
23
25
23
26
28
26
28
27
23
23
24
22
24
22
19
20
20
19
21
20
17
16
14
14
13
11
11
11
10
7
8
7
4
3
1
1
1
-1
-4
-6
-9
-12
-11
-12
-12
-11
-13
-12
-13
-15
-13
-12
-14
-15
-12
-13
-12
-12
-9
-9
-10
-9
-8
-6
-9
-9
-6
-11
-8
-6
-8
-8
-6
-5
-4
-3
-5
-5
-4
-6
-5
-5
-8
-6
-4
-4
-4
-2
-4
-2
-3
-6
-6
-7
-7
-5
-6
-3
-4
-6
-4
-5
-4
-5
-4
-3
-6
-6
-5
-7
-6
-7
-8
-10
-10
-8
-10
-12
-12
-12
-13
-15
-16
-16
-15
-14
-16
-14
-14
-15
-15
-17
-15
-15
-16
-14
-16
-15
-12
-11
-10
-9
-8
-6
-4
-7
-6
-3
-5
-3
-3
-2
-2
-4
-1
1
0
2
5
4
4
3
4
5
4
4
5
6
7
7
8
8
9
10
11
8
8
7
9
9
8
11
12
11
9
9
12
9
10
9
7
7
4
3
5
3
-1
1
1
-5
-3
-1
-4
-2
-4
-6
-7
-11
-10
-8
-10
-10
-8
-9
-8
-7
-5
-4
-8
-9
-8
-10
-10
-12
-11
-9
-10
-11
-11
-11
-12
-12
-14
-16
-17
-18
-20
-22
-21
-22
-22
-22
-24
-25
-26
-27
-24
-26
-25
-27
-29
-29
-30
-30
-30
-31
-31
-33
-35
-35
-35
-36
-34
-36
-37
-37
-35
-35
-38
-39
-40
-38
-38
-38
-38
-36
-36
-36
-33
-32
-34
-33
-34
-34
-34
-34
-32
-32
-32
-30
-28
-29
-28
-25
-24
-22
-18
-19
-20
-20
-18
-15
-15
-16
-14
-14
-14
-11
-10
-9
-5
-5
-4
-7
-7
-7
-5
-4
-5
-3
-4
-5
-2
-2
-1
1
2
3
4
6
6
6
11
10
11
15
17
19
20
22
26
29
29
34
34
33
37
37
39
39
40
41
44
46
47
47
49
50
51
56
56
56
57
54
54
55
58
57
57
56
55
53
53
56
57
58
56
57
55
53
52
53
54
53
53
55
57
58
60
58
59
58
56
54
53
52
53
52
48
48
49
47
48
45
43
43
44
43
44
42
40
42
41
36
33
32
33
31
28
28
24
22
20
21
22
20
18
17
15
14
13
14
11
9
10
7
3
4
2
2
1
0
-3
-5
-7
-9
-10
-11
-11
-10
-11
-14
-16
-19
-18
-21
-22
-22
-23
-24
-26
-28
-31
-31
-30
-29
-32
-34
-36
-37
-37
-39
-38
-38
-39
-43
-42
-43
-43
-43
-43
-44
-47
-49
-51
-54
-55
-59
-59
-59
-60
-60
-64
-63
-66
-67
-68
-68
-69
-68
-68
-67
-69
-69
-71
-69
-68
-69
-67
-66
-68
-67
-66
-66
-62
-64
-60
-58
-58
-56
-55
-55
-56
-55
-54
-59
-55
-53
-52
-49
-47
-47
-45
-44
-42
-40
-41
-41
-41
-42
-40
-40
-40
-39
-39
-40
-40
-41
-40
-40
-39
-37
-35
-36
-36
-36
-36
-36
-39
-37
-34
-38
-37
-32
-31
-30
-30
-32
-30
-30
-30
-29
-30
-30
-30
-28
-27
-27
-27
-25
-26
-26
-24
-23
-22
-20
-21
-23
-21
-22
-24
-20
-17
-18
-17
-17
-21
-20
-19
-19
-18
-16
-15
-16
-14
-13
-13
-10
-11
-11
-9
-10
-10
-6
-5
-5
-1
-1
0
3
3
5
8
10
10
11
11
9
12
13
14
17
17
16
14
16
16
18
17
17
19
16
19
21
18
18
19
19
20
19
18
19
19
18
19
20
19
18
16
16
17
16
18
18
15
16
16
14
13
15
15
14
14
15
13
15
15
16
20
17
16
19
19
18
19
18
18
18
19
20
21
21
22
24
26
27
26
25
24
26
27
25
26
28
28
28
30
32
33
31
32
31
29
29
30
28
27
26
27
29
30
29
30
33
33
30
29
26
26
27
26
26
26
27
27
29
29
27
26
24
25
21
19
19
21
22
23
25
26
29
27
29
32
32
31
32
35
35
38
39
40
43
46
51
54
57
62
66
66
68
74
77
80
88
91
96
103
104
108
111
115
121
125
126
131
135
138
145
152
156
161
165
168
173
177
181
185
186
189
193
194
196
197
200
205
206
207
210
210
210
210
209
206
205
202
200
197
196
191
188
184
177
173
168
163
157
150
144
138
131
121
116
111
102
92
84
79
71
62
53
45
35
27
17
9
-1
-11
-20
-31
-42
-52
-58
-68
-77
-84
-91
-100
-109
-115
-121
-130
-137
-145
-152
-159
-165
-168
-173
-183
-190
-196
-202
-208
-212
-216
-221
-227
-230
-234
-237
-238
-239
-242
-244
-244
-248
-250
-250
-250
-251
-249
-251
-251
-249
-249
-247
-247
-245
-246
-245
-243
-244
-242
-242
-241
-237
-235
-237
-235
-231
-229
-227
-227
-224
-221
-222
-220
-216
-212
-210
-208
-205
-201
-197
-195
-192
-186
-182
-179
-173
-168
-162
-154
-147
-143
-136
-125
-116
-108
-99
-91
-83
-74
-64
-53
-44
-33
-22
-11
-1
8
20
31
39
51
60
70
77
86
99
105
111
119
127
133
140
151
156
161
164
168
172
172
175
174
175
178
178
177
176
176
177
177
180
177
175
175
171
167
164
161
156
146
140
133
127
125
114
108
103
98
93
86
80
74
70
63
60
56
54
51
45
40
32
27
24
17
14
7
-1
-7
-10
-15
-20
-19
-22
-25
-25
-25
-26
-26
-26
-28
-28
-29
-30
-33
-34
-35
-35
-35
-35
-39
-40
-41
-41
-40
-39
-40
-40
-40
-40
-41
-40
-39
-38
-37
-39
-40
-36
-37
-40
-39
-39
-40
-43
-44
-43
-43
-40
-40
-40
-39
-39
-39
-40
-40
-38
-38
-38
-38
-36
-36
-36
-37
-37
-35
-35
-37
-34
-33
-31
-28
-27
-25
-24
-24
-19
-16
-13
-14
-12
-11
-8
-4
-6
-7
-6
-7
-7
-6
-4
-5
-4
-4
-5
-5
-5
-5
-8
-7
-7
-7
-5
-4
-4
-2
0
0
2
0
0
5
8
6
8
12
13
15
15
17
21
17
19
21
24
26
27
31
34
36
40
43
45
52
58
63
66
69
73
75
77
82
84
81
81
82
81
81
79
76
76
72
68
68
67
67
62
59
57
54
54
51
49
47
43
41
38
35
31
29
27
21
21
20
17
16
14
14
15
12
12
10
7
3
-4
-12
-15
-24
-35
-44
-48
-51
-50
-46
-41
-33
-21
-7
10
31
51
69
86
104
118
130
138
139
137
134
128
123
119
110
103
96
96
98
99
108
115
123
136
151
164
174
186
196
206
213
221
228
231
234
238
241
243
248
248
245
245
244
241
240
239
239
234
232
229
227
224
218
212
207
199
193
189
184
178
171
166
164
159
154
154
148
146
143
141
139
135
134
133
130
124
124
123
118
116
113
111
109
108
109
104
104
107
106
109
111
112
111
109
108
105
99
93
82
73
64
56
45
31
16
-2
-19
-33
-50
-67
-83
-99
-116
-130
-143
-157
-170
-182
-193
-207
-220
-231
-240
-253
-266
-277
-288
-302
-314
-326
-335
-343
-357
-367
-373
-379
-387
-394
-399
-405
-409
-412
-417
-417
-417
-417
-412
-407
-404
-399
-393
-386
-378
-373
-365
-356
-346
-337
-328
-317
-306
-297
-288
-281
-274
-267
-260
-255
-247
-239
-233
-228
-222
-213
-209
-206
-200
-199
-195
-193
-193
-193
-195
-197
-200
-203
-210
-218
-224
-233
-241
-251
-260
-268
-276
-285
-294
-303
-310
-317
-325
-329
-333
-336
-337
-341
-342
-346
-352
-355
-357
-356
-353
-350
-345
-339
-332
-321
-311
-302
-288
-275
-261
-242
-227
-210
-193
-175
-153
-134
-114
-92
-71
-50
-29
-6
14
36
57
76
96
116
137
155
173
194
210
225
240
254
267
278
288
298
309
316
319
323
326
325
324
320
315
308
294
282
268
254
239
222
207
192
175
159
142
130
114
96
83
69
56
47
34
20
9
-2
-10
-20
-26
-30
-33
-37
-44
-48
-50
-52
-50
-51
-46
-41
-36
-27
-18
-9
4
16
27
38
50
62
75
89
101
110
123
136
146
155
165
173
183
192
197
200
206
211
217
221
221
222
223
219
216
204
192
183
169
154
137
120
105
88
70
52
37
22
11
0
-9
-14
-20
-21
-22
-23
-21
-19
-14
-7
-3
3
9
13
17
22
32
39
44
50
58
72
86
99
117
136
159
184
213
243
272
305
340
375
409
442
472
506
539
568
598
626
653
679
704
728
752
776
802
827
850
866
881
896
907
913
915
911
904
892
876
856
830
800
767
732
696
657
610
563
518
471
426
382
335
290
247
205
164
123
85
49
13
-19
-50
-83
-109
-136
-159
-181
-201
-217
-230
-238
-248
-255
-260
-261
-256
-253
-244
-237
-227
-213
-196
-182
-166
-152
-134
-118
-102
-84
-69
-54
-40
-24
-8
6
18
31
45
55
66
75
81
85
85
80
71
59
46
29
7
-15
-42
-71
-104
-138
-173
-211
-246
-284
-320
-358
-397
-432
-468
-501
-533
-565
-593
-619
-646
-671
-690
-704
-719
-730
-734
-734
-735
-733
-725
-716
-703
-685
-669
-648
-626
-600
-572
-545
-518
-488
-454
-423
-390
-355
-324
-294
-262
-231
-199
-174
-147
-120
-97
-75
-53
-33
-13
2
18
31
40
50
60
68
74
77
84
87
88
89
88
85
80
73
64
52
34
15
-8
-33
-61
-87
-120
-156
-191
-226
-263
-298
-332
-367
-404
-435
-462
-490
-516
-539
-557
-572
-585
-593
-601
-604
-604
-601
-596
-587
-576
-562
-548
-531
-512
-488
-465
-441
-412
-386
-358
-328
-296
-263
-234
-201
-170
-139
-109
-78
-47
-20
8
37
59
82
105
125
148
166
186
206
222
238
257
270
282
296
309
320
328
334
341
346
346
349
346
339
332
324
316
301
286
269
248
225
199
177
153
130
106
81
60
39
21
7
-9
-20
-28
-37
-43
-44
-44
-40
-35
-26
-12
1
18
37
57
77
101
124
149
175
197
224
249
272
295
318
339
360
380
401
419
432
445
461
474
484
492
501
511
516
522
528
531
534
539
540
543
546
543
544
542
537
531
521
511
497
481
459
436
415
384
356
325
294
262
228
197
161
128
96
62
30
-1
-34
-63
-90
-117
-141
-163
-182
-196
-212
-223
-230
-235
-236
-235
-231
-224
-214
-205
-192
-176
-160
-140
-120
-101
-82
-62
-40
-17
6
29
51
73
98
122
142
160
180
200
218
231
243
254
263
271
276
278
280
278
276
274
267
260
250
241
232
219
205
188
171
153
134
114
93
72
50
29
4
-22
-47
-74
-100
-128
-154
-181
-209
-233
-257
-282
-303
-321
-339
-352
-368
-378
-384
-391
-392
-392
-391
-389
-387
-378
-368
-359
-347
-334
-320
-306
-289
-271
-256
-238
-219
-197
-174
-153
-132
-113
-93
-71
-51
-36
-21
-7
9
23
36
47
53
64
70
76
82
84
87
88
90
88
85
81
78
74
70
65
56
47
39
29
18
5
-6
-19
-33
-47
-60
-76
-91
-108
-122
-135
-148
-159
-171
-182
-190
-199
-210
-218
-224
-230
-232
-241
-246
-246
-247
-247
-245
-241
-235
-229
-222
-212
-203
-192
-179
-162
-143
-128
-112
-92
-74
-51
-31
-14
4
23
42
59
75
91
104
118
132
143
153
162
169
177
183
188
190
192
192
192
191
189
183
176
173
168
158
149
140
130
119
107
94
83
68
56
43
30
15
-1
-13
-25
-41
-53
-65
-80
-95
-109
-123
-136
-150
-158
-169
-178
-186
-193
-194
-197
-198
-193
-196
-194
-187
-181
-172
-162
-153
-140
-127
-116
-101
-90
-77
-63
-52
-40
-27
-13
2
13
26
40
50
59
67
77
84
88
91
94
97
99
103
102
101
102
98
95
93
89
86
83
78
74
70
68
62
57
52
46
39
34
28
25
15
11
4
-4
-7
-15
-22
-28
-34
-39
-46
-52
-57
-63
-68
-74
-75
-76
-78
-77
-77
-76
-72
-68
-64
-61
-56
-48
-42
-35
-27
-17
-8
2
12
21
32
44
53
63
77
85
96
108
117
125
131
132
137
140
140
141
142
143
142
138
138
136
129
124
119
115
110
101
94
88
84
82
76
71
67
62
59
55
52
49
44
38
35
35
33
30
26
23
23
23
20
18
14
14
13
12
13
10
11
12
12
16
18
23
29
33
39
44
47
53
57
65
75
79
85
88
94
98
101
103
105
106
107
109
109
108
106
103
101
99
96
93
89
82
77
71
64
54
46
41
28
20
14
6
-2
-11
-18
-25
-35
-42
-53
-61
-69
-76
-81
-88
-93
-98
-103
-109
-116
-120
-124
-130
-133
-135
-135
-137
-139
-140
-139
-138
-137
-139
-141
-140
-139
-141
-140
-138
-135
-131
-131
-125
-120
-117
-111
-108
-102
-98
-93
-87
-83
-77
-72
-68
-66
-62
-55
-50
-47
-45
-41
-38
-38
-34
-32
-29
-26
-26
-22
-24
-23
-18
-18
-16
-14
-12
-13
-13
-9
-8
-7
-4
-5
-3
-3
-2
0
0
2
2
4
4
5
7
7
9
10
12
11
9
8
7
6
4
3
0
-2
-3
-4
-6
-8
-9
-8
-12
-13
-13
-16
-19
-18
-18
-18
-16
-13
-12
-9
-7
-9
-5
-4
-4
-2
-4
-2
-3
-1
1
0
0
-2
0
-1
0
2
1
2
3
1
-2
-1
-4
-4
-4
-4
-4
-6
-9
-11
-15
-16
-20
-22
-25
-23
-23
-25
-23
-21
-21
-23
-22
-24
-22
-23
-22
-18
-19
-15
-14
-12
-9
-9
-8
-7
-3
1
4
7
8
9
12
17
19
22
25
26
31
29
29
28
27
27
27
30
32
32
35
38
42
46
48
53
58
58
58
58
58
59
59
60
61
62
60
61
60
57
56
54
53
51
52
52
53
51
50
50
44
41
38
37
36
33
32
31
32
31
29
31
31
29
29
28
27
29
30
28
31
33
35
37
39
43
46
48
52
55
56
58
57
59
60
63
64
63
61
62
61
60
57
54
53
52
51
49
47
44
42
43
41
40
39
33
29
27
24
21
16
13
11
5
3
-1
-4
-11
-16
-17
-22
-28
-30
-38
-42
-45
-48
-50
-53
-55
-54
-60
-62
-62
-67
-68
-69
-72
-73
-73
-73
-73
-72
-74
-72
-68
-67
-65
-61
-57
-51
-47
-39
-35
-31
-25
-23
-18
-9
-5
-1
5
10
19
19
22
24
23
25
27
30
32
33
33
31
29
27
26
20
16
13
8
6
4
1
2
-3
-6
-7
-12
-17
-20
-23
-27
-29
-31
-32
-34
-37
-36
-38
-37
-35
-33
-34
-36
-34
-33
-32
-33
-35
-33
-34
-33
-30
-30
-29
-24
-20
-15
-14
-13
-10
-7
0
6
12
16
23
30
37
43
46
49
48
53
55
56
59
57
57
60
65
70
72
70
69
72
68
67
68
65
63
59
56
54
53
50
46
42
34
25
20
14
6
3
-3
-7
-8
-11
-14
-19
-21
-22
-25
-27
-33
-36
-37
-40
-44
-45
-49
-55
-56
-57
-62
-63
-66
-70
-71
-69
-67
-68
-67
-65
-65
-65
-65
-62
-61
-60
-59
-57
-54
-55
-52
-49
-48
-43
-42
-42
-38
-35
-32
-29
-27
-31
-31
-29
-29
-29
-25
-30
-40
-47
-57
-67
-75
-83
-94
-101
-102
-106
-106
-107
-110
-111
-111
-109
-106
-104
-106
-108
-101
-96
-89
-79
-77
-77
-77
-78
-79
-79
-80
-84
-83
-79
-77
-74
-74
-75
-73
-70
-69
-67
-64
-60
-57
-49
-43
-40
-35
-32
-28
-24
-23
-26
-25
-26
-31
-31
-33
-30
-30
-31
-33
-36
-36
-36
-35
-35
-40
-41
-37
-37
-38
-40
-41
-38
-34
-28
-23
-15
-9
-8
-7
-4
-2
-6
-8
-7
-8
-10
-10
-10
-10
-12
-14
-15
-10
-9
-8
-1
-1
-4
-6
-10
-15
-19
-19
-18
-18
-20
-20
-15
-7
1
11
14
23
35
47
62
70
78
77
71
65
50
25
-11
-48
-79
-106
-121
-125
-124
-117
-107
-85
-57
-23
7
30
56
84
112
142
169
187
194
206
214
224
233
228
221
218
211
207
206
198
188
181
176
177
181
181
180
179
177
177
178
179
179
175
176
179
181
182
183
181
178
176
173
169
163
152
145
144
142
136
130
126
122
123
124
120
119
118
118
117
116
112
102
97
92
90
87
83
81
83
88
95
102
105
106
99
96
94
91
89
90
89
90
93
95
98
96
91
92
93
95
99
98
94
95
96
97
99
101
98
95
92
90
86
76
65
56
51
43
41
35
29
26
24
25
27
26
20
16
14
15
14
8
3
-2
-6
-8
-7
-14
-22
-25
-28
-28
-28
-33
-36
-37
-36
-30
-26
-28
-28
-19
-7
5
12
15
22
29
32
34
31
24
20
17
13
10
2
-8
-19
-25
-30
-37
-50
-64
-77
-84
-86
-86
-88
-92
-96
-94
-90
-86
-86
-86
-88
-90
-88
-89
-91
-94
-96
-95
-92
-93
-98
-99
-102
-109
-110
-107
-113
-113
-114
-111
-101
-99
-96
-94
-94
-90
-89
-93
-96
-96
-97
-94
-94
-89
-82
-79
-75
-66
-60
-59
-52
-46
-41
-36
-34
-25
-17
-14
-12
-6
1
9
21
28
35
49
62
71
78
86
89
91
93
94
97
94
90
83
76
71
67
64
58
56
56
56
57
58
62
65
66
68
66
62
52
38
21
5
-13
-31
-46
-62
-75
-89
-100
-114
-117
-119
-123
-125
-131
-134
-132
-129
-126
-125
-123
-122
-122
-121
-120
-122
-128
-134
-133
-131
-127
-122
-117
-105
-89
-73
-58
-46
-28
-12
0
16
35
50
62
78
95
113
131
144
152
166
178
191
203
208
209
211
212
208
202
187
169
153
143
133
117
101
85
70
60
51
40
25
10
-6
-20
-34
-50
-70
-90
-111
-132
-152
-181
-207
-230
-260
-283
-301
-320
-334
-343
-348
-349
-345
-338
-328
-312
-295
-274
-246
-220
-195
-170
-142
-108
-72
-36
-4
26
56
86
107
124
138
152
164
179
192
202
215
228
243
256
261
270
281
286
290
294
296
294
290
280
264
244
219
189
150
103
51
-13
-81
-149
-219
-296
-375
-454
-526
-591
-652
-711
-765
-810
-846
-875
-892
-900
-895
-874
-841
-798
-747
-688
-617
-539
-454
-365
-277
-193
-111
-32
42
111
175
230
277
311
341
372
396
412
418
417
422
428
434
439
443
448
456
470
489
503
516
526
529
525
511
486
451
406
355
293
220
140
57
-27
-113
-203
-299
-396
-490
-580
-660
-730
-791
-847
-896
-932
-953
-962
-953
-933
-908
-879
-845
-803
-754
-695
-632
-571
-508
-449
-388
-323
-262
-198
-135
-80
-28
18
61
106
152
193
229
254
274
289
300
309
315
321
325
326
325
328
330
330
340
351
363
382
402
421
444
468
497
527
558
582
600
610
603
594
582
561
534
488
425
353
278
201
125
45
-45
-143
-238
-329
-412
-482
-543
-602
-655
-697
-734
-760
-769
-767
-756
-737
-721
-702
-672
-634
-584
-528
-474
-425
-372
-317
-257
-193
-130
-73
-20
33
88
149
206
254
302
345
382
425
477
534
593
654
711
765
830
908
989
1063
1115
1142
1159
1174
1183
1182
1159
1102
1023
929
824
717
609
496
370
233
89
-52
-175
-276
-363
-445
-528
-613
-680
-721
-745
-756
-758
-764
-765
-757
-746
-721
-687
-649
-619
-595
-577
-550
-516
-477
-438
-407
-381
-357
-329
-293
-251
-212
-176
-148
-122
-88
-46
5
56
97
136
178
236
304
381
457
525
591
661
748
847
953
1048
1115
1157
1190
1217
1245
1267
1259
1217
1146
1050
950
853
750
642
520
374
215
61
-77
-196
-300
-404
-509
-618
-720
-792
-836
-862
-879
-899
-924
-939
-943
-927
-900
-871
-844
-827
-814
-788
-751
-708
-662
-624
-600
-576
-541
-498
-446
-393
-350
-312
-279
-243
-194
-134
-74
-20
25
68
131
207
300
395
483
569
650
738
844
961
1080
1174
1229
1259
1285
1315
1346
1361
1335
1265
1166
1058
949
844
732
607
464
300
128
-35
-171
-283
-384
-491
-606
-718
-810
-867
-898
-906
-912
-924
-938
-943
-922
-881
-831
-783
-755
-737
-718
-682
-634
-584
-540
-511
-493
-478
-452
-415
-377
-342
-316
-306
-297
-278
-242
-194
-150
-115
-92
-67
-22
45
134
229
314
389
464
554
670
803
937
1045
1116
1157
1195
1242
1291
1327
1327
1276
1189
1087
993
908
819
713
572
399
219
57
-75
-185
-286
-395
-520
-649
-753
-822
-853
-863
-876
-899
-934
-958
-949
-908
-854
-801
-769
-758
-748
-716
-662
-598
-542
-509
-494
-485
-463
-421
-365
-314
-279
-265
-260
-250
-220
-165
-109
-72
-55
-42
-15
45
132
224
308
382
450
529
633
760
900
1022
1102
1143
1170
1218
1281
1336
1353
1318
1241
1141
1049
965
879
786
667
512
335
162
20
-92
-190
-295
-421
-559
-680
-758
-797
-815
-828
-856
-895
-930
-944
-918
-865
-813
-779
-771
-770
-757
-716
-653
-593
-554
-538
-531
-519
-483
-429
-370
-324
-298
-286
-274
-244
-193
-129
-81
-58
-50
-31
13
81
166
243
312
374
442
527
634
759
890
991
1046
1076
1116
1176
1246
1295
1297
1248
1169
1090
1019
948
868
775
644
482
311
153
29
-67
-164
-283
-420
-555
-655
-714
-741
-757
-783
-820
-860
-888
-887
-852
-808
-773
-761
-768
-773
-754
-707
-655
-613
-591
-588
-589
-575
-538
-484
-434
-400
-384
-375
-359
-321
-268
-213
-177
-159
-146
-127
-85
-15
64
140
205
265
331
424
549
689
819
909
965
1013
1076
1150
1220
1261
1262
1223
1156
1086
1021
955
882
786
648
485
319
178
70
-26
-132
-256
-389
-512
-605
-666
-702
-729
-760
-802
-853
-886
-885
-859
-823
-803
-806
-815
-815
-792
-743
-696
-663
-645
-636
-623
-592
-537
-475
-419
-377
-350
-328
-296
-243
-181
-126
-86
-70
-59
-29
23
89
162
226
279
333
400
492
603
725
838
917
969
1014
1075
1144
1206
1241
1235
1193
1129
1064
1002
936
864
766
626
466
309
180
75
-26
-136
-263
-391
-503
-587
-640
-672
-693
-721
-757
-799
-831
-831
-802
-771
-758
-767
-779
-780
-757
-717
-680
-655
-641
-628
-612
-588
-546
-488
-431
-388
-364
-350
-321
-273
-216
-162
-131
-119
-99
-72
-31
24
81
144
206
257
315
390
494
623
742
823
876
924
990
1069
1133
1171
1181
1165
1126
1071
1007
947
888
813
703
559
406
281
182
90
-15
-138
-261
-370
-456
-519
-566
-601
-634
-678
-729
-776
-795
-780
-761
-753
-771
-801
-812
-791
-754
-718
-700
-690
-681
-666
-635
-589
-532
-474
-428
-404
-383
-352
-306
-244
-187
-154
-139
-130
-107
-65
-9
47
107
160
205
257
329
428
547
662
754
814
864
927
1010
1082
1129
1145
1134
1105
1064
1016
960
899
828
735
609
469
337
228
137
45
-61
-182
-294
-379
-442
-486
-520
-554
-588
-623
-658
-684
-694
-688
-679
-688
-713
-741
-750
-733
-703
-682
-680
-684
-680
-661
-625
-580
-535
-489
-452
-431
-411
-374
-315
-244
-188
-164
-161
-153
-119
-61
6
64
117
167
219
281
372
487
615
736
828
885
928
986
1068
1148
1205
1212
1181
1137
1085
1043
1005
959
889
778
624
460
326
227
139
30
-110
-259
-384
-472
-526
-558
-587
-627
-687
-755
-810
-826
-801
-782
-799
-844
-881
-872
-813
-741
-692
-667
-649
-622
-574
-520
-460
-402
-364
-356
-363
-367
-346
-297
-247
-225
-237
-263
-260
-217
-147
-64
17
95
175
268
391
546
730
929
1114
1249
1323
1367
1433
1532
1627
1667
1614
1486
1342
1231
1154
1062
917
714
478
247
43
-137
-292
-427
-568
-731
-893
-1009
-1051
-1030
-1001
-1005
-1037
-1048
-1002
-909
-811
-744
-705
-667
-610
-545
-474
-416
-370
-335
-322
-319
-317
-304
-288
-285
-308
-353
-390
-410
-420
-427
-438
-451
-459
-460
-451
-420
-357
-269
-163
-39
103
262
439
636
860
1111
1377
1601
1720
1745
1770
1871
2013
2076
1991
1785
1565
1418
1319
1184
957
658
359
99
-146
-391
-614
-790
-944
-1115
-1296
-1434
-1476
-1433
-1383
-1376
-1404
-1392
-1290
-1128
-987
-907
-854
-770
-636
-495
-392
-325
-264
-196
-135
-100
-91
-90
-84
-86
-110
-170
-228
-261
-273
-287
-327
-385
-429
-437
-416
-386
-349
-283
-167
-3
184
362
538
761
1068
1430
1739
1890
1907
1923
2060
2274
2395
2305
2045
1765
1582
1473
1319
1045
684
321
-2
-293
-581
-848
-1073
-1263
-1459
-1658
-1811
-1864
-1818
-1747
-1712
-1701
-1648
-1505
-1302
-1109
-970
-862
-733
-560
-382
-244
-152
-93
-33
28
77
92
65
26
-3
-32
-77
-147
-228
-296
-337
-369
-415
-475
-525
-537
-497
-419
-313
-170
14
217
422
646
929
1294
1682
1965
2056
2045
2102
2294
2507
2543
2333
1995
1723
1588
1481
1257
885
450
71
-226
-503
-794
-1083
-1331
-1534
-1718
-1876
-1971
-1973
-1905
-1835
-1798
-1757
-1638
-1422
-1179
-991
-872
-760
-589
-371
-182
-75
-33
11
81
141
147
98
37
-1
-22
-66
-159
-267
-343
-374
-397
-441
-501
-544
-539
-488
-406
-290
-116
102
328
548
796
1120
1519
1906
2145
2206
2209
2313
2523
2670
2592
2291
1941
1707
1583
1421
1099
637
178
-177
-446
-715
-1028
-1342
-1601
-1791
-1934
-2046
-2100
-2068
-1981
-1896
-1832
-1740
-1562
-1305
-1046
-860
-739
-599
-388
-147
31
102
116
152
235
312
306
215
106
41
13
-33
-133
-261
-364
-426
-469
-524
-588
-623
-603
-540
-447
-317
-137
93
351
623
925
1277
1661
1989
2173
2243
2313
2457
2625
2673
2502
2175
1854
1643
1496
1271
885
391
-73
-413
-662
-927
-1250
-1580
-1846
-2016
-2117
-2175
-2192
-2157
-2078
-1970
-1844
-1684
-1465
-1201
-953
-755
-591
-417
-208
-6
134
197
220
249
291
308
267
177
75
-13
-82
-160
-263
-368
-458
-525
-575
-600
-594
-559
-485
-359
-179
52
316
589
882
1230
1636
2024
2283
2378
2410
2512
2686
2803
2715
2404
2016
1717
1544
1366
1036
537
1
-414
-690
-922
-1211
-1561
-1886
-2104
-2205
-2243
-2260
-2255
-2208
-2106
-1962
-1790
-1582
-1334
-1073
-843
-653
-464
-248
-22
164
266
304
332
388
448
448
358
226
121
66
18
-80
-233
-393
-503
-553
-583
-627
-677
-690
-624
-479
-282
-59
171
423
729
1112
1553
1966
2234
2333
2365
2463
2662
2839
2816
2534
2119
1783
1608
1483
1219
743
167
-322
-629
-841
-1094
-1441
-1810
-2089
-2229
-2264
-2262
-2263
-2249
-2187
-2064
-1893
-1683
-1447
-1212
-993
-789
-586
-372
-153
29
141
193
222
265
308
312
251
143
32
-47
-101
-165
-258
-369
-468
-531
-551
-543
-524
-493
-424
-282
-69
184
437
696
1003
1393
1830
2194
2378
2408
2432
2565
2760
2834
2656
2266
1861
1607
1481
1311
939
384
-165
-548
-770
-966
-1250
-1621
-1969
-2190
-2265
-2263
-2254
-2254
-2232
-2153
-2017
-1833
-1609
-1360
-1120
-916
-746
-573
-364
-137
50
159
192
197
232
295
324
274
160
43
-34
-80
-127
-214
-340
-456
-528
-543
-526
-510
-493
-449
-340
-144
113
385
646
934
1303
1745
2152
2391
2446
2441
2531
2734
2888
2804
2448
1994
1661
1514
1408
1129
615
7
-486
-763
-927
-1149
-1498
-1900
-2204
-2331
-2328
-2295
-2291
-2298
-2252
-2114
-1909
-1685
-1466
-1242
-1018
-793
-585
-402
-228
-52
105
203
234
223
216
237
252
210
102
-39
-149
-198
-221
-277
-386
-511
-579
-557
-474
-380
-300
-197
-23
227
516
817
1157
1566
2010
2365
2533
2545
2552
2679
2879
2970
2789
2359
1897
1601
1475
1333
984
413
-198
-644
-890
-1052
-1291
-1656
-2038
-2299
-2384
-2361
-2322
-2299
-2273
-2195
-2056
-1869
-1647
-1399
-1136
-892
-691
-532
-373
-177
38
216
302
299
265
259
294
318
282
173
25
-96
-162
-201
-266
-372
-492
-578
-591
-552
-493
-425
-324
-156
77
342
623
944
1346
1808
2220
2452
2501
2500
2596
2812
2989
2930
2588
2118
1749
1575
1471
1227
741
123
-430
-793
-1000
-1200
-1493
-1854
-2182
-2378
-2440
-2420
-2374
-2313
-2232
-2129
-1997
-1825
-1600
-1323
-1030
-781
-611
-493
-359
-171
51
217
272
227
161
147
183
206
159
38
-103
-209
-268
-303
-352
-424
-494
-524
-499
-427
-326
-185
1
220
456
709
1019
1424
1893
2306
2530
2556
2516
2575
2765
2945
2917
2608
2137
1716
1476
1340
1131
727
171
-382
-800
-1076
-1289
-1525
-1807
-2083
-2290
-2412
-2455
-2430
-2338
-2205
-2064
-1936
-1816
-1655
-1404
-1088
-780
-557
-434
-346
-215
-32
149
258
271
221
178
164
156
118
41
-58
-154
-238
-320
-401
-465
-497
-484
-443
-399
-347
-249
-66
179
449
712
985
1331
1758
2194
2498
2593
2562
2554
2661
2822
2872
2690
2300
1864
1529
1313
1109
800
357
-144
-602
-968
-1254
-1507
-1746
-1967
-2153
-2300
-2413
-2467
-2430
-2296
-2107
-1934
-1807
-1696
-1527
-1266
-952
-672
-486
-380
-297
-180
-32
102
182
194
165
121
73
28
-30
-99
-165
-234
-313
-398
-479
-525
-519
-468
-400
-334
-245
-105
108
372
655
953
1298
1711
2139
2475
2636
2650
2632
2688
2817
2894
2792
2479
2051
1657
1360
1117
833
454
2
-459
-874
-1223
-1522
-1775
-1975
-2126
-2244
-2353
-2442
-2460
-2376
-2200
-1986
-1796
-1646
-1498
-1310
-1063
-789
-553
-379
-259
-159
-63
29
103
142
153
139
98
35
-43
-122
-188
-242
-300
-365
-440
-509
-538
-521
-465
-389
-295
-164
22
255
515
794
1120
1522
1963
2350
2576
2629
2607
2622
2715
2817
2800
2592
2232
1829
1474
1174
884
557
176
-232
-638
-1022
-1377
-1682
-1904
-2041
-2128
-2210
-2298
-2358
-2342
-2223
-2028
-1810
-1607
-1424
-1237
-1031
-816
-616
-441
-284
-149
-39
34
67
70
61
57
52
28
-24
-107
-201
-280
-337
-378
-417
-454
-475
-465
-424
-353
-247
-94
113
361
628
909
1233
1622
2045
2420
2646
2712
2692
2677
2713
2757
2707
2504
2169
1776
1394
1040
692
331
-38
-400
-758
-1121
-1485
-1818
-2064
-2198
-2248
-2270
-2304
-2332
-2310
-2198
-2004
-1778
-1548
-1322
-1093
-857
-636
-453
-305
-179
-62
53
137
173
161
114
58
8
-41
-93
-155
-231
-313
-394
-470
-534
-580
-580
-544
-484
-411
-324
-192
5
264
559
875
1220
1613
2039
2416
2654
2736
2728
2717
2749
2786
2739
2557
2248
1874
1490
1110
734
360
-6
-344
-678
-1035
-1417
-1792
-2086
-2257
-2319
-2327
-2336
-2344
-2315
-2220
-2068
-1874
-1659
-1424
-1155
-874
-627
-433
-302
-196
-81
45
157
223
233
204
154
90
14
-64
-135
-189
-237
-295
-371
-468
-548
-579
-554
-480
-383
-268
-125
63
300
571
878
1235
1650
2091
2470
2704
2770
2740
2703
2705
2719
2665
2493
2205
1846
1457
1049
637
236
-128
-449
-754
-1072
-1426
-1782
-2078
-2269
-2349
-2358
-2327
-2265
-2175
-2053
-1907
-1751
-1576
-1362
-1094
-793
-522
-321
-198
-128
-64
8
85
151
188
189
154
80
-28
-146
-246
-308
-340
-367
-420
-496
-576
-622
-612
-554
-453
-309
-127
96
349
611
897
1236
1645
2087
2469
2709
2792
2766
2720
2688
2655
2579
2413
2164
1849
1480
1066
620
178
-220
-551
-844
-1137
-1453
-1781
-2077
-2297
-2426
-2465
-2428
-2329
-2181
-2014
-1853
-1709
-1557
-1367
-1120
-836
-566
-343
-184
-75
-3
38
68
91
112
137
146
112
23
-106
-235
-333
-391
-416
-431
-454
-481
-497
-488
-443
-348
-199
5
251
520
810
1124
1482
1879
2263
2570
2745
2797
2775
2732
2681
2595
2449
2233
1959
1642
1275
863
421
-13
-403
-731
-1028
-1314
-1599
-1872
-2105
-2286
-2405
-2452
-2418
-2303
-2128
-1939
-1764
-1613
-1461
-1275
-1043
-782
-527
-311
-140
-14
76
125
140
141
145
154
150
115
42
-69
-186
-290
-373
-430
-473
-502
-512
-505
-484
-437
-349
-205
1
262
554
876
1229
1621
2031
2395
2651
2777
2792
2748
2690
2613
2496
2323
2090
1816
1493
1112
679
221
-214
-593
-918
-1211
-1488
-1754
-1988
-2180
-2329
-2430
-2473
-2432
-2300
-2107
-1895
-1696
-1521
-1346
-1149
-929
-704
-491
-297
-121
27
128
168
158
126
100
86
65
26
-36
-112
-195
-277
-364
-443
-498
-520
-504
-457
-391
-302
-175
3
231
502
809
1158
1547
1954
2340
2633
2801
2847
2802
2717
2606
2467
2292
2079
1831
1542
1190
771
305
-164
-589
-952
-1263
-1540
-1785
-1993
-2155
-2280
-2371
-2427
-2428
-2347
-2186
-1964
-1723
-1492
-1272
-1059
-848
-648
-466
-299
-138
14
147
236
265
242
192
131
64
-10
-85
-156
-213
-264
-326
-398
-475
-533
-550
-521
-451
-341
-193
-1
236
509
815
1157
1537
1934
2309
2608
2793
2861
2838
2753
2623
2454
2255
2030
1781
1500
1170
774
325
-146
-596
-990
-1331
-1619
-1864
-2063
-2213
-2316
-2386
-2428
-2428
-2366
-2238
-2044
-1806
-1550
-1288
-1031
-794
-589
-418
-271
-135
-2
123
218
273
285
256
200
121
25
-69
-154
-223
-275
-325
-375
-426
-468
-483
-467
-412
-310
-155
55
313
609
946
1318
1710
2100
2439
2681
2813
2839
2785
2679
2530
2348
2140
1902
1634
1323
958
542
90
-364
-789
-1166
-1484
-1743
-1945
-2099
-2214
-2299
-2351
-2370
-2337
-2249
-2105
-1904
-1666
-1405
-1133
-865
-629
-433
-280
-152
-38
68
163
237
281
299
287
237
157
54
-52
-142
-214
-268
-312
-355
-395
-423
-436
-422
-375
-282
-124
100
384
712
1075
1463
1852
2216
2511
2710
2802
2799
2728
2604
2442
2252
2032
1787
1510
1189
816
396
-55
-506
-931
-1304
-1614
-1864
-2052
-2187
-2275
-2334
-2365
-2362
-2314
-2215
-2067
-1875
-1639
-1376
-1096
-822
-581
-384
-229
-113
-23
46
99
139
163
174
177
153
98
11
-93
-195
-285
-354
-396
-409
-392
-345
-274
-184
-76
58
241
484
792
1150
1539
1936
2290
2574
2763
2838
2810
2695
2523
2317
2094
1861
1613
1340
1030
672
271
-156
-596
-1019
-1402
-1730
-1984
-2161
-2263
-2304
-2305
-2280
-2235
-2166
-2069
-1937
-1768
-1558
-1318
-1052
-777
-520
-289
-104
31
123
175
200
209
213
221
223
213
181
119
32
-79
-200
-308
-399
-460
-478
-457
-393
-293
-159
8
206
440
722
1054
1431
1812
2165
2458
2661
2761
2761
2675
2516
2310
2073
1825
1568
1299
1006
673
304
-99
-519
-935
-1329
-1674
-1958
-2164
-2285
-2334
-2326
-2275
-2195
-2101
-1992
-1869
-1721
-1539
-1325
-1083
-832
-581
-348
-152
2
100
149
157
138
115
99
86
74
57
31
-13
-74
-155
-243
-320
-373
-390
-355
-272
-144
32
252
506
790
1097
1424
1758
2077
2357
2560
2669
2686
2617
2480
2288
2058
1804
1538
1268
980
663
321
-44
-421
-799
-1165
-1506
-1792
-2008
-2148
-2215
-2227
-2194
-2130
-2034
-1920
-1789
-1641
-1480
-1297
-1087
-859
-628
-413
-222
-69
45
124
166
174
157
129
96
63
34
0
-36
-78
-128
-191
-260
-319
-360
-365
-328
-236
-87
113
370
676
1020
1380
1729
2049
2306
2488
2585
2599
2540
2418
2250
2050
1828
1593
1338
1065
766
437
77
-306
-693
-1066
-1409
-1703
-1936
-2098
-2184
-2201
-2171
-2104
-2016
-1922
-1808
-1683
-1537
-1371
-1187
-982
-765
-549
-355
-193
-75
0
41
50
38
23
6
-7
-16
-24
-40
-61
-87
-122
-159
-194
-217
-213
-168
-72
70
265
510
798
1123
1467
1806
2108
2347
2505
2574
2559
2459
2298
2094
1871
1642
1404
1156
886
601
290
-50
-407
-768
-1125
-1457
-1737
-1954
-2103
-2175
-2175
-2119
-2020
-1900
-1772
-1642
-1508
-1371
-1226
-1065
-891
-706
-516
-326
-162
-35
47
83
82
47
-4
-58
-109
-139
-154
-160
-161
-162
-165
-167
-166
-159
-139
-92
3
153
359
628
948
1299
1667
2011
2307
2521
2635
2653
2574
2421
2206
1952
1687
1430
1188
956
721
468
184
-129
-474
-833
-1185
-1510
-1773
-1966
-2080
-2113
-2077
-1985
-1859
-1717
-1581
-1457
-1345
-1237
-1123
-1000
-861
-704
-536
-363
-207
-80
3
38
26
-23
-90
-168
-238
-288
-312
-306
-282
-246
-202
-155
-111
-67
-11
63
171
327
544
822
1154
1523
1900
2241
2516
2690
2748
2694
2539
2304
2015
1710
1408
1123
858
609
367
113
-163
-459
-779
-1109
-1433
-1721
-1952
-2107
-2176
-2157
-2062
-1910
-1727
-1537
-1360
-1211
-1088
-990
-904
-814
-711
-593
-458
-316
-186
-82
-14
14
1
-55
-144
-243
-332
-401
-438
-436
-404
-345
-269
-179
-83
5
102
213
356
544
787
1082
1419
1774
2111
2399
2609
2710
2700
2580
2361
2070
1737
1399
1078
789
532
299
72
-165
-417
-693
-989
-1296
-1587
-1842
-2039
-2153
-2183
-2133
-2008
-1830
-1622
-1409
-1218
-1058
-936
-843
-772
-707
-639
-557
-459
-351
-237
-138
-73
-41
-52
-105
-186
-277
-371
-451
-496
-504
-469
-393
-281
-142
7
169
341
528
732
966
1237
1542
1867
2182
2457
2667
2778
2781
2671
2461
2172
1827
1462
1100
759
451
173
-78
-314
-551
-794
-1049
-1314
-1568
-1789
-1963
-2071
-2097
-2050
-1926
-1740
-1521
-1285
-1062
-864
-702
-580
-492
-433
-387
-342
-294
-237
-177
-120
-73
-42
-40
-69
-131
-218
-312
-401
-469
-508
-511
-471
-392
-272
-120
54
255
476
719
986
1275
1578
1878
2164
2409
2591
2687
2687
2588
2396
2136
1822
1486
1149
818
510
226
-42
-304
-566
-826
-1096
-1357
-1599
-1811
-1969
-2065
-2088
-2041
-1926
-1754
-1549
-1329
-1115
-921
-754
-619
-513
-434
-374
-322
-276
-230
-187
-151
-126
-118
-129
-163
-216
-285
-364
-435
-491
-519
-514
-469
-385
-258
-93
100
322
572
846
1149
1462
1773
2063
2305
2486
2587
2596
2512
2342
2099
1809
1491
1163
842
532
235
-43
-315
-580
-841
-1099
-1347
-1575
-1768
-1915
-2007
-2037
-2002
-1906
-1761
-1577
-1373
-1162
-963
-785
-634
-514
-411
-332
-264
-201
-146
-95
-62
-43
-39
-60
-101
-157
-222
-291
-350
-395
-416
-410
-378
-313
-215
-82
85
283
515
778
1067
1378
1691
1984
2237
2427
2540
2560
2487
2327
2099
1824
1521
1215
913
622
351
91
-164
-422
-682
-949
-1214
-1461
-1680
-1858
-1979
-2033
-2017
-1940
-1804
-1631
-1433
-1225
-1023
-836
-674
-537
-426
-337
-258
-192
-133
-79
-39
-10
0
-9
-43
-96
-162
-235
-304
-356
-383
-380
-338
-252
-131
30
223
450
704
976
1262
1545
1810
2041
2225
2345
2387
2347
2230
2041
1796
1517
1217
914
620
339
75
-173
-415
-649
-882
-1110
-1325
-1520
-1684
-1805
-1871
-1881
-1831
-1726
-1579
-1399
-1202
-1003
-810
-635
-486
-361
-261
-179
-109
-56
-16
11
26
30
17
-16
-62
-121
-187
-249
-306
-350
-372
-365
-325
-245
-122
46
259
510
790
1089
1389
1668
1912
2096
2208
2244
2199
2080
1902
1680
1431
1175
916
666
426
198
-25
-254
-487
-725
-967
-1196
-1404
-1582
-1714
-1794
-1814
-1774
-1683
-1549
-1387
-1214
-1033
-859
-701
-558
-438
-331
-236
-147
-71
-6
46
76
89
84
59
15
-42
-101
-157
-206
-238
-248
-234
-187
-107
10
163
356
586
843
1122
1401
1655
1869
2024
2102
2094
2006
1843
1628
1371
1097
826
567
326
109
-90
-276
-461
-657
-860
-1069
-1269
-1448
-1598
-1703
-1751
-1745
-1681
-1569
-1421
-1248
-1069
-898
-735
-594
-472
-372
-288
-209
-138
-78
-18
31
68
95
104
97
70
30
-8
-44
-75
-87
-81
-45
25
127
265
436
638
871
1121
1373
1606
1806
1945
2017
2014
1931
1776
1562
1314
1047
778
521
283
64
-133
-318
-502
-684
-868
-1055
-1236
-1402
-1542
-1648
-1709
-1716
-1669
-1573
-1438
-1274
-1096
-917
-744
-589
-454
-345
-254
-178
-122
-71
-32
-3
23
39
45
44
27
5
-20
-47
-70
-81
-69
-32
34
137
279
453
657
890
1137
1385
1608
1789
1918
1976
1960
1869
1707
1496
1243
975
710
453
218
4
-189
-367
-538
-706
-874
-1042
-1207
-1358
-1485
-1582
-1634
-1637
-1593
-1501
-1369
-1210
-1032
-849
-672
-508
-369
-257
-166
-102
-56
-27
-7
4
11
14
14
8
-1
-14
-34
-52
-65
-67
-46
4
85
206
362
556
779
1017
1265
1500
1695
1836
1911
1909
1837
1697
1501
1265
1012
757
509
278
67
-125
-307
-483
-657
-834
-1005
-1174
-1328
-1458
-1555
-1616
-1633
-1599
-1529
-1417
-1280
-1124
-959
-796
-633
-486
-354
-234
-133
-47
26
88
130
159
176
180
171
149
124
95
63
40
23
24
49
100
186
305
458
644
852
1078
1305
1509
1671
1779
1820
1788
1692
1530
1321
1081
827
575
337
117
-79
-255
-417
-573
-728
-883
-1042
-1197
-1347
-1475
-1569
-1622
-1620
-1567
-1472
-1337
-1174
-995
-815
-643
-492
-366
-264
-185
-126
-77
-40
-5
33
73
109
143
165
177
178
165
145
128
120
131
170
243
351
496
673
875
1092
1298
1478
1616
1697
1706
1648
1526
1347
1133
894
653
427
216
25
-139
-288
-428
-564
-705
-854
-1004
-1153
-1294
-1414
-1506
-1553
-1547
-1492
-1389
-1245
-1074
-892
-709
-546
-410
-304
-232
-181
-148
-124
-100
-70
-31
15
69
121
164
197
219
227
224
215
215
234
278
361
480
633
819
1022
1227
1408
1547
1631
1647
1587
1464
1284
1062
819
575
345
138
-41
-198
-333
-452
-576
-702
-838
-983
-1132
-1277
-1401
-1495
-1544
-1539
-1481
-1370
-1217
-1038
-846
-656
-479
-333
-214
-131
-77
-46
-31
-18
-7
10
40
78
124
170
209
239
256
262
261
262
274
313
384
486
628
803
1000
1202
1391
1543
1643
1676
1634
1522
1349
1126
875
616
368
143
-53
-216
-355
-474
-586
-704
-834
-977
-1125
-1273
-1406
-1510
-1572
-1580
-1528
-1421
-1264
-1072
-865
-653
-456
-290
-157
-63
-11
12
14
3
-8
-12
-2
24
65
113
158
198
231
257
275
297
328
370
444
552
694
866
1053
1243
1412
1542
1619
1628
1567
1433
1240
1006
744
477
228
4
-192
-352
-484
-601
-705
-816
-937
-1071
-1211
-1346
-1463
-1544
-1587
-1575
-1504
-1377
-1199
-989
-759
-534
-332
-161
-34
49
90
95
82
64
49
45
60
91
137
193
240
277
302
315
319
323
337
375
446
555
701
873
1056
1232
1380
1479
1511
1473
1363
1192
976
734
489
256
52
-114
-249
-353
-443
-530
-622
-729
-849
-986
-1124
-1252
-1353
-1410
-1411
-1355
-1238
-1069
-864
-640
-419
-222
-62
54
127
155
153
131
102
82
78
102
147
208
284
358
423
468
492
499
492
490
500
533
598
698
829
974
1114
1231
1311
1334
1292
1185
1017
806
571
330
102
-103
-272
-407
-511
-592
-659
-730
-811
-906
-1009
-1112
-1208
-1276
-1308
-1291
-1221
-1096
-930
-734
-524
-321
-139
5
103
155
166
147
109
67
36
25
41
86
149
219
292
353
403
439
460
476
491
519
568
640
728
831
939
1033
1099
1124
1095
1011
871
685
470
240
12
-197
-373
-520
-632
-715
-781
-835
-890
-951
-1017
-1086
-1152
-1196
-1206
-1178
-1104
-982
-818
-619
-408
-204
-18
132
239
300
315
292
248
197
153
131
134
165
225
301
387
469
539
593
629
646
658
672
694
734
794
867
952
1030
1084
1106
1081
1000
861
676
452
212
-28
-252
-444
-600
-717
-795
-846
-878
-902
-926
-952
-978
-1004
-1021
-1014
-981
-911
-808
-669
-504
-324
-148
14
147
238
293
308
286
246
195
148
115
105
120
161
220
291
363
426
478
521
547
566
579
590
611
641
671
704
729
735
715
659
563
427
250
48
-167
-387
-594
-778
-926
-1038
-1115
-1161
-1182
-1182
-1171
-1156
-1138
-1116
-1083
-1041
-978
-890
-776
-641
-487
-326
-175
-44
65
138
172
172
147
109
64
22
-1
-7
12
53
104
167
228
283
325
352
368
374
379
383
391
406
421
434
438
420
378
307
200
70
-81
-250
-419
-573
-710
-814
-887
-930
-937
-922
-886
-834
-781
-724
-658
-594
-524
-442
-346
-238
-115
15
144
273
390
486
558
607
630
632
617
595
571
548
538
540
552
576
610
645
675
706
727
738
744
738
724
699
667
625
567
495
412
313
203
82
-43
-167
-287
-396
-491
-572
-633
-675
-701
-709
-697
-676
-638
-582
-520
-449
-369
-281
-190
-101
-17
60
128
180
219
240
247
247
234
215
198
189
184
185
194
208
228
245
260
272
281
286
293
298
299
303
305
300
285
260
219
160
82
-12
-119
-233
-354
-465
-563
-647
-707
-748
-772
-771
-757
-729
-687
-641
-591
-529
-459
-386
-303
-214
-120
-19
79
174
258
328
377
409
423
416
401
379
359
345
340
344
356
377
401
422
437
447
444
439
430
413
397
384
371
355
332
304
265
212
144
59
-32
-125
-221
-307
-381
-440
-481
-503
-511
-509
-501
-486
-468
-451
-431
-408
-378
-341
-300
-249
-188
-125
-59
4
58
99
129
147
148
140
128
112
95
88
84
88
95
103
111
115
120
113
98
79
51
21
-9
-42
-75
-102
-127
-153
-176
-207
-240
-276
-318
-360
-405
-446
-480
-506
-517
-520
-507
-480
-448
-408
-367
-325
-289
-260
-230
-209
-193
-174
-153
-129
-101
-71
-39
-7
20
41
59
70
77
78
80
81
83
93
103
117
131
144
155
161
163
156
148
131
110
85
58
34
10
-15
-35
-60
-78
-97
-115
-130
-145
-151
-152
-148
-135
-120
-97
-72
-46
-20
7
32
54
78
97
113
131
146
160
174
187
198
208
219
223
229
229
226
227
228
230
234
243
253
268
290
311
337
361
379
394
403
411
407
401
393
386
384
379
377
375
372
372
370
366
364
361
355
353
352
354
364
374
389
406
425
445
464
485
500
511
523
526
531
537
539
542
544
547
554
560
566
573
578
580
578
569
557
537
513
488
462
436
413
396
381
368
358
346
331
315
294
271
243
218
191
173
160
150
148
148
151
159
160
161
157
148
136
118
99
81
61
43
22
5
-10
-23
-35
-47
-55
-61
-73
-85
-96
-113
-130
-150
-172
-197
-216
-234
-252
-263
-274
-281
-286
-293
-301
-311
-324
-338
-353
-370
-386
-400
-415
-426
-436
-443
-448
-452
-457
-463
-470
-480
-488
-495
-501
-504
-508
-503
-498
-490
-477
-465
-449
-432
-417
-403
-393
-384
-379
-377
-380
-382
-385
-387
-386
-386
-383
-375
-371
-366
-367
-374
-384
-399
-416
-435
-452
-467
-477
-476
-474
-466
-448
-434
-419
-405
-390
-377
-369
-362
-353
-344
-334
-321
-306
-288
-273
-255
-236
-224
-212
-206
-206
-204
-209
-214
-217
-220
-222
-221
-213
-203
-191
-171
-152
-132
-111
-94
-78
-62
-54
-47
-39
-31
-28
-24
-24
-21
-21
-26
-30
-38
-50
-61
-72
-84
-90
-95
-99
-99
-95
-85
-72
-54
-39
-18
10
34
61
90
113
138
161
179
191
200
206
206
203
200
192
185
178
172
165
156
146
134
122
112
98
87
80
73
71
72
78
88
97
112
119
129
137
138
136
131
123
113
101
86
70
53
32
12
-7
-29
-50
-70
-91
-110
-129
-146
-160
-175
-186
-191
-195
-193
-189
-182
-175
-168
-164
-164
-170
-179
-193
-207
-224
-240
-253
-269
-283
-293
-309
-323
-340
-360
-381
-405
-428
-452
-473
-493
-507
-515
-522
-523
-518
-512
-506
-502
-496
-496
-497
-495
-500
-504
-501
-502
-500
-496
-489
-483
-476
-469
-464
-461
-460
-458
-459
-457
-452
-444
-436
-420
-400
-381
-358
-334
-314
-292
-278
-265
-253
-246
-232
-218
-207
-193
-175
-156
-137
-115
-93
-73
-56
-39
-27
-18
-13
-8
-6
-5
-5
-3
-3
-5
-5
-8
-10
-12
-15
-14
-15
-11
-3
7
21
40
65
93
130
170
213
257
302
348
389
430
468
499
535
570
602
633
664
694
715
738
753
765
773
777
777
771
765
762
756
755
755
760
765
774
786
797
807
815
822
828
829
829
825
820
817
811
807
806
805
803
804
803
803
804
805
814
820
825
837
854
872
893
914
940
962
981
1001
1019
1032
1042
1051
1058
1062
1064
1062
1056
1047
1034
1021
1004
986
967
945
922
901
878
852
829
804
783
766
746
732
716
699
685
667
647
625
604
579
553
523
489
457
426
393
359
327
294
262
226
192
158
125
97
67
41
19
-2
-21
-40
-59
-78
-97
-117
-135
-152
-171
-190
-206
-226
-243
-257
-273
-289
-305
-323
-338
-356
-369
-382
-395
-407
-415
-418
-419
-417
-416
-412
-405
-403
-400
-399
-402
-404
-407
-413
-418
-421
-422
-424
-425
-430
-435
-439
-445
-455
-468
-479
-490
-504
-518
-532
-539
-544
-547
-549
-552
-550
-547
-545
-540
-532
-526
-518
-506
-499
-491
-482
-479
-471
-464
-455
-447
-437
-426
-418
-408
-399
-387
-376
-367
-356
-344
-331
-317
-301
-287
-273
-257
-239
-222
-204
-190
-178
-166
-158
-152
-142
-133
-123
-117
-111
-107
-104
-101
-104
-110
-117
-130
-141
-151
-159
-163
-166
-163
-160
-156
-153
-158
-162
-167
-178
-191
-203
-215
-228
-240
-249
-261
-264
-264
-270
-272
-278
-282
-288
-295
-299
-307
-310
-311
-313
-311
-308
-304
-299
-291
-282
-271
-259
-248
-239
-228
-217
-210
-203
-198
-194
-190
-186
-180
-175
-171
-167
-165
-161
-160
-160
-160
-167
-173
-177
-181
-183
-184
-185
-185
-186
-185
-190
-197
-202
-211
-217
-224
-228
-232
-241
-243
-246
-246
-238
-237
-232
-227
-225
-220
-213
-205
-199
-185
-174
-163
-147
-129
-110
-92
-77
-63
-50
-42
-36
-29
-26
-23
-19
-15
-11
-7
-2
2
11
13
18
22
22
19
11
1
-10
-21
-31
-42
-48
-53
-57
-57
-60
-64
-67
-74
-85
-94
-106
-117
-127
-136
-138
-141
-138
-131
-126
-120
-113
-110
-107
-106
-105
-102
-100
-95
-85
-74
-59
-42
-27
-11
3
13
18
17
17
14
6
4
4
2
5
13
18
29
36
45
50
52
55
51
50
48
48
48
48
55
60
66
74
79
83
86
84
80
77
72
67
64
66
65
73
84
90
100
109
117
124
132
136
139
146
148
153
157
160
164
166
171
177
179
186
191
195
200
204
207
211
213
217
221
222
222
221
222
222
218
219
219
221
227
229
232
234
239
243
242
238
234
229
224
217
207
200
191
182
176
169
166
160
157
153
150
150
149
147
146
144
139
135
131
127
123
116
112
110
104
101
95
91
89
84
81
78
80
81
85
88
91
99
107
114
122
130
135
139
143
145
148
150
153
157
161
165
171
175
178
177
173
168
161
150
141
131
125
121
114
109
107
104
102
102
99
92
87
80
75
68
61
55
51
51
51
50
48
47
43
43
43
35
29
25
19
12
9
8
8
9
9
13
20
24
29
33
36
37
34
32
31
25
19
14
8
2
0
-5
-10
-13
-18
-23
-28
-38
-49
-60
-77
-92
-106
-123
-142
-157
-173
-189
-203
-222
-239
-254
-270
-282
-297
-311
-325
-337
-348
-358
-363
-372
-378
-382
-394
-399
-404
-409
-414
-421
-425
-427
-429
-428
-427
-426
-422
-418
-412
-409
-409
-409
-409
-412
-414
-412
-414
-414
-411
-405
-399
-392
-383
-375
-370
-363
-358
-355
-352
-349
-345
-338
-333
-325
-316
-307
-296
-288
-281
-276
-275
-271
-268
-263
-256
-247
-238
-223
-208
-191
-168
-149
-127
-106
-85
-63
-39
-15
7
31
54
80
108
133
161
190
216
243
270
292
313
333
352
371
388
402
419
435
454
471
487
504
516
530
543
553
566
575
584
592
598
606
612
618
622
627
629
632
632
628
625
622
615
606
598
587
577
566
551
539
526
509
497
486
473
462
450
436
420
404
389
371
355
339
322
306
291
280
264
254
244
232
223
210
200
188
174
162
147
135
121
107
96
87
79
76
75
71
70
72
69
66
63
58
56
55
49
49
53
51
52
56
58
62
64
64
64
62
60
62
60
55
56
53
48
48
41
35
32
27
19
12
4
-6
-14
-19
-27
-32
-34
-38
-41
-42
-45
-47
-45
-49
-49
-49
-52
-49
-49
-51
-49
-50
-49
-50
-52
-54
-59
-62
-63
-66
-68
-68
-68
-70
-71
-70
-75
-82
-87
-95
-102
-112
-121
-129
-135
-141
-146
-150
-153
-158
-161
-169
-176
-180
-185
-192
-196
-202
-209
-213
-220
-229
-235
-242
-252
-260
-266
-274
-280
-286
-291
-293
-296
-296
-298
-301
-304
-304
-307
-310
-310
-313
-314
-312
-317
-317
-315
-313
-312
-309
-308
-309
-306
-303
-301
-299
-300
-299
-297
-295
-296
-294
-293
-293
-291
-292
-294
-295
-296
-297
-299
-297
-293
-290
-285
-279
-273
-268
-264
-257
-250
-245
-238
-231
-225
-220
-214
-209
-204
-199
-195
-191
-187
-181
-176
-174
-170
-166
-164
-163
-157
-156
-153
-148
-144
-138
-132
-126
-121
-111
-101
-91
-80
-70
-58
-46
-37
-28
-17
-6
5
16
26
38
49
60
69
79
86
92
96
101
106
107
113
119
124
133
145
154
163
173
183
191
196
202
206
210
216
219
223
225
228
233
231
231
231
231
228
223
216
210
205
199
195
194
189
188
186
187
186
185
183
183
184
181
181
180
174
174
170
165
162
160
157
152
148
146
142
137
132
127
121
116
110
108
104
102
103
103
103
107
111
116
118
121
125
125
125
125
123
123
120
119
118
114
112
111
108
103
96
92
89
84
79
75
70
64
60
57
54
52
49
48
46
43
37
33
31
28
22
17
16
14
10
7
7
10
7
5
6
5
6
5
4
5
7
10
11
15
19
23
26
28
29
32
34
34
33
33
30
29
28
24
23
20
16
16
15
10
5
3
-1
-4
-5
-10
-14
-16
-16
-22
-25
-26
-29
-34
-41
-46
-48
-53
-60
-64
-66
-69
-74
-77
-81
-82
-84
-87
-89
-91
-90
-88
-90
-89
-86
-86
-87
-83
-83
-83
-85
-85
-82
-83
-85
-84
-86
-87
-91
-94
-98
-104
-108
-108
-114
-118
-119
-120
-123
-125
-125
-123
-123
-122
-119
-117
-115
-113
-113
-111
-107
-103
-102
-102
-97
-97
-98
-98
-101
-102
-100
-100
-103
-104
-106
-107
-106
-110
-111
-112
-115
-116
-115
-113
-112
-113
-112
-111
-109
-107
-106
-104
-104
-100
-97
-98
-90
-89
-90
-85
-86
-86
-84
-85
-89
-87
-86
-86
-87
-84
-77
-72
-71
-66
-64
-60
-55
-54
-48
-44
-43
-39
-36
-30
-25
-24
-23
-18
-17
-15
-16
-16
-11
-10
-9
-7
-9
-6
-5
-5
-4
-6
-4
-5
-8
-7
-7
-7
-8
-6
-6
-5
-3
-5
-4
0
1
-1
1
2
0
2
3
4
6
2
5
9
11
16
17
16
18
22
24
25
26
27
31
35
38
41
43
44
47
45
43
45
46
46
48
49
50
53
52
56
60
58
59
63
65
68
70
73
71
72
71
70
71
69
73
74
75
78
79
75
73
74
75
76
75
76
76
76
77
76
75
73
76
80
79
81
82
82
85
85
88
89
91
93
95
95
95
94
94
95
92
92
89
86
84
86
83
81
82
78
76
74
77
75
75
75
74
74
72
73
70
65
66
63
61
62
61
59
58
56
53
51
48
43
44
40
36
36
36
34
36
36
32
32
33
34
37
38
39
43
47
50
56
59
63
68
70
74
76
78
78
80
84
87
90
90
92
95
94
93
95
98
98
97
98
98
98
96
98
96
93
92
91
91
89
89
89
89
88
85
88
84
80
81
81
79
78
77
76
75
77
76
80
79
78
80
78
79
78
75
75
77
78
78
78
78
78
75
73
72
68
67
66
64
60
56
52
45
40
37
32
28
24
20
18
10
1
-4
-9
-13
-20
-24
-29
-34
-40
-45
-49
-54
-58
-58
-61
-64
-63
-65
-70
-70
-72
-74
-74
-76
-77
-79
-80
-81
-82
-81
-83
-84
-82
-80
-78
-78
-76
-76
-77
-76
-80
-80
-79
-78
-79
-78
-77
-77
-78
-80
-79
-81
-83
-82
-83
-80
-81
-84
-86
-88
-88
-88
-87
-89
-88
-85
-85
-84
-83
-84
-81
-79
-77
-75
-71
-69
-68
-66
-62
-61
-57
-54
-52
-50
-46
-45
-42
-38
-32
-31
-30
-24
-19
-18
-14
-9
-6
1
4
8
12
13
15
18
20
22
23
25
25
23
24
22
19
20
17
18
19
18
15
15
14
14
13
10
10
9
6
6
4
1
0
-1
1
2
1
0
-1
-1
-2
-2
-2
-2
-3
-2
0
1
1
1
3
2
3
7
6
9
11
14
17
17
17
18
17
18
20
19
18
18
18
17
15
15
12
9
5
2
0
-3
-7
-10
-11
-17
-20
-21
-21
-22
-26
-26
-25
-28
-28
-27
-29
-28
-30
-29
-29
-28
-25
-25
-25
-21
-16
-12
-12
-13
-10
-10
-6
-5
-8
-6
-6
-1
-2
-3
1
1
-1
1
-2
-2
-3
-7
-7
-6
-9
-9
-12
-14
-16
-17
-18
-21
-26
-29
-30
-35
-38
-41
-43
-46
-49
-52
-53
-55
-56
-55
-54
-54
-55
-56
-56
-57
-59
-59
-60
-59
-59
-60
-60
-57
-57
-59
-57
-59
-60
-62
-62
-60
-61
-62
-62
-64
-63
-63
-60
-58
-60
-58
-55
-54
-53
-53
-49
-49
-47
-43
-39
-37
-35
-33
-31
-29
-28
-27
-27
-27
-25
-24
-24
-25
-21
-19
-23
-20
-20
-19
-18
-17
-15
-15
-18
-14
-13
-12
-10
-10
-11
-11
-8
-4
-2
0
1
6
9
7
9
15
15
18
21
21
25
25
28
32
37
43
44
48
51
52
55
57
61
65
67
67
68
71
73
73
73
75
73
76
79
79
78
81
84
85
84
85
83
83
84
86
87
90
91
94
93
93
92
93
95
94
94
94
96
97
98
96
97
98
99
99
100
99
99
99
98
101
100
99
101
102
102
103
106
104
102
102
103
102
102
99
99
97
93
92
89
87
86
82
80
76
72
70
67
66
66
64
60
57
56
54
51
51
52
50
46
46
41
39
39
37
34
31
30
28
27
24
21
19
18
14
10
6
5
2
-1
-3
-6
-8
-13
-13
-14
-15
-17
-20
-21
-23
-26
-31
-34
-37
-40
-42
-45
-48
-50
-53
-56
-58
-59
-64
-67
-69
-71
-72
-74
-78
-82
-84
-84
-86
-87
-89
-92
-90
-92
-92
-92
-94
-94
-97
-98
-96
-99
-100
-101
-101
-98
-102
-102
-101
-103
-102
-100
-100
-98
-96
-92
-89
-90
-88
-84
-85
-83
-82
-79
-76
-76
-73
-71
-72
-71
-72
-72
-71
-73
-72
-75
-74
-74
-77
-75
-76
-79
-77
-76
-73
-70
-69
-68
-68
-66
-65
-65
-64
-61
-56
-53
-53
-51
-48
-50
-49
-48
-45
-43
-44
-40
-40
-39
-36
-37
-37
-38
-36
-33
-32
-28
-24
-23
-20
-16
-14
-11
-8
-7
-4
-2
4
4
2
7
9
11
12
12
14
13
14
17
17
19
20
21
22
23
23
23
26
30
29
33
36
38
40
41
45
47
45
46
46
48
47
49
49
50
50
49
46
46
46
41
42
42
37
40
38
35
35
32
32
33
35
32
31
34
30
31
32
29
30
32
30
28
28
26
25
22
21
20
17
14
13
12
9
8
10
5
3
5
6
7
7
7
10
8
12
13
14
17
16
19
19
19
22
21
20
20
18
19
17
13
15
12
11
9
7
9
7
2
2
-1
0
0
1
4
3
6
6
8
11
8
7
11
10
10
9
6
5
3
4
1
-2
-3
-6
-6
-10
-13
-13
-17
-18
-18
-19
-18
-16
-15
-16
-12
-11
-9
-8
-8
-6
-6
-4
-1
-1
2
4
5
5
4
4
2
-1
-2
-4
-6
-10
-10
-12
-14
-13
-12
-13
-12
-13
-14
-13
-14
-14
-11
-10
-9
-4
-5
-3
-1
-1
-1
1
2
0
-1
0
-2
-3
-3
-3
-4
-4
-5
-5
-5
-6
-5
-6
-3
-1
-1
0
3
4
7
9
10
12
14
13
16
14
11
14
14
14
14
13
12
10
7
4
2
1
-1
-2
0
-1
-4
-4
-2
-4
-3
-1
0
0
0
2
5
7
10
9
10
9
9
8
7
7
7
4
4
1
-1
-4
-8
-6
-8
-7
-3
-4
-3
-3
-3
-3
-3
1
3
5
7
8
8
8
5
7
9
6
6
4
5
6
5
3
2
3
3
4
1
1
4
4
5
8
7
9
12
11
14
13
16
21
21
22
21
21
20
18
17
13
9
8
4
1
-2
-5
-8
-11
-10
-12
-14
-14
-15
-15
-16
-14
-11
-8
-10
-9
-6
-4
-2
-1
0
2
2
1
1
-3
-3
0
1
1
0
-1
-2
-3
-4
-4
-7
-8
-7
-8
-6
-6
-7
-3
0
0
1
3
5
5
4
6
5
7
8
9
8
7
7
5
2
-2
-2
-3
-4
-3
-5
-6
-3
-2
-4
-4
-2
1
1
3
3
3
2
6
9
7
8
9
9
8
8
7
6
6
4
2
0
-4
-4
-4
-6
-3
-6
-7
-8
-9
-11
-13
-9
-8
-9
-4
-4
0
0
3
7
6
6
7
6
6
5
8
8
8
10
7
7
5
4
1
0
-1
-4
-7
-8
-10
-9
-8
-8
-12
-13
-14
-16
-15
-13
-12
-12
-14
-14
-16
-17
-17
-18
-17
-19
-20
-19
-24
-24
-25
-27
-24
-25
-25
-26
-26
-23
-23
-22
-20
-22
-19
-20
-18
-11
-14
-13
-12
-12
-12
-13
-12
-11
-10
-8
-10
-12
-11
-13
-15
-16
-18
-20
-23
-22
-24
-27
-28
-27
-25
-24
-26
-26
-27
-26
-23
-23
-21
-20
-19
-17
-15
-13
-7
-7
-6
-3
-3
-2
-3
-1
2
2
3
2
2
3
3
5
5
6
6
4
6
7
6
10
11
11
12
13
14
15
16
19
18
18
19
19
19
17
17
17
16
15
14
11
10
10
11
11
9
10
10
11
9
10
10
11
13
13
12
16
15
17
14
16
18
15
16
15
14
16
15
15
15
11
9
9
8
10
10
8
6
8
5
3
4
5
7
7
9
7
5
6
7
7
7
8
6
8
8
7
9
10
11
12
9
6
5
5
7
8
6
7
8
7
7
8
8
10
11
8
10
10
9
10
10
11
11
11
11
8
8
8
8
7
8
8
6
3
0
0
2
1
2
2
1
2
-1
1
1
0
2
1
0
1
-1
1
2
0
0
0
1
-3
-1
0
-3
-3
-2
-3
-2
-4
-4
-4
-7
-6
-6
-6
-4
-6
-5
-3
-2
-1
-1
-1
2
2
2
1
3
3
1
4
3
1
1
3
4
2
3
5
3
4
7
8
7
7
6
7
8
7
8
10
11
9
7
7
9
7
7
8
9
8
4
5
5
2
3
2
2
1
0
1
-1
-4
-3
-5
-5
-3
-2
-1
0
1
0
-2
-2
-2
-1
0
-1
-3
-3
-4
-4
-3
-3
-5
-6
-7
-8
-6
-6
-7
-5
-6
-3
-7
-5
-3
-5
-3
-3
-1
-1
1
3
1
3
3
1
2
3
3
1
2
1
0
1
1
1
1
0
-1
-1
-1
-2
-1
-2
-4
-3
0
-2
-2
0
1
0
0
0
0
1
1
-1
-3
-2
-2
-3
-2
-3
-5
-6
-7
-7
-9
-11
-11
-11
-11
-14
-13
-11
-14
-14
-12
-14
-14
-13
-13
-17
-16
-17
-18
-15
-15
-15
-12
-14
-14
-14
-13
-11
-13
-11
-9
-9
-7
-11
-8
-6
-7
-4
-4
-5
-3
-2
0
2
2
3
4
5
6
6
7
7
9
8
9
10
8
9
6
6
6
5
6
5
4
4
5
5
7
6
4
5
6
4
3
3
5
5
4
4
4
5
6
3
4
6
6
6
7
6
6
8
5
6
5
0
2
1
0
0
-1
-3
-2
-1
0
0
-4
-5
-3
-4
-5
-3
-6
-6
-2
-4
-3
-2
-4
0
-1
-3
-3
-2
0
1
1
-1
-1
2
1
-1
-1
0
1
0
0
-1
-2
-1
3
3
3
6
6
5
6
6
6
5
7
8
4
4
7
4
4
6
4
2
1
2
-1
-5
-4
-3
-4
-6
-6
-6
-9
-8
-8
-10
-11
-11
-11
-12
-13
-12
-12
-13
-13
-12
-11
-11
-12
-13
-13
-12
-13
-13
-11
-12
-13
-13
-11
-11
-14
-14
-17
-14
-13
-14
-13
-11
-12
-9
-7
-7
-7
-7
-9
-6
-3
-3
-3
-4
0
-1
-2
