2
0
1
2
-1
0
-1
-1
-2
-4
-3
-1
0
0
-2
-2
-3
-3
-2
-3
-2
-5
-5
-3
-3
-2
-5
-4
-4
-4
-5
-4
-3
-2
-2
-1
-1
-1
-2
-3
-4
-2
-2
-3
-1
0
3
2
1
2
5
2
2
2
-2
-1
-2
0
0
-1
0
0
0
-1
-1
-2
-1
-4
-4
-3
-5
-3
-2
-4
-3
-1
-3
-6
-6
-4
-8
-7
-4
-3
-5
-5
-4
-6
-5
-5
-7
-6
-8
-8
-9
-7
-9
-9
-6
-7
-5
-4
-3
-2
-1
-2
-3
-2
-2
-1
-2
-2
-1
-2
1
1
0
1
-1
3
4
1
0
2
0
0
0
0
2
2
1
1
2
2
3
4
6
7
6
7
8
5
5
7
7
4
5
6
10
6
4
6
5
6
4
2
3
5
3
0
1
0
0
0
-3
-2
-2
-2
-1
-2
-2
-1
-2
-4
-4
-3
-2
-2
-2
0
-2
-1
2
0
-3
1
-1
-1
1
0
1
0
-1
-2
-1
-2
-1
-1
-2
-4
-6
-5
-5
-9
-8
-7
-8
-5
-5
-7
-8
-10
-12
-11
-11
-11
-8
-11
-12
-11
-12
-9
-8
-6
-5
-6
-5
-3
-3
-4
-3
-1
-1
0
2
4
1
0
0
-2
1
1
0
2
3
4
4
4
4
2
4
5
4
3
0
2
2
1
1
3
6
6
6
6
6
7
3
5
3
-1
-1
0
0
1
1
0
1
2
2
4
2
0
0
-3
0
-2
-3
1
1
4
3
2
2
4
7
6
6
6
6
7
6
6
6
6
6
6
6
4
2
0
4
5
4
6
5
4
5
1
2
1
-1
-1
1
1
-1
-1
1
-1
4
4
3
1
0
1
0
0
2
1
2
2
2
5
3
3
5
4
6
3
2
5
5
5
4
2
2
2
3
1
0
0
0
-3
-4
-4
-2
-2
-3
-3
-3
-3
-2
-5
-4
-5
-4
-2
-4
-4
-2
-2
-1
1
0
1
2
1
1
-1
-2
-4
-3
0
-1
-3
-1
-2
0
1
-1
0
1
-3
-1
-1
-3
-5
-4
-3
-4
-3
-4
-3
-4
-5
-5
-8
-8
-9
-10
-11
-10
-10
-10
-8
-9
-11
-10
-10
-12
-13
-9
-8
-7
-4
-5
-7
-5
-2
0
-1
-1
0
-1
-2
-1
1
4
5
7
7
7
6
9
10
10
11
10
10
9
8
8
9
9
10
9
9
8
8
8
5
4
1
3
0
0
0
-2
1
0
0
-1
-2
-2
-3
-3
-5
-3
-2
-2
-1
0
1
2
3
4
4
4
1
-1
2
1
1
2
2
4
4
6
4
5
4
3
2
-2
-2
0
1
0
0
1
4
4
3
5
2
2
5
3
2
0
-1
-1
-1
-1
0
1
1
5
1
-1
-1
-2
-1
-3
-5
-1
-3
-2
-2
-3
-3
-2
-1
0
-2
-3
-3
-2
-3
-1
1
2
5
4
4
5
4
4
1
2
3
0
2
3
5
5
6
7
5
4
3
-1
-2
0
-1
-3
0
-1
0
0
-2
0
1
1
2
3
-3
-6
-3
2
0
-1
1
0
0
1
2
1
2
5
5
4
2
-1
1
2
0
1
0
1
1
-2
-3
-3
-5
-5
-5
-4
-5
-4
-2
-1
0
-1
-1
-1
-1
-2
-2
-1
3
2
0
1
-1
-2
0
-1
1
-1
-2
1
0
0
-1
0
1
1
-1
-1
-2
-2
-1
-2
-3
0
-2
0
-1
-1
-1
-1
3
2
0
0
-1
0
-1
2
3
6
8
7
6
4
2
4
6
6
6
3
4
4
2
5
5
6
6
4
2
4
1
1
3
1
2
2
1
2
4
3
3
2
3
2
3
3
3
5
5
3
3
3
3
4
3
1
-1
2
3
0
2
2
1
-1
-1
-1
-3
-2
-3
-4
-5
-8
-6
-3
0
-2
0
-1
-3
-3
-5
-6
-5
-4
-6
-4
-4
-6
-4
-2
-2
-3
-4
-2
-3
-1
0
-1
-1
-3
-3
-3
-3
-4
-2
-2
-1
-1
-2
0
-1
0
2
1
1
1
-1
-1
-1
0
2
5
5
4
3
5
6
4
4
3
5
6
3
4
4
4
7
5
3
2
3
5
3
3
4
3
6
7
2
4
3
3
2
1
1
2
-1
-2
0
-1
-4
-2
0
0
-2
-2
0
2
2
2
2
-1
0
0
-1
0
0
2
1
0
0
0
-2
1
1
-2
-3
-2
-1
0
-2
-2
-4
-3
-1
-1
-1
-1
-2
1
-1
-1
0
-1
-1
-2
-1
1
-3
-1
-2
2
3
2
5
6
5
7
8
6
4
2
0
-2
-3
0
1
1
0
0
0
-1
-2
-3
-4
-4
-4
-7
-9
-7
-7
-6
-4
-1
-3
-4
-2
-4
-3
-2
-2
0
-2
-3
-4
-4
-4
-4
-4
-3
-3
-5
-5
-6
-5
-4
-5
-3
-2
-3
-2
-4
-5
-5
-5
-5
-3
-4
-4
-2
0
2
1
0
3
5
7
6
3
4
7
7
7
5
6
7
6
3
4
4
6
6
3
2
2
2
1
1
2
3
2
1
0
2
1
0
1
2
0
2
2
2
1
-1
3
1
-1
0
-1
-3
-2
-1
-2
-3
1
3
1
3
2
3
3
-1
-6
-10
-12
-15
-18
-16
-13
-14
-11
-11
-13
-8
-7
-4
-1
1
3
6
8
8
9
12
16
18
16
16
18
15
15
14
14
15
14
14
13
11
12
15
15
13
14
11
8
9
8
8
9
8
4
1
-2
-2
-3
-3
-6
-8
-7
-9
-9
-9
-7
-7
-6
-2
-1
1
4
6
5
4
4
3
2
1
3
5
6
6
5
5
2
3
4
2
3
4
4
6
6
5
6
7
7
10
11
12
14
15
18
18
18
17
15
15
15
13
12
13
14
13
13
12
10
7
6
5
4
1
0
-4
-5
-6
-9
-11
-16
-18
-20
-22
-26
-30
-33
-37
-37
-40
-43
-42
-43
-44
-44
-47
-47
-47
-48
-49
-50
-49
-48
-48
-47
-46
-48
-45
-43
-47
-47
-48
-49
-48
-48
-47
-46
-43
-39
-40
-39
-38
-36
-33
-33
-33
-30
-27
-26
-22
-17
-16
-14
-11
-7
-7
-6
-4
-5
-4
-2
0
1
1
5
7
9
14
13
12
12
11
13
12
11
11
11
12
12
14
14
14
16
15
13
16
14
11
13
13
15
14
17
18
14
17
21
19
18
17
15
15
13
8
6
4
5
6
5
3
0
1
-1
-4
-7
-8
-5
-5
-7
-5
-6
-5
-5
-5
-6
-8
-11
-10
-11
-10
-9
-8
-7
-7
-8
-6
-8
-8
-9
-10
-6
-6
-6
-5
-6
-6
-7
-6
-5
-8
-4
-3
-3
-2
-1
-1
1
3
3
10
12
15
16
18
23
25
26
29
30
32
35
38
40
44
47
49
49
48
48
49
50
50
51
48
45
45
41
39
39
37
35
32
26
25
25
21
17
15
13
7
8
7
3
2
4
5
6
6
9
9
12
13
13
12
14
19
22
25
27
30
36
39
42
46
49
54
56
61
62
65
69
69
72
73
72
71
72
71
70
68
65
61
57
52
46
41
37
33
30
22
14
10
3
-6
-11
-14
-20
-27
-28
-32
-36
-37
-41
-42
-44
-46
-47
-46
-43
-42
-45
-42
-39
-36
-31
-28
-26
-21
-16
-10
-4
3
7
12
18
24
31
37
42
46
52
55
57
58
62
63
59
59
56
51
46
41
34
26
19
9
-2
-10
-19
-27
-34
-46
-54
-60
-70
-78
-83
-92
-98
-102
-106
-110
-112
-113
-114
-116
-117
-122
-121
-119
-119
-117
-114
-110
-104
-97
-88
-81
-73
-60
-50
-40
-25
-14
0
17
24
35
44
52
59
63
66
66
64
62
58
53
42
34
27
17
8
-2
-9
-20
-29
-38
-47
-58
-67
-77
-83
-86
-95
-100
-102
-107
-113
-116
-120
-128
-133
-137
-142
-144
-144
-143
-143
-141
-137
-128
-116
-108
-95
-79
-65
-50
-31
-14
3
26
45
65
83
99
114
126
136
142
142
141
136
129
119
108
95
82
67
53
36
21
7
-7
-22
-35
-45
-55
-61
-67
-74
-78
-82
-86
-91
-97
-104
-111
-117
-122
-131
-139
-139
-142
-147
-146
-145
-139
-128
-121
-107
-91
-74
-55
-35
-9
21
49
79
108
136
162
180
195
208
213
215
211
200
186
170
146
120
95
70
41
18
-1
-22
-34
-40
-46
-50
-48
-44
-41
-38
-37
-35
-39
-43
-51
-62
-75
-90
-105
-126
-145
-160
-175
-183
-190
-195
-194
-186
-176
-161
-139
-111
-80
-45
-4
40
86
129
171
210
243
270
288
300
304
298
287
265
235
202
167
128
88
53
22
-7
-28
-41
-48
-47
-39
-28
-17
-1
12
20
30
29
21
7
-13
-37
-64
-95
-126
-157
-185
-215
-237
-251
-259
-260
-255
-241
-219
-189
-151
-111
-67
-17
36
86
135
181
221
260
287
304
314
314
305
287
263
231
194
157
114
74
38
3
-20
-39
-49
-49
-42
-27
-7
14
36
56
76
87
90
86
77
58
26
-6
-43
-85
-124
-165
-201
-234
-262
-281
-294
-296
-292
-280
-258
-231
-196
-155
-109
-61
-10
43
92
139
182
221
251
275
291
300
304
298
283
263
240
210
175
143
110
80
51
28
13
0
-7
-8
-2
9
22
33
42
48
47
40
28
8
-14
-45
-78
-111
-145
-176
-204
-224
-241
-252
-259
-263
-253
-241
-220
-192
-158
-120
-77
-31
20
70
122
174
222
266
301
328
347
352
349
336
311
278
242
195
141
87
32
-15
-55
-89
-112
-122
-120
-108
-87
-57
-26
6
33
55
69
75
69
55
32
-1
-37
-77
-117
-153
-188
-220
-244
-263
-275
-278
-277
-268
-247
-220
-182
-135
-84
-24
39
102
165
226
279
320
351
373
382
378
362
333
298
255
203
148
90
27
-28
-75
-108
-132
-144
-142
-125
-98
-62
-21
20
58
90
111
119
112
93
59
19
-27
-82
-137
-191
-240
-281
-316
-343
-357
-360
-355
-341
-316
-284
-244
-197
-143
-83
-23
36
95
154
210
258
300
337
365
383
393
391
379
362
335
295
247
195
137
77
22
-26
-66
-93
-106
-108
-98
-82
-57
-27
-2
17
25
26
18
-1
-27
-63
-101
-143
-183
-218
-250
-277
-297
-308
-311
-309
-303
-287
-266
-239
-203
-159
-113
-54
7
70
137
201
265
320
366
407
434
446
449
434
406
366
312
249
182
106
30
-38
-97
-142
-170
-181
-174
-151
-115
-71
-20
28
71
105
123
126
117
95
59
13
-41
-98
-154
-209
-259
-304
-344
-368
-384
-390
-386
-372
-349
-315
-271
-225
-172
-113
-52
7
67
123
173
222
266
306
339
363
380
389
388
378
357
324
283
235
180
120
62
8
-39
-76
-101
-116
-116
-104
-83
-60
-36
-15
0
9
7
-7
-27
-58
-95
-133
-174
-215
-248
-274
-296
-311
-314
-310
-301
-286
-267
-241
-211
-177
-133
-91
-47
6
63
122
182
242
300
355
406
446
474
489
486
468
432
378
312
233
147
59
-28
-105
-169
-214
-236
-239
-221
-186
-137
-77
-18
38
84
114
135
135
118
87
40
-14
-76
-141
-205
-265
-318
-363
-397
-423
-438
-439
-431
-413
-383
-344
-295
-241
-184
-121
-59
1
61
119
173
219
262
304
340
372
395
411
423
427
421
408
384
355
311
261
206
144
84
26
-24
-61
-86
-96
-93
-81
-66
-49
-33
-29
-35
-49
-77
-112
-158
-207
-253
-303
-341
-368
-387
-393
-390
-380
-362
-339
-312
-285
-259
-230
-199
-161
-122
-75
-17
42
111
184
259
334
402
468
523
563
586
591
578
545
493
424
341
250
154
53
-38
-121
-185
-226
-243
-234
-206
-159
-94
-24
41
95
139
166
171
149
108
50
-20
-101
-181
-258
-330
-387
-431
-465
-483
-490
-488
-473
-450
-418
-377
-334
-282
-223
-165
-106
-43
19
74
129
182
230
274
313
351
384
408
430
449
462
467
462
445
417
371
316
248
175
103
34
-24
-68
-91
-97
-90
-71
-44
-16
6
19
19
-1
-37
-84
-145
-211
-281
-344
-396
-434
-457
-466
-457
-435
-407
-376
-346
-315
-285
-256
-231
-201
-168
-130
-82
-20
49
122
204
290
374
457
528
588
629
648
651
631
589
526
449
354
251
141
35
-61
-143
-203
-236
-240
-218
-167
-96
-15
67
143
206
245
255
235
185
112
21
-87
-202
-310
-407
-490
-553
-588
-609
-609
-589
-557
-513
-465
-413
-363
-313
-257
-205
-151
-98
-42
15
73
128
183
235
283
332
376
412
443
470
493
510
520
519
501
469
423
360
286
203
118
38
-31
-81
-108
-115
-99
-60
-8
48
100
141
165
165
136
80
1
-99
-212
-321
-423
-504
-563
-598
-604
-587
-554
-508
-458
-405
-354
-314
-280
-249
-225
-200
-171
-133
-89
-34
33
108
187
269
349
422
487
542
587
617
629
629
614
576
521
448
358
260
159
62
-20
-87
-129
-141
-130
-90
-24
48
123
191
239
262
252
205
130
24
-98
-230
-360
-471
-561
-624
-654
-659
-638
-599
-550
-494
-441
-391
-345
-306
-275
-249
-219
-192
-162
-123
-81
-33
24
83
145
207
270
326
381
433
482
526
562
590
603
595
570
525
459
374
279
179
83
0
-61
-96
-99
-72
-19
51
131
209
276
317
328
308
250
161
48
-80
-209
-329
-438
-523
-582
-618
-632
-624
-601
-572
-539
-504
-472
-445
-418
-390
-361
-332
-300
-264
-225
-183
-141
-95
-54
-12
33
77
122
174
235
298
373
459
543
625
699
761
795
796
763
693
591
462
318
173
41
-67
-142
-175
-169
-127
-55
36
131
219
286
326
336
306
243
154
42
-80
-203
-317
-417
-494
-551
-589
-611
-624
-630
-636
-640
-648
-652
-648
-634
-605
-563
-501
-428
-347
-266
-189
-121
-62
-16
13
27
33
39
47
66
102
159
241
347
478
622
774
917
1035
1118
1154
1131
1048
914
735
527
311
103
-78
-217
-302
-335
-321
-255
-161
-50
70
174
252
295
301
269
203
112
6
-99
-194
-279
-341
-385
-416
-438
-454
-477
-508
-545
-587
-631
-667
-693
-706
-698
-668
-615
-548
-467
-381
-296
-213
-148
-98
-70
-66
-77
-104
-134
-160
-175
-166
-129
-60
41
174
335
519
716
910
1094
1250
1361
1418
1409
1321
1155
924
644
343
48
-220
-429
-568
-623
-602
-517
-373
-197
-10
163
305
410
465
473
432
348
235
108
-23
-146
-251
-334
-396
-443
-483
-521
-564
-610
-658
-706
-741
-758
-751
-716
-653
-569
-476
-384
-302
-237
-195
-178
-181
-203
-241
-281
-322
-360
-386
-399
-393
-359
-301
-216
-106
26
178
339
517
700
893
1092
1283
1462
1617
1724
1764
1714
1564
1317
986
592
169
-240
-593
-856
-1014
-1054
-974
-795
-540
-243
64
341
565
716
778
753
646
480
272
43
-180
-374
-527
-630
-687
-705
-700
-688
-679
-679
-693
-717
-751
-772
-772
-746
-687
-603
-499
-388
-287
-208
-152
-130
-134
-160
-209
-268
-331
-392
-442
-478
-487
-465
-416
-328
-207
-58
113
298
488
682
882
1078
1276
1472
1656
1813
1923
1959
1897
1719
1428
1044
592
107
-354
-750
-1040
-1204
-1242
-1141
-932
-643
-303
38
352
610
789
872
854
748
565
330
75
-173
-385
-547
-653
-706
-713
-696
-665
-635
-615
-604
-604
-610
-614
-609
-586
-547
-495
-436
-376
-326
-292
-276
-281
-308
-350
-403
-457
-510
-556
-590
-602
-593
-566
-519
-447
-346
-228
-92
56
214
376
541
708
881
1068
1268
1480
1693
1886
2036
2115
2087
1933
1653
1257
776
254
-258
-702
-1040
-1240
-1290
-1193
-968
-645
-267
123
480
764
949
1021
976
831
602
318
17
-267
-517
-708
-832
-892
-897
-864
-810
-748
-694
-653
-625
-612
-605
-593
-572
-531
-481
-421
-355
-298
-260
-249
-271
-323
-401
-492
-589
-679
-750
-794
-806
-786
-732
-647
-537
-409
-265
-109
51
212
370
522
668
826
998
1192
1416
1663
1923
2170
2360
2447
2389
2160
1764
1218
575
-98
-724
-1233
-1576
-1727
-1680
-1446
-1062
-581
-67
422
841
1144
1309
1322
1195
946
613
238
-138
-470
-732
-902
-975
-963
-897
-803
-709
-632
-584
-574
-587
-610
-621
-604
-549
-461
-347
-221
-103
-14
33
27
-34
-138
-278
-441
-609
-769
-904
-1003
-1057
-1062
-1018
-926
-784
-613
-428
-241
-70
79
200
292
367
431
492
562
644
741
853
985
1141
1324
1526
1734
1934
2090
2162
2106
1901
1549
1067
496
-107
-672
-1135
-1448
-1585
-1537
-1312
-947
-484
10
473
857
1122
1243
1213
1042
761
405
25
-336
-639
-858
-975
-993
-935
-820
-682
-554
-454
-400
-400
-445
-518
-597
-655
-686
-680
-638
-569
-482
-397
-333
-296
-291
-321
-383
-464
-556
-647
-725
-782
-809
-804
-766
-688
-582
-449
-302
-147
10
162
309
451
590
731
878
1037
1206
1400
1613
1835
2057
2249
2369
2374
2232
1935
1492
930
300
-331
-894
-1326
-1587
-1659
-1536
-1242
-812
-313
189
646
1005
1226
1298
1216
1006
695
325
-59
-408
-693
-890
-993
-1013
-966
-880
-784
-698
-636
-606
-604
-624
-656
-680
-685
-670
-629
-568
-498
-431
-374
-344
-342
-377
-434
-513
-604
-687
-764
-817
-836
-825
-783
-710
-611
-483
-342
-194
-40
119
276
425
566
698
827
952
1078
1219
1380
1570
1784
2007
2215
2363
2402
2295
2022
1594
1032
394
-254
-841
-1302
-1594
-1695
-1601
-1325
-915
-424
82
548
921
1160
1251
1190
999
702
340
-38
-386
-670
-876
-993
-1024
-984
-904
-812
-731
-673
-644
-645
-673
-703
-721
-719
-688
-636
-568
-494
-429
-385
-363
-373
-411
-464
-530
-599
-668
-723
-753
-760
-738
-691
-619
-526
-415
-287
-146
8
172
336
500
654
802
934
1055
1176
1306
1454
1632
1827
2033
2224
2348
2357
2211
1898
1427
828
164
-494
-1074
-1504
-1749
-1788
-1619
-1275
-805
-274
252
705
1047
1238
1263
1142
897
566
196
-164
-476
-714
-864
-932
-926
-870
-792
-719
-669
-655
-673
-711
-761
-801
-812
-784
-717
-614
-494
-375
-269
-202
-180
-199
-259
-351
-459
-570
-670
-747
-796
-806
-782
-730
-646
-537
-416
-286
-146
-2
145
293
441
595
753
904
1053
1205
1369
1550
1749
1964
2177
2359
2453
2400
2178
1779
1226
564
-143
-812
-1362
-1738
-1907
-1861
-1615
-1209
-697
-140
382
816
1116
1259
1244
1089
821
486
132
-196
-461
-653
-764
-800
-783
-733
-685
-658
-664
-702
-765
-834
-887
-911
-887
-809
-685
-532
-378
-245
-149
-97
-94
-142
-232
-346
-469
-591
-700
-785
-831
-841
-817
-761
-681
-575
-450
-312
-162
1
174
354
535
713
880
1035
1176
1310
1451
1608
1787
1984
2186
2347
2412
2333
2086
1672
1104
436
-265
-915
-1437
-1780
-1916
-1835
-1551
-1119
-594
-39
470
875
1138
1236
1182
999
710
363
18
-289
-534
-704
-801
-833
-820
-794
-780
-787
-823
-877
-932
-979
-1000
-969
-889
-761
-599
-429
-275
-150
-73
-54
-91
-177
-301
-441
-583
-711
-812
-870
-882
-849
-777
-680
-560
-430
-298
-160
-19
125
278
443
621
801
981
1152
1315
1475
1642
1823
2018
2225
2420
2550
2553
2390
2045
1526
868
128
-607
-1241
-1708
-1963
-1985
-1782
-1390
-872
-302
248
712
1036
1199
1199
1056
808
489
152
-156
-409
-593
-710
-772
-801
-814
-838
-885
-955
-1046
-1136
-1202
-1228
-1200
-1108
-956
-763
-546
-345
-183
-70
-23
-45
-127
-254
-398
-539
-667
-768
-828
-845
-825
-769
-690
-594
-480
-358
-225
-80
85
266
460
660
858
1041
1205
1349
1481
1617
1771
1958
2177
2400
2576
2634
2525
2220
1727
1073
314
-459
-1151
-1677
-1983
-2048
-1870
-1492
-971
-390
177
656
992
1166
1172
1046
812
513
207
-74
-299
-459
-557
-612
-645
-678
-733
-821
-940
-1073
-1196
-1285
-1312
-1265
-1147
-962
-733
-490
-269
-95
15
48
12
-83
-227
-385
-541
-680
-786
-856
-888
-882
-848
-790
-711
-612
-499
-371
-221
-53
139
347
559
772
969
1148
1300
1438
1577
1735
1927
2151
2393
2597
2691
2611
2330
1850
1200
430
-376
-1115
-1693
-2048
-2154
-2008
-1648
-1132
-534
53
558
925
1122
1159
1059
853
587
312
70
-115
-240
-317
-372
-420
-487
-589
-734
-912
-1092
-1249
-1345
-1363
-1296
-1145
-930
-679
-428
-210
-56
27
37
-23
-130
-274
-432
-578
-703
-801
-861
-890
-892
-874
-843
-792
-730
-647
-538
-403
-237
-37
194
447
708
954
1173
1360
1519
1662
1810
1985
2197
2422
2618
2715
2639
2363
1883
1228
462
-341
-1076
-1649
-1997
-2090
-1937
-1577
-1069
-491
73
551
891
1069
1095
1003
822
593
361
159
7
-99
-179
-259
-362
-497
-671
-881
-1106
-1319
-1479
-1554
-1533
-1411
-1206
-949
-671
-407
-194
-56
-1
-22
-97
-206
-330
-453
-560
-642
-699
-735
-759
-778
-788
-797
-788
-751
-680
-562
-401
-195
51
317
596
865
1103
1306
1472
1621
1770
1941
2157
2410
2669
2858
2890
2714
2309
1697
920
62
-774
-1481
-1968
-2194
-2154
-1878
-1428
-876
-307
205
595
833
923
891
790
650
494
354
249
174
101
2
-139
-331
-577
-855
-1141
-1403
-1601
-1709
-1706
-1588
-1379
-1113
-822
-545
-316
-157
-73
-54
-81
-132
-197
-263
-320
-375
-428
-487
-558
-640
-730
-814
-881
-904
-869
-769
-601
-375
-99
210
532
844
1117
1339
1517
1666
1812
1983
2198
2464
2750
2977
3054
2903
2496
1862
1040
122
-780
-1551
-2088
-2339
-2296
-2003
-1537
-974
-404
97
470
690
767
743
677
596
525
479
451
431
381
265
61
-230
-584
-969
-1336
-1639
-1844
-1916
-1850
-1666
-1396
-1087
-776
-506
-300
-169
-114
-113
-139
-171
-200
-224
-245
-270
-315
-380
-475
-594
-724
-846
-936
-967
-933
-823
-637
-395
-111
191
492
779
1034
1256
1437
1606
1785
1988
2241
2539
2856
3124
3228
3095
2693
2044
1211
275
-654
-1452
-2018
-2294
-2287
-2031
-1604
-1096
-583
-129
220
442
547
584
607
632
668
706
730
720
647
479
197
-176
-603
-1040
-1429
-1724
-1900
-1944
-1856
-1652
-1389
-1114
-866
-661
-504
-399
-332
-289
-245
-194
-142
-102
-91
-118
-193
-309
-456
-619
-780
-921
-1009
-1026
-970
-847
-671
-452
-205
55
317
574
825
1065
1303
1539
1772
2021
2292
2596
2922
3207
3355
3267
2911
2312
1526
633
-283
-1103
-1724
-2076
-2155
-2007
-1701
-1313
-900
-509
-182
55
214
327
447
592
742
869
947
959
887
709
405
-6
-463
-906
-1283
-1565
-1738
-1796
-1748
-1612
-1426
-1239
-1077
-940
-809
-675
-540
-404
-264
-119
10
91
105
41
-86
-252
-434
-607
-754
-870
-934
-939
-894
-806
-696
-565
-402
-204
28
288
562
854
1148
1438
1717
1975
2238
2525
2837
3140
3324
3286
2986
2437
1706
859
-24
-834
-1476
-1874
-2018
-1956
-1759
-1490
-1184
-869
-574
-320
-111
87
318
588
854
1068
1193
1210
1111
888
544
113
-348
-768
-1099
-1330
-1475
-1550
-1558
-1516
-1451
-1387
-1329
-1262
-1160
-1005
-801
-569
-333
-110
77
198
241
198
82
-72
-240
-397
-542
-671
-772
-836
-858
-846
-800
-711
-568
-361
-92
212
535
855
1163
1459
1737
1998
2262
2559
2877
3165
3308
3208
2833
2223
1452
607
-232
-971
-1516
-1827
-1915
-1840
-1692
-1514
-1329
-1127
-906
-676
-428
-144
196
577
930
1194
1327
1314
1169
900
528
105
-312
-675
-947
-1140
-1277
-1380
-1456
-1502
-1525
-1530
-1500
-1415
-1258
-1032
-766
-491
-240
-40
96
159
155
99
4
-101
-199
-290
-383
-490
-607
-717
-809
-869
-875
-810
-662
-422
-110
238
592
922
1223
1493
1745
1993
2259
2574
2920
3225
3371
3244
2832
2192
1410
581
-217
-899
-1392
-1669
-1767
-1758
-1712
-1677
-1624
-1518
-1343
-1094
-773
-376
85
556
956
1220
1323
1277
1112
859
546
212
-105
-379
-608
-815
-1026
-1241
-1443
-1603
-1702
-1730
-1678
-1544
-1331
-1063
-785
-529
-317
-152
-21
86
165
223
252
256
225
147
12
-172
-378
-565
-700
-767
-749
-645
-462
-219
62
343
605
852
1099
1369
1669
2005
2385
2794
3178
3435
3449
3166
2622
1914
1147
403
-256
-783
-1160
-1394
-1544
-1673
-1814
-1939
-1984
-1901
-1677
-1331
-893
-390
122
580
915
1094
1145
1104
1004
859
674
461
231
-15
-289
-594
-922
-1232
-1481
-1645
-1715
-1699
-1610
-1456
-1257
-1039
-829
-631
-445
-259
-73
107
258
368
430
433
369
240
61
-140
-328
-482
-587
-640
-642
-587
-473
-306
-101
128
376
649
954
1283
1638
2023
2425
2820
3136
3271
3153
2778
2224
1582
929
319
-222
-669
-1019
-1301
-1557
-1806
-2031
-2179
-2186
-2029
-1739
-1350
-894
-410
52
440
722
911
1033
1112
1142
1103
985
792
539
235
-116
-490
-852
-1159
-1391
-1548
-1649
-1707
-1722
-1689
-1605
-1471
-1296
-1074
-811
-521
-223
37
238
381
457
471
426
328
197
56
-81
-202
-312
-404
-460
-460
-393
-267
-92
119
368
654
979
1338
1727
2146
2573
2941
3147
3115
2830
2361
1791
1199
637
129
-310
-693
-1033
-1364
-1701
-2014
-2236
-2306
-2208
-1964
-1609
-1187
-734
-294
81
383
627
834
1022
1175
1257
1243
1119
911
629
285
-93
-468
-796
-1059
-1270
-1444
-1594
-1708
-1765
-1754
-1671
-1520
-1311
-1046
-744
-437
-155
84
274
419
518
563
553
491
393
270
130
-24
-178
-302
-370
-369
-298
-178
-16
181
423
716
1063
1461
1915
2391
2807
3053
3043
2785
2357
1856
1354
881
445
47
-335
-720
-1136
-1567
-1960
-2230
-2314
-2222
-2003
-1708
-1366
-999
-638
-304
3
304
620
934
1196
1352
1365
1246
1033
757
439
102
-227
-523
-791
-1048
-1307
-1560
-1778
-1914
-1952
-1893
-1752
-1550
-1295
-1009
-718
-441
-178
71
300
491
629
698
695
634
533
402
258
120
9
-57
-81
-78
-45
23
135
310
557
882
1282
1743
2202
2565
2731
2652
2375
2002
1611
1244
897
555
205
-177
-598
-1046
-1483
-1835
-2037
-2069
-1981
-1832
-1657
-1452
-1209
-932
-625
-288
78
459
812
1077
1209
1207
1110
965
784
572
329
62
-215
-505
-817
-1127
-1406
-1608
-1711
-1731
-1688
-1607
-1491
-1329
-1127
-897
-644
-367
-82
185
403
549
626
647
630
594
539
462
378
297
227
161
99
69
90
183
354
596
907
1283
1694
2075
2330
2387
2245
1989
1712
1444
1182
895
562
176
-259
-721
-1167
-1544
-1789
-1876
-1845
-1767
-1698
-1628
-1511
-1311
-1029
-689
-314
64
411
690
862
933
936
909
868
788
644
427
153
-149
-456
-753
-1014
-1225
-1368
-1446
-1490
-1504
-1481
-1411
-1280
-1090
-865
-620
-370
-123
97
277
414
516
599
662
699
693
652
599
545
498
455
411
387
407
475
597
771
1002
1294
1622
1915
2072
2046
1866
1630
1412
1220
1022
774
472
124
-264
-675
-1058
-1359
-1527
-1571
-1552
-1530
-1528
-1517
-1437
-1263
-1017
-719
-407
-102
170
377
509
584
637
691
727
704
600
426
210
-26
-260
-482
-677
-831
-951
-1057
-1151
-1232
-1273
-1247
-1154
-1015
-856
-695
-532
-372
-225
-92
32
156
283
396
477
521
538
551
571
594
613
615
616
625
648
696
781
914
1100
1313
1490
1574
1529
1388
1223
1088
986
872
721
526
296
39
-245
-530
-762
-907
-973
-1006
-1054
-1113
-1151
-1140
-1070
-959
-818
-647
-454
-273
-130
-32
40
110
194
268
302
290
243
172
89
-9
-118
-210
-279
-330
-377
-439
-510
-561
-580
-573
-540
-493
-437
-365
-296
-244
-208
-177
-130
-64
11
81
142
184
217
244
259
270
285
306
322
333
332
327
337
370
424
486
531
555
560
551
534
512
483
448
408
364
316
257
189
114
42
-22
-81
-138
-184
-219
-244
-261
-278
-291
-293
-284
-263
-237
-217
-207
-209
-214
-216
-219
-221
-211
-195
-180
-169
-167
-167
-162
-147
-128
-106
-86
-71
-63
-63
-66
-72
-75
-79
-86
-100
-122
-152
-184
-197
-193
-180
-159
-135
-116
-94
-71
-43
-2
41
78
102
111
112
110
111
130
156
179
203
219
231
241
245
250
256
264
270
269
272
273
268
264
256
245
238
232
226
212
190
160
129
105
83
58
31
-1
-43
-85
-133
-182
-217
-242
-254
-260
-268
-277
-282
-286
-279
-263
-243
-215
-190
-173
-162
-168
-172
-167
-161
-153
-149
-150
-153
-159
-168
-179
-178
-168
-154
-136
-117
-98
-71
-38
-1
36
63
86
99
104
106
106
118
134
147
160
161
161
162
171
192
208
225
235
238
236
228
221
221
226
234
235
226
203
173
146
117
99
86
75
63
42
7
-32
-70
-104
-128
-147
-166
-187
-207
-222
-237
-244
-243
-229
-202
-180
-163
-153
-146
-130
-115
-106
-98
-94
-95
-99
-114
-132
-145
-148
-149
-147
-139
-134
-121
-98
-71
-34
5
44
77
102
118
127
138
146
154
164
168
162
156
147
140
138
147
166
188
209
220
225
225
221
215
212
210
208
199
178
143
99
57
21
-12
-42
-70
-101
-135
-173
-220
-262
-296
-325
-348
-366
-384
-394
-392
-378
-352
-317
-271
-213
-157
-106
-67
-36
-1
30
55
73
79
80
73
56
30
1
-19
-30
-37
-37
-33
-24
-4
19
51
92
141
188
229
267
297
314
333
345
352
359
365
376
388
406
420
433
445
441
422
386
338
290
238
184
124
56
-15
-93
-167
-244
-321
-393
-459
-513
-556
-593
-621
-633
-630
-619
-603
-579
-545
-500
-443
-379
-312
-252
-197
-154
-118
-79
-34
20
69
106
125
124
113
94
74
64
57
46
33
7
-24
-39
-41
-22
17
65
115
160
199
242
291
353
424
496
557
593
608
612
608
601
590
576
556
527
483
427
369
315
263
206
135
44
-55
-154
-244
-324
-398
-469
-536
-604
-667
-716
-750
-761
-750
-726
-692
-661
-629
-589
-536
-475
-406
-338
-279
-226
-185
-152
-128
-107
-89
-79
-76
-86
-98
-108
-112
-111
-108
-102
-94
-85
-75
-55
-19
27
80
128
175
225
279
342
414
494
570
641
703
747
789
833
878
922
953
956
932
883
809
729
640
549
456
346
221
82
-61
-192
-299
-391
-474
-555
-635
-707
-768
-811
-831
-830
-812
-788
-764
-735
-691
-625
-544
-453
-361
-284
-225
-175
-140
-108
-74
-51
-37
-35
-55
-86
-122
-154
-170
-176
-180
-186
-197
-199
-192
-176
-139
-86
-22
46
110
169
226
287
357
423
491
560
624
678
727
773
820
866
904
931
942
934
908
869
806
724
627
514
391
260
117
-29
-169
-301
-422
-537
-642
-735
-806
-861
-898
-918
-920
-903
-869
-826
-769
-701
-619
-530
-449
-371
-297
-227
-162
-106
-63
-38
-24
-22
-26
-41
-66
-91
-126
-164
-200
-234
-257
-267
-258
-237
-204
-161
-111
-55
7
76
155
239
327
416
500
576
651
722
790
854
908
953
990
1015
1032
1035
1022
990
940
879
805
720
618
496
357
202
50
-95
-234
-364
-494
-619
-736
-836
-910
-959
-985
-989
-975
-950
-916
-865
-796
-707
-599
-484
-373
-273
-181
-108
-50
-1
39
71
84
79
58
29
0
-28
-53
-76
-107
-141
-168
-184
-183
-161
-122
-62
12
98
195
302
413
525
633
742
848
950
1042
1119
1184
1240
1291
1345
1390
1418
1424
1392
1330
1251
1161
1058
943
811
658
490
318
149
-21
-188
-348
-509
-662
-808
-935
-1035
-1107
-1153
-1181
-1195
-1195
-1179
-1140
-1082
-1016
-951
-886
-820
-755
-687
-614
-541
-472
-422
-396
-397
-412
-432
-458
-487
-525
-571
-614
-651
-671
-679
-665
-629
-589
-540
-473
-389
-286
-169
-38
100
241
383
527
677
824
963
1081
1179
1258
1322
1380
1425
1452
1450
1419
1364
1289
1207
1117
1006
869
709
536
361
199
46
-105
-258
-415
-561
-685
-785
-858
-915
-957
-989
-1016
-1017
-992
-938
-865
-784
-709
-643
-571
-495
-420
-360
-317
-290
-271
-253
-238
-229
-231
-250
-276
-301
-323
-342
-362
-378
-396
-412
-409
-383
-341
-288
-225
-152
-64
42
153
271
390
520
660
804
951
1095
1230
1360
1473
1572
1648
1685
1671
1610
1523
1417
1294
1143
955
736
505
284
74
-122
-307
-486
-650
-789
-899
-979
-1025
-1048
-1054
-1046
-1026
-989
-927
-850
-770
-701
-645
-591
-531
-465
-408
-374
-371
-393
-420
-446
-477
-514
-557
-610
-657
-685
-697
-687
-672
-653
-625
-588
-527
-440
-340
-240
-151
-60
40
155
285
414
532
649
766
894
1029
1157
1280
1393
1500
1598
1671
1705
1692
1656
1599
1517
1403
1239
1037
826
615
404
188
-25
-230
-415
-579
-714
-825
-902
-945
-967
-972
-960
-922
-865
-794
-727
-682
-650
-623
-603
-588
-595
-619
-663
-724
-788
-851
-910
-967
-1028
-1092
-1156
-1208
-1235
-1237
-1220
-1187
-1144
-1083
-999
-888
-756
-619
-486
-355
-221
-84
60
196
320
433
549
667
787
908
1017
1117
1216
1307
1391
1446
1463
1454
1430
1399
1347
1252
1115
953
787
630
473
298
109
-79
-248
-390
-509
-613
-703
-771
-824
-861
-872
-859
-825
-781
-742
-707
-663
-608
-547
-502
-485
-492
-518
-554
-603
-666
-735
-812
-889
-960
-1025
-1071
-1097
-1098
-1079
-1051
-1011
-957
-881
-782
-670
-551
-432
-308
-172
-32
108
246
383
516
649
775
894
1006
1117
1232
1348
1452
1525
1557
1552
1531
1504
1456
1376
1255
1102
945
804
676
547
400
239
87
-42
-137
-205
-271
-340
-406
-462
-487
-482
-458
-435
-422
-419
-412
-391
-366
-349
-350
-367
-392
-420
-457
-500
-554
-616
-681
-750
-815
-869
-912
-945
-965
-966
-944
-900
-837
-759
-670
-567
-454
-332
-201
-73
54
186
318
448
577
709
838
961
1078
1193
1311
1425
1509
1550
1549
1528
1514
1503
1463
1367
1215
1039
886
764
648
513
358
204
82
-3
-60
-109
-163
-217
-254
-265
-255
-234
-227
-233
-239
-243
-235
-223
-224
-245
-288
-344
-399
-455
-520
-592
-667
-744
-812
-863
-903
-930
-949
-953
-943
-918
-874
-822
-764
-695
-614
-516
-409
-299
-189
-72
47
169
296
424
556
679
794
910
1029
1157
1281
1380
1433
1435
1420
1405
1393
1359
1271
1135
975
828
712
608
484
338
182
47
-50
-119
-178
-242
-310
-362
-377
-361
-330
-315
-315
-318
-310
-292
-275
-273
-299
-342
-386
-434
-493
-561
-637
-717
-802
-884
-954
-1016
-1065
-1098
-1112
-1104
-1074
-1020
-948
-874
-790
-691
-580
-458
-337
-222
-107
9
129
243
361
485
605
720
829
937
1052
1169
1268
1323
1337
1333
1334
1332
1306
1228
1100
953
811
693
579
446
297
147
18
-77
-152
-216
-279
-341
-389
-411
-413
-410
-412
-421
-427
-425
-413
-399
-395
-402
-421
-450
-484
-530
-584
-647
-717
-780
-838
-890
-932
-967
-988
-995
-983
-954
-909
-859
-798
-722
-633
-529
-418
-299
-173
-47
80
202
328
456
583
710
828
937
1042
1149
1259
1338
1371
1373
1361
1348
1325
1274
1180
1050
913
793
691
581
456
321
198
105
29
-43
-114
-185
-243
-278
-289
-292
-301
-309
-314
-314
-311
-308
-318
-344
-376
-406
-437
-476
-523
-580
-632
-675
-716
-754
-788
-818
-834
-838
-831
-811
-779
-731
-669
-605
-537
-460
-373
-271
-165
-60
43
147
252
360
475
592
712
829
942
1056
1162
1245
1298
1319
1322
1317
1301
1257
1174
1061
935
817
706
594
471
339
217
115
36
-32
-103
-177
-239
-280
-296
-301
-307
-324
-342
-358
-366
-369
-380
-402
-432
-464
-493
-530
-581
-641
-695
-742
-783
-821
-861
-888
-896
-886
-863
-836
-800
-748
-674
-589
-500
-409
-319
-227
-124
-12
96
195
287
379
482
587
690
788
885
989
1094
1189
1248
1275
1284
1292
1296
1276
1209
1101
974
860
764
666
547
409
274
162
76
4
-78
-166
-246
-305
-337
-357
-376
-401
-425
-442
-454
-462
-477
-500
-523
-545
-574
-613
-662
-716
-762
-804
-846
-888
-931
-966
-981
-974
-958
-937
-906
-868
-809
-730
-642
-548
-457
-364
-257
-139
-16
98
204
314
426
539
649
747
842
939
1033
1119
1171
1187
1181
1171
1165
1139
1081
990
877
770
682
595
493
380
267
171
94
28
-31
-94
-158
-211
-245
-266
-282
-307
-337
-368
-395
-412
-433
-460
-490
-521
-552
-592
-637
-688
-738
-781
-821
-858
-891
-920
-933
-927
-912
-887
-857
-820
-771
-708
-631
-547
-457
-362
-258
-147
-36
82
204
326
451
569
686
800
911
1018
1117
1195
1240
1264
1273
1270
1246
1189
1102
1000
892
785
677
558
438
331
242
171
99
27
-33
-87
-126
-156
-183
-204
-223
-239
-254
-277
-305
-339
-374
-405
-444
-489
-544
-601
-652
-701
-746
-793
-839
-872
-901
-907
-903
-894
-876
-856
-819
-763
-697
-627
-550
-467
-371
-261
-154
-51
52
163
283
407
524
635
746
863
979
1087
1169
1225
1263
1291
1306
1289
1239
1157
1054
951
848
742
618
479
346
228
126
36
-50
-136
-214
-273
-310
-332
-353
-376
-390
-398
-404
-412
-427
-447
-471
-497
-535
-587
-641
-692
-739
-782
-829
-877
-918
-942
-949
-947
-941
-926
-901
-855
-794
-725
-655
-577
-485
-382
-273
-169
-73
26
140
263
387
501
602
708
823
939
1042
1110
1150
1179
1208
1225
1207
1149
1060
968
891
811
712
595
475
367
282
199
113
29
-47
-103
-148
-186
-221
-258
-288
-311
-328
-343
-361
-381
-402
-423
-449
-480
-518
-555
-589
-621
-650
-679
-707
-731
-746
-751
-750
-744
-730
-703
-666
-619
-564
-508
-448
-372
-280
-176
-73
25
129
249
374
497
609
712
820
928
1037
1125
1176
1211
1231
1246
1239
1194
1118
1024
931
839
740
626
503
389
286
199
116
32
-49
-115
-168
-210
-248
-286
-319
-349
-376
-399
-424
-452
-483
-513
-544
-581
-622
-666
-706
-732
-756
-784
-812
-831
-834
-820
-798
-775
-748
-711
-658
-593
-524
-461
-396
-322
-240
-146
-55
28
118
217
327
439
545
644
748
858
965
1058
1122
1164
1191
1212
1214
1179
1109
1013
915
818
711
591
459
330
216
112
13
-83
-167
-240
-300
-349
-397
-437
-470
-494
-513
-531
-554
-575
-591
-608
-627
-650
-685
-715
-735
-758
-782
-808
-836
-856
-862
-857
-851
-837
-812
-773
-712
-646
-582
-511
-429
-332
-224
-120
-22
72
172
285
404
522
622
719
818
921
1017
1086
1124
1146
1162
1169
1155
1109
1033
947
856
773
676
560
439
322
221
132
42
-49
-137
-212
-274
-322
-366
-411
-453
-489
-514
-533
-551
-577
-608
-634
-661
-684
-709
-737
-763
-787
-805
-818
-829
-836
-831
-820
-803
-776
-745
-701
-648
-590
-526
-457
-379
-287
-188
-88
12
115
225
348
475
597
714
834
956
1078
1181
1257
1306
1341
1373
1387
1365
1308
1227
1140
1050
952
839
719
597
480
379
284
191
106
29
-38
-98
-153
-202
-245
-279
-308
-342
-378
-408
-435
-466
-504
-549
-595
-641
-683
-720
-756
-795
-825
-844
-851
-849
-844
-830
-800
-753
-694
-630
-570
-502
-423
-327
-225
-120
-20
79
187
308
438
558
666
773
880
990
1095
1174
1225
1263
1291
1313
1311
1278
1217
1139
1062
979
885
769
645
536
430
329
226
119
21
-61
-126
-187
-256
-322
-379
-422
-457
-498
-546
-592
-632
-669
-706
-753
-801
-844
-882
-914
-951
-987
-1012
-1024
-1025
-1023
-1015
-998
-961
-908
-848
-784
-713
-631
-534
-424
-310
-201
-93
25
151
285
418
543
664
789
914
1027
1112
1167
1210
1244
1263
1255
1212
1147
1078
1001
917
819
706
593
483
383
290
194
96
13
-52
-107
-160
-215
-262
-302
-337
-370
-408
-449
-489
-525
-566
-612
-664
-720
-767
-810
-856
-897
-935
-959
-964
-963
-959
-951
-928
-890
-838
-778
-719
-650
-565
-467
-358
-247
-141
-27
92
217
347
470
592
718
845
968
1071
1144
1198
1243
1275
1285
1263
1213
1148
1082
1014
929
824
712
603
506
419
326
225
128
49
-17
-73
-129
-184
-237
-280
-313
-351
-398
-441
-480
-514
-550
-599
-651
-699
-742
-775
-816
-862
-902
-928
-937
-937
-932
-924
-903
-864
-813
-761
-708
-645
-567
-479
-384
-288
-185
-76
46
179
306
427
554
679
805
917
1002
1069
1118
1157
1178
1174
1139
1083
1020
954
880
788
685
584
489
405
321
232
145
68
3
-51
-104
-159
-209
-249
-285
-317
-359
-405
-449
-491
-529
-575
-626
-676
-726
-773
-813
-852
-887
-911
-925
-926
-921
-907
-881
-847
-801
-743
-679
-606
-527
-442
-347
-247
-144
-38
77
199
321
443
566
688
805
911
997
1066
1123
1161
1180
1175
1143
1098
1048
988
918
833
738
647
562
480
399
315
232
158
93
36
-20
-72
-122
-166
-207
-243
-283
-323
-362
-399
-439
-480
-525
-570
-616
-659
-702
-744
-780
-808
-825
-835
-835
-829
-806
-773
-735
-686
-632
-567
-489
-406
-315
-215
-111
0
116
234
352
464
576
688
792
879
948
1006
1049
1077
1078
1055
1011
955
900
835
756
667
572
486
413
339
267
193
121
60
7
-39
-87
-139
-186
-229
-268
-313
-359
-405
-453
-498
-546
-596
-646
-697
-748
-799
-842
-879
-907
-921
-928
-925
-912
-888
-850
-805
-749
-684
-614
-531
-440
-345
-243
-137
-27
90
207
325
440
553
667
772
859
928
989
1034
1065
1078
1066
1031
982
924
865
796
713
621
529
446
367
286
209
131
59
-2
-58
-113
-163
-215
-262
-302
-344
-381
-419
-462
-503
-546
-587
-630
-675
-717
-763
-804
-837
-868
-889
-904
-909
-902
-885
-852
-813
-766
-706
-634
-552
-466
-372
-272
-165
-54
66
188
308
425
539
649
748
835
904
956
998
1021
1031
1026
1000
956
903
846
781
712
639
562
486
416
355
294
229
169
111
58
14
-31
-83
-130
-176
-224
-267
-313
-359
-405
-458
-508
-556
-603
-651
-699
-738
-772
-797
-817
-829
-829
-818
-796
-759
-714
-662
-603
-539
-465
-382
-301
-213
-122
-28
69
169
271
371
467
562
649
727
793
842
883
912
923
919
905
878
843
805
762
708
653
597
541
487
435
382
329
280
234
186
143
103
63
21
-24
-69
-113
-155
-198
-245
-291
-336
-380
-422
-466
-509
-548
-584
-612
-633
-645
-650
-646
-634
-611
-578
-533
-485
-435
-371
-303
-231
-152
-71
16
102
191
277
362
448
534
613
682
738
782
817
843
854
846
824
797
762
723
686
638
586
536
486
442
393
339
290
240
193
153
106
63
23
-23
-66
-111
-161
-209
-257
-302
-352
-402
-448
-496
-540
-579
-620
-653
-682
-703
-713
-717
-712
-697
-679
-653
-618
-573
-521
-464
-400
-329
-258
-180
-94
-7
79
167
252
338
423
504
576
639
689
724
748
758
756
742
718
684
643
600
551
501
449
393
341
290
240
195
144
93
48
2
-37
-74
-114
-154
-195
-235
-270
-306
-346
-388
-430
-475
-519
-564
-606
-645
-678
-702
-723
-735
-744
-743
-731
-715
-689
-656
-616
-561
-503
-436
-361
-287
-203
-112
-23
74
168
261
352
435
511
578
637
684
718
739
747
745
735
714
684
647
604
555
505
455
399
344
294
248
201
152
102
55
10
-34
-72
-111
-155
-195
-236
-275
-315
-355
-397
-440
-483
-527
-568
-608
-643
-676
-702
-720
-730
-732
-726
-714
-691
-662
-622
-576
-524
-460
-392
-320
-241
-157
-70
19
115
207
298
386
462
540
610
667
711
738
756
765
761
747
725
694
655
611
562
508
453
396
336
280
223
166
114
61
13
-34
-82
-124
-165
-205
-244
-286
-326
-364
-399
-435
-474
-513
-554
-591
-617
-645
-670
-686
-702
-706
-704
-697
-679
-655
-622
-579
-531
-472
-407
-336
-260
-178
-94
-5
85
176
265
353
435
508
571
621
661
693
713
719
713
697
675
645
610
569
524
474
422
369
317
267
218
168
120
74
28
-15
-58
-99
-134
-171
-207
-242
-281
-318
-357
-395
-431
-469
-504
-537
-564
-586
-604
-616
-626
-626
-622
-611
-587
-559
-525
-482
-431
-375
-310
-237
-163
-83
0
84
168
251
329
400
469
527
570
607
636
652
658
657
649
628
603
571
537
501
457
411
366
320
273
226
182
136
90
44
3
-38
-80
-121
-158
-195
-231
-267
-300
-333
-366
-401
-433
-462
-490
-513
-533
-551
-560
-565
-567
-560
-548
-531
-505
-471
-431
-385
-329
-271
-209
-141
-65
13
95
175
250
327
397
463
518
562
599
623
636
643
643
630
610
589
558
518
478
432
385
340
294
243
195
150
107
66
24
-17
-59
-98
-135
-169
-200
-234
-263
-291
-321
-350
-378
-405
-427
-449
-470
-483
-490
-493
-489
-479
-462
-444
-420
-385
-342
-297
-245
-188
-126
-60
7
77
143
211
280
346
407
462
511
549
584
607
617
617
609
594
569
542
508
469
433
390
343
296
250
203
157
112
66
24
-18
-56
-91
-129
-163
-196
-230
-261
-290
-322
-350
-374
-396
-417
-435
-452
-467
-478
-481
-478
-475
-462
-443
-418
-387
-352
-310
-262
-209
-153
-92
-30
33
104
171
234
301
358
411
463
507
543
569
587
597
598
594
581
556
526
489
447
401
357
310
261
215
167
120
71
27
-19
-66
-104
-145
-186
-218
-250
-283
-308
-332
-357
-378
-397
-418
-433
-447
-459
-467
-469
-471
-466
-458
-445
-427
-402
-371
-332
-286
-236
-181
-123
-61
8
78
151
224
294
362
426
484
533
572
602
622
638
645
638
623
603
574
541
502
458
411
363
314
263
215
168
121
76
33
-12
-55
-98
-138
-174
-213
-252
-286
-318
-347
-376
-403
-428
-449
-469
-484
-493
-500
-510
-512
-510
-506
-493
-472
-447
-412
-371
-325
-270
-212
-149
-83
-12
62
135
209
282
352
417
475
527
569
602
626
638
641
635
619
594
564
525
479
433
383
328
273
218
162
109
58
5
-45
-96
-143
-189
-232
-272
-310
-346
-379
-409
-435
-464
-490
-509
-527
-540
-545
-549
-549
-544
-535
-521
-500
-476
-448
-411
-369
-324
-269
-210
-147
-77
-7
65
139
214
285
353
418
478
529
574
609
636
654
658
654
642
618
587
548
505
457
406
352
293
238
180
124
69
15
-37
-87
-133
-174
-215
-258
-296
-332
-366
-398
-425
-450
-473
-492
-506
-517
-524
-527
-528
-522
-509
-495
-472
-443
-410
-369
-324
-273
-221
-163
-100
-33
37
105
175
243
313
377
432
485
529
564
593
613
624
623
615
599
572
540
500
455
408
359
306
250
193
139
87
33
-19
-69
-118
-164
-210
-253
-296
-334
-368
-400
-433
-463
-490
-514
-534
-548
-562
-567
-571
-571
-562
-550
-531
-506
-473
-436
-394
-349
-297
-238
-177
-115
-46
25
92
163
231
294
356
414
468
511
544
569
583
591
588
577
559
535
504
470
430
383
338
287
238
190
140
93
42
-3
-48
-93
-135
-176
-212
-249
-286
-321
-358
-388
-414
-440
-464
-484
-504
-522
-532
-534
-532
-526
-515
-495
-472
-440
-400
-356
-309
-251
-189
-125
-59
12
81
152
223
289
356
413
466
512
546
576
595
604
603
593
576
550
521
485
444
400
355
306
256
207
158
109
60
13
-32
-78
-120
-159
-202
-239
-276
-311
-339
-369
-396
-417
-441
-463
-474
-484
-494
-497
-499
-495
-480
-460
-437
-405
-369
-331
-284
-234
-179
-115
-53
15
84
154
221
287
352
409
459
504
537
565
585
592
594
582
563
540
507
472
428
379
330
280
231
181
129
78
27
-20
-66
-109
-150
-192
-230
-267
-301
-330
-359
-382
-406
-427
-446
-458
-469
-475
-480
-479
-472
-466
-451
-433
-410
-377
-340
-298
-250
-201
-144
-84
-24
42
107
173
241
306
367
422
473
517
553
584
601
613
612
599
581
556
524
488
445
396
347
295
241
185
128
76
21
-35
-84
-134
-182
-229
-272
-312
-352
-388
-422
-452
-477
-502
-519
-531
-539
-543
-541
-533
-521
-503
-477
-450
-415
-377
-333
-285
-235
-178
-117
-55
11
75
140
207
271
335
394
445
493
532
559
584
598
604
599
589
575
549
519
482
436
389
340
289
237
184
134
81
28
-23
-73
-119
-165
-208
-249
-289
-326
-362
-389
-412
-437
-455
-470
-480
-488
-490
-486
-482
-473
-458
-439
-417
-386
-352
-312
-265
-216
-161
-105
-46
18
81
146
213
280
339
395
448
493
533
560
581
594
602
597
583
567
541
507
472
431
387
336
286
235
184
135
83
31
-14
-60
-107
-152
-195
-233
-269
-302
-330
-357
-382
-406
-425
-437
-448
-455
-460
-462
-457
-453
-441
-424
-403
-375
-343
-306
-263
-221
-172
-120
-66
-6
54
115
175
231
283
333
383
425
457
485
504
514
518
514
502
483
459
432
396
354
312
265
222
175
127
79
31
-12
-58
-101
-142
-182
-216
-251
-280
-304
-332
-353
-371
-388
-399
-408
-418
-422
-422
-418
-412
-402
-386
-371
-348
-320
-290
-255
-216
-172
-123
-73
-21
33
88
146
203
257
309
357
399
436
469
493
510
525
526
521
508
486
464
436
401
360
319
277
233
185
138
95
51
6
-31
-67
-105
-140
-174
-205
-233
-260
-284
-303
-318
-330
-340
-349
-355
-359
-359
-352
-344
-332
-316
-298
-277
-247
-215
-182
-142
-99
-54
-9
43
96
146
201
254
300
347
386
424
455
477
496
506
510
508
496
477
453
423
388
346
303
259
211
162
111
65
19
-28
-70
-112
-152
-186
-222
-251
-279
-306
-327
-345
-361
-376
-387
-392
-398
-398
-395
-393
-383
-372
-359
-341
-319
-292
-264
-233
-196
-153
-110
-66
-19
33
84
134
182
227
272
311
349
380
403
422
433
439
437
427
414
392
368
335
294
254
211
164
115
63
16
-28
-80
-122
-159
-199
-234
-263
-290
-314
-333
-346
-357
-366
-371
-372
-373
-372
-368
-359
-349
-335
-321
-308
-289
-270
-247
-222
-197
-170
-137
-103
-69
-34
3
40
77
117
151
181
210
238
262
276
288
296
297
294
284
266
246
223
193
157
121
81
36
-11
-57
-102
-147
-192
-233
-270
-307
-338
-366
-392
-414
-434
-447
-451
-462
-465
-462
-458
-453
-444
-433
-422
-405
-388
-373
-352
-326
-298
-269
-239
-207
-173
-137
-100
-63
-24
16
53
88
123
152
180
205
224
240
249
257
258
252
245
233
218
196
171
146
114
85
55
21
-9
-41
-72
-103
-134
-157
-182
-208
-225
-241
-255
-266
-276
-282
-285
-284
-280
-274
-267
-258
-246
-232
-217
-199
-180
-157
-131
-106
-81
-52
-18
21
54
87
126
157
192
228
257
286
312
333
351
363
372
378
380
379
374
366
356
342
327
309
289
270
249
225
202
181
162
142
123
106
91
76
63
50
40
32
26
20
16
17
18
22
29
37
48
56
67
82
98
115
132
151
176
200
222
249
276
301
325
350
373
395
413
432
449
464
474
479
484
486
486
485
476
467
458
442
425
406
388
368
345
323
298
272
244
218
193
168
142
120
93
70
49
25
7
-8
-24
-38
-52
-62
-70
-76
-81
-86
-87
-88
-87
-85
-86
-79
-74
-70
-61
-55
-49
-43
-38
-29
-23
-17
-10
-6
-3
0
2
2
2
-2
-8
-13
-20
-30
-41
-52
-66
-77
-94
-115
-126
-143
-163
-180
-202
-221
-241
-265
-283
-301
-320
-338
-353
-365
-381
-392
-400
-406
-411
-418
-422
-423
-422
-416
-411
-402
-391
-381
-371
-362
-354
-336
-319
-311
-298
-283
-273
-262
-249
-235
-224
-212
-201
-193
-184
-177
-172
-164
-159
-155
-150
-147
-145
-143
-139
-137
-135
-135
-137
-139
-144
-146
-146
-153
-156
-158
-162
-166
-171
-176
-177
-182
-186
-187
-187
-187
-188
-185
-181
-178
-172
-166
-159
-151
-144
-136
-125
-114
-109
-98
-90
-81
-69
-60
-50
-40
-28
-21
-12
-2
9
19
28
33
41
49
53
60
68
75
82
87
92
98
103
105
108
109
110
114
119
119
120
121
117
118
116
115
109
104
103
94
88
87
80
76
72
63
58
56
51
50
46
46
47
46
45
48
50
54
56
58
61
63
65
69
70
72
77
79
78
77
77
80
83
82
82
79
81
83
83
87
85
83
85
85
88
90
91
93
93
89
88
86
84
83
78
75
71
68
64
59
52
43
36
30
25
19
13
9
6
1
-1
-3
-4
-7
-8
-3
-4
-4
-2
-7
-3
-1
-1
2
0
2
0
-4
-3
-2
-2
-2
-2
-5
-6
-5
-7
-9
-13
-16
-15
-13
-13
-14
-13
-14
-15
-18
-16
-18
-19
-17
-19
-18
-16
-18
-17
-20
-22
-22
-26
-24
-23
-27
-26
-27
-28
-27
-28
-27
-27
-28
-28
-26
-27
-28
-28
-28
-29
-29
-29
-30
-33
-37
-42
-45
-46
-49
-50
-52
-54
-59
-60
-62
-65
-65
-65
-65
-63
-63
-61
-61
-61
-58
-56
-54
-47
-42
-38
-32
-25
-19
-15
-8
-2
9
14
17
25
32
35
41
47
48
52
55
59
59
59
58
59
60
57
55
54
51
50
46
43
39
32
27
22
20
19
17
15
13
15
12
11
12
13
14
18
22
25
25
27
30
31
32
36
36
38
38
36
37
41
40
41
44
45
45
49
51
51
55
56
57
59
60
65
69
72
76
76
79
78
77
80
78
78
74
67
70
66
59
55
51
46
42
35
34
31
24
22
18
14
12
9
8
4
4
0
-11
-16
-20
-28
-37
-42
-45
-48
-51
-55
-58
-62
-64
-64
-66
-67
-63
-58
-53
-51
-45
-41
-38
-33
-25
-22
-22
-17
-12
-10
-7
-4
-1
0
4
7
6
7
7
10
11
8
10
13
9
7
6
3
-2
-5
-8
-12
-17
-22
-27
-30
-36
-42
-45
-50
-60
-70
-74
-73
-78
-84
-84
-82
-85
-85
-80
-76
-74
-73
-73
-67
-59
-56
-48
-36
-31
-25
-18
-13
-8
-5
1
8
9
12
14
16
16
16
21
25
27
29
32
39
41
47
54
58
64
71
75
74
75
77
80
81
79
73
67
63
60
53
40
33
20
-17
-53
-50
-33
-37
-50
-44
-26
-21
-27
-17
1
7
1
6
29
45
53
56
59
68
76
79
73
65
62
60
49
41
39
39
32
30
37
45
53
66
80
91
97
104
113
121
127
131
134
134
131
128
124
121
116
110
98
85
76
71
64
45
40
47
41
27
29
39
30
19
20
25
18
9
16
25
17
1
1
11
8
-6
-8
1
-1
-4
-8
-7
0
6
0
1
16
22
16
18
36
46
40
39
51
62
59
52
58
68
63
56
57
61
58
47
42
46
45
37
29
23
23
23
14
5
-2
-7
-9
-15
-29
-34
-28
-35
-52
-59
-51
-55
-77
-85
-82
-91
-110
-120
-111
-101
-112
-127
-125
-116
-112
-121
-126
-109
-98
-109
-115
-95
-68
-73
-81
-56
-28
-34
-47
-22
7
-2
-26
-13
8
-4
-21
-13
2
-12
-37
-29
-6
-7
-30
-26
-4
-8
-31
-27
-12
-12
-25
-33
-25
-19
-30
-40
-30
-28
-52
-61
-51
-49
-63
-75
-63
-60
-82
-98
-87
-73
-91
-117
-102
-80
-91
-105
-92
-66
-74
-89
-70
-49
-58
-76
-56
-21
-36
-67
-50
-11
-5
-35
-38
-6
2
-24
-28
-3
5
-19
-31
-14
-5
-16
-29
-25
-10
-17
-37
-50
-38
-19
-33
-58
-49
-30
-44
-71
-60
-30
-42
-84
-91
-60
-57
-84
-88
-64
-67
-97
-98
-68
-66
-93
-86
-62
-66
-88
-76
-41
-41
-77
-84
-54
-52
-84
-84
-50
-60
-109
-109
-63
-48
-76
-87
-59
-44
-61
-58
-21
6
-15
-39
-13
23
13
-5
25
51
14
-21
12
49
24
-23
-24
-5
-23
-56
-47
-14
-35
-85
-75
-28
-28
-56
-34
5
-5
-32
-18
34
52
22
-4
12
34
6
-32
-35
-47
-113
-189
-206
-202
-242
-295
-294
-267
-260
-247
-182
-93
-43
-27
29
120
190
223
239
254
268
276
277
257
226
205
165
107
63
47
27
-20
-53
-64
-79
-96
-88
-39
-13
-25
-27
4
53
79
85
95
110
111
99
113
139
129
99
98
99
67
50
72
68
9
-18
9
12
-22
-25
21
24
-34
-33
48
80
22
4
68
99
45
29
93
125
86
50
81
115
92
71
91
99
65
56
94
115
95
83
92
90
92
115
123
93
74
104
118
71
52
103
130
76
22
44
96
83
31
16
41
51
17
-7
21
48
13
-37
-7
50
27
-31
4
65
27
-30
5
65
56
13
6
21
27
28
27
10
3
26
24
-10
-2
61
60
-15
-14
69
86
10
-8
64
90
13
-35
23
62
19
-33
-26
6
-5
-33
-24
10
13
-28
-49
-13
21
9
-11
-4
16
6
-29
-25
26
42
-13
-56
-21
25
3
-41
-20
26
11
-41
-34
21
41
10
-22
-15
-1
-3
9
27
16
-14
-23
-3
17
22
5
-2
21
37
10
-19
6
51
46
-12
-49
-26
11
14
-9
-20
-18
-18
-10
0
11
12
-11
-27
-13
7
-3
-23
-15
3
-13
-43
-34
8
13
-25
-39
-12
13
4
1
33
52
34
13
35
73
69
45
39
42
42
40
27
15
18
25
10
-16
2
33
8
-41
-29
22
9
-40
-6
40
-11
-59
-8
56
26
-38
-13
42
10
-34
-8
24
-9
-60
-49
-25
-29
-30
-35
-55
-67
-55
-34
-27
-33
-44
-49
-37
-15
-9
-6
2
16
25
14
-3
11
57
67
6
-38
-5
37
24
8
9
-12
-42
-22
22
16
-33
-39
1
7
-31
-36
5
25
-16
-47
-30
-10
-15
-25
-22
-34
-63
-65
-25
3
-31
-69
-39
3
-16
-51
-24
33
18
-46
-48
15
36
-6
-32
-10
1
-19
-16
13
20
-9
-20
16
46
21
-7
19
55
45
1
-16
19
38
-2
-56
-68
-34
-14
-38
-70
-70
-55
-53
-44
-17
-15
-45
-48
-7
13
-6
-9
23
33
-2
-18
20
49
27
5
17
14
-22
-36
10
32
-12
-52
-37
-14
-25
-29
0
19
-3
-25
-2
25
20
19
51
67
27
-4
15
59
74
45
6
0
20
23
3
4
20
4
-27
-26
-6
4
13
31
25
-24
-50
-5
44
25
-20
-22
-7
-22
-32
2
33
27
15
7
-1
9
55
103
94
33
-11
0
43
56
28
3
1
-18
-55
-54
-6
31
14
-23
-52
-47
-4
47
72
36
-35
-63
-19
36
46
13
-18
-22
-29
-37
-17
28
53
27
-24
-66
-52
19
66
44
-27
-81
-93
-57
-3
10
-30
-80
-107
-106
-80
-39
-14
-24
-49
-65
-63
-39
16
74
75
7
-58
-28
58
91
52
6
-8
-30
-42
-10
25
17
-23
-56
-62
-44
-10
36
58
37
-2
-20
9
79
144
123
30
-20
17
62
53
39
39
13
-49
-99
-71
-4
17
-20
-77
-115
-110
-69
-18
3
-30
-63
-64
-44
-10
24
44
38
12
-10
-19
-10
22
56
41
-30
-87
-70
2
34
-3
-53
-66
-48
-24
-3
15
22
20
9
-2
7
40
70
61
34
5
-15
1
45
67
31
-18
-28
-14
9
26
23
2
-20
-24
-13
-20
-27
-8
3
-22
-57
-47
-21
-3
6
6
4
7
21
35
51
68
61
34
25
47
55
34
21
23
20
2
-6
11
11
-7
-10
4
12
17
29
26
3
3
24
34
28
18
6
-7
-5
8
12
7
-3
-5
5
10
11
20
30
28
15
11
20
36
40
27
4
-24
-33
-9
11
-13
-57
-63
-42
-36
-39
-27
-10
-13
-36
-46
-29
-5
16
13
-16
-43
-41
-24
-10
0
-2
-22
-49
-52
-30
-18
-20
-18
-10
-23
-56
-60
-25
7
6
-27
-42
-30
-19
-13
-5
8
5
-17
-29
-9
22
25
5
-9
-1
12
-3
-18
2
24
11
-22
-30
-9
2
2
3
0
-7
-9
1
17
25
18
10
16
20
16
4
13
38
38
2
-25
-15
10
22
21
18
10
-3
-12
-4
6
16
19
6
-20
-38
-21
5
16
13
-2
-25
-34
-18
7
13
-2
-20
-34
-39
-44
-41
-18
-7
-36
-66
-60
-33
-23
-18
1
10
-4
-15
5
41
62
56
37
28
20
13
18
28
31
15
-10
-23
-16
3
17
20
12
1
-12
0
29
41
26
6
6
15
10
7
17
26
23
9
-11
-21
-9
22
29
0
-31
-32
-16
-6
-11
-18
-22
-25
-21
-15
-22
-32
-14
21
29
-11
-43
-17
33
45
6
-23
-12
11
9
-7
-12
-4
4
-5
-21
-20
-6
7
15
19
6
-20
-23
5
32
22
-12
-24
-9
0
-9
-9
8
20
4
-20
-27
2
29
22
3
-8
-8
-10
-10
3
18
13
-14
-32
-26
-10
-1
5
5
-2
-14
-15
1
19
22
5
-10
-10
1
8
7
13
19
11
0
9
26
37
45
45
33
24
20
28
33
22
9
-3
-18
-27
-16
-2
-13
-38
-44
-30
-12
-8
-8
0
12
19
18
17
13
15
30
34
11
-19
-29
-17
-13
-27
-39
-44
-40
-34
-32
-42
-42
-17
9
16
2
-7
3
20
35
40
32
14
15
32
35
19
5
10
17
2
-11
-4
8
10
-5
-16
-18
-19
-5
15
13
-10
-25
-17
3
13
12
6
-2
-1
-1
3
21
28
19
4
-12
-12
0
11
15
6
-9
-22
-20
0
18
21
15
9
5
2
12
34
40
36
25
8
7
9
12
14
6
-3
-11
-15
-17
-21
-16
-7
-4
-4
-4
-2
-1
3
14
20
23
28
33
32
24
15
20
29
28
17
-3
-20
-23
-18
-15
-23
-36
-38
-35
-30
-27
-20
-14
-12
-7
-2
3
7
14
23
21
10
0
1
12
20
18
-3
-24
-26
-8
6
11
10
-2
-16
-14
-2
12
20
17
12
5
-2
-3
9
29
32
15
2
-7
-13
-7
8
15
3
-14
-25
-24
-10
1
6
4
-2
-8
-9
-1
8
19
22
17
11
4
5
14
22
23
12
-3
-14
-7
7
11
-2
-16
-20
-10
-4
-1
7
12
9
-3
-13
-8
7
13
14
6
-10
-19
-14
1
9
2
-17
-30
-24
-14
-10
-14
-15
-17
-22
-27
-24
-5
14
12
-5
-15
-7
4
13
22
25
8
-14
-11
5
22
25
16
2
-11
-15
-11
1
13
17
5
-14
-18
-9
4
9
6
-1
-13
-25
-22
-5
9
12
7
-2
-8
-9
-4
2
6
8
4
0
-1
5
8
6
8
12
14
13
12
15
13
6
0
-2
5
7
-3
-6
-6
-4
-9
-13
-5
7
3
-3
-3
-3
-2
5
20
30
21
7
0
5
16
18
21
20
16
8
-5
-3
9
21
24
19
7
2
-1
3
17
22
19
5
-13
-20
-21
-13
-8
-10
-18
-29
-38
-35
-25
-15
-13
-15
-19
-24
-21
-6
8
10
4
-8
-15
-13
0
14
18
11
-1
-10
-11
-9
3
15
14
5
-8
-14
-9
6
19
18
9
-2
-2
5
19
31
33
28
16
7
8
15
22
23
14
1
-11
-11
-7
-4
0
-1
-9
-15
-12
1
17
25
28
22
19
22
27
33
34
27
20
15
15
17
17
14
7
-1
-7
-10
-2
5
5
-2
-6
-10
-15
-13
-4
9
16
7
-2
-5
-4
3
8
8
2
-6
-11
-18
-21
-17
-18
-15
-18
-32
-37
-37
-28
-12
-9
-11
-17
-20
-13
-10
1
11
12
11
7
2
-1
2
9
10
0
-12
-16
-16
-12
-7
-7
-10
-12
-15
-13
-10
-5
0
-2
-2
2
6
13
14
13
16
17
16
19
19
21
21
16
14
11
7
8
6
7
7
7
4
6
5
7
8
9
11
12
12
11
9
9
8
8
7
1
-3
0
2
0
-3
-7
-9
-14
-16
-16
-13
-11
-12
-13
-12
-13
-12
-11
-11
-12
-15
-18
-13
-10
-13
-17
-19
-17
-16
-17
-16
-16
-20
-21
-24
-25
-21
-18
-19
-25
-26
-27
-25
-18
-13
-11
-12
-8
-2
2
7
2
3
5
6
9
7
5
3
0
-2
0
5
8
9
6
2
-2
-3
3
10
7
-1
-6
-8
-8
-3
2
2
1
-3
-7
-4
-3
0
11
13
7
5
5
9
11
9
5
0
-3
-2
-3
0
6
6
6
3
0
3
4
4
4
0
-1
-1
-1
0
-6
-11
-11
-12
-11
-10
-13
-12
-12
-10
-9
-10
-8
-7
-7
-4
-3
-4
-6
-5
-5
-7
-10
-10
-11
-13
-15
-16
-13
-12
-12
-9
-11
-14
-10
-6
-3
0
-1
-5
-4
-7
-6
-2
-4
-1
0
-8
-13
-14
-10
-5
-4
-5
-7
-6
-2
2
9
11
11
12
12
11
9
9
13
16
11
10
11
12
12
12
9
9
10
13
14
12
10
11
13
13
12
14
19
24
24
21
25
24
23
26
26
22
17
15
15
11
10
9
7
4
2
2
-2
-3
1
4
2
0
2
5
3
4
10
12
9
8
5
4
4
5
4
3
-1
-8
-8
-7
-3
-5
-6
-3
-5
-7
-8
-12
-10
-6
-5
-6
-8
-7
-8
-6
-5
-7
-8
-8
-9
-10
-9
-8
-8
-4
1
4
3
2
5
7
8
11
11
10
9
10
13
13
13
11
9
9
9
10
9
6
9
10
4
4
7
6
8
9
8
10
13
12
13
14
13
11
10
13
14
17
16
15
12
9
6
7
6
4
3
5
1
-2
0
1
1
1
1
-1
-3
-2
-2
-2
-3
-2
-1
-2
-1
0
0
-1
0
-1
2
2
-2
-3
-4
-3
-1
-3
-3
-3
-1
-2
-4
-2
1
4
2
-2
-3
-1
0
3
0
-2
-3
-2
-1
-1
0
0
3
4
3
5
6
9
8
2
-2
0
2
1
-1
-1
-4
-7
-10
-10
-10
-7
-7
-9
-10
-12
-10
-7
-8
-6
-6
-8
-5
-6
-6
-4
-4
-2
1
-3
-5
-2
0
0
0
-1
-1
-2
-1
1
0
-3
1
2
2
3
2
1
0
-2
-1
-2
-2
-2
-2
-3
-4
-4
-6
-6
-6
-6
-6
-6
-7
-10
-8
-4
-1
-1
-2
-1
1
3
4
3
0
0
3
3
1
0
-2
-1
0
0
0
-2
-2
-3
-2
-1
-1
1
1
-3
-4
-4
-1
1
2
1
-2
-2
-6
-6
-5
-3
-1
-2
-3
-6
-6
-3
1
0
-3
-5
-1
3
2
2
1
-2
1
4
5
4
2
1
1
-1
-4
-4
-5
-4
-2
-7
-8
-6
-6
-8
-8
-7
-5
-7
-9
-9
-6
-1
-1
0
3
4
5
4
6
9
8
9
12
11
8
7
6
9
10
8
7
5
4
3
4
3
1
1
-2
-4
-4
-4
-3
-2
-6
-4
-4
-6
-5
-6
-5
-4
-4
-3
-1
0
-1
2
3
3
4
6
6
7
7
5
5
5
5
6
5
3
0
0
-3
-2
-2
-4
-4
-5
-9
-7
-5
-7
-6
-4
-5
-4
-2
-4
-5
-2
-2
-4
-4
-2
-2
-1
0
-1
-3
-3
-2
1
-1
-1
-3
-4
-1
-3
-4
0
2
3
3
1
2
3
4
4
0
0
0
1
0
-2
2
1
1
3
1
0
3
3
3
3
-1
0
4
4
3
1
0
4
4
4
3
3
5
3
2
0
3
7
6
7
7
3
2
3
4
2
2
2
0
-5
-8
-6
-4
-6
-6
-6
-8
-8
-7
-8
-8
-8
-9
-7
-8
-9
-6
-4
-5
-2
1
0
1
3
3
4
5
5
4
3
2
2
3
5
3
3
5
4
3
3
2
4
3
1
3
3
6
5
7
8
7
8
12
12
10
7
5
5
5
6
8
7
7
5
6
3
1
4
4
4
2
-1
-4
-4
-5
-5
-6
-4
-4
-2
-2
-4
-4
-4
-2
-3
-4
-2
0
0
-2
-1
-2
-1
3
2
2
0
1
3
4
1
0
1
1
0
-2
-3
-3
-2
-2
-1
-3
-2
-2
-1
-2
-4
-5
-4
-3
-3
-4
-3
-2
-2
-1
-1
-1
-1
-2
-3
-1
-2
1
3
5
7
4
3
3
3
5
7
8
6
2
1
2
0
0
-1
0
3
3
1
2
1
2
2
-2
-5
-5
-4
-2
-1
-2
-4
-3
-3
-4
-6
-3
-3
-4
-4
-3
-6
-7
-8
-6
-4
-6
-7
-7
-7
-4
-4
-5
-5
-6
-8
-9
-8
-9
-7
-6
-6
-5
-5
-5
-5
-3
-3
-5
-4
-6
-8
-7
-7
-7
-8
-9
-9
-8
-8
-7
-7
-7
-4
-1
2
3
2
3
5
5
7
8
8
8
7
7
8
8
8
8
9
11
10
9
8
