-2
-3
-2
-2
-3
-2
-1
-1
-1
-1
-2
-1
1
1
1
0
1
3
3
4
3
2
4
5
2
0
0
1
2
4
5
4
2
3
6
7
5
4
3
4
4
4
5
6
8
8
10
11
7
8
12
10
11
13
10
10
10
9
7
8
10
10
10
12
15
12
11
13
10
8
9
7
7
6
2
2
3
0
0
-2
-2
-1
-5
-7
-3
-5
-3
-2
0
1
0
0
-1
-4
-2
-2
0
-1
-5
-4
-2
-5
-3
-1
-3
-4
-6
-5
-4
-4
-5
-8
-7
-8
-8
-5
-5
-4
-2
-4
-4
-5
-6
-7
-7
-7
-7
-8
-8
-8
-9
-8
-7
-7
-8
-9
-7
-4
-4
-4
-3
-4
-5
-4
-1
1
1
4
3
3
5
1
4
5
5
5
4
4
8
7
5
7
6
4
5
6
5
3
4
4
5
3
2
5
4
5
7
2
1
3
1
3
2
2
2
0
1
1
1
3
2
2
1
1
3
3
1
1
0
1
2
0
1
1
0
-1
-1
-2
-1
0
0
-1
-1
-2
-5
-4
-3
-5
-3
-3
-1
-2
-3
-2
-4
-5
-4
-4
-5
-2
-3
-4
1
-2
-3
0
1
0
0
1
1
0
1
0
-1
-1
-2
-1
-1
3
3
1
1
-2
-1
-2
-2
-5
-5
-5
-5
-3
-7
-6
-5
-6
-7
-6
-6
-7
-6
-6
-5
-3
-2
-6
-2
-3
-3
0
0
0
-2
1
-2
0
0
-2
3
4
4
5
3
4
5
5
4
1
2
0
-1
-3
-2
-4
-5
-3
-5
-7
-6
-7
-6
-8
-7
-7
-8
-6
-8
-8
-5
-7
-9
-8
-7
-5
-2
-3
-5
-2
-3
-1
0
1
1
3
7
6
4
6
6
8
6
6
8
11
10
10
10
8
9
9
9
8
8
7
5
4
1
-2
-1
-1
-1
-2
1
0
-1
-1
-3
-3
-3
-3
-2
0
-1
0
1
1
-1
2
2
0
1
-2
-1
1
1
3
3
3
3
4
5
1
0
2
3
3
2
6
7
7
7
4
1
3
1
0
-3
-5
-3
-4
-6
-6
-7
-5
-3
-5
-5
-4
-4
-1
0
-3
-2
-2
0
-2
-3
-3
-2
-1
-1
-1
-4
-3
-1
-3
-2
0
1
-1
0
0
-1
-1
-2
-1
2
2
1
2
5
3
2
6
6
4
6
6
6
6
5
3
4
4
3
2
2
2
0
1
2
0
-2
-4
-4
-2
-4
-5
-4
-5
-7
-7
-7
-7
-8
-8
-9
-9
-9
-9
-8
-9
-10
-9
-8
-9
-8
-5
-4
-4
-3
-1
0
1
5
4
3
6
7
10
12
14
14
15
16
16
15
16
14
14
16
12
13
15
12
12
12
8
8
5
2
3
0
-2
-4
-5
-6
-7
-6
-6
-8
-8
-9
-11
-11
-8
-8
-10
-9
-9
-10
-10
-10
-8
-6
-7
-6
-2
-1
1
5
6
9
11
12
15
14
14
16
17
17
17
19
18
18
18
16
15
12
11
10
11
9
8
8
8
10
7
6
5
3
2
0
2
2
-2
0
-3
-3
-4
-5
-5
-9
-9
-12
-11
-11
-15
-15
-15
-15
-13
-13
-14
-10
-10
-7
-9
-9
-6
-6
-4
-4
-4
-1
-1
1
1
0
1
4
5
6
5
3
3
2
1
-2
-3
-2
-1
-2
-2
0
1
3
2
1
2
2
2
3
3
3
5
4
2
0
-1
-1
-1
-1
-2
-3
-2
-2
-2
-5
-6
-3
-5
-8
-8
-7
-8
-9
-9
-12
-11
-10
-12
-11
-11
-12
-15
-15
-16
-16
-15
-16
-18
-17
-17
-17
-17
-16
-18
-16
-13
-12
-10
-9
-7
-6
-5
-4
-3
-5
-2
1
3
4
4
6
6
6
7
8
7
5
7
8
7
7
7
7
8
8
11
12
11
11
12
11
10
8
9
9
8
5
4
4
1
0
0
0
-3
-2
-2
-1
-2
-2
-2
0
2
0
1
2
2
2
2
1
4
5
3
3
5
4
5
4
2
4
2
1
1
-1
-3
-4
-4
-5
-6
-4
-6
-7
-4
-3
-2
0
-1
1
3
2
2
7
6
6
7
5
6
6
7
8
8
9
10
10
12
9
9
10
9
9
7
8
8
8
10
11
13
12
9
9
6
2
0
1
0
-1
-2
0
-3
-2
-2
-3
-4
-4
-3
-7
-9
-10
-9
-8
-7
-8
-9
-7
-9
-10
-10
-10
-10
-10
-10
-10
-9
-7
-7
-5
-4
-5
-3
0
0
1
4
5
8
9
10
13
12
11
13
15
16
17
18
16
14
14
14
13
11
12
13
12
12
10
11
9
5
4
4
4
3
4
3
1
4
4
2
5
4
3
2
1
-2
-5
-6
-6
-6
-7
-8
-7
-9
-12
-12
-13
-15
-16
-14
-13
-12
-13
-14
-14
-14
-16
-16
-15
-15
-12
-10
-10
-8
-9
-8
-7
-9
-9
-7
-8
-8
-9
-9
-10
-9
-12
-12
-11
-12
-11
-10
-10
-8
-8
-5
-5
-4
0
-2
-2
-1
-2
-2
1
4
5
8
9
7
9
10
8
9
10
9
9
9
8
11
11
10
11
10
9
10
11
8
7
9
8
5
4
3
2
1
-3
-5
-4
-5
-6
-6
-6
-5
-6
-5
-5
-6
-6
-7
-7
-8
-5
-2
-2
-1
-1
-1
-2
-3
-2
-1
-1
1
5
6
8
7
9
10
11
11
9
10
12
10
13
15
14
13
13
12
10
10
8
8
7
8
6
5
4
0
-2
-4
-6
-7
-6
-9
-9
-8
-7
-7
-7
-6
-6
-7
-9
-8
-6
-4
-2
-1
-1
0
2
0
-2
-3
-2
0
0
0
0
1
-2
-2
-5
-4
-4
-5
-6
-5
-5
-5
-1
-2
-1
1
-1
2
2
2
2
0
0
2
3
2
0
-1
-2
-1
-1
-1
-2
0
1
0
-1
-3
-2
-2
-2
-1
-2
-1
1
1
2
3
5
6
7
9
10
10
9
9
11
13
11
11
10
9
9
9
9
8
8
9
7
7
6
5
3
1
0
2
-1
-2
-1
-1
2
0
-2
-1
-2
-2
-1
-2
-2
-2
-1
2
3
1
0
1
0
0
2
1
3
4
5
5
3
3
0
0
-1
-2
-2
-4
-4
-4
-7
-10
-7
-7
-9
-8
-4
-5
-7
-6
-4
-4
-4
-4
-6
-6
-5
-5
-4
-5
-7
-6
-3
-2
-4
-4
-6
-3
-4
-5
-2
-2
-3
2
3
3
3
3
2
4
6
5
7
7
8
8
8
10
8
7
7
6
6
5
5
5
3
2
1
0
-2
-2
0
-3
-2
-1
-4
-3
-5
-5
-7
-10
-9
-9
-10
-9
-12
-12
-12
-15
-14
-14
-13
-12
-12
-12
-13
-14
-12
-11
-12
-13
-10
-9
-8
-7
-5
-3
1
2
1
4
3
3
4
3
7
6
5
9
9
7
7
7
9
6
10
12
11
11
12
10
8
10
10
8
8
7
9
8
8
9
9
9
9
8
7
4
3
4
3
2
3
2
1
0
1
-2
-5
-4
-2
-3
-3
-1
-4
-5
-5
-7
-7
-7
-9
-7
-8
-8
-5
-5
-7
-6
-7
-7
-4
-2
-4
-2
-3
0
-1
-2
0
0
0
1
3
2
3
2
3
5
6
7
6
6
4
5
4
6
5
5
5
5
7
7
7
8
6
6
9
10
7
9
8
5
3
3
2
0
1
-1
1
0
-1
-1
-4
-4
-4
-6
-6
-6
-4
-5
-3
-3
-4
-4
-2
0
0
-2
-3
-1
-2
-3
-2
-3
-5
-6
-5
-5
-5
-5
-7
-6
-6
-6
-6
-7
-4
-5
-5
-2
0
0
0
0
1
-1
-2
0
0
3
4
4
7
5
4
3
2
1
-2
-2
-1
-2
-2
-3
-4
-6
-7
-5
-3
-3
-4
-4
-3
-5
-6
-7
-6
-3
-4
-5
-2
-2
-3
-2
-1
2
2
1
2
2
2
4
3
3
4
3
2
3
3
1
2
3
5
5
3
6
6
4
6
6
6
6
4
6
5
4
6
7
6
6
8
9
9
9
8
9
7
3
4
5
2
2
0
-4
-4
-6
-8
-8
-7
-7
-5
-6
-7
-10
-8
-8
-8
-7
-9
-8
-6
-6
-6
-6
-4
-4
-2
-1
-2
-3
-4
-2
-1
-4
-2
-3
-5
-5
-8
-7
-5
-7
-7
-6
-4
-3
0
-1
1
1
0
2
2
3
3
3
5
6
8
8
8
9
8
8
6
6
5
5
4
5
7
5
4
3
4
3
4
6
4
3
2
1
1
-2
0
0
-2
1
0
-3
-3
-1
-1
-4
-6
-3
-3
-4
-5
-6
-4
-6
-4
-5
-6
-6
-5
-6
-6
-8
-8
-8
-11
-11
-10
-9
-8
-9
-7
-7
-7
-6
-7
-8
-9
-7
-4
-6
-4
-2
-3
0
2
4
3
2
5
8
10
10
11
13
11
12
14
14
13
12
14
15
13
12
11
11
9
9
8
5
7
8
6
7
7
7
4
3
4
2
2
0
-1
0
-3
-5
-6
-8
-8
-10
-11
-11
-15
-14
-14
-12
-11
-14
-14
-13
-14
-14
-14
-14
-12
-11
-8
-8
-6
-3
0
-2
0
1
0
2
4
5
6
7
9
11
12
13
14
17
16
18
17
16
15
13
16
11
11
12
10
10
7
9
8
9
9
8
7
4
3
1
0
1
-1
-2
-4
-6
-3
-5
-6
-8
-8
-8
-7
-6
-5
-5
-6
-6
-7
-6
-6
-8
-9
-5
-4
-5
-3
-2
-3
-1
-1
-1
0
0
2
2
3
3
5
6
6
5
5
7
5
5
6
7
7
6
5
5
3
2
1
2
0
-2
0
0
-1
0
0
0
0
0
1
1
4
2
3
2
-2
-4
-4
-3
-3
-4
-4
-6
-7
-5
-4
-5
-7
-6
-5
-6
-6
-6
-6
-7
-7
-5
-9
-8
-6
-8
-5
-2
-3
-4
-4
-1
-3
-5
-2
-3
-2
-2
-2
1
-1
0
2
2
1
1
2
3
3
2
1
1
1
4
3
1
1
1
3
4
5
5
5
7
6
5
5
5
6
6
4
2
4
4
2
1
0
-2
-1
-1
0
-2
0
-1
-2
-2
-6
-5
-4
-6
-6
-4
-5
-7
-8
-9
-8
-9
-7
-7
-8
-7
-6
-5
-6
-6
-4
-2
-3
-5
-3
-2
-2
-1
-1
-2
-2
-2
0
1
1
2
2
4
4
2
3
0
1
4
5
5
7
8
4
3
2
3
6
4
3
5
3
1
-1
-2
-3
-1
0
1
-1
0
-2
-3
-1
0
-2
-4
-4
-4
-5
-3
-3
-4
0
-1
-1
1
0
1
0
1
0
-1
-1
-6
-5
-4
-7
-6
-1
-4
-5
-4
-6
-6
-6
-5
-4
0
0
0
3
2
4
6
8
8
9
10
9
8
9
8
7
9
8
8
9
7
5
4
5
3
3
3
1
0
0
-3
-5
-2
-2
-3
0
-1
-3
-2
-1
-2
-1
-2
-3
-2
-1
-2
-1
-1
-1
-3
-3
-5
-5
-4
-6
-4
0
-3
-1
1
-1
0
-1
1
1
1
4
5
6
7
5
4
5
5
7
7
9
9
9
9
9
9
9
9
10
11
8
7
7
6
4
3
3
2
0
-1
1
0
2
1
2
1
-1
-4
-5
-5
-6
-5
-4
-7
-7
-7
-7
-6
-5
-7
-8
-8
-7
-8
-8
-6
-6
-6
-5
-4
-5
-3
-3
-6
-5
-6
-4
-2
-2
-1
0
-4
-4
-1
1
3
3
4
4
4
3
5
5
6
6
4
5
4
2
4
2
4
4
2
4
4
4
3
3
4
0
4
5
2
2
2
4
-1
1
3
1
2
1
2
5
3
2
2
-1
-2
-2
-4
-4
-2
0
1
1
0
1
-2
-4
-2
-3
-3
-2
-1
1
-2
-6
-6
-4
-2
-2
-4
-5
-7
-5
-4
-4
-4
-7
-5
-4
-1
-3
-3
1
-3
-2
-2
-2
0
1
2
3
1
3
6
6
5
5
5
5
6
5
4
7
6
6
5
5
9
9
10
12
8
11
9
8
8
7
7
5
4
2
2
2
2
2
0
-2
1
-3
-4
-5
-9
-7
-9
-9
-9
-9
-7
-7
-6
-9
-10
-7
-7
-6
-6
-5
0
-3
-3
-4
-7
-6
-2
-1
-1
-3
-2
1
-1
0
2
-1
-1
2
-1
0
2
1
3
2
0
1
1
1
1
-1
-1
-1
-2
-2
-2
-2
-1
-2
-3
1
-1
-3
-2
-4
-3
-4
-4
-3
-2
-1
-2
-3
-3
-2
-3
-4
-4
-2
-2
-1
-2
-2
-1
-3
-1
-5
-4
-2
-2
0
0
1
3
2
2
2
2
2
2
0
1
3
3
3
2
3
6
5
5
6
5
4
3
2
2
0
-4
-1
-1
-1
0
-2
-2
-4
-3
-2
-2
0
0
-3
-2
-3
-3
-4
-2
-1
-3
-3
-2
-3
-1
0
2
5
4
2
1
3
3
3
4
1
0
4
5
4
4
4
4
4
3
4
4
4
3
-1
-2
-4
-4
-3
-7
-5
-4
-4
-5
-5
-4
-3
-4
-3
-2
-2
-2
-4
-5
-3
1
3
5
8
8
6
5
6
6
7
8
8
6
5
2
1
-1
-3
-4
-5
-6
-8
-10
-10
-11
-10
-9
-10
-7
-8
-10
-10
-10
-9
-8
-7
-5
-5
-4
-5
-4
-1
1
2
4
3
5
6
5
6
7
4
5
6
7
7
8
7
8
7
10
10
10
9
7
5
4
2
1
0
-3
0
-2
-7
-4
-7
-7
-7
-9
-6
-8
-8
-5
-7
-6
-7
-7
-6
-9
-7
-4
-3
-4
-4
-4
-5
-6
-5
-7
-6
-5
-5
-5
-4
-5
-2
-3
-3
0
0
3
3
3
5
4
4
4
5
5
5
5
6
7
7
9
12
10
9
7
5
5
2
3
5
3
3
1
0
3
1
5
7
6
6
6
5
2
2
1
2
5
5
6
6
7
7
2
2
5
6
5
2
5
6
5
5
4
5
9
8
8
10
9
6
8
6
6
9
8
6
4
1
4
6
5
4
6
5
6
7
6
4
4
6
7
6
7
7
5
4
2
5
3
3
4
6
7
5
5
2
2
5
3
1
0
-1
-4
-5
-5
-6
-7
-10
-8
-9
-10
-9
-9
-7
-6
-8
-9
-13
-14
-13
-16
-15
-15
-16
-11
-11
-9
-7
-8
-8
-6
-4
-1
0
2
5
4
6
10
10
11
13
15
14
14
17
18
17
17
14
13
13
9
10
9
3
2
-1
-3
-5
-6
-7
-10
-13
-12
-14
-15
-17
-20
-20
-20
-22
-24
-26
-27
-26
-29
-28
-25
-25
-23
-21
-20
-16
-19
-17
-12
-13
-13
-10
-10
-6
-2
0
3
5
8
10
10
11
9
8
9
8
6
5
5
3
1
-1
-4
-4
-2
-2
0
0
-3
-3
-5
-8
-8
-8
-7
-8
-8
-8
-10
-8
-4
-5
-3
-2
-3
-3
-2
-1
0
2
2
3
4
4
7
6
8
8
9
11
10
10
9
9
10
9
10
9
8
6
1
2
3
4
4
3
4
3
2
4
2
2
3
1
4
4
3
5
4
3
6
7
6
10
9
11
11
12
14
12
12
11
14
15
14
14
14
15
14
13
13
16
15
16
16
16
14
12
11
11
11
9
8
5
4
2
-1
0
-1
-2
-3
-3
-2
-3
-4
-3
-2
-3
-4
-4
-4
-6
-5
-4
-4
-3
-5
-3
-3
-2
0
1
-1
0
-1
-2
-3
-6
-6
-6
-7
-6
-6
-11
-12
-13
-12
-13
-14
-13
-13
-14
-16
-17
-18
-21
-19
-19
-16
-18
-17
-17
-18
-18
-18
-16
-16
-18
-16
-14
-15
-16
-15
-14
-14
-12
-11
-9
-7
-4
1
0
-3
0
-3
-4
-2
-3
-3
-3
-3
-5
-4
-4
-3
-3
-3
-2
-2
-1
-2
-2
0
1
1
2
2
2
1
-1
2
3
4
3
5
9
9
7
6
5
5
6
7
6
5
9
6
6
6
6
8
8
8
9
13
12
11
12
11
11
9
8
9
9
11
10
8
8
4
4
5
4
4
2
2
2
2
0
2
2
1
2
4
6
7
9
10
10
10
12
11
12
13
12
13
12
12
14
14
11
11
9
11
7
5
6
6
4
4
2
3
2
-1
-3
-5
-5
-4
-5
-7
-6
-7
-8
-7
-9
-9
-8
-7
-7
-6
-8
-7
-9
-8
-5
-6
-2
-1
-2
2
3
1
2
3
3
9
6
8
9
5
9
10
11
10
7
7
8
6
6
8
8
7
7
5
3
2
3
4
4
4
4
2
2
2
1
-1
-1
1
1
0
-2
-6
-6
-5
-6
-9
-12
-13
-14
-14
-15
-16
-17
-15
-16
-17
-15
-16
-17
-18
-18
-14
-15
-14
-13
-16
-15
-15
-13
-15
-15
-12
-10
-11
-10
-8
-3
-3
-3
-1
4
7
9
11
11
12
16
15
17
19
18
21
23
21
21
21
22
20
17
16
15
12
9
8
3
0
1
-3
-6
-8
-11
-12
-16
-18
-18
-22
-23
-26
-30
-31
-33
-36
-35
-39
-41
-41
-43
-43
-41
-39
-38
-35
-31
-30
-28
-24
-22
-16
-9
-7
-1
6
12
19
23
32
38
41
47
55
59
64
69
73
79
80
80
83
84
86
86
86
88
85
84
83
79
75
72
65
62
56
50
43
34
26
18
10
2
-9
-17
-26
-36
-45
-52
-63
-73
-80
-86
-94
-101
-105
-110
-113
-118
-121
-122
-124
-125
-122
-120
-117
-116
-112
-108
-104
-97
-89
-83
-72
-61
-49
-39
-31
-19
-4
9
24
38
50
63
78
90
103
117
125
135
144
150
160
165
170
173
174
172
171
169
160
153
147
138
130
117
103
90
74
59
43
26
7
-12
-29
-47
-64
-84
-101
-118
-136
-154
-170
-186
-200
-213
-224
-235
-242
-247
-252
-254
-257
-259
-255
-250
-241
-232
-220
-204
-190
-170
-149
-127
-100
-78
-53
-26
0
27
55
85
111
138
167
192
216
238
260
283
303
318
331
342
352
358
364
367
366
362
356
347
338
323
305
289
265
238
213
183
149
119
87
50
13
-25
-63
-103
-140
-177
-216
-252
-288
-324
-355
-387
-414
-438
-463
-483
-500
-514
-523
-523
-522
-516
-505
-491
-472
-449
-422
-390
-354
-313
-269
-222
-172
-118
-64
-10
49
108
162
219
275
328
381
430
476
520
562
597
631
657
679
699
715
721
726
727
719
707
692
669
642
608
573
532
486
438
384
324
263
200
131
59
-14
-88
-164
-241
-319
-397
-475
-549
-620
-686
-751
-810
-860
-905
-942
-969
-990
-1000
-1003
-1001
-986
-960
-926
-880
-829
-772
-703
-627
-548
-464
-378
-288
-194
-100
-4
90
182
276
367
455
537
616
689
758
821
878
929
975
1011
1040
1068
1088
1097
1101
1095
1082
1065
1036
1003
961
906
849
786
712
633
545
452
353
249
140
24
-94
-215
-336
-456
-575
-694
-804
-909
-1012
-1102
-1180
-1252
-1311
-1358
-1393
-1414
-1422
-1417
-1399
-1365
-1317
-1257
-1185
-1105
-1013
-913
-807
-694
-574
-452
-329
-202
-77
48
169
289
409
521
626
727
821
911
991
1068
1136
1192
1240
1283
1315
1340
1358
1366
1366
1358
1342
1317
1280
1236
1182
1117
1046
964
873
776
669
556
437
310
178
40
-97
-235
-374
-511
-647
-780
-905
-1028
-1141
-1244
-1341
-1425
-1497
-1558
-1602
-1630
-1649
-1651
-1639
-1615
-1575
-1522
-1453
-1376
-1287
-1184
-1075
-958
-836
-710
-580
-448
-314
-179
-47
85
215
340
461
578
687
793
888
974
1057
1132
1198
1256
1306
1351
1387
1412
1432
1444
1442
1437
1423
1392
1354
1307
1254
1189
1114
1029
934
832
722
608
489
361
233
99
-40
-181
-319
-457
-592
-721
-842
-961
-1072
-1175
-1272
-1356
-1427
-1490
-1536
-1570
-1590
-1596
-1592
-1573
-1543
-1500
-1445
-1378
-1302
-1214
-1120
-1021
-910
-795
-677
-557
-434
-308
-186
-64
55
170
282
391
498
600
696
787
871
948
1017
1080
1136
1184
1228
1268
1298
1320
1337
1347
1348
1341
1328
1309
1281
1243
1196
1141
1081
1012
934
850
763
669
568
462
352
237
120
-1
-119
-237
-350
-459
-569
-671
-766
-856
-939
-1016
-1084
-1146
-1195
-1238
-1271
-1292
-1304
-1306
-1300
-1286
-1264
-1234
-1196
-1151
-1097
-1036
-972
-897
-817
-738
-650
-560
-469
-374
-278
-185
-89
8
104
198
292
385
475
559
643
724
796
865
930
987
1036
1082
1121
1153
1183
1205
1220
1232
1237
1230
1217
1196
1167
1127
1079
1028
967
897
823
744
657
563
463
359
251
141
32
-81
-192
-301
-410
-515
-616
-711
-803
-892
-969
-1040
-1102
-1158
-1202
-1238
-1267
-1285
-1294
-1292
-1283
-1266
-1242
-1205
-1163
-1116
-1062
-1002
-932
-857
-779
-697
-611
-522
-431
-338
-244
-150
-56
39
130
223
314
400
481
564
641
710
779
842
901
955
999
1045
1084
1121
1148
1171
1193
1205
1205
1197
1183
1164
1133
1093
1046
990
928
856
776
690
598
501
400
293
186
73
-44
-159
-270
-378
-484
-584
-680
-770
-852
-929
-1001
-1061
-1115
-1163
-1201
-1229
-1251
-1265
-1270
-1264
-1251
-1233
-1204
-1170
-1128
-1079
-1023
-963
-895
-820
-740
-654
-564
-471
-377
-284
-186
-84
13
108
207
303
393
482
567
649
725
794
859
921
978
1026
1065
1104
1137
1164
1183
1197
1207
1207
1198
1184
1165
1138
1100
1056
1005
947
879
805
726
645
555
457
358
256
150
41
-67
-174
-278
-381
-478
-571
-659
-746
-828
-901
-966
-1024
-1076
-1118
-1152
-1182
-1201
-1217
-1222
-1218
-1210
-1193
-1165
-1132
-1091
-1044
-988
-926
-856
-782
-706
-619
-528
-437
-344
-246
-148
-48
51
147
244
336
422
504
581
654
720
783
842
893
938
983
1022
1053
1081
1099
1117
1131
1139
1140
1130
1117
1104
1082
1051
1015
967
915
853
782
709
629
541
450
354
252
149
44
-64
-167
-271
-374
-471
-562
-650
-734
-811
-881
-942
-1000
-1050
-1089
-1122
-1146
-1161
-1171
-1171
-1162
-1150
-1130
-1101
-1068
-1028
-981
-928
-867
-804
-737
-663
-585
-506
-425
-339
-252
-161
-69
22
111
198
281
356
428
499
566
628
687
741
787
835
880
917
949
978
1002
1025
1044
1057
1067
1075
1071
1061
1041
1018
986
942
895
838
778
709
635
554
467
378
285
189
95
-1
-101
-202
-299
-393
-486
-575
-656
-732
-806
-871
-932
-983
-1023
-1059
-1089
-1109
-1119
-1122
-1119
-1110
-1091
-1066
-1039
-1005
-966
-918
-868
-817
-755
-689
-618
-542
-460
-375
-289
-201
-115
-27
60
143
219
293
362
426
484
546
602
651
700
749
797
843
879
913
946
975
1001
1026
1043
1054
1061
1053
1040
1022
994
954
904
848
787
717
643
564
476
381
284
184
83
-22
-128
-235
-340
-443
-543
-637
-724
-804
-883
-956
-1016
-1068
-1114
-1151
-1180
-1200
-1210
-1211
-1208
-1199
-1180
-1156
-1126
-1082
-1031
-973
-912
-843
-768
-689
-602
-512
-426
-335
-241
-150
-58
34
120
199
280
362
431
497
561
626
693
756
814
872
934
997
1054
1110
1163
1211
1255
1288
1308
1320
1319
1309
1283
1247
1202
1144
1075
996
909
817
718
611
494
372
250
123
-11
-143
-277
-403
-530
-654
-772
-885
-984
-1075
-1161
-1237
-1300
-1350
-1389
-1419
-1438
-1443
-1431
-1406
-1375
-1340
-1297
-1241
-1178
-1114
-1046
-972
-894
-811
-723
-624
-525
-433
-340
-245
-147
-46
46
134
220
304
392
478
557
631
709
799
895
997
1089
1174
1266
1363
1457
1541
1617
1685
1735
1762
1770
1764
1757
1730
1667
1581
1486
1379
1260
1124
972
814
648
473
299
125
-45
-220
-391
-551
-693
-815
-933
-1041
-1134
-1208
-1261
-1304
-1337
-1359
-1368
-1364
-1352
-1326
-1296
-1258
-1217
-1173
-1127
-1077
-1021
-958
-888
-820
-754
-688
-621
-556
-493
-429
-367
-305
-238
-172
-103
-25
57
143
233
336
459
594
736
889
1045
1212
1385
1564
1754
1945
2111
2223
2291
2348
2412
2444
2415
2327
2199
2054
1891
1696
1468
1208
923
625
327
30
-262
-557
-855
-1131
-1369
-1565
-1740
-1889
-2006
-2090
-2137
-2160
-2168
-2156
-2121
-2061
-1994
-1905
-1794
-1672
-1544
-1413
-1269
-1113
-954
-800
-653
-510
-374
-255
-162
-89
-32
13
42
57
71
80
91
111
148
205
278
380
510
669
857
1079
1329
1593
1861
2142
2436
2730
2977
3125
3191
3244
3303
3312
3221
3044
2825
2595
2347
2055
1719
1350
951
529
102
-313
-724
-1153
-1594
-2003
-2341
-2613
-2845
-3043
-3190
-3269
-3279
-3229
-3138
-3025
-2894
-2753
-2595
-2402
-2191
-1998
-1840
-1709
-1576
-1427
-1289
-1186
-1110
-1052
-1001
-949
-901
-865
-837
-818
-799
-766
-711
-635
-547
-454
-352
-228
-72
120
339
568
815
1096
1417
1754
2092
2447
2844
3251
3567
3716
3778
3871
3986
4010
3860
3573
3246
2926
2573
2137
1626
1089
530
-45
-605
-1120
-1601
-2090
-2588
-3031
-3344
-3533
-3664
-3777
-3838
-3791
-3623
-3373
-3088
-2794
-2506
-2232
-1931
-1590
-1233
-921
-703
-551
-410
-256
-125
-74
-116
-213
-324
-432
-549
-695
-869
-1054
-1212
-1311
-1355
-1360
-1337
-1272
-1151
-957
-683
-349
30
437
871
1359
1901
2453
2985
3515
4073
4633
5049
5197
5156
5117
5130
5058
4756
4222
3594
3001
2434
1810
1094
323
-466
-1250
-1990
-2633
-3175
-3682
-4191
-4651
-4952
-5026
-4931
-4777
-4610
-4372
-3986
-3447
-2829
-2216
-1677
-1224
-810
-377
76
475
739
853
864
837
806
728
540
230
-157
-544
-888
-1194
-1490
-1799
-2096
-2314
-2406
-2379
-2261
-2074
-1821
-1497
-1073
-529
99
756
1395
2028
2701
3424
4152
4846
5513
6151
6640
6811
6680
6464
6290
6063
5596
4816
3845
2900
2064
1243
344
-626
-1595
-2500
-3310
-3985
-4503
-4898
-5221
-5474
-5574
-5434
-5048
-4515
-3960
-3409
-2799
-2063
-1217
-364
381
954
1362
1679
1973
2221
2334
2240
1950
1537
1094
643
150
-432
-1095
-1760
-2349
-2830
-3204
-3503
-3728
-3845
-3816
-3623
-3272
-2775
-2168
-1495
-787
-18
831
1731
2607
3402
4128
4824
5492
6109
6666
7188
7618
7757
7432
6763
6065
5473
4843
3935
2691
1326
114
-864
-1749
-2663
-3577
-4401
-5071
-5573
-5871
-5928
-5800
-5584
-5309
-4909
-4281
-3419
-2455
-1543
-740
11
799
1632
2412
3033
3416
3510
3358
3087
2780
2401
1842
1042
80
-878
-1708
-2421
-3100
-3777
-4387
-4831
-5069
-5120
-5015
-4770
-4385
-3869
-3232
-2466
-1576
-597
395
1325
2174
2991
3804
4563
5201
5698
6084
6391
6630
6815
6990
7166
7152
6640
5585
4384
3459
2804
2062
949
-445
-1741
-2661
-3253
-3731
-4221
-4673
-4991
-5152
-5134
-4866
-4353
-3743
-3169
-2646
-2068
-1312
-409
478
1188
1674
2040
2407
2781
3060
3119
2887
2382
1701
961
228
-513
-1319
-2197
-3067
-3821
-4387
-4754
-4965
-5065
-5049
-4891
-4572
-4097
-3495
-2808
-2057
-1263
-453
363
1192
2008
2753
3383
3887
4300
4642
4908
5100
5212
5236
5194
5139
5162
5299
5369
5015
4079
2903
1996
1480
1043
346
-651
-1679
-2447
-2878
-3086
-3210
-3310
-3385
-3443
-3444
-3257
-2812
-2226
-1686
-1282
-954
-562
-37
554
1078
1430
1608
1698
1773
1825
1807
1644
1250
613
-148
-877
-1514
-2112
-2729
-3353
-3906
-4329
-4592
-4683
-4602
-4362
-4011
-3612
-3171
-2662
-2072
-1421
-759
-130
443
977
1490
1976
2410
2759
3010
3186
3323
3440
3536
3609
3683
3761
3840
3980
4277
4649
4746
4257
3314
2412
1877
1590
1192
467
-488
-1390
-2031
-2402
-2604
-2740
-2856
-3001
-3180
-3269
-3117
-2704
-2176
-1707
-1375
-1099
-721
-182
427
942
1266
1444
1562
1637
1655
1623
1500
1164
501
-427
-1377
-2142
-2726
-3257
-3824
-4385
-4799
-4946
-4837
-4544
-4116
-3583
-3006
-2464
-1947
-1374
-701
25
686
1209
1623
2020
2437
2814
3081
3224
3297
3338
3359
3384
3453
3558
3651
3741
3934
4288
4593
4445
3709
2741
1990
1572
1241
687
-160
-1074
-1796
-2251
-2501
-2624
-2660
-2659
-2718
-2834
-2828
-2548
-2021
-1426
-966
-678
-424
-53
439
939
1305
1483
1544
1544
1484
1371
1211
970
590
-3
-817
-1708
-2490
-3066
-3485
-3865
-4241
-4528
-4611
-4451
-4072
-3548
-2962
-2366
-1801
-1288
-792
-263
297
825
1231
1485
1651
1818
2015
2183
2267
2268
2255
2284
2351
2442
2580
2789
3074
3443
3926
4514
4978
4925
4240
3279
2502
2045
1675
1073
153
-883
-1790
-2452
-2857
-3066
-3144
-3166
-3243
-3366
-3350
-3038
-2434
-1703
-1066
-605
-208
255
811
1376
1815
2061
2144
2093
1921
1692
1426
1062
474
-413
-1481
-2493
-3296
-3887
-4330
-4676
-4922
-5006
-4872
-4508
-3927
-3174
-2352
-1585
-952
-430
78
633
1193
1660
1969
2128
2214
2291
2369
2423
2432
2408
2367
2319
2310
2405
2613
2909
3291
3805
4410
4820
4666
3920
2980
2264
1838
1445
811
-87
-1051
-1883
-2487
-2840
-2974
-2956
-2918
-2985
-3110
-3077
-2711
-2053
-1317
-726
-313
31
432
922
1412
1774
1947
1968
1861
1636
1342
1030
686
205
-493
-1387
-2360
-3240
-3889
-4277
-4492
-4626
-4681
-4578
-4251
-3680
-2922
-2100
-1327
-669
-146
281
671
1076
1471
1762
1878
1852
1794
1768
1784
1810
1831
1846
1857
1893
2007
2256
2638
3099
3630
4272
4918
5203
4818
3915
2979
2317
1832
1243
379
-669
-1684
-2516
-3111
-3450
-3546
-3456
-3343
-3346
-3367
-3165
-2603
-1770
-935
-318
112
530
1025
1539
1941
2166
2243
2178
1943
1569
1132
673
115
-655
-1646
-2682
-3554
-4173
-4564
-4794
-4897
-4852
-4626
-4200
-3589
-2822
-1961
-1111
-394
128
510
862
1237
1584
1806
1871
1826
1748
1691
1659
1652
1666
1694
1733
1776
1870
2101
2489
3006
3637
4394
5157
5537
5199
4273
3246
2496
2009
1478
633
-482
-1631
-2587
-3219
-3532
-3586
-3461
-3333
-3346
-3400
-3222
-2640
-1733
-793
-87
356
708
1134
1636
2075
2319
2352
2214
1931
1546
1103
641
144
-463
-1280
-2296
-3341
-4175
-4656
-4846
-4888
-4856
-4719
-4388
-3831
-3077
-2194
-1266
-425
217
624
881
1136
1445
1729
1860
1788
1590
1400
1285
1253
1284
1363
1459
1545
1651
1877
2272
2812
3455
4218
5047
5609
5489
4669
3597
2747
2205
1683
885
-210
-1401
-2452
-3216
-3652
-3773
-3653
-3478
-3436
-3491
-3375
-2860
-1974
-994
-215
296
683
1103
1593
2045
2337
2447
2386
2132
1715
1226
725
166
-579
-1561
-2632
-3581
-4282
-4713
-4942
-5012
-4917
-4645
-4201
-3603
-2859
-1982
-1071
-275
322
732
1046
1350
1636
1837
1912
1879
1780
1655
1537
1448
1427
1474
1536
1586
1679
1895
2264
2754
3361
4131
4979
5486
5235
4329
3277
2505
2026
1524
731
-326
-1432
-2398
-3099
-3482
-3540
-3363
-3186
-3207
-3323
-3218
-2684
-1807
-891
-212
221
581
994
1461
1881
2161
2285
2234
1968
1542
1071
641
222
-361
-1247
-2328
-3345
-4089
-4521
-4733
-4824
-4800
-4628
-4280
-3747
-3029
-2155
-1232
-419
164
531
812
1125
1455
1707
1802
1757
1651
1538
1457
1435
1476
1560
1627
1656
1725
1945
2329
2820
3421
4174
4966
5405
5112
4206
3196
2464
1985
1454
636
-416
-1474
-2369
-3022
-3391
-3467
-3317
-3173
-3214
-3320
-3196
-2658
-1801
-928
-289
129
501
931
1396
1792
2046
2165
2130
1907
1517
1058
644
253
-302
-1170
-2274
-3340
-4108
-4531
-4721
-4784
-4739
-4559
-4229
-3726
-3037
-2185
-1269
-463
98
444
727
1066
1443
1748
1897
1913
1866
1802
1752
1742
1792
1880
1944
1968
2040
2255
2622
3106
3702
4409
5040
5185
4648
3711
2856
2301
1892
1329
472
-546
-1509
-2291
-2820
-3073
-3082
-2980
-2980
-3139
-3233
-2999
-2392
-1601
-912
-448
-90
307
774
1235
1591
1823
1939
1906
1709
1394
1039
681
222
-514
-1546
-2661
-3565
-4137
-4470
-4678
-4791
-4777
-4586
-4209
-3655
-2926
-2082
-1253
-581
-126
213
597
1054
1483
1783
1934
1997
2034
2061
2078
2107
2159
2210
2221
2214
2282
2485
2813
3253
3827
4445
4782
4511
3694
2764
2094
1703
1323
686
-204
-1138
-1920
-2446
-2718
-2767
-2678
-2641
-2777
-2945
-2878
-2444
-1756
-1067
-575
-253
59
441
866
1253
1544
1727
1767
1643
1413
1156
901
610
148
-612
-1606
-2588
-3345
-3856
-4215
-4472
-4599
-4577
-4406
-4076
-3555
-2853
-2061
-1318
-744
-325
82
559
1055
1467
1752
1935
2075
2192
2271
2332
2407
2497
2570
2602
2625
2709
2895
3193
3642
4227
4702
4666
3989
3004
2193
1738
1439
971
213
-691
-1524
-2146
-2513
-2626
-2548
-2453
-2535
-2763
-2881
-2660
-2109
-1459
-958
-653
-384
-25
402
803
1116
1353
1512
1534
1416
1233
1054
880
629
170
-562
-1478
-2369
-3083
-3615
-4009
-4289
-4453
-4482
-4361
-4074
-3587
-2936
-2224
-1572
-1051
-616
-155
360
860
1280
1592
1821
2024
2211
2373
2513
2631
2718
2774
2820
2885
2996
3162
3411
3806
4321
4653
4435
3649
2677
1945
1544
1235
745
-1
-851
-1618
-2189
-2514
-2587
-2492
-2424
-2552
-2791
-2866
-2596
-2038
-1431
-992
-721
-460
-111
299
697
1030
1287
1453
1491
1415
1294
1175
1034
758
211
-606
-1509
-2286
-2869
-3336
-3747
-4098
-4337
-4412
-4321
-4053
-3599
-3023
-2433
-1921
-1494
-1054
-520
76
619
1053
1398
1720
2051
2356
2611
2836
3023
3142
3196
3220
3267
3381
3543
3758
4067
4391
4443
3976
3103
2216
1604
1255
934
411
-332
-1124
-1784
-2229
-2441
-2453
-2377
-2379
-2536
-2723
-2723
-2426
-1916
-1403
-1050
-815
-554
-209
187
561
876
1128
1302
1382
1375
1333
1291
1182
857
221
-613
-1397
-1966
-2376
-2764
-3183
-3583
-3866
-3974
-3922
-3709
-3345
-2916
-2534
-2231
-1929
-1497
-904
-252
319
764
1150
1563
2011
2439
2805
3108
3340
3484
3553
3592
3643
3738
3872
4036
4209
4256
3973
3314
2491
1781
1306
977
591
21
-669
-1317
-1793
-2064
-2166
-2171
-2193
-2323
-2515
-2629
-2558
-2278
-1883
-1531
-1294
-1115
-896
-616
-287
41
328
562
729
830
882
915
957
957
804
434
-86
-598
-992
-1276
-1537
-1836
-2163
-2461
-2668
-2757
-2719
-2568
-2365
-2184
-2041
-1880
-1614
-1204
-720
-256
135
463
783
1097
1397
1682
1928
2122
2259
2341
2398
2453
2522
2624
2759
2909
3017
2975
2732
2369
2008
1743
1574
1424
1201
863
470
111
-161
-337
-447
-559
-732
-961
-1185
-1358
-1449
-1443
-1376
-1307
-1263
-1250
-1252
-1238
-1177
-1057
-918
-800
-714
-655
-600
-515
-393
-281
-213
-223
-312
-439
-555
-633
-673
-700
-741
-822
-933
-1037
-1089
-1090
-1061
-1038
-1046
-1081
-1110
-1095
-1030
-927
-798
-659
-524
-392
-243
-63
156
405
655
876
1075
1277
1494
1721
1955
2190
2408
2578
2667
2651
2560
2454
2371
2294
2187
2032
1830
1593
1342
1096
847
616
399
164
-103
-392
-666
-892
-1055
-1168
-1274
-1392
-1515
-1619
-1676
-1684
-1647
-1570
-1478
-1371
-1248
-1116
-975
-825
-697
-626
-604
-608
-603
-576
-540
-516
-521
-559
-611
-663
-709
-729
-723
-716
-731
-773
-820
-850
-854
-829
-779
-715
-635
-557
-496
-441
-379
-291
-168
-17
172
399
655
940
1257
1611
1988
2334
2595
2764
2879
2971
3031
3054
3048
3009
2914
2744
2512
2237
1952
1682
1400
1074
714
339
-45
-423
-770
-1075
-1349
-1612
-1860
-2085
-2277
-2408
-2467
-2465
-2409
-2323
-2220
-2105
-1975
-1834
-1702
-1594
-1493
-1389
-1282
-1180
-1086
-1004
-929
-860
-809
-779
-758
-728
-694
-679
-691
-709
-716
-697
-649
-577
-486
-373
-250
-129
5
173
384
620
871
1131
1397
1672
1961
2275
2616
2937
3163
3252
3253
3233
3205
3164
3114
3045
2921
2716
2432
2096
1765
1476
1202
875
484
73
-335
-730
-1088
-1394
-1652
-1876
-2089
-2309
-2519
-2659
-2699
-2669
-2604
-2520
-2409
-2281
-2127
-1932
-1724
-1534
-1372
-1233
-1110
-1005
-918
-834
-746
-656
-593
-579
-598
-606
-587
-557
-552
-585
-631
-659
-660
-648
-613
-535
-426
-314
-218
-120
16
223
480
744
1004
1266
1533
1823
2143
2486
2809
3041
3164
3215
3231
3225
3202
3176
3135
3034
2834
2529
2181
1863
1594
1325
988
583
159
-259
-659
-1024
-1336
-1597
-1817
-2034
-2269
-2486
-2624
-2660
-2629
-2572
-2510
-2433
-2325
-2165
-1966
-1770
-1600
-1455
-1318
-1181
-1062
-969
-881
-776
-668
-596
-574
-573
-551
-500
-457
-460
-503
-541
-550
-546
-534
-502
-437
-341
-241
-163
-84
49
245
476
712
934
1165
1419
1703
2021
2346
2623
2800
2889
2937
2961
2973
2968
2953
2903
2774
2553
2261
1960
1700
1465
1192
836
432
31
-353
-716
-1042
-1323
-1569
-1797
-2033
-2276
-2473
-2576
-2588
-2561
-2524
-2475
-2398
-2278
-2111
-1913
-1716
-1541
-1389
-1255
-1136
-1023
-916
-803
-687
-586
-534
-529
-529
-501
-457
-431
-451
-506
-552
-570
-574
-573
-549
-482
-384
-283
-191
-83
77
296
544
787
1015
1266
1559
1885
2228
2545
2787
2939
3019
3066
3085
3087
3095
3104
3060
2911
2664
2367
2090
1852
1605
1286
896
491
98
-283
-647
-977
-1259
-1501
-1740
-1998
-2251
-2437
-2524
-2541
-2528
-2504
-2458
-2379
-2254
-2094
-1924
-1759
-1608
-1475
-1349
-1230
-1116
-1008
-891
-773
-685
-643
-629
-607
-555
-497
-476
-508
-565
-596
-594
-583
-577
-549
-491
-414
-334
-257
-149
19
235
463
680
899
1156
1467
1817
2175
2494
2728
2871
2962
3033
3084
3109
3123
3120
3066
2916
2674
2394
2128
1884
1611
1266
860
446
56
-312
-662
-992
-1282
-1538
-1793
-2052
-2281
-2437
-2505
-2514
-2506
-2497
-2462
-2379
-2240
-2068
-1895
-1735
-1590
-1463
-1335
-1199
-1071
-954
-839
-733
-657
-621
-598
-559
-503
-454
-445
-487
-537
-555
-541
-527
-520
-495
-443
-380
-315
-236
-113
69
285
499
693
901
1157
1470
1823
2176
2480
2698
2824
2903
2974
3028
3057
3066
3045
2957
2782
2538
2269
2017
1783
1518
1183
787
394
32
-312
-647
-968
-1262
-1522
-1770
-2020
-2234
-2378
-2442
-2455
-2461
-2462
-2431
-2341
-2201
-2031
-1862
-1711
-1572
-1441
-1304
-1158
-1034
-926
-823
-725
-656
-624
-598
-546
-474
-413
-404
-448
-497
-504
-476
-454
-445
-423
-367
-291
-209
-116
14
201
422
630
818
1028
1285
1592
1933
2259
2523
2703
2808
2883
2947
2986
3004
3001
2959
2845
2649
2392
2126
1884
1649
1373
1023
623
241
-100
-426
-753
-1067
-1348
-1598
-1833
-2058
-2246
-2362
-2415
-2436
-2452
-2452
-2414
-2318
-2175
-2013
-1853
-1714
-1597
-1481
-1348
-1213
-1103
-1006
-914
-827
-757
-717
-681
-614
-527
-463
-461
-507
-540
-516
-461
-422
-400
-369
-307
-220
-126
-21
122
315
526
722
906
1115
1381
1704
2045
2352
2583
2725
2810
2882
2949
2997
3023
3010
2944
2809
2599
2347
2100
1881
1654
1366
998
604
241
-85
-401
-723
-1034
-1312
-1556
-1786
-2003
-2179
-2279
-2321
-2354
-2391
-2410
-2379
-2286
-2143
-1990
-1854
-1735
-1622
-1512
-1392
-1264
-1151
-1052
-959
-875
-808
-761
-706
-623
-535
-480
-479
-517
-537
-507
-452
-414
-391
-357
-293
-211
-123
-14
134
321
520
707
887
1099
1375
1703
2038
2326
2530
2653
2740
2828
2907
2948
2960
2942
2871
2732
2527
2291
2067
1868
1642
1334
955
573
236
-73
-384
-703
-1011
-1297
-1556
-1805
-2037
-2211
-2312
-2368
-2417
-2469
-2501
-2474
-2377
-2229
-2081
-1950
-1830
-1713
-1586
-1449
-1314
-1195
-1082
-964
-859
-783
-724
-649
-552
-461
-413
-418
-441
-433
-382
-329
-302
-282
-245
-178
-94
-5
100
242
418
595
759
932
1154
1436
1755
2068
2320
2484
2583
2671
2760
2825
2857
2861
2831
2750
2603
2401
2180
1981
1787
1542
1213
831
470
157
-132
-426
-733
-1028
-1296
-1537
-1768
-1978
-2135
-2231
-2290
-2345
-2398
-2416
-2368
-2250
-2100
-1972
-1868
-1767
-1658
-1540
-1417
-1303
-1199
-1096
-990
-899
-834
-776
-698
-600
-519
-484
-493
-503
-478
-421
-370
-344
-314
-258
-175
-76
30
150
300
478
661
839
1041
1296
1604
1938
2243
2467
2611
2711
2807
2901
2962
2982
2973
2927
2831
2671
2463
2248
2054
1849
1576
1224
835
478
173
-116
-422
-738
-1036
-1292
-1531
-1760
-1966
-2112
-2194
-2244
-2299
-2352
-2359
-2288
-2159
-2016
-1898
-1798
-1686
-1563
-1443
-1340
-1245
-1146
-1045
-948
-872
-812
-746
-660
-572
-517
-507
-514
-510
-488
-454
-431
-420
-389
-329
-253
-158
-45
87
243
410
588
776
993
1260
1574
1901
2190
2405
2535
2627
2721
2811
2862
2867
2840
2772
2653
2477
2264
2050
1844
1624
1337
973
592
249
-46
-333
-638
-947
-1234
-1479
-1699
-1907
-2087
-2206
-2266
-2308
-2357
-2399
-2392
-2312
-2178
-2036
-1921
-1819
-1700
-1569
-1442
-1337
-1244
-1147
-1042
-943
-869
-810
-734
-639
-548
-489
-475
-472
-452
-412
-375
-352
-331
-288
-220
-132
-36
73
206
356
517
685
865
1082
1337
1633
1933
2196
2386
2503
2590
2680
2765
2815
2816
2780
2706
2586
2420
2222
2025
1841
1636
1358
1004
637
314
32
-240
-534
-838
-1119
-1359
-1572
-1769
-1933
-2040
-2101
-2149
-2206
-2259
-2264
-2193
-2067
-1940
-1842
-1757
-1657
-1536
-1414
-1318
-1240
-1155
-1053
-956
-887
-829
-752
-655
-560
-503
-493
-492
-464
-411
-363
-332
-305
-260
-189
-102
-6
101
229
376
535
699
871
1075
1331
1622
1915
2163
2326
2426
2515
2616
2710
2762
2761
2716
2637
2508
2342
2151
1962
1790
1590
1307
950
586
266
-3
-259
-552
-862
-1148
-1387
-1594
-1787
-1947
-2061
-2131
-2190
-2260
-2319
-2329
-2253
-2119
-1992
-1904
-1844
-1762
-1642
-1508
-1397
-1313
-1233
-1135
-1031
-943
-869
-777
-660
-545
-468
-444
-437
-403
-330
-253
-205
-171
-126
-53
48
159
266
385
525
684
847
1017
1221
1475
1769
2063
2288
2415
2482
2558
2667
2762
2799
2777
2710
2614
2487
2320
2133
1949
1770
1553
1243
867
497
188
-64
-314
-605
-924
-1212
-1439
-1628
-1798
-1943
-2047
-2114
-2165
-2224
-2276
-2269
-2178
-2032
-1900
-1820
-1766
-1687
-1559
-1417
-1309
-1244
-1183
-1097
-999
-915
-848
-769
-663
-558
-494
-486
-494
-466
-385
-294
-240
-212
-168
-80
49
177
293
417
570
744
926
1109
1318
1584
1892
2173
2355
2429
2472
2558
2675
2758
2766
2707
2617
2509
2366
2182
1985
1796
1609
1370
1035
647
294
23
-206
-460
-768
-1086
-1351
-1551
-1716
-1873
-2012
-2107
-2162
-2212
-2271
-2309
-2273
-2153
-2005
-1897
-1845
-1798
-1703
-1559
-1415
-1313
-1242
-1161
-1052
-937
-845
-764
-672
-559
-459
-419
-427
-425
-364
-261
-173
-133
-117
-68
38
171
294
405
532
695
875
1053
1241
1469
1757
2059
2288
2395
2422
2468
2573
2683
2729
2696
2618
2518
2393
2231
2030
1832
1654
1450
1163
792
407
96
-136
-363
-643
-965
-1264
-1492
-1659
-1812
-1961
-2074
-2140
-2180
-2222
-2271
-2273
-2190
-2046
-1916
-1852
-1833
-1785
-1672
-1526
-1401
-1326
-1261
-1169
-1054
-952
-870
-788
-684
-568
-487
-470
-478
-440
-333
-209
-129
-101
-75
8
147
297
431
564
718
902
1091
1271
1466
1717
2013
2271
2413
2447
2461
2531
2638
2704
2685
2604
2492
2364
2208
2014
1804
1610
1419
1168
831
451
110
-140
-340
-581
-884
-1194
-1445
-1627
-1770
-1911
-2038
-2120
-2155
-2178
-2217
-2235
-2180
-2047
-1901
-1812
-1792
-1771
-1681
-1530
-1385
-1283
-1213
-1128
-1017
-907
-823
-748
-652
-532
-434
-398
-407
-390
-307
-181
-79
-38
-16
44
165
319
460
592
745
923
1114
1295
1486
1721
2001
2265
2428
2472
2476
2521
2611
2678
2672
2596
2483
2352
2194
2000
1786
1582
1379
1138
813
435
89
-174
-375
-593
-867
-1163
-1418
-1601
-1740
-1867
-1978
-2054
-2090
-2104
-2130
-2144
-2097
-1974
-1827
-1738
-1726
-1723
-1660
-1524
-1378
-1273
-1204
-1135
-1043
-949
-870
-796
-699
-577
-482
-451
-462
-452
-370
-238
-119
-56
-26
32
152
310
462
605
763
947
1142
1323
1505
1732
2007
2264
2425
2460
2452
2482
2558
2620
2612
2533
2419
2285
2126
1927
1712
1514
1320
1083
765
394
50
-210
-402
-606
-868
-1153
-1401
-1583
-1721
-1847
-1953
-2020
-2041
-2044
-2067
-2082
-2041
-1923
-1775
-1681
-1667
-1677
-1628
-1500
-1357
-1251
-1184
-1121
-1036
-951
-877
-808
-711
-588
-484
-444
-457
-455
-381
-249
-120
-46
-9
48
158
309
455
598
760
948
1150
1336
1518
1731
1989
2237
2396
2440
2434
2450
2503
2550
2540
2463
2351
2220
2062
1864
1648
1445
1244
1010
703
343
5
-258
-455
-651
-893
-1152
-1384
-1565
-1703
-1828
-1928
-1988
-1999
-1992
-2001
-2014
-1985
-1880
-1747
-1657
-1634
-1641
-1600
-1496
-1368
-1269
-1203
-1136
-1059
-981
-920
-866
-787
-680
-584
-542
-548
-544
-480
-360
-235
-145
-83
-4
116
262
413
568
746
956
1176
1386
1587
1806
2040
2252
2389
2436
2448
2473
2508
2524
2488
2406
2291
2151
1980
1772
1554
1341
1126
874
568
232
-78
-325
-534
-744
-976
-1208
-1407
-1562
-1688
-1795
-1876
-1910
-1900
-1881
-1870
-1858
-1811
-1709
-1595
-1520
-1494
-1478
-1425
-1332
-1231
-1151
-1090
-1018
-941
-871
-818
-767
-689
-587
-504
-464
-457
-435
-365
-253
-139
-46
32
129
251
386
532
690
877
1097
1322
1540
1750
1959
2157
2306
2393
2432
2453
2473
2478
2450
2384
2290
2168
2011
1815
1596
1379
1167
929
647
330
16
-259
-491
-710
-942
-1172
-1376
-1542
-1676
-1798
-1894
-1947
-1951
-1920
-1893
-1873
-1835
-1755
-1646
-1552
-1498
-1467
-1428
-1350
-1255
-1174
-1110
-1043
-967
-894
-836
-793
-740
-659
-570
-510
-484
-465
-419
-335
-229
-130
-39
60
181
316
454
606
781
990
1219
1444
1659
1872
2072
2236
2346
2402
2440
2474
2490
2477
2424
2341
2237
2104
1935
1732
1515
1305
1083
827
530
221
-63
-304
-519
-740
-971
-1191
-1372
-1514
-1636
-1740
-1821
-1859
-1857
-1843
-1827
-1805
-1755
-1672
-1587
-1524
-1495
-1472
-1421
-1343
-1260
-1189
-1125
-1054
-977
-908
-859
-812
-748
-668
-590
-538
-508
-467
-399
-301
-186
-79
28
149
278
420
570
734
924
1135
1359
1587
1807
2008
2170
2278
2343
2388
2432
2456
2440
2386
2303
2201
2078
1920
1724
1510
1295
1072
826
541
234
-65
-324
-538
-741
-954
-1171
-1361
-1510
-1627
-1721
-1794
-1839
-1849
-1836
-1816
-1788
-1745
-1683
-1611
-1551
-1506
-1458
-1403
-1335
-1265
-1202
-1132
-1053
-969
-895
-836
-782
-725
-653
-576
-515
-464
-408
-333
-231
-116
-1
112
231
364
508
657
815
993
1192
1407
1631
1857
2059
2208
2296
2341
2369
2405
2427
2409
2344
2244
2132
1998
1836
1640
1423
1204
985
750
478
178
-127
-395
-615
-805
-991
-1191
-1388
-1556
-1685
-1778
-1846
-1880
-1880
-1854
-1817
-1777
-1736
-1689
-1639
-1582
-1515
-1446
-1375
-1307
-1242
-1175
-1101
-1018
-928
-844
-768
-701
-650
-606
-557
-505
-448
-387
-317
-233
-136
-27
86
205
330
469
627
803
993
1194
1405
1631
1863
2063
2197
2265
2295
2325
2356
2366
2334
2268
2179
2067
1922
1733
1515
1287
1068
855
622
358
71
-216
-472
-690
-880
-1057
-1230
-1392
-1536
-1662
-1760
-1821
-1842
-1831
-1799
-1759
-1717
-1675
-1639
-1601
-1556
-1492
-1410
-1325
-1250
-1183
-1124
-1062
-996
-926
-845
-764
-694
-636
-595
-554
-512
-459
-382
-293
-195
-91
15
131
260
400
552
719
907
1114
1336
1568
1799
2017
2188
2296
2354
2388
2417
2430
2415
2360
2274
2169
2041
1877
1669
1437
1204
981
758
524
267
-7
-277
-525
-741
-939
-1122
-1281
-1411
-1527
-1625
-1705
-1758
-1765
-1735
-1683
-1627
-1573
-1535
-1511
-1495
-1470
-1417
-1339
-1251
-1173
-1109
-1065
-1033
-992
-936
-862
-779
-701
-641
-600
-562
-521
-463
-383
-286
-174
-59
58
182
319
476
649
840
1058
1296
1554
1814
2046
2221
2328
2380
2413
2447
2474
2472
2423
2333
2215
2070
1892
1680
1441
1194
947
703
454
187
-98
-377
-632
-851
-1042
-1215
-1367
-1492
-1586
-1652
-1702
-1731
-1732
-1692
-1624
-1545
-1475
-1422
-1392
-1381
-1376
-1362
-1325
-1260
-1175
-1100
-1078
-1127
-1232
-1333
-1365
-1319
-1214
-1103
-1023
-981
-941
-853
-688
-457
-209
7
192
378
602
886
1213
1553
1887
2227
2590
2975
3334
3575
3640
3546
3386
3245
3143
3032
2844
2545
2145
1682
1207
748
311
-117
-554
-992
-1413
-1804
-2152
-2444
-2673
-2821
-2882
-2859
-2768
-2635
-2474
-2279
-2026
-1696
-1299
-871
-470
-123
174
427
643
795
859
823
700
520
326
135
-62
-291
-568
-877
-1182
-1459
-1689
-1867
-1994
-2072
-2101
-2074
-1974
-1790
-1527
-1188
-779
-318
186
705
1223
1736
2246
2770
3310
3852
4338
4678
4803
4709
4471
4182
3902
3620
3285
2847
2293
1648
952
245
-430
-1052
-1620
-2137
-2608
-3038
-3410
-3704
-3884
-3931
-3852
-3656
-3362
-2993
-2572
-2118
-1629
-1098
-531
44
576
1031
1383
1611
1724
1728
1635
1454
1193
880
529
143
-283
-744
-1221
-1680
-2089
-2436
-2714
-2912
-3028
-3053
-2970
-2779
-2488
-2092
-1598
-1013
-360
333
1038
1748
2463
3172
3870
4537
5156
5686
6036
6119
5914
5483
4936
4353
3746
3078
2302
1423
490
-441
-1342
-2209
-3016
-3710
-4236
-4581
-4795
-4923
-4957
-4855
-4577
-4129
-3552
-2892
-2170
-1394
-589
203
947
1619
2202
2674
2993
3117
3039
2790
2415
1945
1401
800
156
-517
-1210
-1899
-2554
-3137
-3613
-3958
-4163
-4229
-4157
-3947
-3604
-3132
-2538
-1832
-1027
-139
798
1747
2682
3575
4410
5179
5896
6560
7113
7431
7391
6965
6245
5363
4412
3415
2356
1238
100
-1015
-2090
-3117
-4080
-4926
-5566
-5941
-6064
-5988
-5755
-5379
-4835
-4136
-3323
-2438
-1509
-537
467
1458
2378
3155
3759
4175
4388
4377
4128
3661
3012
2213
1315
370
-589
-1542
-2459
-3309
-4059
-4677
-5148
-5456
-5577
-5503
-5222
-4756
-4133
-3384
-2529
-1574
-535
552
1648
2714
3723
4657
5483
6174
6735
7204
7606
7884
7900
7502
6665
5517
4222
2900
1587
291
-962
-2125
-3156
-4074
-4922
-5701
-6335
-6699
-6719
-6429
-5906
-5223
-4421
-3518
-2548
-1554
-569
396
1358
2327
3250
4038
4608
4920
4968
4750
4281
3581
2681
1656
591
-444
-1432
-2383
-3290
-4117
-4819
-5361
-5726
-5900
-5867
-5606
-5122
-4456
-3667
-2812
-1901
-919
137
1227
2297
3323
4278
5138
5865
6415
6788
7043
7245
7397
7383
7023
6232
5087
3741
2329
926
-424
-1678
-2772
-3654
-4361
-4980
-5570
-6093
-6419
-6439
-6140
-5582
-4836
-3945
-2944
-1890
-856
91
935
1725
2514
3297
4001
4534
4826
4839
4560
3988
3152
2108
963
-146
-1135
-1996
-2771
-3494
-4165
-4762
-5252
-5610
-5796
-5745
-5416
-4810
-3991
-3066
-2117
-1175
-227
740
1701
2635
3539
4415
5245
5967
6517
6869
7068
7175
7192
7006
6487
5617
4483
3194
1836
453
-908
-2170
-3230
-4045
-4657
-5152
-5589
-5934
-6089
-6008
-5700
-5198
-4510
-3641
-2622
-1519
-448
495
1301
2020
2694
3318
3848
4241
4450
4440
4164
3584
2713
1619
424
-717
-1714
-2558
-3249
-3806
-4256
-4627
-4945
-5205
-5358
-5320
-5019
-4436
-3621
-2656
-1623
-563
477
1445
2325
3121
3865
4596
5305
5942
6459
6847
7119
7278
7248
6889
6143
5083
3825
2476
1109
-233
-1487
-2584
-3474
-4164
-4727
-5231
-5661
-5931
-5967
-5768
-5352
-4746
-3964
-3019
-1966
-903
70
903
1636
2315
2938
3475
3897
4174
4265
4122
3692
2954
1950
786
-394
-1469
-2395
-3151
-3720
-4135
-4443
-4690
-4905
-5067
-5106
-4955
-4557
-3911
-3065
-2072
-983
137
1204
2156
2986
3705
4352
4952
5504
6000
6435
6826
7151
7302
7131
6532
5534
4251
2808
1327
-103
-1408
-2504
-3348
-3969
-4449
-4888
-5310
-5645
-5821
-5796
-5544
-5050
-4316
-3358
-2230
-1053
43
978
1749
2394
2934
3367
3707
3949
4076
4047
3783
3218
2336
1218
2
-1190
-2268
-3178
-3871
-4326
-4584
-4717
-4791
-4849
-4870
-4787
-4532
-4065
-3385
-2502
-1439
-260
937
2055
3030
3836
4481
5004
5430
5798
6166
6564
6965
7254
7254
6838
5981
4747
3247
1616
-5
-1489
-2709
-3587
-4152
-4508
-4778
-5034
-5275
-5467
-5570
-5525
-5260
-4711
-3851
-2716
-1429
-152
996
1948
2680
3189
3494
3642
3695
3688
3617
3420
3011
2343
1445
387
-759
-1915
-2987
-3868
-4501
-4868
-4999
-4970
-4849
-4666
-4421
-4103
-3702
-3182
-2501
-1624
-561
621
1832
2982
4004
4848
5493
5942
6235
6456
6677
6896
7021
6932
6539
5798
4711
3328
1734
46
-1582
-2981
-4032
-4725
-5120
-5304
-5343
-5288
-5196
-5094
-4962
-4732
-4315
-3633
-2683
-1536
-302
927
2071
3027
3717
4098
4183
4044
3744
3342
2838
2220
1504
717
-116
-995
-1922
-2850
-3705
-4408
-4915
-5207
-5297
-5196
-4911
-4462
-3893
-3250
-2544
-1765
-905
28
1008
2013
3008
3954
4827
5589
6209
6689
7052
7290
7347
7149
6656
5869
4818
3549
2119
613
-870
-2217
-3336
-4199
-4821
-5244
-5490
-5577
-5543
-5417
-5198
-4862
-4376
-3702
-2836
-1821
-726
399
1492
2483
3298
3875
4205
4287
4130
3763
3214
2515
1713
856
-12
-876
-1720
-2520
-3242
-3863
-4370
-4747
-4982
-5054
-4950
-4664
-4209
-3605
-2853
-1970
-989
35
1055
2043
2971
3828
4600
5279
5870
6385
6825
7150
7277
7124
6650
5847
4745
3399
1893
328
-1179
-2504
-3573
-4368
-4910
-5242
-5394
-5411
-5340
-5198
-4991
-4685
-4231
-3595
-2776
-1801
-714
431
1563
2602
3456
4058
4384
4439
4234
3791
3148
2371
1533
693
-116
-887
-1616
-2297
-2924
-3487
-3983
-4398
-4701
-4854
-4825
-4601
-4177
-3562
-2768
-1829
-799
256
1275
2228
3100
3892
4601
5227
5787
6296
6738
7044
7130
6928
6396
5532
4366
2961
1406
-183
-1676
-2958
-3971
-4705
-5177
-5421
-5482
-5418
-5277
-5087
-4848
-4525
-4073
-3460
-2681
-1746
-676
476
1633
2697
3569
4180
4488
4480
4170
3593
2810
1911
993
133
-629
-1286
-1845
-2326
-2754
-3157
-3545
-3915
-4238
-4450
-4496
-4338
-3949
-3313
-2443
-1397
-237
945
2071
3084
3958
4695
5302
5795
6201
6527
6751
6830
6705
6324
5650
4677
3444
2009
465
-1076
-2504
-3718
-4667
-5328
-5704
-5826
-5747
-5525
-5211
-4847
-4439
-3965
-3415
-2758
-1975
-1066
-47
1036
2109
3079
3850
4349
4532
4384
3924
3206
2309
1332
363
-525
-1284
-1897
-2376
-2749
-3050
-3319
-3574
-3810
-3995
-4079
-4018
-3764
-3281
-2558
-1619
-520
673
1878
3020
4049
4930
5642
6183
6565
6782
6820
6674
6330
5763
4974
3971
2784
1466
82
-1284
-2558
-3688
-4618
-5319
-5767
-5979
-5983
-5795
-5456
-4990
-4420
-3771
-3056
-2276
-1432
-528
412
1347
2225
2993
3591
3962
4062
3883
3438
2780
1978
1103
227
-604
-1341
-1948
-2438
-2821
-3127
-3372
-3561
-3687
-3727
-3658
-3446
-3060
-2485
-1726
-812
220
1315
2418
3479
4456
5313
6026
6563
6899
6996
6850
6466
5836
4982
3941
2751
1470
172
-1082
-2243
-3270
-4136
-4812
-5298
-5605
-5738
-5710
-5530
-5199
-4725
-4122
-3401
-2574
-1656
-676
316
1268
2122
2838
3367
3668
3722
3524
3100
2504
1788
1010
225
-526
-1208
-1796
-2293
-2709
-3054
-3341
-3561
-3696
-3728
-3632
-3379
-2950
-2336
-1551
-621
411
1498
2588
3632
4590
5431
6133
6653
6959
7031
6856
6419
5730
4818
3721
2493
1212
-61
-1272
-2371
-3320
-4097
-4691
-5110
-5373
-5487
-5458
-5292
-4985
-4536
-3958
-3254
-2433
-1521
-552
415
1320
2122
2761
3192
3391
3350
3084
2629
2036
1354
635
-78
-739
-1330
-1852
-2302
-2692
-3022
-3282
-3469
-3566
-3553
-3400
-3084
-2598
-1946
-1140
-215
796
1856
2924
3950
4897
5725
6387
6830
7016
6939
6583
5960
5102
4049
2866
1619
386
-779
-1839
-2764
-3538
-4157
-4622
-4944
-5136
-5203
-5137
-4940
-4603
-4123
-3510
-2765
-1911
-979
-28
896
1741
2445
2961
3249
3298
3118
2732
2191
1546
852
156
-502
-1086
-1599
-2042
-2417
-2740
-3006
-3210
-3337
-3362
-3260
-3008
-2596
-2017
-1287
-430
529
1540
2564
3563
4505
5346
6033
6511
6746
6718
6413
5843
5031
4018
2866
1653
452
-684
-1716
-2609
-3341
-3905
-4316
-4591
-4750
-4802
-4746
-4582
-4304
-3906
-3389
-2743
-1980
-1130
-239
642
1455
2145
2654
2947
3011
2849
2495
1989
1386
730
72
-544
-1096
-1576
-1983
-2320
-2600
-2824
-2990
-3088
-3102
-3008
-2777
-2403
-1875
-1200
-404
497
1467
2463
3453
4389
5226
5903
6367
6579
6516
6166
5540
4670
3611
2438
1231
57
-1028
-1977
-2763
-3383
-3841
-4161
-4371
-4478
-4494
-4424
-4260
-4001
-3630
-3134
-2507
-1761
-935
-72
778
1561
2211
2676
2920
2935
2735
2351
1822
1202
542
-113
-714
-1242
-1691
-2062
-2352
-2569
-2724
-2815
-2838
-2787
-2638
-2382
-2004
-1492
-849
-89
773
1708
2670
3626
4531
5321
5931
6309
6423
6250
5783
5045
4084
2958
1755
558
-571
-1573
-2410
-3064
-3533
-3846
-4038
-4140
-4166
-4128
-4032
-3863
-3611
-3259
-2784
-2184
-1477
-698
116
913
1635
2217
2607
2777
2723
2456
2010
1433
779
105
-533
-1096
-1572
-1956
-2244
-2446
-2574
-2638
-2643
-2580
-2439
-2205
-1865
-1410
-841
-168
600
1442
2328
3229
4109
4909
5573
6040
6265
6221
5886
5266
4394
3327
2142
919
-258
-1330
-2245
-2964
-3486
-3819
-4002
-4069
-4050
-3973
-3846
-3674
-3451
-3161
-2782
-2299
-1715
-1050
-335
397
1092
1687
2139
2412
2481
2349
2036
1568
991
359
-276
-870
-1391
-1827
-2164
-2396
-2530
-2569
-2523
-2395
-2187
-1903
-1533
-1084
-557
54
741
1495
2305
3147
3980
4750
5405
5880
6127
6107
5795
5193
4336
3283
2101
880
-293
-1360
-2263
-2966
-3459
-3762
-3905
-3914
-3830
-3683
-3490
-3262
-3002
-2702
-2343
-1919
-1426
-872
-277
335
928
1451
1855
2108
2186
2079
1796
1361
805
176
-475
-1097
-1656
-2125
-2484
-2724
-2845
-2848
-2744
-2546
-2265
-1910
-1482
-988
-432
183
857
1590
2363
3159
3953
4688
5304
5750
5979
5942
5617
5013
4157
3106
1935
728
-443
-1501
-2393
-3086
-3564
-3837
-3933
-3888
-3741
-3522
-3260
-2975
-2666
-2332
-1964
-1554
-1097
-597
-70
463
967
1408
1749
1957
2012
1906
1646
1247
739
158
-448
-1042
-1586
-2049
-2411
-2657
-2779
-2782
-2665
-2435
-2111
-1703
-1214
-667
-68
581
1267
1986
2725
3456
4142
4737
5194
5467
5517
5316
4862
4174
3286
2261
1160
58
-980
-1890
-2633
-3190
-3554
-3741
-3771
-3670
-3473
-3210
-2903
-2569
-2218
-1848
-1460
-1054
-629
-193
248
676
1057
1373
1597
1703
1681
1532
1256
871
401
-122
-668
-1201
-1691
-2107
-2429
-2638
-2721
-2674
-2496
-2195
-1789
-1287
-710
-75
597
1291
1994
2687
3350
3953
4456
4825
5029
5038
4831
4407
3783
2990
2079
1107
127
-800
-1629
-2327
-2864
-3236
-3456
-3531
-3480
-3326
-3095
-2808
-2483
-2133
-1763
-1383
-992
-604
-221
146
487
792
1045
1228
1326
1330
1243
1065
795
447
33
-419
-879
-1327
-1732
-2061
-2295
-2406
-2382
-2222
-1931
-1524
-1016
-431
211
882
1561
2231
2863
3441
3931
4308
4542
4610
4492
4183
3694
3048
2278
1433
563
-286
-1072
-1757
-2316
-2734
-3011
-3155
-3177
-3092
-2922
-2681
-2387
-2066
-1727
-1380
-1032
-691
-364
-54
235
496
719
892
1006
1050
1015
901
709
445
119
-254
-654
-1055
-1428
-1748
-1989
-2126
-2149
-2047
-1818
-1474
-1026
-495
95
719
1356
1985
2583
3130
3599
3962
4198
4281
4195
3935
3511
2938
2247
1485
694
-86
-810
-1450
-1982
-2392
-2677
-2841
-2892
-2842
-2712
-2514
-2265
-1987
-1687
-1378
-1074
-776
-492
-224
31
265
465
631
754
828
842
786
660
460
189
-131
-489
-863
-1224
-1543
-1796
-1957
-2006
-1933
-1739
-1423
-998
-488
85
696
1319
1928
2496
3003
3433
3753
3947
4000
3901
3646
3244
2715
2085
1390
667
-46
-712
-1301
-1795
-2174
-2439
-2596
-2648
-2607
-2491
-2312
-2090
-1841
-1577
-1306
-1038
-776
-530
-299
-79
124
302
453
570
642
658
620
513
343
110
-179
-504
-844
-1175
-1467
-1695
-1841
-1879
-1798
-1595
-1274
-851
-352
205
793
1384
1955
2480
2942
3320
3596
3746
3764
3638
3366
2967
2452
1849
1191
511
-153
-767
-1311
-1760
-2102
-2333
-2456
-2481
-2421
-2287
-2098
-1873
-1621
-1359
-1105
-864
-634
-418
-217
-30
143
298
433
545
620
646
617
524
361
132
-152
-479
-831
-1179
-1483
-1717
-1862
-1891
-1797
-1581
-1251
-824
-323
223
787
1349
1876
2358
2772
3100
3329
3445
3438
3304
3048
2676
2206
1663
1070
463
-128
-677
-1164
-1566
-1878
-2099
-2224
-2258
-2213
-2103
-1943
-1745
-1527
-1298
-1072
-853
-644
-445
-248
-56
133
317
486
632
739
798
792
708
549
313
16
-322
-677
-1020
-1320
-1547
-1682
-1706
-1613
-1411
-1106
-715
-264
227
727
1218
1684
2105
2460
2743
2937
3031
3013
2884
2650
2316
1894
1411
886
350
-178
-673
-1116
-1485
-1772
-1977
-2092
-2124
-2082
-1980
-1836
-1664
-1477
-1291
-1114
-941
-779
-620
-455
-281
-93
101
289
463
607
701
733
696
582
398
153
-135
-438
-737
-1001
-1201
-1317
-1336
-1253
-1070
-798
-455
-62
357
783
1196
1577
1918
2202
2424
2576
2645
2631
2531
2344
2073
1730
1328
892
436
-19
-447
-835
-1169
-1434
-1630
-1759
-1822
-1825
-1781
-1698
-1589
-1469
-1338
-1206
-1081
-957
-831
-697
-545
-382
-205
-21
154
306
422
487
493
435
315
141
-74
-309
-537
-736
-887
-968
-968
-887
-725
-493
-199
131
477
827
1161
1468
1740
1962
2131
2236
2277
2248
2148
1974
1730
1432
1091
724
349
-17
-354
-654
-906
-1108
-1258
-1360
-1418
-1437
-1424
-1384
-1325
-1251
-1164
-1068
-971
-869
-755
-633
-499
-351
-199
-45
98
218
301
342
330
262
146
-5
-184
-361
-519
-637
-702
-712
-648
-526
-350
-131
116
385
659
923
1172
1399
1590
1742
1848
1904
1908
1852
1732
1559
1330
1061
762
440
119
-193
-480
-732
-945
-1114
-1239
-1322
-1363
-1369
-1346
-1299
-1235
-1156
-1067
-969
-866
-756
-643
-523
-393
-258
-123
9
126
220
281
302
278
209
107
-23
-162
-292
-404
-478
-507
-488
-415
-296
-138
49
256
473
688
894
1085
1252
1392
1495
1558
1580
1560
1492
1377
1217
1017
782
521
243
-39
-312
-565
-787
-969
-1105
-1198
-1249
-1257
-1236
-1196
-1131
-1053
-970
-883
-793
-700
-605
-504
-398
-288
-174
-59
52
154
240
298
322
315
278
215
136
51
-31
-98
-138
-144
-117
-56
37
154
284
423
563
696
819
921
1002
1059
1087
1085
1048
976
876
752
606
439
261
74
-116
-296
-464
-613
-740
-841
-913
-956
-973
-965
-942
-902
-851
-793
-730
-664
-593
-522
-447
-372
-297
-220
-143
-65
3
69
124
166
196
208
206
192
173
156
144
144
158
186
233
292
364
444
530
616
692
760
816
849
863
848
797
720
619
495
354
203
46
-109
-256
-391
-511
-612
-685
-737
-764
-764
-744
-706
-654
-600
-548
-496
-453
-416
-386
-361
-332
-303
-270
-234
-188
-138
-90
-43
4
44
72
90
97
99
95
92
92
101
122
159
212
283
367
457
550
637
718
783
826
846
837
803
744
661
558
441
313
186
62
-58
-168
-267
-351
-422
-480
-526
-560
-584
-595
-597
-592
-579
-563
-543
-519
-491
-458
-424
-380
-325
-266
-202
-135
-76
-23
17
43
53
54
47
32
18
2
-12
-16
-11
8
41
83
139
204
275
348
414
475
526
563
577
574
554
515
464
401
333
262
193
130
71
16
-35
-85
-129
-172
-214
-252
-287
-317
-345
-367
-385
-400
-407
-406
-395
-373
-345
-310
-269
-223
-173
-121
-73
-26
12
40
60
73
75
73
67
59
57
56
61
75
95
116
141
171
201
226
249
260
264
259
241
216
184
144
106
70
37
10
-11
-28
-37
-44
-49
-51
-54
-57
-66
-77
-88
-102
-113
-125
-137
-142
-144
-140
-137
-133
-127
-121
-113
-105
-98
-90
-84
-74
-65
-55
-41
-27
-11
2
16
32
51
67
83
102
123
143
165
190
206
220
233
236
231
221
207
183
155
126
92
54
17
-28
-71
-117
-164
-200
-228
-250
-263
-263
-259
-246
-230
-207
-183
-160
-135
-110
-86
-67
-50
-31
-20
-10
1
7
12
16
21
27
35
44
51
58
58
56
55
44
32
25
21
18
21
27
35
48
58
69
84
95
108
119
126
133
139
137
130
122
108
88
64
35
6
-24
-54
-85
-113
-136
-152
-167
-175
-183
-189
-194
-195
-194
-190
-184
-176
-165
-155
-139
-120
-103
-81
-55
-23
12
47
82
115
145
166
178
184
176
168
155
138
121
103
88
72
61
53
44
37
28
21
13
5
-6
-13
-21
-26
-24
-17
-9
3
24
45
69
92
111
123
125
119
105
80
47
10
-23
-56
-84
-108
-123
-131
-134
-131
-124
-116
-104
-92
-80
-73
-68
-63
-60
-54
-44
-31
-11
15
45
78
112
143
169
189
198
199
188
172
148
118
85
56
27
1
-19
-35
-40
-43
-40
-36
-29
-19
-9
-4
0
3
5
5
2
1
6
11
19
30
39
45
53
55
57
52
40
26
10
-11
-33
-54
-75
-97
-116
-126
-133
-132
-122
-105
-84
-60
-29
2
31
57
79
96
106
109
107
100
89
72
57
38
22
9
-2
-12
-16
-19
-21
-23
-28
-34
-39
-46
-52
-59
-69
-73
-75
-75
-70
-63
-50
-35
-17
3
21
40
53
60
65
63
58
51
40
28
19
8
-1
-8
-14
-15
-14
-12
-8
0
8
14
21
29
33
34
36
31
29
24
17
12
5
-2
-10
-20
-30
-43
-54
-64
-72
-78
-83
-87
-87
-87
-86
-87
-91
-92
-91
-89
-87
-82
-78
-74
-66
-59
-53
-41
-27
-18
-6
8
19
31
39
46
50
54
57
58
59
58
61
64
68
74
78
85
94
98
99
99
96
93
87
81
71
60
49
36
25
12
-3
-12
-23
-36
-49
-63
-72
-82
-95
-107
-115
-121
-121
-119
-116
-106
-98
-89
-79
-69
-58
-45
-35
-27
-18
-10
-5
2
9
15
22
30
34
36
39
41
40
38
35
29
24
18
14
13
11
12
11
17
25
28
35
42
47
52
51
52
56
52
52
53
50
50
45
39
28
20
11
2
-7
-14
-20
-26
-30
-34
-33
-33
-33
-29
-28
-23
-17
-9
2
8
18
30
39
47
53
58
59
58
57
54
50
43
34
26
17
8
-2
-12
-20
-30
-36
-40
-47
-49
-48
-47
-43
-37
-32
-28
-22
-16
-11
-7
-3
1
6
7
12
16
16
19
16
10
6
3
-4
-8
-14
-23
-27
-30
-37
-38
-37
-36
-30
-21
-13
-3
7
19
29
38
47
55
60
61
63
64
59
56
53
49
43
34
26
19
10
1
-7
-15
-21
-28
-33
-33
-38
-41
-39
-39
-39
-36
-33
-32
-28
-25
-21
-15
-15
-11
-8
-7
-4
0
2
3
7
9
16
16
17
22
23
22
23
21
20
21
23
24
24
24
25
22
17
14
13
8
8
13
12
11
13
15
18
20
17
14
15
10
4
1
-1
-1
-3
-4
-4
-7
-3
-3
-7
-11
-16
-25
-36
-46
-55
-66
-77
-85
-87
-85
-83
-77
-64
-50
-34
-17
-1
14
26
35
46
50
49
50
46
43
38
32
23
16
8
0
-7
-15
-25
-31
-37
-38
-41
-44
-41
-40
-37
-30
-21
-10
1
16
29
43
57
67
76
78
78
75
69
60
47
31
12
-6
-23
-43
-58
-73
-87
-94
-96
-96
-94
-89
-80
-67
-56
-42
-28
-11
2
13
29
42
53
62
70
72
73
72
61
49
39
28
13
-5
-24
-39
-58
-77
-91
-103
-110
-112
-107
-99
-88
-72
-54
-32
-8
15
38
60
78
94
108
116
118
116
111
101
84
67
50
25
5
-13
-34
-49
-62
-70
-78
-87
-88
-87
-80
-75
-64
-48
-33
-16
2
20
38
54
67
75
87
92
92
91
83
71
56
43
27
8
-9
-30
-50
-65
-78
-93
-102
-106
-109
-108
-106
-104
-94
-83
-71
-50
-27
-3
22
44
62
76
88
94
93
93
87
77
68
57
43
26
11
-4
-18
-28
-37
-44
-50
-54
-53
-51
-47
-41
-34
-24
-12
3
17
31
46
61
74
83
93
97
97
96
89
83
75
62
50
35
20
-1
-20
-37
-53
-64
-76
-82
-84
-84
-78
-73
-64
-55
-44
-29
-16
-4
11
21
32
45
49
52
57
54
49
39
30
18
4
-8
-20
-33
-42
-49
-56
-63
-68
-69
-66
-59
-50
-39
-26
-15
0
16
28
39
51
62
71
77
82
84
86
84
76
69
57
43
30
15
1
-7
-15
-23
-28
-33
-37
-39
-36
-32
-25
-18
-11
1
15
24
32
40
47
51
54
59
54
52
46
36
28
17
6
-4
-12
-25
-35
-39
-47
-50
-51
-54
-53
-47
-42
-36
-31
-25
-18
-10
-2
6
13
22
27
32
35
36
32
28
24
19
14
8
1
-5
-12
-17
-19
-23
-27
-27
-28
-28
-25
-21
-17
-12
-4
3
11
18
23
26
27
32
32
31
29
26
24
20
13
10
4
-2
-8
-14
-20
-25
-30
-36
-40
-42
-45
-45
-46
-43
-38
-39
-36
-31
-30
-27
-23
-20
-16
-16
-14
-12
-8
-3
-4
-1
0
3
4
4
5
3
4
6
1
-1
-5
-10
-11
-12
-12
-11
-11
-8
-8
-8
-5
-4
-1
3
7
9
13
17
19
23
25
26
29
30
30
33
35
33
31
28
25
20
21
20
20
18
14
9
3
-3
-9
-19
-22
-28
-38
-40
-41
-43
-40
-39
-37
-34
-32
-30
-24
-18
-16
-12
-11
-11
-10
-9
-11
-9
-10
-10
-12
-17
-19
-24
-29
-32
-35
-37
-36
-33
-27
-20
-14
-7
1
8
14
21
28
34
40
44
48
51
52
54
53
52
48
45
39
33
26
18
11
7
-2
-9
-16
-21
-23
-26
-30
-31
-33
-33
-30
-34
-31
-27
-28
-27
-26
-27
-26
-24
-24
-21
-20
-21
-21
-21
-22
-19
-19
-18
-15
-14
-12
-11
-6
0
5
11
18
25
33
43
50
56
63
64
68
71
70
69
68
64
62
57
50
43
35
25
18
11
3
-4
-7
-11
-15
-17
-16
-19
-18
-15
-15
-14
-13
-11
-10
-8
-10
-10
-9
-8
-9
-9
-11
-17
-22
-24
-27
-31
-30
-29
-28
-24
-19
-17
-10
-4
1
8
12
18
22
30
37
40
45
48
52
55
54
55
56
54
49
42
35
29
20
13
7
-2
-8
-16
-20
-25
-28
-31
-28
-27
-28
-24
-22
-17
-12
-8
-1
3
6
7
7
7
2
-2
-5
-10
-14
-18
-22
-24
-29
-32
-34
-36
-37
-35
-32
-33
-32
-29
-26
-20
-12
-6
2
11
17
23
30
33
36
40
42
40
37
34
29
26
22
16
13
9
1
-5
-8
-14
-17
-20
-23
-24
-23
-21
-19
-15
-11
-7
-2
2
5
7
10
11
9
9
8
6
6
2
-1
-5
-8
-12
-15
-16
-21
-23
-23
-26
-26
-24
-21
-16
-10
-5
1
8
16
22
29
35
38
40
40
40
36
30
27
19
9
1
-7
-19
-25
-35
-41
-48
-51
-53
-57
-56
-59
-55
-47
-41
-32
-25
-17
-10
-2
4
9
14
17
19
21
21
20
19
20
18
18
16
11
9
9
6
7
7
9
11
15
20
25
32
40
47
55
63
70
79
85
87
87
85
78
73
66
56
44
30
14
-1
-15
-28
-41
-51
-61
-68
-73
-80
-84
-83
-84
-80
-76
-71
-64
-58
-49
-38
-30
-23
-17
-10
-3
0
3
2
2
-1
-3
-12
-17
-21
-25
-27
-27
-25
-22
-19
-14
-6
3
11
20
33
45
52
62
70
76
81
87
92
93
93
91
85
78
66
53
39
25
13
1
-9
-22
-33
-43
-52
-59
-61
-64
-65
-63
-61
-60
-56
-50
-45
-40
-35
-32
-28
-24
-23
-25
-27
-31
-37
-42
-50
-57
-61
-64
-67
-66
-69
-66
-64
-62
-57
-49
-44
-35
-21
-11
-1
13
28
39
52
62
70
79
84
83
78
73
66
57
47
39
30
19
11
2
-6
-12
-19
-21
-24
-27
-27
-25
-24
-21
-18
-15
-7
0
4
8
11
15
17
19
18
17
14
7
3
-4
-13
-21
-28
-36
-40
-43
-49
-50
-46
-43
-39
-33
-27
-18
-8
1
11
20
29
39
44
48
52
52
53
50
47
41
38
33
24
16
8
-3
-11
-18
-24
-27
-28
-30
-31
-29
-25
-19
-9
1
11
21
32
41
49
57
62
67
70
70
68
64
58
48
39
28
17
10
3
-7
-17
-21
-26
-31
-33
-34
-32
-29
-25
-20
-15
-7
2
8
14
18
23
26
27
27
27
25
19
13
4
-5
-14
-26
-35
-43
-50
-58
-65
-73
-77
-80
-83
-78
-74
-68
-61
-50
-41
-31
-22
-11
-1
9
20
27
33
39
44
46
46
47
47
46
44
38
33
29
20
14
9
5
0
1
4
5
6
6
7
11
11
14
14
13
15
15
13
13
12
7
3
-3
-10
-15
-19
-27
-34
-37
-43
-46
-47
-49
-51
-48
-46
-43
-38
-32
-27
-21
-10
-5
0
5
9
13
15
18
20
23
25
26
27
29
28
25
22
22
21
22
24
23
24
26
27
28
29
31
32
33
34
35
32
32
28
23
18
12
7
1
-8
-18
-26
-33
-38
-46
-54
-60
-64
-68
-69
-67
-65
-62
-58
-50
-42
-35
-27
-17
-10
-3
5
10
12
16
20
20
24
23
22
19
16
12
9
5
2
-1
1
3
5
6
11
14
17
22
30
35
42
49
51
55
57
57
55
54
48
41
34
22
9
0
-10
-19
-27
-33
-36
-43
-49
-52
-52
-49
-47
-46
-41
-37
-31
-23
-15
-7
-2
5
15
22
28
31
32
35
36
31
27
23
15
8
4
1
-1
-4
-6
-7
-6
-1
-1
0
5
9
15
22
28
31
36
41
43
44
45
42
36
32
24
17
11
2
-7
-18
-27
-35
-47
-55
-60
-66
-68
-68
-65
-62
-60
-55
-54
-44
-34
-30
-24
-17
-8
-2
2
7
8
10
12
11
10
8
5
0
-1
-1
-6
-6
-6
-7
-5
-4
-1
5
11
17
21
30
36
40
45
47
51
53
54
54
52
48
41
35
29
19
9
1
-8
-16
-21
-24
-30
-33
-33
-33
-30
-29
-25
-25
-22
-22
-22
-17
-16
-14
-16
-18
-17
-21
-26
-29
-33
-35
-37
-37
-37
-41
-42
-43
-41
-34
-31
-29
-21
-16
-8
0
4
11
20
26
32
35
38
37
38
40
37
33
30
23
15
10
5
-3
-4
-8
-10
-9
-9
-10
-8
-5
-2
0
6
10
14
18
22
24
26
25
23
18
10
2
-5
-11
-19
-28
-35
-38
-43
-50
-55
-56
-56
-55
-53
-49
-43
-38
-28
-19
-11
-1
8
17
27
35
42
48
51
52
52
50
47
43
39
32
27
19
13
9
6
3
-1
-4
-6
-5
-5
-4
3
8
15
23
28
34
38
41
42
42
39
33
30
26
20
14
5
-3
-12
-24
-32
-39
-44
-49
-54
-51
-52
-51
-46
-42
-36
-27
-23
-13
-3
3
12
20
27
34
37
40
42
38
38
36
32
28
22
16
13
10
3
-3
-9
-10
-15
-15
-11
-10
-6
2
6
12
23
30
36
44
49
51
52
52
50
45
38
32
24
14
6
-2
-11
-19
-28
-36
-41
-49
-52
-53
-56
-55
-53
-46
-38
-31
-22
-15
-5
2
8
16
23
28
31
33
32
30
28
21
17
13
8
0
-8
-13
-17
-23
-25
-24
-24
-22
-18
-13
-7
1
9
18
25
34
41
47
52
57
59
60
60
56
53
45
38
30
18
8
-1
-12
-24
-33
-41
-49
-54
-56
-58
-59
-55
-50
-47
-40
-33
-25
-17
-7
0
5
9
11
11
12
11
10
7
2
-5
-10
-16
-21
-29
-33
-32
-33
-35
-32
-28
-25
-20
-13
-5
5
15
23
33
43
50
54
59
62
61
61
57
53
46
39
33
24
13
5
-5
-11
-16
-21
-24
-27
-27
-27
-27
-23
-21
-18
-13
-9
-7
-5
-1
0
1
1
0
-2
-2
-6
-8
-12
-21
-26
-28
-33
-36
-39
-41
-39
-39
-36
-32
-29
-23
-13
-7
1
8
14
21
24
26
29
29
29
28
26
26
23
18
14
7
1
0
-4
-8
-12
-14
-12
-11
-11
-8
-5
-4
0
4
7
11
14
16
18
19
19
16
14
11
8
3
0
-4
-10
-14
-16
-20
-24
-25
-28
-27
-26
-26
-21
-21
-16
-11
-6
2
6
10
15
15
14
14
13
12
12
9
5
0
-5
-11
-13
-19
-23
-25
-27
-24
-25
-26
-25
-21
-17
-14
-7
0
6
10
17
21
24
28
26
23
22
16
14
11
6
5
-1
-5
-9
-13
-16
-18
-19
-16
-14
-15
-8
-3
0
7
11
16
22
28
32
39
40
43
46
42
37
32
21
15
8
-3
-10
-19
-28
-35
-43
-48
-51
-55
-56
-50
-48
-43
-37
-30
-24
-15
-6
3
11
19
27
32
33
33
32
33
29
24
20
11
3
-5
-12
-19
-22
-26
-31
-34
-34
-32
-29
-25
-15
-12
-6
2
8
15
26
32
42
47
49
50
51
49
46
42
36
31
23
14
7
-4
-13
-21
-27
-35
-39
-41
-44
-45
-45
-45
-40
-35
-28
-22
-14
-7
-1
5
10
15
22
25
28
28
22
20
16
11
7
4
-2
-7
-11
-18
-20
-23
-25
-25
-28
-26
-25
-23
-17
-11
-4
2
10
17
24
30
35
37
40
42
41
41
43
41
40
36
26
19
12
4
-2
-8
-13
-18
-26
-29
-29
-33
-33
-31
-31
-31
-26
-22
-17
-13
-10
-3
2
5
8
8
11
11
8
8
6
4
3
0
-2
-6
-12
-13
-19
-22
-17
-18
-18
-11
-10
-9
-3
-1
5
12
13
18
24
24
32
37
36
38
40
37
35
31
27
23
18
13
9
2
-1
-8
-14
-17
-23
-25
-26
-26
-22
-24
-23
-21
-21
-20
-17
-12
-11
-10
-7
-6
-6
-9
-5
-5
-9
-9
-9
-12
-14
-15
-17
-16
-16
-12
-10
-8
-5
-5
-4
0
5
9
14
16
22
26
28
32
33
36
39
37
36
35
33
32
30
29
29
23
19
17
11
7
7
3
1
0
-5
-6
-8
-11
-13
-14
-15
-15
-16
-16
-18
-19
-17
-18
-17
-17
-15
-14
-13
-12
-12
-12
-12
-13
-10
-8
-5
-3
-4
-4
-4
-3
-1
0
4
3
5
6
7
9
10
11
13
14
11
14
14
15
18
16
17
16
16
17
18
19
15
14
13
11
11
7
5
2
-2
-1
-4
-9
-8
-8
-14
-15
-13
-15
-18
-18
-19
-19
-20
-20
-17
-16
-17
-16
-15
-14
-16
-15
-14
-12
-9
-11
-10
-8
-10
-9
-7
-8
-7
-8
-7
-5
-5
-1
3
4
8
8
8
8
11
15
14
14
14
13
13
12
9
10
8
7
5
3
0
-3
-2
-7
-9
-7
-10
-11
-14
-16
-16
-17
-16
-13
-11
-11
-9
-7
-8
-8
-9
-7
-8
-10
-11
-10
-10
-13
-13
-14
-11
-13
-11
-12
-14
-9
-13
-10
-6
-5
-1
1
5
8
8
12
13
13
15
16
16
16
17
16
12
9
7
4
0
-3
-5
-9
-11
-14
-19
-18
-19
-20
-19
-17
-16
-13
-10
-4
0
4
7
8
10
11
9
11
13
11
11
12
11
5
2
0
0
1
-1
0
2
0
1
1
1
3
2
6
10
11
14
14
16
21
25
25
27
30
26
21
17
12
6
3
0
