-1
0
2
2
1
1
0
0
0
-3
-5
-5
-1
-4
-6
-7
-7
-7
-7
-7
-10
-9
-6
-6
-10
-9
-8
-9
-13
-15
-17
-17
-16
-18
-19
-20
-20
-20
-21
-21
-21
-19
-18
-15
-14
-17
-15
-13
-13
-9
-9
-7
-4
-3
-2
1
1
1
2
4
2
1
3
5
6
5
5
7
8
7
7
7
5
6
7
9
11
13
13
14
16
15
15
15
14
14
12
12
15
15
16
14
13
15
13
13
15
13
12
12
12
11
9
11
11
9
9
9
9
9
9
7
7
6
5
4
6
5
4
3
1
2
0
-2
-1
-4
-2
-3
-3
-4
-5
-4
-5
-4
-5
-6
-5
-6
-7
-6
-8
-9
-9
-8
-6
-6
-6
-8
-7
-7
-8
-8
-7
-4
-5
-7
-9
-8
-5
-5
-8
-6
-3
-4
-3
-2
-4
-3
-4
-5
-3
-4
-5
-6
-5
-4
-5
-3
-2
-3
-3
-3
-3
-5
-5
-3
-4
-3
-2
-3
-3
-3
-2
-4
-4
-3
-2
-4
-4
-2
-5
-3
-2
-2
1
1
0
-1
-1
1
-1
-2
-2
2
3
2
5
5
6
7
4
7
7
5
4
2
1
0
-2
0
-1
0
1
-1
1
1
-3
-3
-2
-2
-1
0
2
3
5
4
4
6
4
3
7
5
5
8
8
3
1
2
3
3
1
1
-1
-2
-4
-4
-5
-1
2
1
1
-1
-2
-2
-2
-1
1
2
3
3
7
8
4
4
4
4
5
3
2
2
3
2
2
0
0
1
2
4
3
3
3
4
7
7
8
9
10
10
8
7
7
6
8
7
4
4
5
5
2
-1
0
-3
-4
-3
-3
-4
-5
-6
-8
-8
-7
-8
-7
-7
-5
-6
-5
-5
-4
-3
-3
-4
-6
-5
-6
-9
-10
-11
-9
-9
-12
-11
-11
-10
-10
-13
-11
-12
-13
-10
-12
-10
-9
-8
-8
-7
-9
-9
-5
-5
-4
-3
-4
-3
-3
-3
-3
-1
-1
0
2
3
4
6
4
3
8
8
9
11
10
9
8
7
7
9
10
9
8
7
6
3
3
2
0
2
3
2
1
-2
-3
-3
-1
0
0
0
-4
-3
-1
1
1
1
3
1
0
3
2
2
2
4
3
-1
1
0
0
2
1
3
3
4
5
3
3
4
3
4
5
6
6
5
5
5
4
6
4
5
4
1
3
4
2
2
3
2
2
0
-2
-4
-2
-3
-4
-3
-4
-4
-2
-3
-5
-2
0
-1
0
2
2
2
3
2
2
2
5
6
3
4
4
1
2
4
3
8
7
5
5
4
5
4
4
4
4
3
2
2
0
1
-3
-5
-6
-8
-9
-7
-7
-10
-10
-9
-11
-9
-7
-11
-10
-8
-7
-6
-7
-10
-9
-9
-6
-3
-1
0
1
0
-1
1
0
-1
2
1
1
2
1
0
0
3
1
0
2
3
4
2
1
3
3
3
5
4
2
5
2
1
3
3
2
1
0
0
0
-2
-1
-2
-1
0
1
0
0
-1
-1
0
-2
-1
-1
-2
0
0
3
1
1
-2
-4
0
0
-1
2
0
2
2
1
4
4
4
4
4
4
7
4
5
6
6
6
6
7
5
7
6
3
4
1
0
2
0
-1
-1
-3
-5
-8
-5
-4
-6
-5
-6
-2
-3
-3
-2
-4
-2
-2
-4
-2
-2
-3
-1
-2
-2
-2
-4
-2
0
-1
2
2
1
3
4
5
6
6
4
5
5
6
6
7
5
5
5
4
4
5
6
3
1
0
-1
-3
-3
-2
-2
0
0
-3
-4
-2
-3
-4
-2
-3
-4
1
2
0
0
0
0
-1
1
0
-1
0
-2
-1
-3
-2
-1
-2
-3
-3
0
1
0
0
4
2
1
3
1
3
6
6
6
7
4
3
3
2
2
0
0
0
-1
2
2
0
0
-1
-2
-2
-1
0
-2
-3
0
2
1
3
3
2
4
2
0
0
-1
0
-3
-4
-5
-6
-8
-5
-6
-7
-8
-10
-9
-9
-7
-8
-9
-7
-7
-10
-8
-7
-7
-7
-7
-6
-7
-4
-5
-7
-5
-6
-6
-5
-5
-7
-6
-5
-5
-5
-4
-4
-2
-3
-3
-3
-1
0
0
4
4
4
4
3
5
6
6
8
9
7
9
10
8
8
6
6
9
7
6
3
3
2
0
-1
-1
-1
0
1
1
1
-1
-2
-4
-6
-4
-5
-7
-7
-6
-7
-8
-7
-9
-12
-10
-10
-10
-8
-7
-8
-7
-6
-7
-7
-6
-7
-6
-4
-2
1
-1
2
5
6
11
8
8
9
12
11
10
9
11
10
9
8
7
8
8
6
8
10
7
3
6
5
1
2
1
-1
-1
-1
-1
-1
-2
-2
-2
0
-1
-3
-5
-4
-5
-6
-3
-3
-3
-1
-1
-2
0
2
2
3
3
3
2
3
4
5
6
8
7
5
4
7
6
4
5
4
3
4
3
3
4
5
3
5
4
2
4
5
4
3
5
5
8
5
3
5
3
5
3
2
3
0
1
2
-1
-1
-2
-3
-3
-2
-4
-5
-3
-5
-1
2
1
0
-3
-2
-1
0
1
1
-1
-2
-5
-6
-5
-6
-6
-5
-6
-4
-5
-4
-2
0
0
-1
1
4
5
8
6
5
5
6
6
7
7
5
5
6
8
7
6
6
3
1
-2
-1
0
-2
1
1
-1
-3
-5
-4
-3
-5
-4
-1
-2
-4
-1
-2
-2
0
-1
-1
0
-4
-3
2
0
-3
-4
-6
-3
-2
-3
-1
0
1
1
1
2
0
0
0
-1
-4
-2
-1
-4
-5
-6
-3
-5
-6
-6
-6
-4
-6
-7
-6
-7
-7
-9
-8
-7
-8
-7
-7
-5
-2
-1
-1
0
1
2
2
0
-1
2
2
3
3
3
2
1
1
1
-1
-1
3
4
4
4
3
4
3
1
0
-1
1
1
2
3
5
5
4
2
2
3
2
2
2
2
2
4
3
3
2
2
2
4
4
5
8
9
7
6
4
3
2
1
2
2
1
0
-3
-3
-4
-8
-6
-7
-8
-7
-8
-9
-7
-7
-7
-7
-8
-8
-7
-6
-4
-4
-6
-4
-5
-9
-9
-9
-8
-8
-8
-8
-7
-5
-6
-5
-5
-2
-1
-1
-1
-1
3
5
5
4
3
2
-1
-1
1
2
3
-1
1
0
0
2
0
-3
-1
-3
-2
-1
-2
-2
-4
-3
-4
-6
-5
-9
-9
-5
-6
-6
-4
-5
-5
-3
-5
-3
-3
-3
-2
0
0
-2
-1
-2
-3
-1
-1
-2
-1
0
1
-1
4
6
5
5
6
5
6
7
7
9
9
11
12
13
14
15
17
16
17
18
16
14
14
12
11
8
6
9
9
7
5
2
1
0
1
0
-5
-2
-5
-7
-5
-7
-8
-9
-13
-12
-11
-13
-10
-7
-6
-5
-7
-7
-10
-14
-14
-14
-13
-11
-6
-1
1
6
5
4
3
3
4
5
7
10
10
7
7
5
1
2
1
-2
0
-1
0
6
6
8
11
9
12
15
12
15
18
17
20
21
23
21
21
23
21
20
20
15
15
13
10
10
8
7
2
0
-1
-4
-6
-7
-8
-10
-10
-10
-10
-11
-13
-11
-10
-13
-14
-20
-24
-24
-26
-28
-30
-32
-30
-28
-31
-29
-27
-26
-23
-20
-13
-14
-11
-4
-1
8
13
15
19
20
17
15
14
8
9
10
7
7
6
5
2
-2
-4
-5
-5
-4
-3
-3
-2
-4
-5
-4
-4
-1
-2
-2
-2
-2
-2
-3
-3
-7
-10
-11
-16
-17
-15
-11
-10
-8
-7
-6
-1
5
13
18
20
24
25
24
24
18
15
10
5
4
2
4
6
4
1
0
-5
-10
-9
-6
-1
5
7
7
1
1
1
3
5
6
7
7
4
-5
-9
-14
-17
-20
-28
-31
-37
-45
-48
-53
-54
-54
-57
-60
-62
-63
-63
-62
-57
-53
-52
-50
-50
-53
-49
-44
-36
-30
-25
-20
-16
-16
-19
-24
-24
-23
-18
-17
-19
-24
-25
-23
-19
-15
-9
-1
5
9
16
25
34
47
60
68
80
94
106
121
129
134
142
148
151
148
140
125
108
89
68
50
34
15
-10
-39
-75
-118
-166
-221
-283
-354
-431
-506
-571
-620
-658
-683
-700
-706
-687
-648
-590
-511
-423
-333
-244
-155
-75
-4
61
114
156
184
203
215
221
215
191
152
97
39
-6
-37
-54
-62
-57
-51
-43
-30
-16
12
51
95
139
176
208
233
253
267
274
280
283
278
259
230
192
146
97
56
13
-30
-74
-117
-161
-195
-219
-230
-230
-222
-211
-202
-191
-172
-149
-119
-84
-49
-11
30
66
100
135
172
213
251
284
312
336
360
387
414
445
486
536
586
632
669
700
734
776
820
859
886
900
909
914
917
915
903
879
846
800
741
674
604
534
464
394
314
227
144
69
2
-55
-107
-160
-212
-265
-325
-393
-469
-545
-614
-675
-731
-779
-812
-831
-846
-851
-843
-818
-762
-678
-547
-364
-133
130
385
561
624
611
597
678
887
1178
1467
1700
1878
2022
2131
2212
2281
2365
2481
2614
2735
2830
2908
2966
2966
2850
2584
2208
1816
1475
1199
953
684
372
28
-319
-624
-844
-926
-848
-639
-399
-241
-205
-263
-364
-479
-615
-767
-908
-996
-1037
-1070
-1142
-1269
-1412
-1548
-1665
-1772
-1867
-1917
-1885
-1757
-1556
-1332
-1123
-944
-791
-627
-404
-107
240
602
943
1252
1552
1852
2122
2273
2213
1909
1413
858
362
-24
-337
-658
-1034
-1445
-1835
-2139
-2301
-2305
-2180
-1986
-1797
-1654
-1546
-1421
-1228
-971
-717
-554
-540
-684
-957
-1297
-1650
-1979
-2281
-2589
-2932
-3299
-3639
-3879
-3966
-3896
-3727
-3532
-3364
-3218
-3054
-2828
-2505
-2096
-1655
-1244
-901
-630
-415
-228
-63
79
195
275
333
390
475
619
845
1132
1445
1771
2114
2484
2830
3025
2959
2637
2190
1789
1517
1317
1065
681
188
-307
-700
-948
-1070
-1110
-1119
-1142
-1204
-1293
-1344
-1275
-1073
-802
-572
-466
-491
-570
-626
-640
-661
-767
-1002
-1342
-1718
-2051
-2283
-2410
-2476
-2544
-2642
-2732
-2746
-2621
-2346
-1979
-1597
-1255
-963
-695
-414
-98
236
547
798
964
1053
1103
1164
1271
1409
1548
1667
1777
1908
2103
2380
2749
3209
3729
4212
4487
4407
3982
3424
2957
2648
2393
2003
1404
673
-11
-504
-774
-892
-931
-957
-1008
-1090
-1170
-1153
-969
-643
-296
-68
-22
-106
-189
-175
-94
-59
-177
-481
-903
-1332
-1680
-1904
-2023
-2091
-2174
-2292
-2397
-2409
-2246
-1913
-1498
-1117
-828
-611
-402
-144
161
463
702
839
891
892
896
929
997
1099
1202
1285
1364
1490
1708
2035
2439
2884
3359
3872
4368
4671
4609
4190
3631
3161
2833
2513
2026
1351
609
-25
-448
-679
-804
-874
-902
-917
-949
-970
-895
-660
-307
21
195
183
76
6
28
54
-51
-365
-822
-1295
-1694
-1985
-2181
-2323
-2457
-2585
-2687
-2702
-2568
-2276
-1886
-1502
-1195
-964
-739
-471
-163
138
359
471
505
509
523
552
591
635
687
744
824
961
1191
1521
1924
2359
2822
3364
3980
4523
4723
4451
3875
3303
2921
2637
2223
1558
734
-18
-536
-807
-937
-1022
-1076
-1107
-1132
-1156
-1101
-892
-542
-181
32
45
-64
-151
-132
-89
-186
-524
-1041
-1567
-1979
-2266
-2477
-2659
-2830
-2971
-3040
-2992
-2807
-2507
-2155
-1823
-1554
-1330
-1094
-810
-509
-251
-80
1
37
87
176
275
336
344
340
383
513
726
1013
1347
1707
2094
2526
3055
3700
4340
4698
4555
3977
3305
2838
2573
2256
1662
807
-73
-719
-1036
-1137
-1182
-1241
-1305
-1360
-1396
-1352
-1154
-817
-470
-263
-260
-388
-489
-478
-425
-515
-872
-1422
-1965
-2352
-2575
-2736
-2908
-3092
-3238
-3274
-3151
-2880
-2505
-2113
-1792
-1564
-1372
-1124
-787
-437
-186
-80
-71
-66
10
149
279
336
327
321
384
543
786
1084
1417
1770
2142
2552
3042
3657
4332
4803
4794
4297
3616
3103
2826
2550
1999
1139
210
-492
-841
-936
-975
-1056
-1151
-1216
-1233
-1169
-978
-669
-348
-152
-144
-253
-342
-325
-273
-360
-705
-1254
-1807
-2206
-2440
-2605
-2790
-2993
-3154
-3206
-3112
-2877
-2544
-2179
-1854
-1604
-1390
-1134
-810
-479
-236
-119
-90
-67
4
126
237
287
299
321
404
565
801
1107
1466
1848
2230
2630
3118
3758
4467
4963
4944
4423
3748
3280
3047
2769
2170
1269
355
-268
-520
-572
-637
-776
-916
-983
-967
-861
-658
-394
-158
-50
-93
-204
-256
-215
-191
-358
-784
-1341
-1837
-2167
-2381
-2582
-2829
-3082
-3246
-3253
-3105
-2857
-2554
-2245
-1965
-1708
-1440
-1136
-827
-578
-428
-353
-302
-217
-78
61
141
158
176
265
450
701
971
1253
1565
1927
2350
2842
3433
4109
4718
4980
4738
4188
3701
3450
3256
2804
1977
1001
242
-119
-205
-285
-497
-767
-946
-971
-881
-733
-566
-427
-356
-371
-439
-482
-469
-463
-592
-931
-1402
-1831
-2118
-2316
-2536
-2811
-3084
-3250
-3258
-3139
-2952
-2733
-2480
-2201
-1914
-1627
-1332
-1032
-779
-619
-534
-458
-333
-169
-14
73
87
109
218
430
684
929
1167
1443
1789
2188
2613
3091
3663
4285
4745
4779
4369
3816
3442
3254
2970
2338
1423
555
24
-158
-220
-379
-646
-882
-966
-917
-808
-680
-566
-486
-465
-499
-540
-547
-542
-630
-903
-1335
-1773
-2087
-2285
-2482
-2755
-3056
-3274
-3337
-3257
-3094
-2903
-2688
-2440
-2165
-1872
-1570
-1264
-987
-791
-684
-597
-468
-292
-115
8
61
98
202
396
643
888
1121
1384
1706
2075
2458
2882
3409
4024
4562
4760
4515
4047
3684
3510
3289
2749
1895
1026
456
238
162
-15
-332
-632
-775
-760
-690
-644
-616
-587
-566
-568
-588
-601
-615
-695
-931
-1318
-1722
-2010
-2183
-2367
-2653
-2992
-3236
-3288
-3178
-3011
-2863
-2715
-2512
-2232
-1905
-1583
-1303
-1078
-903
-767
-627
-453
-261
-85
31
97
172
322
563
832
1068
1271
1507
1830
2228
2649
3067
3532
4053
4509
4678
4474
4074
3752
3576
3329
2777
1955
1174
700
527
419
162
-210
-509
-617
-589
-566
-609
-668
-689
-671
-664
-695
-744
-805
-923
-1157
-1504
-1857
-2107
-2268
-2453
-2732
-3043
-3247
-3259
-3141
-2998
-2877
-2742
-2528
-2232
-1921
-1647
-1420
-1227
-1049
-877
-694
-501
-300
-118
18
132
272
467
705
930
1125
1330
1594
1925
2285
2639
3031
3523
4068
4474
4531
4263
3927
3738
3636
3357
2736
1929
1272
957
863
707
357
-63
-347
-429
-420
-460
-571
-696
-767
-778
-785
-812
-874
-989
-1179
-1454
-1767
-2032
-2221
-2399
-2636
-2931
-3184
-3278
-3214
-3090
-2988
-2909
-2772
-2528
-2224
-1944
-1731
-1560
-1382
-1176
-958
-744
-534
-331
-150
15
187
392
624
850
1051
1265
1535
1862
2214
2546
2887
3321
3835
4271
4416
4238
3947
3776
3702
3480
2942
2201
1567
1248
1141
975
609
163
-142
-244
-268
-358
-530
-696
-777
-790
-807
-868
-959
-1078
-1256
-1511
-1806
-2058
-2243
-2413
-2632
-2904
-3143
-3249
-3220
-3133
-3056
-2985
-2857
-2633
-2358
-2101
-1889
-1704
-1504
-1274
-1053
-851
-650
-426
-189
27
220
417
644
878
1106
1339
1614
1942
2281
2603
2936
3350
3842
4252
4384
4211
3952
3822
3770
3550
3008
2277
1688
1426
1352
1175
770
292
-10
-95
-128
-272
-521
-743
-837
-841
-857
-949
-1101
-1265
-1441
-1659
-1908
-2141
-2326
-2498
-2714
-2948
-3121
-3175
-3132
-3067
-3013
-2932
-2771
-2525
-2263
-2048
-1872
-1692
-1481
-1252
-1040
-853
-657
-427
-172
79
297
508
743
995
1250
1504
1777
2073
2378
2700
3064
3488
3907
4175
4189
4038
3911
3860
3740
3365
2750
2142
1766
1623
1488
1168
707
320
144
101
-10
-262
-556
-744
-786
-791
-869
-1035
-1229
-1407
-1585
-1797
-2035
-2257
-2453
-2654
-2865
-3057
-3183
-3215
-3190
-3145
-3081
-2962
-2765
-2531
-2316
-2134
-1958
-1740
-1509
-1306
-1129
-948
-717
-451
-196
24
231
471
738
997
1243
1495
1783
2093
2402
2714
3088
3527
3905
4066
3991
3850
3810
3814
3646
3177
2552
2065
1862
1795
1590
1158
679
375
267
180
-40
-357
-621
-729
-741
-794
-951
-1160
-1341
-1497
-1674
-1891
-2128
-2346
-2546
-2752
-2953
-3113
-3197
-3220
-3215
-3186
-3103
-2953
-2758
-2567
-2405
-2242
-2042
-1803
-1569
-1371
-1193
-981
-708
-416
-159
56
272
522
790
1044
1285
1544
1833
2141
2445
2760
3129
3528
3834
3940
3880
3817
3822
3773
3505
3020
2520
2205
2076
1939
1624
1182
798
588
465
263
-59
-385
-578
-634
-683
-820
-1029
-1217
-1352
-1490
-1683
-1919
-2142
-2321
-2486
-2678
-2876
-3022
-3087
-3099
-3091
-3056
-2966
-2814
-2635
-2476
-2335
-2172
-1967
-1739
-1530
-1342
-1123
-854
-550
-269
-37
185
436
711
973
1200
1421
1681
1976
2275
2564
2872
3220
3540
3728
3766
3744
3746
3734
3574
3221
2789
2463
2309
2204
1964
1568
1175
916
756
559
252
-91
-339
-443
-505
-636
-849
-1061
-1216
-1343
-1505
-1720
-1945
-2133
-2291
-2459
-2646
-2810
-2918
-2968
-2988
-2985
-2942
-2837
-2693
-2552
-2428
-2292
-2110
-1907
-1705
-1516
-1312
-1053
-757
-467
-216
12
259
530
802
1037
1256
1491
1748
2018
2289
2573
2885
3183
3386
3469
3497
3543
3574
3467
3176
2815
2554
2447
2379
2186
1844
1486
1242
1085
885
571
207
-71
-208
-298
-452
-697
-949
-1133
-1277
-1450
-1677
-1916
-2104
-2244
-2380
-2545
-2711
-2832
-2891
-2907
-2914
-2906
-2863
-2777
-2661
-2546
-2427
-2285
-2118
-1940
-1760
-1560
-1322
-1045
-752
-478
-225
26
289
557
813
1046
1275
1511
1754
2010
2275
2547
2801
2986
3099
3178
3247
3272
3187
2981
2732
2553
2471
2408
2256
1999
1723
1500
1313
1089
796
484
239
76
-70
-263
-501
-731
-917
-1087
-1283
-1502
-1720
-1896
-2029
-2165
-2322
-2476
-2585
-2647
-2690
-2729
-2754
-2739
-2688
-2623
-2549
-2464
-2362
-2237
-2100
-1950
-1779
-1567
-1321
-1064
-810
-557
-293
-32
220
461
701
947
1193
1433
1672
1919
2178
2436
2652
2812
2937
3035
3086
3041
2911
2757
2649
2605
2572
2468
2277
2059
1865
1688
1475
1210
930
694
519
360
165
-72
-312
-525
-719
-927
-1153
-1375
-1568
-1725
-1878
-2041
-2200
-2330
-2414
-2466
-2513
-2560
-2587
-2578
-2550
-2508
-2460
-2405
-2338
-2262
-2167
-2039
-1878
-1692
-1495
-1290
-1070
-828
-574
-317
-62
198
469
739
1010
1282
1559
1855
2147
2413
2641
2819
2958
3043
3053
3006
2941
2908
2903
2889
2826
2698
2537
2359
2162
1940
1694
1443
1209
994
783
555
312
63
-180
-417
-661
-912
-1162
-1398
-1610
-1813
-2012
-2198
-2361
-2493
-2597
-2682
-2749
-2793
-2811
-2813
-2805
-2783
-2744
-2685
-2610
-2510
-2382
-2221
-2031
-1827
-1612
-1381
-1127
-852
-569
-281
6
298
596
897
1202
1508
1828
2158
2481
2770
3001
3165
3258
3287
3272
3248
3231
3216
3185
3107
2973
2800
2601
2377
2130
1870
1610
1357
1106
857
603
344
83
-181
-449
-715
-976
-1236
-1492
-1737
-1978
-2206
-2416
-2603
-2752
-2875
-2974
-3053
-3103
-3117
-3103
-3075
-3040
-2989
-2910
-2805
-2676
-2522
-2336
-2119
-1890
-1658
-1414
-1146
-852
-540
-231
72
376
689
1011
1341
1679
2019
2362
2694
2988
3221
3379
3469
3495
3485
3464
3441
3404
3339
3231
3070
2865
2631
2378
2116
1847
1581
1320
1061
801
535
268
2
-265
-538
-809
-1077
-1338
-1585
-1822
-2045
-2256
-2460
-2646
-2800
-2924
-3016
-3079
-3119
-3135
-3121
-3082
-3026
-2954
-2862
-2746
-2600
-2422
-2216
-1987
-1747
-1498
-1237
-961
-666
-360
-50
261
575
892
1213
1541
1875
2217
2553
2860
3112
3287
3390
3439
3459
3460
3452
3430
3373
3278
3138
2951
2731
2488
2227
1963
1697
1434
1178
923
667
403
132
-139
-413
-687
-956
-1220
-1479
-1726
-1964
-2194
-2407
-2597
-2761
-2900
-3014
-3100
-3157
-3185
-3188
-3168
-3128
-3062
-2968
-2845
-2691
-2508
-2297
-2067
-1823
-1570
-1302
-1020
-725
-418
-106
202
509
815
1136
1467
1805
2148
2477
2777
3028
3208
3320
3373
3391
3392
3388
3373
3326
3242
3110
2932
2715
2467
2207
1938
1670
1408
1152
896
634
370
94
-192
-477
-760
-1035
-1297
-1549
-1787
-2016
-2232
-2439
-2623
-2785
-2921
-3024
-3103
-3149
-3166
-3164
-3139
-3094
-3028
-2932
-2806
-2649
-2464
-2251
-2015
-1757
-1487
-1210
-920
-617
-302
22
340
654
973
1303
1646
1994
2332
2644
2912
3118
3265
3354
3398
3410
3407
3394
3360
3296
3186
3027
2828
2592
2331
2063
1793
1521
1254
992
732
470
199
-83
-378
-675
-966
-1243
-1501
-1740
-1965
-2177
-2374
-2558
-2726
-2868
-2984
-3073
-3134
-3170
-3177
-3153
-3111
-3049
-2968
-2864
-2729
-2563
-2366
-2144
-1895
-1624
-1339
-1041
-738
-428
-106
225
563
901
1241
1585
1938
2287
2610
2883
3092
3231
3319
3368
3392
3399
3390
3355
3287
3175
3024
2837
2622
2384
2133
1874
1616
1363
1111
859
608
346
67
-221
-508
-792
-1067
-1329
-1576
-1809
-2029
-2229
-2408
-2571
-2714
-2831
-2927
-3003
-3048
-3064
-3055
-3021
-2966
-2887
-2785
-2659
-2503
-2316
-2101
-1863
-1606
-1334
-1048
-748
-433
-115
208
538
872
1213
1566
1919
2254
2559
2818
3012
3144
3220
3258
3274
3275
3262
3218
3144
3027
2865
2673
2454
2216
1971
1725
1484
1252
1015
770
514
242
-40
-329
-619
-898
-1166
-1422
-1662
-1891
-2108
-2309
-2485
-2640
-2772
-2878
-2958
-3010
-3035
-3036
-3019
-2983
-2925
-2839
-2724
-2578
-2398
-2187
-1956
-1699
-1427
-1143
-845
-535
-218
113
453
800
1157
1518
1874
2216
2526
2781
2975
3110
3196
3242
3266
3273
3255
3212
3137
3026
2871
2675
2451
2211
1962
1721
1487
1255
1019
775
521
259
-15
-298
-579
-860
-1131
-1386
-1627
-1859
-2079
-2282
-2465
-2625
-2760
-2863
-2940
-2995
-3022
-3036
-3033
-3007
-2959
-2880
-2771
-2634
-2463
-2264
-2036
-1779
-1504
-1220
-923
-613
-291
47
393
752
1123
1497
1869
2221
2531
2785
2979
3111
3192
3235
3249
3250
3235
3198
3123
2999
2836
2639
2415
2181
1941
1703
1468
1233
1001
767
515
247
-35
-326
-620
-910
-1180
-1438
-1688
-1917
-2134
-2339
-2523
-2682
-2816
-2922
-3000
-3051
-3076
-3077
-3055
-3011
-2944
-2852
-2736
-2591
-2410
-2192
-1946
-1668
-1369
-1058
-737
-408
-74
273
629
992
1367
1744
2108
2443
2732
2958
3123
3229
3289
3322
3324
3312
3277
3207
3100
2950
2761
2544
2306
2059
1811
1567
1333
1101
867
621
359
81
-204
-495
-787
-1070
-1341
-1592
-1823
-2039
-2241
-2430
-2602
-2752
-2879
-2975
-3040
-3078
-3084
-3064
-3027
-2969
-2885
-2775
-2635
-2466
-2264
-2024
-1752
-1453
-1133
-800
-464
-122
223
573
936
1307
1689
2065
2409
2703
2934
3099
3210
3277
3306
3313
3301
3273
3215
3116
2977
2793
2573
2331
2080
1830
1583
1348
1112
866
616
347
63
-227
-523
-816
-1100
-1367
-1617
-1847
-2057
-2257
-2444
-2612
-2762
-2889
-2985
-3050
-3084
-3090
-3070
-3027
-2966
-2886
-2778
-2643
-2473
-2264
-2018
-1741
-1436
-1114
-780
-433
-84
270
640
1016
1400
1784
2149
2480
2759
2980
3135
3235
3295
3326
3336
3325
3286
3208
3090
2934
2743
2527
2292
2051
1814
1578
1350
1121
883
630
355
58
-249
-560
-863
-1143
-1406
-1648
-1871
-2086
-2284
-2472
-2643
-2797
-2925
-3024
-3087
-3113
-3113
-3080
-3030
-2965
-2878
-2766
-2625
-2449
-2230
-1972
-1689
-1379
-1048
-707
-356
6
377
760
1158
1553
1932
2281
2578
2817
2996
3117
3197
3255
3286
3296
3278
3222
3126
2986
2808
2600
2374
2143
1911
1689
1474
1259
1033
782
508
211
-104
-424
-740
-1037
-1314
-1568
-1807
-2030
-2236
-2430
-2612
-2773
-2912
-3021
-3096
-3139
-3150
-3131
-3092
-3028
-2935
-2821
-2673
-2488
-2268
-2010
-1721
-1407
-1072
-724
-365
0
383
776
1175
1578
1963
2313
2610
2846
3022
3145
3232
3288
3322
3335
3319
3271
3184
3051
2881
2677
2452
2218
1982
1749
1532
1316
1086
839
565
267
-46
-368
-683
-985
-1273
-1538
-1788
-2023
-2241
-2447
-2637
-2807
-2949
-3063
-3145
-3195
-3215
-3208
-3175
-3110
-3018
-2892
-2732
-2537
-2297
-2022
-1722
-1391
-1039
-675
-297
93
484
885
1284
1669
2032
2351
2616
2831
2986
3098
3175
3217
3237
3228
3187
3116
3012
2872
2700
2504
2288
2066
1848
1631
1415
1194
960
711
434
138
-172
-484
-784
-1074
-1344
-1593
-1827
-2045
-2254
-2452
-2635
-2800
-2933
-3033
-3096
-3128
-3130
-3105
-3058
-2974
-2863
-2720
-2539
-2322
-2068
-1786
-1468
-1126
-765
-384
7
408
810
1209
1593
1943
2251
2504
2701
2850
2956
3027
3072
3092
3083
3041
2967
2856
2709
2536
2344
2140
1934
1732
1534
1330
1122
895
646
375
85
-210
-503
-787
-1053
-1303
-1536
-1756
-1965
-2162
-2349
-2516
-2662
-2785
-2881
-2947
-2982
-2983
-2959
-2906
-2823
-2710
-2564
-2382
-2167
-1919
-1637
-1329
-994
-635
-258
127
517
911
1292
1648
1971
2244
2468
2645
2785
2884
2950
2987
2995
2975
2917
2826
2704
2556
2391
2208
2021
1827
1633
1434
1225
1001
759
500
224
-60
-348
-625
-890
-1147
-1387
-1611
-1820
-2015
-2194
-2361
-2510
-2643
-2748
-2826
-2877
-2899
-2895
-2861
-2794
-2702
-2578
-2423
-2235
-2014
-1761
-1480
-1171
-837
-482
-108
274
656
1034
1388
1714
2003
2244
2444
2604
2725
2814
2877
2907
2903
2865
2793
2687
2560
2409
2239
2062
1877
1692
1503
1302
1090
860
609
344
68
-215
-490
-756
-1011
-1252
-1479
-1691
-1889
-2070
-2233
-2373
-2496
-2597
-2676
-2732
-2759
-2761
-2735
-2679
-2594
-2477
-2329
-2153
-1948
-1718
-1454
-1162
-845
-501
-140
232
608
979
1331
1649
1925
2157
2349
2508
2631
2724
2784
2813
2811
2772
2698
2591
2458
2305
2137
1960
1777
1599
1413
1222
1020
796
562
308
46
-215
-473
-718
-955
-1180
-1389
-1591
-1779
-1954
-2115
-2259
-2383
-2482
-2557
-2612
-2640
-2640
-2617
-2566
-2485
-2377
-2237
-2066
-1869
-1641
-1384
-1105
-797
-469
-122
239
601
959
1294
1597
1864
2089
2274
2416
2527
2610
2661
2682
2674
2625
2547
2440
2306
2152
1981
1806
1626
1445
1264
1073
873
660
433
190
-58
-304
-544
-776
-994
-1196
-1386
-1564
-1730
-1886
-2025
-2153
-2264
-2353
-2422
-2458
-2467
-2454
-2415
-2353
-2264
-2149
-2010
-1841
-1639
-1414
-1162
-884
-584
-266
68
412
750
1076
1379
1656
1898
2097
2261
2391
2483
2545
2578
2576
2542
2479
2385
2264
2117
1955
1785
1606
1424
1243
1057
865
664
452
232
-2
-236
-468
-692
-904
-1105
-1290
-1461
-1624
-1775
-1914
-2041
-2150
-2234
-2300
-2342
-2357
-2346
-2313
-2257
-2174
-2069
-1942
-1789
-1607
-1398
-1167
-915
-640
-355
-55
256
566
873
1161
1432
1673
1880
2057
2199
2310
2391
2442
2463
2455
2418
2353
2259
2141
1997
1839
1668
1491
1314
1130
937
736
526
303
76
-155
-383
-605
-816
-1014
-1202
-1376
-1539
-1687
-1829
-1960
-2071
-2164
-2229
-2273
-2293
-2283
-2251
-2195
-2116
-2016
-1892
-1745
-1572
-1380
-1163
-926
-672
-403
-127
161
447
730
1006
1263
1496
1700
1875
2018
2133
2219
2281
2317
2327
2311
2268
2196
2098
1978
1837
1682
1516
1344
1168
986
798
603
391
174
-50
-273
-490
-698
-891
-1068
-1234
-1388
-1529
-1663
-1786
-1892
-1981
-2051
-2098
-2120
-2118
-2095
-2054
-1989
-1905
-1803
-1679
-1532
-1370
-1184
-980
-761
-525
-280
-23
235
492
746
988
1209
1411
1591
1740
1868
1969
2044
2097
2128
2135
2120
2076
2007
1915
1796
1666
1519
1360
1199
1031
852
664
467
258
48
-163
-374
-574
-761
-929
-1086
-1230
-1356
-1473
-1583
-1677
-1758
-1824
-1868
-1892
-1895
-1875
-1833
-1775
-1699
-1608
-1502
-1378
-1240
-1086
-915
-731
-533
-324
-106
114
339
558
767
968
1153
1317
1464
1586
1687
1772
1831
1871
1890
1886
1858
1809
1736
1641
1525
1396
1253
1098
934
765
590
406
221
33
-154
-333
-506
-667
-814
-949
-1067
-1170
-1262
-1343
-1413
-1467
-1512
-1539
-1547
-1537
-1511
-1469
-1408
-1337
-1257
-1165
-1064
-952
-828
-693
-548
-399
-241
-78
86
250
409
560
710
851
975
1089
1187
1269
1338
1390
1426
1445
1447
1432
1400
1351
1282
1198
1096
982
858
723
583
444
299
156
16
-128
-263
-392
-519
-636
-742
-834
-915
-988
-1046
-1090
-1125
-1146
-1156
-1154
-1141
-1116
-1078
-1031
-971
-906
-833
-750
-667
-574
-476
-374
-266
-155
-44
67
176
282
386
483
573
660
739
811
875
928
971
1001
1017
1023
1015
993
963
918
864
800
720
636
548
454
357
261
163
64
-29
-123
-214
-299
-378
-449
-512
-565
-609
-651
-688
-716
-740
-754
-757
-753
-739
-714
-683
-644
-599
-556
-507
-458
-410
-356
-301
-239
-176
-114
-50
13
77
135
192
247
297
349
402
449
489
530
563
583
598
602
598
590
575
553
525
490
452
411
364
313
264
212
161
111
60
14
-29
-75
-114
-149
-185
-216
-247
-274
-296
-320
-342
-360
-374
-385
-389
-389
-383
-376
-365
-353
-338
-322
-308
-288
-265
-241
-210
-183
-153
-123
-95
-60
-26
4
37
71
105
135
166
193
216
235
249
263
275
280
282
282
281
277
271
261
251
241
228
216
203
183
165
142
115
93
66
43
20
-4
-22
-42
-63
-80
-102
-122
-138
-155
-171
-181
-188
-190
-193
-196
-197
-202
-204
-203
-205
-199
-190
-178
-165
-155
-139
-124
-107
-88
-72
-52
-33
-10
11
27
44
57
73
86
97
108
117
124
131
137
141
143
144
144
147
149
149
150
144
137
132
120
109
96
83
74
61
48
36
20
5
-12
-29
-43
-58
-69
-79
-88
-96
-105
-112
-119
-127
-133
-135
-139
-140
-138
-135
-132
-130
-125
-123
-117
-108
-100
-87
-76
-62
-49
-38
-25
-16
-5
7
24
40
56
74
91
101
113
120
126
133
140
145
149
152
155
153
149
144
137
131
123
118
110
100
90
75
60
46
29
12
-6
-22
-39
-55
-67
-82
-96
-110
-120
-129
-136
-140
-145
-148
-151
-153
-152
-152
-150
-146
-142
-133
-121
-111
-96
-83
-70
-55
-42
-29
-14
1
20
37
55
73
89
101
114
124
128
135
141
145
147
147
147
146
142
137
128
121
111
100
88
71
54
40
28
15
2
-13
-30
-42
-54
-66
-76
-87
-94
-102
-106
-112
-117
-119
-121
-124
-124
-125
-124
-122
-117
-111
-102
-89
-78
-65
-51
-35
-23
-11
1
15
27
41
53
61
70
79
84
86
91
91
91
95
95
99
101
102
104
105
102
94
88
82
71
63
54
43
35
29
18
9
-1
-11
-20
-29
-37
-46
-56
-63
-70
-80
-85
-92
-99
-102
-106
-110
-109
-106
-106
-103
-97
-93
-87
-78
-71
-63
-51
-42
-31
-18
-8
2
15
25
35
45
55
63
73
83
91
95
100
104
104
106
106
103
99
97
90
84
81
77
69
63
53
40
33
23
10
1
-10
-23
-33
-43
-56
-67
-77
-85
-94
-100
-105
-110
-111
-113
-113
-111
-110
-106
-103
-97
-86
-78
-65
-51
-40
-27
-15
-4
7
18
30
39
49
60
72
82
89
94
99
102
106
108
114
115
112
114
114
108
101
90
80
69
57
43
33
22
9
-2
-17
-29
-40
-51
-58
-68
-76
-82
-91
-98
-103
-109
-110
-113
-119
-117
-113
-111
-107
-103
-97
-91
-83
-72
-62
-53
-41
-29
-17
-2
10
21
29
38
46
55
65
72
81
93
99
103
107
108
110
110
106
104
101
98
96
90
83
77
68
59
50
39
28
19
7
-5
-16
-26
-36
-45
-52
-64
-74
-80
-84
-88
-91
-92
-95
-96
-96
-93
-90
-86
-83
-78
-75
-70
-64
-59
-52
-45
-37
-30
-24
-16
-6
4
11
22
32
40
50
59
67
77
85
91
96
99
102
108
107
106
107
103
98
95
86
77
69
62
54
45
34
26
16
5
-4
-15
-24
-32
-39
-47
-55
-64
-70
-79
-84
-88
-98
-105
-108
-108
-108
-107
-103
-99
-95
-86
-79
-73
-65
-55
-43
-29
-20
-10
3
11
22
35
43
55
67
73
84
94
98
101
103
104
106
103
102
99
96
93
88
82
73
67
59
51
45
34
27
18
4
-2
-13
-25
-35
-45
-52
-58
-63
-68
-72
-77
-82
-84
-87
-89
-91
-90
-89
-85
-81
-78
-76
-74
-65
-60
-54
-42
-33
-25
-13
-3
4
14
24
30
39
48
55
60
66
69
74
77
78
80
82
81
80
78
75
72
69
66
62
57
51
44
38
34
27
20
13
5
-3
-9
-17
-24
-30
-37
-42
-49
-56
-62
-67
-70
-72
-74
-75
-73
-72
-69
-65
-64
-60
-59
-59
-55
-52
-49
-44
-38
-34
-27
-23
-17
-12
-6
1
9
15
22
27
30
35
39
38
43
46
46
52
54
51
52
52
47
48
48
43
40
36
29
26
20
15
12
4
-2
-6
-11
-16
-17
-23
-27
-25
-29
-31
-31
-31
-33
-35
-36
-38
-38
-39
-40
-36
-35
-33
-33
-33
-28
-29
-27
-20
-19
-13
-9
-6
-3
3
7
11
17
19
23
28
30
34
35
37
37
39
41
38
38
33
32
29
26
26
22
20
17
14
12
11
8
7
4
1
0
-2
-4
-6
-9
-10
-11
-14
-16
-14
-16
-15
-14
-18
-19
-19
-21
-21
-21
-25
-26
-24
-26
-25
-23
-23
-20
-18
-17
-11
-8
-5
-3
-1
1
4
4
9
11
13
16
16
17
17
17
20
19
18
14
10
8
6
4
1
0
-3
-6
-7
-7
-9
-11
-12
-12
-11
-12
-15
-15
-15
-16
-14
-15
-15
-14
-15
-14
-16
-14
-12
-12
-5
-4
-4
-2
1
4
9
13
15
18
21
25
31
32
34
35
39
41
43
42
42
41
41
39
36
36
30
26
21
16
14
6
3
-3
-8
-12
-18
-26
-31
-32
-35
-42
-45
-46
-51
-53
-54
-53
-53
-53
-50
-48
-47
-45
-39
-36
-31
-28
-23
-15
-11
-5
1
4
8
15
18
23
30
35
42
44
51
56
61
63
64
64
65
64
64
64
61
63
58
54
51
43
37
35
31
26
22
16
12
10
5
0
-5
-10
-15
-21
-25
-30
-33
-37
-38
-42
-45
-46
-47
-50
-50
-50
-51
-50
-46
-44
-41
-38
-36
-31
-27
-24
-19
-15
-11
-3
0
4
7
11
17
19
22
24
23
25
25
27
30
33
33
34
33
33
33
34
37
35
34
34
33
31
28
25
19
17
14
5
3
-5
-8
-12
-16
-21
-27
-32
-38
-40
-44
-48
-51
-55
-55
-55
-55
-55
-55
-54
-51
-46
-43
-40
-35
-33
-28
-24
-21
-16
-9
-4
1
7
12
17
23
30
33
38
39
41
44
44
44
43
43
46
47
49
51
49
46
47
43
41
39
34
31
27
24
16
13
7
1
-3
-10
-16
-20
-27
-30
-33
-35
-39
-44
-45
-46
-47
-48
-49
-50
-50
-47
-45
-43
-40
-34
-31
-27
-24
-21
-14
-10
-4
0
4
9
12
17
21
25
26
31
34
37
40
42
41
41
44
43
44
43
37
36
33
29
27
22
18
14
13
8
6
3
-1
-6
-11
-15
-20
-24
-29
-32
-32
-38
-43
-44
-46
-48
-48
-48
-46
-46
-48
-45
-41
-40
-35
-32
-30
-25
-19
-14
-10
-7
2
9
15
20
24
30
33
36
38
40
44
46
50
54
53
53
53
53
52
50
48
42
38
37
34
29
24
19
16
10
5
-1
-9
-10
-14
-20
-24
-26
-32
-34
-36
-43
-44
-49
-53
-52
-57
-59
-56
-56
-54
-53
-52
-48
-47
-47
-44
-37
-31
-25
-19
-15
-6
1
8
13
19
25
31
35
38
42
47
52
54
58
58
56
56
55
54
52
52
52
49
48
46
40
35
34
31
24
18
11
4
-4
-10
-16
-22
-27
-33
-39
-44
-49
-55
-59
-63
-63
-64
-65
-65
-62
-60
-58
-55
-52
-49
-46
-43
-37
-29
-21
-11
-4
1
7
11
16
22
30
34
40
43
46
54
56
58
61
59
62
64
58
58
55
50
47
41
39
35
29
24
20
15
7
0
-5
-11
-16
-25
-32
-36
-42
-48
-50
-52
-56
-61
-63
-64
-63
-62
-60
-58
-56
-52
-48
-46
-40
-32
-23
-19
-12
-5
0
6
12
18
23
29
35
38
42
46
46
48
51
55
58
60
64
65
64
61
62
60
56
53
47
43
36
30
20
11
6
-2
-8
-14
-21
-26
-33
-37
-42
-48
-53
-58
-62
-65
-67
-70
-72
-71
-69
-71
-69
-65
-62
-60
-56
-50
-44
-37
-31
-27
-19
-12
-4
6
14
24
31
40
50
58
65
71
76
79
82
85
86
87
89
85
79
77
73
69
67
63
55
49
42
34
28
20
17
12
3
-7
-15
-25
-33
-41
-47
-54
-61
-64
-66
-66
-69
-70
-74
-81
-83
-87
-83
-75
-68
-60
-60
-59
-61
-62
-57
-53
-44
-39
-32
-21
-13
-6
1
6
14
21
32
40
48
58
62
64
67
67
72
79
84
85
80
72
60
49
46
47
51
50
45
36
28
24
24
25
23
18
12
-1
-13
-22
-32
-42
-50
-58
-65
-76
-84
-89
-98
-107
-112
-116
-116
-112
-108
-102
-94
-82
-71
-59
-47
-38
-28
-16
-7
4
17
31
41
50
60
72
83
92
92
89
88
90
95
97
102
106
108
113
118
118
114
108
99
88
77
72
67
62
57
46
32
18
7
2
-5
-13
-22
-42
-56
-59
-54
-49
-62
-121
-236
-379
-496
-540
-480
-332
-156
-8
64
47
-15
-65
-67
-8
77
141
155
120
56
-3
-25
-6
35
77
89
64
16
-26
-37
-8
45
94
125
119
75
5
-70
-128
-153
-137
-89
-26
36
91
129
157
187
220
255
280
287
281
266
255
247
233
208
169
132
115
121
152
165
103
-63
-307
-564
-740
-764
-635
-414
-186
-45
-18
-75
-165
-227
-209
-129
-32
46
72
49
23
25
65
124
151
106
-14
-165
-291
-335
-285
-173
-52
29
45
24
6
27
98
195
284
329
323
283
233
211
229
269
302
298
251
171
92
36
16
28
42
30
-14
-78
-141
-181
-192
-183
-179
-184
-205
-237
-261
-259
-234
-193
-149
-111
-92
-88
-81
-72
-46
-7
38
87
121
141
145
139
130
126
132
142
150
149
139
125
119
119
126
137
142
141
136
139
164
210
264
286
239
107
-95
-309
-461
-508
-438
-298
-159
-90
-94
-136
-170
-146
-53
71
170
212
186
114
49
19
36
76
104
91
32
-45
-117
-158
-157
-127
-96
-88
-102
-126
-144
-134
-100
-56
-18
-1
4
2
5
28
68
110
141
154
147
127
109
94
87
91
92
81
64
29
-7
-32
-43
-31
-20
-12
-11
-23
-36
-40
-32
-17
-2
10
11
8
7
16
41
73
98
107
100
81
62
51
54
67
77
69
33
-23
-83
-126
-135
-121
-97
-79
-77
-85
-99
-98
-74
-36
3
23
20
8
-7
-8
11
43
72
82
71
42
10
-13
-19
-14
-8
-8
-9
-12
-9
4
20
18
-15
-76
-146
-198
-209
-182
-138
-99
-85
-107
-145
-170
-163
-120
-57
5
43
60
66
68
75
89
104
114
113
101
77
53
33
22
25
30
28
18
-2
-21
-25
-18
-3
-1
-26
-61
-95
-103
-73
-13
56
103
116
95
62
41
37
55
79
87
70
26
-28
-61
-71
-60
-44
-45
-67
-108
-148
-169
-160
-126
-82
-50
-40
-42
-44
-28
2
41
77
97
103
93
80
78
87
111
140
153
150
138
111
88
77
76
82
92
95
77
50
23
-5
-26
-33
-31
-24
-21
-26
-39
-57
-66
-67
-56
-35
-14
0
-2
-14
-29
-42
-44
-39
-32
-31
-42
-56
-69
-70
-64
-59
-56
-61
-70
-79
-84
-75
-54
-29
-5
12
18
24
36
52
68
79
83
82
82
91
107
128
141
131
102
69
49
47
60
77
77
57
20
-13
-31
-26
-7
8
4
-23
-58
-85
-92
-76
-45
-21
-21
-41
-76
-102
-106
-87
-54
-32
-31
-54
-89
-115
-113
-91
-60
-40
-47
-73
-98
-109
-91
-54
-14
8
5
-18
-39
-32
-1
45
80
80
49
6
-18
-9
37
95
138
146
119
76
46
47
77
114
132
118
79
37
10
8
28
46
49
25
-16
-55
-74
-69
-48
-21
-15
-36
-73
-111
-135
-133
-109
-82
-67
-67
-83
-97
-104
-99
-81
-64
-60
-67
-77
-86
-85
-69
-47
-28
-18
-23
-32
-43
-36
-13
14
38
50
51
51
52
67
88
106
115
110
98
83
84
97
114
132
140
136
127
118
114
118
118
114
107
95
79
65
50
39
29
18
8
-2
-10
-13
-14
-15
-10
-1
4
0
-8
-18
-25
-28
-28
-27
-23
-19
-19
-22
-23
-23
-19
-19
-26
-33
-36
-33
-19
2
21
34
30
16
2
2
23
56
83
90
76
51
29
30
52
85
114
124
109
78
41
19
17
39
66
80
75
47
12
-17
-33
-26
-7
12
16
-1
-30
-59
-79
-83
-69
-55
-50
-60
-78
-91
-89
-70
-37
-7
11
8
-11
-32
-41
-29
-3
21
35
35
20
6
1
6
24
48
67
75
71
52
29
8
-5
1
22
46
66
73
57
29
2
-9
5
35
75
102
106
84
49
23
10
15
32
42
38
19
-10
-28
-34
-18
4
19
19
4
-19
-38
-41
-30
-9
11
15
3
-28
-66
-93
-96
-81
-55
-30
-27
-42
-64
-87
-88
-71
-47
-28
-29
-47
-75
-99
-110
-107
-92
-78
-74
-81
-95
-107
-109
-96
-76
-61
-52
-53
-65
-77
-83
-78
-61
-44
-32
-37
-54
-70
-78
-72
-54
-30
-9
0
-2
-6
-6
0
16
36
50
59
59
58
59
69
81
89
88
78
63
49
47
51
55
51
30
-4
-41
-70
-81
-77
-65
-59
-63
-80
-106
-128
-139
-134
-123
-108
-103
-105
-113
-125
-136
-141
-141
-140
-140
-148
-156
-161
-159
-154
-155
-155
-153
-149
-139
-127
-114
-106
-103
-96
-82
-59
-34
-7
10
19
19
15
17
29
51
73
93
98
91
83
78
86
102
124
134
137
129
109
95
88
86
90
94
94
83
70
62
61
69
74
77
72
61
48
32
20
13
7
3
-5
-18
-31
-50
-64
-73
-74
-68
-61
-52
-43
-35
-20
-3
15
29
41
46
47
56
69
88
105
117
117
106
88
73
68
75
95
110
111
102
81
59
47
49
66
92
112
117
107
80
54
43
46
59
77
91
87
67
47
32
25
34
47
51
47
35
23
12
12
24
36
46
51
50
50
50
57
65
76
91
103
112
115
115
112
113
120
125
130
124
109
91
74
69
73
86
96
93
85
69
56
58
72
93
107
106
88
55
19
-8
-20
-17
-11
-10
-33
-71
-115
-153
-174
-177
-169
-163
-166
-181
-205
-224
-234
-231
-217
-204
-197
-200
-215
-235
-253
-266
-277
-285
-288
-283
-258
-219
-166
-103
-41
21
75
123
162
186
195
186
162
131
95
66
42
18
-6
-34
-71
-105
-132
-159
-179
-195
-217
-234
-244
-250
-247
-241
-235
-233
-233
-232
-230
-228
-218
-207
-202
-199
-204
-216
-224
-228
-221
-209
-195
-180
-167
-160
-153
-143
-125
-107
-89
-72
-69
-71
-74
-73
-70
-64
-56
-53
-53
-54
-56
-58
-59
-55
-51
-43
-30
-11
8
25
39
50
54
52
52
54
59
66
73
80
86
92
95
96
94
94
97
111
130
150
167
177
183
183
184
194
205
219
229
230
226
218
210
210
211
208
197
179
157
138
130
129
131
134
130
113
95
77
66
67
73
83
87
85
77
66
60
64
71
83
89
85
73
52
33
23
22
29
40
48
46
33
20
9
3
8
21
32
35
31
15
-5
-24
-30
-27
-18
-5
3
-2
-13
-29
-40
-38
-29
-13
2
10
9
0
-14
-30
-38
-43
-41
-36
-31
-28
-29
-32
-36
-39
-37
-34
-28
-26
-28
-34
-43
-51
-59
-58
-54
-51
-42
-36
-34
-33
-33
-32
-32
-29
-26
-27
-33
-42
-53
-66
-72
-71
-73
-70
-68
-73
-76
-83
-88
-90
-92
-92
-94
-100
-107
-111
-117
-117
-117
-115
-109
-107
-103
-94
-89
-79
-71
-62
-49
-36
-25
-14
-9
-9
-8
-4
0
8
13
17
16
7
3
-1
1
16
28
38
43
41
36
24
12
15
24
35
43
42
32
18
8
2
1
2
4
-3
-17
-34
-51
-60
-61
-53
-40
-38
-41
-54
-70
-77
-75
-69
-60
-54
-55
-64
-78
-82
-77
-61
-38
-21
-11
-15
-22
-24
-20
-3
20
37
44
41
27
14
13
23
46
66
77
76
63
46
39
42
55
70
79
78
64
46
32
24
31
46
61
65
60
43
25
11
7
15
26
40
41
33
13
-9
-21
-20
-14
-5
-3
-10
-19
-31
-38
-38
-30
-17
-7
-5
-9
-20
-27
-26
-24
-21
-17
-13
-13
-11
-11
-12
-15
-15
-9
-5
-3
0
1
5
10
19
27
35
40
42
42
37
32
30
31
31
28
28
24
20
22
20
19
23
25
30
37
40
37
31
25
21
19
20
20
21
18
15
11
4
0
0
1
0
-3
-4
-6
-9
-10
-9
-8
-5
-3
-1
1
3
3
3
3
6
8
10
14
13
12
11
9
10
8
10
12
13
13
11
12
13
18
22
25
27
29
30
32
34
35
36
34
28
26
20
15
17
19
19
18
14
9
4
0
-1
1
6
10
14
16
21
19
21
23
24
29
32
34
35
33
33
30
28
30
32
38
42
43
42
39
40
43
46
46
46
47
42
37
32
29
28
28
29
26
24
23
20
18
16
18
20
22
22
21
21
20
19
24
29
35
39
43
46
48
55
61
65
69
71
73
74
76
78
82
89
94
95
97
97
97
98
97
92
94
94
94
96
92
89
86
80
74
70
62
55
47
38
31
24
16
10
1
-7
-16
-22
-27
-32
-30
-30
-31
-29
-29
-28
-29
-27
-27
-26
-24
-20
-17
-15
-14
-9
-6
-1
3
8
12
17
22
24
29
34
43
50
51
55
55
55
55
53
53
51
49
48
43
41
34
28
24
18
15
10
4
-2
-9
-18
-27
-32
-35
-39
-41
-43
-48
-58
-61
-64
-64
-61
-62
-63
-67
-68
-73
-74
-70
-64
-59
-55
-51
-52
-51
-48
-46
-43
-37
-28
-23
-20
-12
-8
-4
4
13
21
23
26
20
15
14
15
19
25
28
28
24
19
17
16
14
14
14
8
4
-3
-11
-15
-18
-19
-19
-25
-31
-39
-49
-52
-57
-60
-60
-62
-67
-73
-78
-82
-83
-81
-80
-76
-73
-72
-70
-67
-67
-63
-54
-47
-41
-34
-31
-25
-21
-18
-11
-3
-2
7
12
11
15
12
13
13
16
21
24
23
21
15
10
6
3
3
1
0
0
-4
-12
-15
-20
-25
-27
-27
-31
-39
-48
-53
-58
-61
-63
-64
-63
-63
-63
-65
-68
-66
-62
-61
-56
-51
-49
-45
-43
-37
-31
-27
-20
-12
-8
-5
-1
-1
5
7
4
7
8
6
9
13
13
16
19
22
19
16
13
10
8
4
3
5
1
4
3
-4
-5
-6
-8
-11
-12
-14
-16
-19
-24
-23
-25
-23
-21
-24
-21
-24
-29
-28
-30
-29
-21
-17
-18
-17
-14
-13
-14
-14
-12
-14
-15
-12
-10
-10
-10
-7
-7
-5
-1
1
4
5
7
9
11
12
16
21
20
21
18
18
20
19
23
27
30
31
33
32
30
29
27
27
23
22
21
17
17
18
17
14
13
11
4
-4
-8
-10
-15
-18
-16
-16
-19
-21
-23
-25
-27
-27
-32
-32
-32
-33
-31
-30
-30
-28
-25
-23
-16
-11
-8
-3
1
2
3
4
11
20
22
26
28
26
27
28
29
30
32
32
30
27
22
22
20
15
15
13
12
10
7
6
5
1
-4
-3
-4
-10
-11
-14
-17
-19
-20
-19
-19
-20
-20
-21
-23
-20
-18
-18
-15
-11
-8
-7
-1
3
6
12
16
19
23
24
28
31
32
33
34
34
37
37
37
37
33
29
26
23
25
21
15
11
9
8
6
4
5
7
3
1
1
0
0
-2
-3
0
-2
-1
0
-3
-2
-1
-1
-2
-1
1
-3
-1
0
-2
-2
-3
-4
-3
-3
-2
1
1
4
6
7
9
7
6
7
5
7
8
8
10
13
12
10
7
9
8
9
11
12
13
11
13
11
12
11
10
10
8
6
4
2
2
2
-1
-1
-1
-4
-4
-10
-10
-10
-13
-13
-15
-15
-12
-13
-12
-12
-11
-8
-8
-6
-4
-3
-5
-6
-4
-3
-5
-4
-4
-4
-3
-4
-1
3
6
8
10
10
10
11
10
11
11
12
14
12
11
12
9
10
10
8
10
10
8
5
1
0
-2
-7
-7
-4
-8
-10
-10
-12
-11
-10
-13
-13
-11
-8
-8
-8
-3
0
2
5
9
12
16
16
17
18
21
21
24
27
27
29
28
27
26
24
24
21
18
18
15
16
17
14
14
14
14
13
14
10
9
8
6
5
3
1
2
2
0
-1
-7
-8
-6
-12
-9
-9
-9
-6
-4
-3
-2
-1
-4
-4
-4
-3
-2
-2
0
1
-3
-1
-2
-9
-8
-6
-7
-5
-7
-8
-7
-8
-8
-11
-13
-12
-13
-12
-10
-11
-11
-7
-5
-3
-1
-3
-2
0
1
3
4
3
7
8
9
11
9
8
10
7
8
7
5
7
7
7
4
3
-3
-3
-4
-8
-8
-11
-15
-13
-17
-19
-19
-20
-20
-22
-24
-23
-26
-28
-28
-28
-30
-28
-26
-25
-20
-20
-20
-17
-15
-12
-11
-8
-5
-3
-2
-1
-2
1
5
4
6
6
7
7
6
6
6
6
5
6
4
4
3
3
3
3
1
-1
-4
-7
-8
-8
-8
-10
-14
-15
-19
-22
-24
-26
-30
-32
-33
-34
-33
-38
-38
-37
-39
-37
-33
-32
-33
-31
-31
-27
-23
-23
-20
-18
-16
-15
-13
-10
-8
-6
-3
-1
-1
1
2
3
4
7
5
7
6
5
4
4
5
5
5
5
3
3
3
2
-1
0
0
-4
-4
-4
-6
-6
-8
-8
-9
-13
-14
-17
-16
-17
-17
-16
-17
-18
-18
-18
-17
-17
-17
-19
-17
-16
-15
-13
-11
-10
-12
-10
-7
-6
-4
-1
0
1
2
0
2
3
4
6
8
9
11
13
16
17
19
20
19
20
19
21
22
20
22
23
20
21
21
19
18
14
12
10
10
9
6
4
3
-1
1
-1
-4
-3
-3
-5
-7
-7
-7
-6
-6
-8
-8
-9
-9
-9
-10
-9
-6
-7
-8
-8
-6
-3
0
0
2
4
6
8
11
12
13
15
16
15
17
16
17
18
18
20
23
22
19
16
16
15
14
14
12
11
9
9
7
5
8
5
5
6
6
6
5
5
4
3
1
1
1
0
-1
-1
-2
-2
-2
-5
-7
-7
-11
-11
-10
-14
-15
-13
-15
-14
-14
-12
-9
-9
-8
-6
-5
-4
0
2
2
6
9
10
14
17
16
16
19
20
21
20
20
21
20
18
19
18
19
17
12
14
15
12
13
10
9
8
6
7
5
2
2
-1
-4
-5
-9
-9
-9
-8
-9
-12
-15
-17
-18
-18
-19
-14
-15
-18
-13
-13
-13
-10
-10
-7
-7
-5
-2
-4
0
1
0
5
9
9
10
11
12
14
14
17
16
17
18
16
15
16
14
14
14
13
9
8
6
4
4
3
2
-1
-4
-6
-8
-9
-15
-19
-17
-20
-20
-22
-21
-20
-20
-18
-18
-17
-15
-14
-13
-11
-13
-11
-11
-12
-8
-7
-5
-2
0
2
2
4
7
5
7
9
10
12
11
14
16
16
17
16
16
17
16
16
17
13
12
10
8
3
-1
-1
-5
-8
-9
-11
-11
-14
-14
-15
-14
-14
-17
-17
-14
-13
-11
-12
-11
-7
-6
-7
-3
-1
-1
2
1
0
1
1
-1
-2
-2
-3
-3
-5
-4
-3
-5
-3
-4
-5
-4
-3
-2
-3
-3
-1
4
4
4
5
6
6
7
9
8
13
12
11
13
11
14
11
10
10
9
8
5
4
4
5
3
1
2
0
-1
-4
-4
-5
-9
-9
-9
-8
-6
-9
-8
-8
-9
-7
-8
-7
-7
-6
-5
-8
-5
-3
-4
-1
0
2
3
2
3
3
3
4
2
0
-1
1
0
1
-1
-2
-3
-3
-5
-6
-7
-7
-6
-6
-7
-7
-9
-7
-4
-6
-6
-4
-4
-2
-2
-1
3
4
6
8
6
6
5
3
5
6
5
6
10
10
8
8
8
7
5
6
6
7
7
8
5
6
8
7
4
1
-1
-2
-3
-4
-2
-2
-2
-1
-4
-4
-4
-3
-1
-2
-1
-3
-4
-1
-2
3
6
5
6
6
6
7
2
2
4
2
3
3
4
4
-1
-1
-1
-3
-3
-2
-1
-2
-2
1
0
3
3
1
5
7
8
8
7
9
8
8
10
10
8
8
8
4
4
2
0
0
-1
-2
-4
-5
-7
-11
-10
-11
-12
-15
-15
-13
-14
-13
-10
-10
-8
-9
-8
-10
-11
-10
