11
8
7
7
6
7
7
5
8
7
7
9
9
7
9
10
8
6
7
8
6
4
5
5
5
5
5
3
4
2
-1
-2
-3
-2
-5
-3
-3
-3
0
1
3
2
1
4
2
2
4
3
1
1
2
0
2
3
2
2
1
0
-1
-2
-4
-5
-6
-7
-7
-8
-8
-7
-6
-5
-6
-7
-10
-10
-13
-14
-13
-14
-16
-19
-18
-18
-16
-16
-16
-16
-20
-18
-18
-21
-21
-20
-18
-16
-16
-13
-12
-11
-7
-9
-9
-4
-7
-6
-6
-8
-8
-7
-6
-8
-8
-4
-4
-1
0
-1
-2
-3
-3
-2
-1
0
0
1
3
3
7
7
5
8
6
7
7
5
8
7
5
6
7
8
7
8
9
7
9
8
6
5
5
7
8
5
7
7
4
6
5
4
5
5
3
2
4
3
-2
-1
-1
-5
-4
-3
-2
0
1
1
2
2
3
-1
0
0
1
4
4
5
3
2
3
2
2
0
1
0
0
0
-2
-5
-5
-5
-5
-3
-4
-7
-8
-8
-9
-10
-11
-11
-10
-10
-11
-10
-10
-9
-7
-7
-5
-4
-6
-5
-3
-3
-4
-4
-2
-3
-3
-2
-3
-2
-2
0
1
3
3
3
3
-1
-1
-1
-2
1
-3
1
1
0
-1
-1
-1
-1
2
2
2
3
2
2
2
3
8
4
3
5
3
4
7
7
7
7
7
8
6
6
6
6
5
7
7
5
6
3
1
2
1
1
0
2
2
2
3
2
3
1
3
2
1
3
2
2
2
-1
-1
2
1
2
2
2
4
5
3
2
2
1
1
1
0
1
1
1
5
4
3
0
-1
0
-1
1
2
0
3
2
1
1
2
2
1
1
2
1
-1
-1
-4
-5
-4
-5
-6
-5
-6
-5
-4
-5
-4
-5
-6
-4
-7
-5
-4
-4
-5
-3
-1
-1
0
0
0
0
-1
0
-2
-5
-6
-5
-5
-3
-6
-8
-7
-9
-11
-10
-10
-11
-11
-9
-10
-11
-12
-10
-9
-10
-6
-7
-8
-8
-9
-10
-12
-12
-11
-11
-11
-10
-11
-7
-7
-7
-5
-3
-1
-1
2
4
4
5
5
5
6
7
8
10
10
10
10
7
8
8
6
5
7
8
8
10
12
12
12
13
12
13
12
14
14
13
15
15
13
13
9
8
8
6
6
6
4
3
2
0
-2
1
0
-1
-1
-1
-1
-3
-3
-3
-3
-3
-2
-5
-6
-3
-1
1
1
1
1
-1
-1
-2
-3
-5
-5
-4
-2
-1
-1
-1
-1
-2
-3
-2
-2
-2
1
-1
0
1
2
2
1
-1
-3
-6
-9
-9
-11
-11
-10
-11
-10
-11
-10
-9
-8
-5
-5
-6
-3
-4
-1
-1
0
2
1
6
5
5
6
4
5
4
2
5
2
5
7
7
11
10
12
11
9
9
9
7
5
6
7
6
7
7
4
6
9
7
7
3
2
2
-1
-2
-2
-3
-1
1
-1
-3
-1
-1
1
0
0
4
5
5
2
6
9
8
10
11
9
9
11
9
5
4
4
3
5
3
3
4
3
3
2
-1
-1
-1
0
-1
-3
-3
-3
-1
-2
-3
-3
-3
-1
0
0
0
1
1
0
-3
-2
2
3
2
3
0
2
3
3
4
5
5
4
6
6
7
7
6
4
5
6
8
10
10
9
7
7
6
4
5
2
3
1
1
3
1
2
2
1
0
-3
-1
1
-1
0
3
0
-1
0
-2
-1
0
0
-3
-4
-6
-5
-4
-5
-3
-4
-7
-5
-6
-7
-6
-5
-6
-8
-6
-8
-9
-5
-3
-4
-7
-10
-9
-9
-9
-8
-10
-11
-12
-14
-15
-17
-17
-15
-17
-17
-18
-17
-15
-12
-9
-9
-10
-9
-6
-6
-1
0
0
1
1
1
3
4
5
5
2
5
6
3
5
6
6
6
6
5
4
2
6
6
3
6
4
4
1
0
1
-2
0
-1
-5
-7
-5
-6
-8
-8
-11
-14
-12
-12
-12
-9
-9
-11
-11
-11
-8
-9
-8
-7
-7
-5
-5
-4
-4
-4
-4
-5
-6
-5
-7
-7
-6
-7
-6
-7
-10
-10
-10
-9
-8
-8
-6
-5
-4
-4
-4
-3
-2
1
1
2
3
5
4
3
3
2
4
5
6
4
6
7
5
5
6
7
6
7
10
9
10
11
11
12
13
14
13
12
13
13
12
11
12
10
10
8
9
7
2
1
-1
-5
-4
-4
-4
-4
0
-1
-4
-3
-4
-3
-1
-2
-3
-2
-2
0
1
-2
-2
-3
-5
-7
-7
-7
-8
-10
-8
-6
-8
-6
-3
-3
-3
-3
0
1
3
2
2
3
4
6
4
7
7
5
3
0
0
1
2
6
4
4
8
5
6
7
7
6
4
7
9
8
8
9
11
8
6
7
6
5
5
4
5
2
5
4
3
6
4
2
2
2
4
1
2
4
3
2
6
3
1
2
5
5
5
7
6
6
6
6
4
3
4
5
2
2
3
1
3
2
3
3
2
5
6
4
5
5
4
2
4
6
5
6
7
7
7
6
3
5
6
6
7
7
7
9
5
5
8
8
5
7
7
4
5
5
5
4
4
4
-1
0
1
0
1
-1
0
0
-4
-5
-8
-11
-11
-14
-13
-16
-17
-17
-19
-18
-16
-17
-20
-20
-17
-21
-20
-16
-15
-15
-15
-14
-13
-14
-12
-15
-17
-16
-16
-15
-14
-14
-12
-11
-11
-10
-10
-8
-8
-8
-5
-3
1
2
2
5
7
4
3
5
7
6
3
4
6
4
6
6
6
4
3
3
4
5
6
7
6
8
9
9
9
8
11
10
9
10
9
11
9
7
7
7
6
4
0
2
0
2
1
0
1
2
0
-1
2
1
-2
-1
-4
-5
-5
-7
-4
-5
-6
-6
-7
-7
-11
-8
-8
-11
-13
-12
-9
-12
-12
-11
-11
-10
-12
-10
-12
-9
-4
-6
-1
1
-3
-1
-3
0
2
1
2
0
-1
-3
-1
-1
-3
0
1
0
1
3
4
0
-2
1
0
-1
-3
-3
-1
-2
-2
1
0
-2
0
-4
-5
-5
-9
-9
-9
-9
-10
-12
-9
-7
-8
-8
-7
-4
-6
-7
-4
-6
-6
-5
-4
-2
-2
0
0
-1
-1
-1
1
0
-1
2
2
2
0
-2
-2
-2
-3
-3
-2
-2
1
-1
-1
3
0
0
-2
-3
-1
-1
0
-2
-2
-1
-5
-6
-7
-7
-10
-11
-12
-12
-12
-12
-10
-11
-10
-5
-5
-7
-2
-2
2
2
1
7
5
3
4
3
4
6
6
3
2
2
3
1
-3
0
-1
0
-1
-7
-2
-5
-7
-6
-9
-7
-6
-6
-4
-5
-1
0
0
1
-1
-1
0
-1
-4
-3
-4
-7
-7
-9
-10
-11
-13
-10
-9
-11
-9
-7
-6
-5
-5
-6
-6
-5
-3
-2
-2
3
3
2
3
4
3
3
1
3
1
-1
-3
-5
-4
-5
-2
0
-2
1
2
2
3
4
4
5
4
6
8
10
10
12
10
10
8
8
8
8
6
7
4
3
3
1
-1
-7
-7
-8
-11
-13
-15
-15
-17
-16
-18
-19
-15
-15
-14
-12
-12
-10
-9
-7
-6
-6
-2
-1
1
4
5
5
8
10
14
12
12
15
16
17
19
19
20
21
22
22
20
24
25
24
23
20
21
21
19
17
15
16
17
17
17
13
14
12
9
9
7
9
8
7
7
7
7
7
6
9
8
10
12
13
16
16
18
18
19
22
21
25
22
24
27
23
27
28
27
28
29
32
32
36
35
35
38
40
42
41
42
42
44
50
50
51
51
50
50
48
51
51
51
54
49
50
49
49
50
51
49
49
49
48
48
44
43
41
38
38
36
35
34
31
32
30
29
29
26
23
22
22
18
16
13
9
9
10
10
8
7
7
3
5
3
2
0
0
2
0
0
2
4
5
2
3
3
2
5
7
4
3
2
0
0
-2
-4
-5
-8
-10
-10
-10
-14
-19
-24
-27
-29
-32
-39
-42
-46
-48
-51
-51
-52
-58
-59
-57
-58
-56
-57
-60
-61
-59
-59
-57
-58
-58
-55
-54
-53
-53
-52
-49
-48
-46
-44
-45
-43
-40
-37
-36
-34
-33
-31
-28
-28
-29
-26
-26
-27
-26
-26
-27
-29
-30
-31
-32
-33
-38
-38
-40
-42
-43
-45
-47
-51
-55
-59
-62
-65
-68
-72
-73
-75
-79
-80
-84
-86
-87
-92
-94
-99
-102
-106
-110
-112
-118
-118
-118
-123
-123
-126
-131
-131
-132
-136
-139
-139
-139
-140
-142
-138
-138
-140
-138
-140
-137
-138
-137
-135
-135
-133
-131
-129
-129
-129
-128
-128
-127
-127
-127
-128
-130
-128
-127
-129
-131
-131
-131
-133
-131
-131
-133
-131
-129
-128
-127
-124
-123
-121
-117
-114
-112
-107
-104
-98
-91
-83
-75
-64
-53
-42
-26
-12
5
25
47
70
94
120
144
170
198
225
253
282
311
340
369
395
419
441
462
482
500
518
534
545
556
563
567
571
567
566
562
555
544
532
521
506
490
473
455
436
417
398
377
358
338
314
293
275
255
239
223
209
196
184
176
163
152
146
139
131
125
119
115
109
103
97
93
85
76
69
62
51
44
38
27
15
4
-9
-22
-34
-48
-60
-73
-85
-97
-110
-124
-135
-146
-156
-163
-170
-178
-183
-186
-190
-192
-190
-187
-180
-177
-172
-165
-157
-148
-143
-133
-124
-118
-108
-96
-89
-82
-77
-69
-61
-58
-54
-51
-51
-51
-54
-60
-67
-73
-77
-80
-86
-94
-98
-97
-99
-97
-94
-90
-84
-78
-73
-65
-54
-44
-27
-15
-5
8
21
35
45
53
61
69
78
82
83
83
80
80
80
72
72
71
65
60
58
55
49
45
44
40
38
37
33
31
28
24
21
16
10
5
-3
-12
-20
-32
-45
-59
-77
-93
-108
-128
-145
-157
-171
-182
-194
-204
-211
-216
-222
-225
-226
-223
-222
-215
-211
-204
-198
-188
-177
-171
-162
-154
-146
-138
-131
-126
-119
-115
-110
-109
-106
-101
-101
-100
-97
-98
-101
-96
-96
-92
-84
-82
-79
-75
-70
-67
-62
-55
-49
-42
-36
-26
-20
-12
-7
-1
6
10
15
16
19
20
16
16
15
9
5
1
-6
-13
-20
-29
-38
-50
-62
-74
-88
-104
-118
-132
-145
-158
-168
-180
-193
-204
-214
-222
-233
-238
-240
-245
-246
-244
-243
-239
-232
-226
-221
-212
-206
-200
-191
-180
-174
-168
-162
-152
-142
-133
-124
-118
-110
-100
-90
-87
-77
-70
-65
-56
-53
-49
-43
-40
-33
-28
-26
-20
-16
-13
-9
-6
-5
-4
1
0
3
8
10
14
20
29
36
43
51
60
74
87
100
115
128
144
162
178
195
213
229
247
262
277
289
301
311
320
330
335
343
347
350
349
347
344
339
334
327
322
314
307
298
287
280
269
262
256
247
238
232
229
219
210
203
196
191
184
177
175
174
169
167
165
159
155
150
146
140
130
123
116
108
100
89
74
64
54
39
24
8
-11
-25
-44
-62
-81
-102
-119
-136
-152
-165
-178
-193
-205
-211
-218
-229
-235
-237
-243
-246
-248
-253
-252
-250
-252
-250
-244
-241
-239
-236
-231
-227
-219
-215
-209
-202
-197
-189
-183
-175
-165
-160
-152
-142
-134
-127
-119
-112
-106
-97
-91
-86
-76
-69
-62
-54
-49
-42
-33
-29
-22
-14
-12
-7
-3
5
13
17
23
27
33
35
40
45
49
55
57
60
65
71
74
74
78
77
77
77
74
74
72
68
64
62
61
59
55
51
51
47
45
43
38
37
38
40
41
41
44
43
43
44
48
50
48
49
52
55
55
54
55
55
56
54
54
55
54
56
53
50
51
47
45
42
36
32
29
22
17
11
4
-4
-11
-15
-21
-30
-35
-39
-46
-55
-58
-63
-70
-74
-78
-83
-85
-86
-88
-89
-87
-88
-83
-81
-80
-78
-78
-72
-67
-66
-63
-57
-53
-47
-39
-35
-33
-30
-25
-22
-21
-17
-15
-13
-10
-11
-12
-12
-13
-12
-13
-16
-20
-22
-25
-31
-35
-42
-47
-52
-55
-61
-69
-73
-77
-80
-86
-90
-93
-96
-97
-96
-95
-96
-97
-94
-90
-86
-82
-78
-72
-63
-59
-57
-50
-43
-34
-28
-24
-15
-8
-1
3
8
11
15
21
24
28
30
35
38
39
39
37
40
38
37
35
29
28
25
22
19
16
11
6
4
1
-2
-9
-11
-12
-13
-15
-17
-19
-15
-10
-8
-6
-3
3
8
17
26
32
42
54
65
73
82
98
112
123
135
145
158
172
184
194
203
210
218
227
234
242
248
252
256
256
256
256
253
252
248
242
236
231
228
218
208
199
188
179
166
154
145
135
126
114
104
93
85
76
68
60
49
43
35
28
24
21
17
16
16
16
13
12
14
19
21
24
28
33
41
48
54
60
67
77
88
98
106
115
123
133
142
148
155
159
166
174
178
181
180
180
179
174
170
165
158
149
140
129
116
101
86
72
54
38
20
2
-17
-35
-53
-74
-90
-107
-125
-141
-156
-173
-189
-202
-217
-230
-241
-251
-260
-266
-272
-277
-279
-280
-280
-279
-277
-275
-270
-262
-254
-246
-236
-226
-214
-200
-185
-169
-152
-135
-117
-98
-77
-57
-38
-20
0
19
39
58
77
95
111
126
143
156
169
182
196
205
211
217
220
222
224
223
220
214
209
202
190
176
163
149
134
116
96
78
57
33
11
-10
-34
-60
-82
-107
-133
-158
-178
-200
-225
-242
-261
-280
-298
-311
-322
-334
-345
-349
-353
-354
-353
-349
-341
-331
-319
-304
-283
-263
-236
-205
-180
-149
-114
-84
-48
-12
24
61
97
134
168
203
232
260
289
313
335
354
370
385
400
408
410
412
407
401
394
381
363
341
312
282
253
214
173
132
87
36
-15
-67
-121
-175
-231
-290
-350
-405
-457
-509
-559
-604
-642
-682
-714
-738
-760
-772
-779
-778
-771
-760
-738
-710
-674
-634
-587
-533
-477
-414
-345
-273
-199
-122
-41
41
124
209
292
374
456
533
609
682
753
819
883
941
992
1039
1077
1108
1132
1148
1154
1150
1137
1114
1080
1039
987
926
851
766
676
577
472
359
240
114
-13
-144
-275
-407
-540
-667
-789
-908
-1020
-1119
-1212
-1291
-1361
-1419
-1460
-1492
-1508
-1511
-1498
-1473
-1433
-1379
-1314
-1237
-1150
-1051
-943
-825
-699
-567
-428
-287
-144
5
153
303
451
598
742
880
1014
1142
1261
1372
1472
1562
1642
1712
1764
1803
1827
1832
1821
1794
1747
1684
1606
1513
1407
1283
1147
999
838
669
496
316
132
-55
-242
-426
-609
-785
-957
-1120
-1276
-1424
-1558
-1679
-1784
-1875
-1954
-2017
-2065
-2097
-2113
-2112
-2094
-2064
-2019
-1957
-1881
-1789
-1686
-1573
-1443
-1308
-1163
-1009
-851
-683
-515
-347
-173
0
171
341
505
668
828
982
1129
1268
1400
1520
1633
1735
1821
1899
1963
2010
2043
2065
2069
2057
2027
1977
1917
1839
1747
1642
1521
1386
1241
1084
918
748
569
384
200
16
-167
-345
-516
-681
-836
-987
-1121
-1245
-1361
-1466
-1555
-1634
-1701
-1758
-1805
-1837
-1856
-1867
-1867
-1854
-1829
-1796
-1750
-1698
-1635
-1563
-1481
-1389
-1288
-1180
-1062
-935
-800
-658
-514
-366
-214
-62
92
246
397
547
694
837
973
1104
1227
1343
1448
1544
1633
1713
1781
1836
1878
1908
1932
1940
1934
1914
1880
1832
1771
1696
1607
1507
1395
1269
1134
992
841
686
524
360
198
34
-130
-286
-441
-588
-725
-855
-977
-1087
-1185
-1273
-1354
-1427
-1488
-1539
-1582
-1616
-1639
-1654
-1660
-1658
-1647
-1628
-1600
-1564
-1521
-1465
-1408
-1342
-1265
-1182
-1091
-991
-884
-768
-647
-520
-385
-246
-106
40
183
322
461
596
730
858
980
1094
1199
1299
1390
1471
1545
1607
1663
1705
1738
1762
1774
1776
1764
1739
1706
1658
1598
1529
1448
1353
1247
1136
1013
876
738
590
436
285
129
-23
-178
-330
-472
-610
-739
-858
-971
-1071
-1163
-1244
-1310
-1369
-1420
-1459
-1486
-1509
-1523
-1530
-1528
-1519
-1502
-1480
-1452
-1417
-1374
-1325
-1271
-1208
-1141
-1066
-982
-896
-800
-698
-593
-482
-367
-250
-131
-10
110
228
344
456
569
673
773
866
953
1035
1115
1187
1249
1306
1357
1400
1437
1463
1484
1496
1499
1495
1479
1449
1414
1366
1306
1240
1162
1077
983
879
765
647
522
392
261
126
-6
-136
-266
-386
-507
-619
-723
-820
-907
-987
-1060
-1125
-1182
-1227
-1267
-1304
-1328
-1347
-1364
-1371
-1371
-1367
-1352
-1334
-1308
-1278
-1240
-1191
-1139
-1083
-1014
-944
-865
-778
-687
-592
-491
-388
-281
-172
-63
47
154
263
369
467
567
661
750
839
923
1001
1076
1144
1210
1273
1330
1382
1425
1462
1491
1512
1527
1530
1521
1500
1468
1428
1373
1308
1234
1144
1044
937
824
701
571
436
300
161
20
-116
-249
-379
-501
-617
-721
-819
-909
-990
-1060
-1121
-1172
-1220
-1262
-1293
-1319
-1338
-1350
-1356
-1355
-1348
-1336
-1316
-1289
-1258
-1220
-1179
-1128
-1072
-1010
-939
-863
-779
-689
-597
-497
-396
-287
-179
-73
35
141
247
349
446
541
636
723
802
884
958
1025
1089
1147
1202
1252
1297
1336
1369
1394
1410
1415
1415
1404
1384
1352
1309
1259
1199
1124
1042
953
857
751
637
520
400
273
147
21
-104
-225
-343
-454
-560
-657
-746
-827
-899
-963
-1018
-1066
-1111
-1141
-1168
-1187
-1202
-1211
-1213
-1213
-1207
-1193
-1175
-1153
-1126
-1095
-1055
-1012
-963
-910
-853
-789
-720
-646
-567
-485
-397
-306
-217
-122
-30
63
154
242
328
412
490
568
637
705
775
838
899
951
1003
1053
1098
1137
1177
1210
1229
1245
1258
1258
1252
1236
1210
1177
1135
1080
1018
947
870
785
688
587
478
369
255
139
25
-89
-200
-307
-411
-504
-592
-676
-753
-817
-880
-935
-982
-1021
-1050
-1075
-1095
-1111
-1122
-1127
-1132
-1128
-1121
-1110
-1093
-1074
-1048
-1017
-978
-937
-891
-837
-784
-723
-659
-587
-513
-438
-357
-275
-193
-110
-26
57
142
226
306
388
469
541
616
691
759
826
893
956
1014
1070
1124
1171
1211
1246
1274
1292
1302
1307
1299
1280
1252
1214
1160
1100
1032
949
861
765
660
551
436
318
201
82
-41
-157
-266
-374
-474
-567
-651
-726
-794
-855
-907
-952
-992
-1020
-1045
-1066
-1078
-1088
-1094
-1094
-1087
-1078
-1067
-1050
-1031
-1007
-976
-947
-911
-872
-833
-792
-744
-691
-634
-571
-503
-437
-366
-288
-213
-137
-58
27
112
192
274
356
435
518
596
669
739
809
876
939
1001
1061
1116
1167
1209
1247
1280
1297
1306
1309
1300
1276
1245
1206
1154
1092
1022
943
855
758
655
546
431
315
192
65
-58
-177
-293
-403
-511
-608
-695
-773
-843
-905
-959
-1008
-1044
-1077
-1100
-1117
-1132
-1139
-1138
-1129
-1117
-1101
-1082
-1061
-1035
-1004
-975
-942
-907
-873
-837
-796
-753
-704
-653
-596
-530
-465
-393
-317
-239
-154
-66
17
103
193
281
372
464
555
650
743
836
925
1009
1093
1167
1238
1301
1362
1410
1437
1456
1466
1466
1447
1417
1372
1316
1248
1165
1072
962
840
709
568
420
267
112
-46
-200
-343
-478
-606
-726
-830
-924
-1004
-1071
-1128
-1171
-1203
-1229
-1246
-1255
-1255
-1250
-1239
-1220
-1201
-1180
-1150
-1119
-1087
-1057
-1025
-989
-957
-919
-886
-856
-818
-778
-730
-678
-626
-567
-501
-427
-350
-274
-188
-96
0
97
196
299
406
512
620
736
852
968
1078
1189
1298
1407
1508
1598
1671
1726
1771
1800
1804
1789
1754
1702
1628
1534
1425
1297
1154
996
826
648
464
273
87
-98
-277
-449
-611
-756
-888
-1001
-1094
-1175
-1236
-1280
-1309
-1324
-1332
-1334
-1327
-1308
-1290
-1269
-1244
-1218
-1191
-1160
-1125
-1094
-1063
-1033
-1007
-978
-952
-927
-900
-876
-846
-810
-772
-722
-664
-597
-520
-436
-339
-232
-119
0
126
260
401
550
707
869
1037
1207
1376
1550
1727
1898
2051
2178
2278
2360
2428
2462
2453
2408
2335
2238
2115
1964
1785
1579
1353
1111
862
611
352
87
-181
-435
-664
-878
-1071
-1249
-1399
-1512
-1600
-1658
-1691
-1701
-1692
-1665
-1625
-1577
-1517
-1452
-1392
-1333
-1272
-1213
-1158
-1110
-1067
-1030
-1005
-979
-957
-944
-938
-939
-936
-929
-915
-897
-873
-834
-781
-712
-626
-527
-414
-285
-143
12
184
370
569
780
1003
1236
1476
1726
1981
2234
2464
2644
2782
2896
2990
3043
3021
2940
2821
2674
2491
2261
1985
1676
1345
995
636
282
-68
-421
-769
-1095
-1376
-1614
-1821
-2005
-2153
-2242
-2285
-2285
-2254
-2193
-2096
-1969
-1833
-1690
-1542
-1389
-1239
-1106
-988
-881
-790
-719
-672
-643
-628
-630
-644
-681
-730
-782
-839
-888
-928
-961
-984
-987
-961
-903
-819
-711
-578
-414
-221
-4
234
498
780
1085
1411
1741
2070
2408
2745
3060
3315
3496
3624
3713
3757
3723
3599
3401
3154
2867
2539
2164
1742
1294
823
343
-129
-585
-1023
-1447
-1842
-2186
-2465
-2678
-2837
-2945
-2990
-2965
-2874
-2730
-2546
-2327
-2073
-1800
-1529
-1265
-1015
-778
-570
-394
-255
-159
-99
-73
-83
-132
-212
-312
-431
-566
-717
-873
-1018
-1141
-1243
-1323
-1375
-1387
-1347
-1250
-1103
-922
-703
-443
-142
194
558
943
1347
1767
2196
2624
3051
3475
3878
4213
4439
4560
4612
4602
4512
4310
3989
3587
3133
2650
2129
1561
956
339
-272
-865
-1420
-1936
-2418
-2846
-3204
-3461
-3610
-3670
-3652
-3563
-3392
-3133
-2799
-2417
-2008
-1584
-1149
-720
-319
30
319
557
739
852
883
835
727
573
375
127
-157
-458
-756
-1050
-1340
-1613
-1854
-2044
-2183
-2261
-2278
-2232
-2111
-1913
-1645
-1316
-935
-512
-49
448
960
1485
2023
2565
3088
3580
4052
4521
4939
5223
5322
5257
5108
4920
4640
4203
3602
2903
2189
1492
785
45
-726
-1491
-2204
-2823
-3332
-3757
-4116
-4406
-4583
-4599
-4460
-4205
-3885
-3516
-3081
-2561
-1963
-1331
-717
-151
362
838
1267
1599
1802
1873
1840
1719
1501
1185
773
290
-228
-758
-1289
-1800
-2272
-2694
-3058
-3345
-3537
-3631
-3615
-3494
-3276
-2964
-2563
-2086
-1545
-953
-327
312
953
1578
2181
2750
3291
3806
4277
4685
5033
5359
5677
5892
5864
5557
5086
4603
4141
3593
2848
1924
961
94
-663
-1368
-2071
-2775
-3423
-3946
-4293
-4462
-4507
-4497
-4431
-4237
-3856
-3305
-2676
-2057
-1465
-862
-208
485
1145
1700
2114
2407
2621
2769
2798
2643
2297
1813
1259
669
21
-696
-1461
-2214
-2888
-3439
-3866
-4189
-4415
-4541
-4539
-4373
-4050
-3609
-3096
-2539
-1929
-1255
-539
182
879
1516
2086
2606
3082
3500
3858
4148
4376
4550
4670
4774
4896
5015
5026
4776
4248
3605
3028
2537
1989
1264
378
-512
-1248
-1799
-2242
-2661
-3080
-3462
-3725
-3794
-3659
-3405
-3141
-2894
-2586
-2124
-1502
-827
-220
285
730
1183
1657
2092
2403
2540
2525
2422
2281
2083
1753
1229
540
-205
-915
-1571
-2208
-2860
-3499
-4049
-4425
-4585
-4565
-4435
-4232
-3949
-3543
-2994
-2338
-1656
-1006
-395
195
783
1365
1897
2339
2672
2909
3091
3250
3385
3486
3546
3559
3552
3571
3660
3825
3966
3908
3558
3023
2511
2134
1802
1346
691
-71
-773
-1303
-1658
-1937
-2224
-2541
-2838
-3011
-2971
-2737
-2444
-2206
-2009
-1739
-1303
-744
-180
290
656
970
1283
1599
1864
2013
2019
1893
1686
1441
1150
758
212
-467
-1187
-1848
-2417
-2916
-3383
-3824
-4166
-4328
-4286
-4067
-3732
-3342
-2903
-2405
-1845
-1237
-620
-42
455
876
1246
1589
1901
2144
2296
2360
2373
2375
2397
2445
2518
2600
2681
2797
3003
3316
3631
3759
3581
3175
2738
2391
2098
1718
1146
418
-334
-969
-1426
-1747
-2035
-2361
-2711
-2978
-3042
-2877
-2581
-2285
-2032
-1746
-1344
-818
-238
292
717
1050
1329
1573
1769
1889
1898
1779
1531
1182
761
277
-292
-951
-1672
-2382
-3007
-3511
-3904
-4193
-4358
-4367
-4204
-3877
-3423
-2875
-2266
-1640
-1037
-464
88
611
1080
1453
1719
1900
2029
2120
2156
2129
2056
1971
1919
1928
2006
2140
2303
2506
2794
3182
3582
3822
3774
3468
3065
2705
2389
2011
1457
726
-64
-770
-1312
-1710
-2040
-2371
-2699
-2955
-3040
-2910
-2618
-2258
-1891
-1515
-1077
-560
-3
540
1009
1386
1670
1859
1959
1978
1917
1758
1481
1078
565
-19
-658
-1347
-2060
-2749
-3357
-3837
-4182
-4384
-4428
-4308
-4022
-3587
-3038
-2411
-1742
-1081
-463
95
587
1005
1332
1551
1676
1730
1729
1677
1573
1427
1265
1135
1072
1094
1206
1391
1641
1967
2393
2934
3521
4001
4218
4129
3825
3461
3112
2717
2169
1412
512
-386
-1172
-1798
-2290
-2704
-3075
-3386
-3569
-3556
-3328
-2925
-2433
-1906
-1355
-772
-151
483
1078
1589
1985
2232
2329
2300
2175
1966
1654
1212
635
-63
-838
-1643
-2434
-3170
-3802
-4298
-4646
-4829
-4838
-4646
-4252
-3701
-3042
-2330
-1595
-870
-193
402
896
1276
1534
1672
1707
1665
1574
1439
1253
1029
809
641
578
630
790
1037
1353
1749
2258
2910
3659
4340
4743
4765
4476
4056
3633
3204
2653
1883
911
-134
-1100
-1884
-2475
-2924
-3295
-3607
-3819
-3849
-3639
-3203
-2609
-1944
-1273
-612
39
691
1325
1887
2323
2577
2633
2518
2287
1977
1589
1094
473
-267
-1090
-1928
-2721
-3428
-4006
-4430
-4695
-4795
-4718
-4446
-3979
-3349
-2615
-1845
-1085
-367
282
840
1285
1591
1746
1754
1645
1467
1262
1052
828
587
348
161
84
155
378
715
1128
1596
2134
2796
3600
4436
5101
5396
5263
4834
4299
3761
3174
2413
1415
247
-933
-1960
-2760
-3336
-3735
-4014
-4191
-4226
-4053
-3626
-2966
-2157
-1309
-492
266
968
1625
2217
2700
3008
3090
2935
2597
2152
1641
1061
376
-426
-1308
-2190
-3002
-3709
-4282
-4694
-4920
-4954
-4812
-4501
-4010
-3355
-2584
-1769
-977
-249
400
949
1371
1642
1754
1715
1537
1262
947
638
356
101
-132
-314
-399
-350
-142
213
687
1245
1868
2556
3329
4160
4937
5479
5653
5455
4995
4401
3726
2944
2008
910
-285
-1452
-2481
-3295
-3861
-4208
-4387
-4423
-4296
-3962
-3403
-2645
-1762
-850
23
815
1522
2144
2661
3036
3211
3146
2854
2391
1818
1157
397
-458
-1352
-2212
-2996
-3687
-4271
-4702
-4932
-4940
-4744
-4383
-3876
-3235
-2495
-1705
-910
-156
514
1074
1488
1736
1824
1766
1581
1286
929
562
211
-88
-320
-479
-546
-505
-332
-9
463
1049
1698
2380
3104
3884
4671
5340
5739
5780
5491
4966
4299
3533
2650
1626
485
-704
-1833
-2808
-3564
-4072
-4352
-4444
-4365
-4102
-3639
-2982
-2163
-1256
-341
521
1289
1944
2481
2891
3136
3171
2979
2577
2015
1335
559
-275
-1113
-1919
-2672
-3361
-3965
-4429
-4701
-4750
-4590
-4260
-3803
-3238
-2585
-1865
-1119
-379
309
889
1324
1597
1714
1698
1573
1346
1023
647
273
-49
-290
-445
-525
-527
-441
-235
124
623
1227
1878
2551
3253
3995
4740
5363
5722
5744
5439
4890
4190
3384
2486
1475
361
-795
-1902
-2851
-3573
-4047
-4300
-4373
-4277
-4003
-3536
-2887
-2096
-1218
-340
484
1225
1863
2385
2765
2967
2962
2744
2344
1797
1133
381
-417
-1219
-2001
-2751
-3452
-4064
-4518
-4757
-4776
-4610
-4294
-3848
-3286
-2629
-1905
-1153
-415
260
816
1223
1481
1605
1606
1486
1276
1006
702
400
115
-131
-313
-413
-413
-300
-60
306
787
1357
1989
2680
3431
4211
4934
5459
5677
5567
5176
4600
3904
3099
2169
1113
-31
-1178
-2227
-3090
-3723
-4143
-4377
-4442
-4326
-4010
-3497
-2809
-1995
-1123
-263
536
1254
1876
2384
2743
2908
2865
2624
2207
1651
981
233
-559
-1375
-2198
-3001
-3727
-4306
-4687
-4861
-4845
-4671
-4350
-3883
-3278
-2560
-1776
-989
-252
393
920
1328
1607
1737
1726
1597
1383
1130
855
573
294
36
-160
-267
-261
-132
128
511
987
1521
2112
2778
3530
4316
5011
5451
5525
5264
4787
4214
3587
2851
1935
846
-324
-1424
-2349
-3061
-3572
-3935
-4163
-4247
-4151
-3842
-3320
-2619
-1817
-1000
-217
506
1176
1786
2294
2645
2800
2757
2540
2164
1651
1019
299
-477
-1294
-2130
-2961
-3716
-4315
-4706
-4891
-4901
-4759
-4459
-3985
-3344
-2579
-1764
-962
-215
450
1006
1439
1736
1892
1918
1830
1657
1430
1170
895
623
371
169
48
44
161
396
729
1137
1617
2172
2821
3573
4357
5015
5360
5308
4952
4469
3971
3425
2724
1800
704
-415
-1422
-2250
-2898
-3392
-3768
-4037
-4166
-4109
-3826
-3326
-2668
-1941
-1219
-529
147
828
1478
2026
2406
2590
2603
2472
2232
1873
1365
701
-84
-944
-1821
-2660
-3407
-4022
-4488
-4795
-4935
-4899
-4648
-4179
-3544
-2829
-2103
-1375
-645
60
694
1210
1579
1809
1924
1946
1884
1753
1567
1337
1067
779
532
373
312
346
480
714
1038
1444
1935
2537
3258
4013
4629
4921
4841
4513
4112
3716
3262
2642
1810
830
-165
-1068
-1835
-2470
-2985
-3400
-3724
-3945
-4012
-3872
-3515
-3000
-2411
-1813
-1216
-590
75
749
1351
1811
2104
2252
2299
2257
2096
1765
1239
541
-270
-1118
-1936
-2680
-3325
-3879
-4341
-4679
-4834
-4751
-4429
-3935
-3365
-2772
-2151
-1480
-768
-68
555
1061
1439
1706
1884
1993
2049
2041
1942
1750
1499
1245
1047
932
894
925
1025
1180
1398
1706
2146
2730
3370
3884
4104
4000
3710
3404
3152
2881
2474
1879
1132
339
-401
-1037
-1565
-2003
-2384
-2739
-3057
-3274
-3316
-3153
-2836
-2450
-2068
-1688
-1263
-760
-192
362
831
1196
1461
1649
1771
1809
1726
1492
1088
524
-141
-823
-1466
-2046
-2592
-3126
-3611
-3972
-4135
-4082
-3868
-3566
-3223
-2833
-2372
-1835
-1246
-650
-90
395
796
1133
1428
1697
1928
2077
2118
2058
1952
1854
1789
1755
1737
1725
1727
1760
1856
2055
2362
2730
3036
3150
3039
2794
2554
2388
2243
2033
1686
1220
717
250
-154
-498
-797
-1082
-1387
-1707
-1995
-2191
-2252
-2199
-2091
-1986
-1888
-1753
-1541
-1252
-918
-583
-282
-23
194
375
536
676
775
788
677
436
118
-209
-514
-804
-1112
-1448
-1776
-2057
-2250
-2352
-2380
-2347
-2260
-2129
-1966
-1765
-1516
-1214
-873
-532
-218
68
332
588
825
1023
1169
1260
1302
1302
1274
1243
1225
1227
1244
1259
1272
1310
1396
1522
1667
1796
1886
1931
1933
1911
1879
1842
1797
1733
1626
1460
1243
1008
778
569
369
154
-93
-361
-630
-875
-1077
-1229
-1339
-1421
-1497
-1570
-1621
-1618
-1551
-1441
-1320
-1205
-1090
-966
-834
-698
-577
-487
-433
-417
-439
-485
-544
-602
-656
-720
-800
-896
-985
-1054
-1095
-1110
-1116
-1115
-1107
-1087
-1042
-971
-871
-753
-624
-493
-374
-258
-139
-15
120
246
351
438
523
616
726
848
963
1055
1124
1195
1299
1439
1616
1811
1996
2143
2245
2314
2358
2380
2381
2359
2294
2174
1995
1766
1513
1254
1007
754
470
157
-165
-472
-747
-979
-1174
-1342
-1477
-1591
-1695
-1771
-1799
-1767
-1690
-1597
-1521
-1474
-1444
-1408
-1359
-1298
-1242
-1197
-1167
-1162
-1175
-1195
-1202
-1189
-1163
-1146
-1151
-1172
-1192
-1189
-1161
-1114
-1059
-995
-921
-837
-734
-612
-475
-322
-166
-10
140
297
469
654
851
1057
1265
1471
1673
1888
2129
2390
2658
2910
3101
3223
3289
3305
3281
3219
3117
2982
2803
2578
2306
2001
1688
1373
1059
721
353
-32
-414
-774
-1103
-1393
-1642
-1851
-2022
-2164
-2274
-2340
-2350
-2306
-2228
-2136
-2045
-1959
-1872
-1781
-1686
-1588
-1490
-1399
-1325
-1274
-1240
-1211
-1180
-1136
-1085
-1048
-1033
-1027
-1024
-1009
-976
-930
-874
-808
-742
-671
-593
-499
-382
-241
-91
51
187
334
504
688
890
1102
1317
1529
1740
1970
2221
2492
2770
3007
3167
3252
3280
3281
3253
3195
3103
2966
2775
2522
2223
1907
1599
1303
980
617
221
-185
-574
-940
-1274
-1565
-1809
-2013
-2194
-2353
-2470
-2523
-2509
-2445
-2362
-2285
-2201
-2113
-2023
-1918
-1800
-1681
-1563
-1454
-1369
-1301
-1240
-1183
-1124
-1067
-1023
-991
-972
-960
-939
-912
-875
-835
-791
-740
-680
-611
-534
-441
-332
-213
-91
35
170
317
489
681
881
1091
1314
1536
1766
2009
2271
2551
2815
3030
3179
3270
3314
3317
3279
3209
3108
2970
2771
2508
2202
1881
1568
1252
909
533
147
-236
-608
-955
-1278
-1564
-1809
-2018
-2204
-2365
-2478
-2530
-2523
-2479
-2414
-2331
-2236
-2130
-2015
-1900
-1782
-1664
-1545
-1434
-1338
-1254
-1170
-1084
-1008
-944
-897
-861
-832
-807
-781
-758
-732
-702
-667
-627
-582
-528
-461
-380
-282
-179
-64
69
217
386
563
746
939
1145
1367
1596
1834
2091
2369
2642
2882
3057
3174
3251
3292
3296
3248
3165
3050
2897
2693
2427
2128
1823
1521
1196
829
438
53
-311
-663
-1008
-1331
-1618
-1860
-2070
-2259
-2417
-2514
-2542
-2525
-2489
-2437
-2366
-2263
-2145
-2028
-1914
-1795
-1666
-1537
-1425
-1331
-1242
-1149
-1063
-993
-940
-900
-860
-827
-803
-789
-773
-752
-725
-690
-652
-604
-546
-473
-384
-286
-175
-54
87
243
408
578
758
959
1183
1420
1653
1898
2162
2440
2711
2932
3089
3193
3262
3301
3290
3230
3138
3018
2848
2616
2336
2037
1742
1445
1116
740
350
-22
-375
-719
-1052
-1350
-1598
-1813
-2012
-2201
-2344
-2424
-2445
-2431
-2405
-2360
-2283
-2180
-2074
-1979
-1884
-1774
-1652
-1539
-1445
-1365
-1283
-1201
-1123
-1062
-1014
-964
-913
-870
-845
-827
-807
-783
-757
-727
-694
-646
-580
-504
-419
-330
-226
-98
47
204
372
550
741
949
1170
1399
1641
1903
2186
2476
2729
2924
3062
3160
3229
3258
3244
3190
3108
2982
2800
2561
2288
2016
1743
1443
1098
717
333
-32
-386
-734
-1061
-1354
-1612
-1849
-2069
-2260
-2391
-2451
-2471
-2480
-2470
-2424
-2330
-2218
-2109
-2008
-1900
-1776
-1648
-1540
-1445
-1348
-1240
-1141
-1064
-1004
-948
-881
-822
-789
-781
-776
-762
-739
-714
-691
-660
-607
-533
-463
-390
-304
-192
-55
94
256
425
611
823
1045
1269
1497
1737
1994
2268
2532
2757
2922
3039
3117
3160
3166
3133
3070
2978
2843
2648
2402
2138
1880
1614
1313
962
584
216
-126
-460
-789
-1094
-1354
-1577
-1786
-1988
-2163
-2278
-2329
-2349
-2356
-2346
-2294
-2201
-2098
-2008
-1929
-1831
-1709
-1584
-1475
-1382
-1283
-1175
-1077
-999
-936
-867
-786
-718
-688
-680
-668
-637
-598
-567
-548
-523
-472
-408
-341
-276
-190
-78
58
208
362
528
722
935
1154
1373
1597
1841
2110
2381
2624
2809
2931
3016
3077
3104
3092
3044
2970
2858
2692
2468
2213
1957
1707
1439
1123
770
416
82
-238
-553
-859
-1134
-1373
-1586
-1788
-1976
-2124
-2218
-2272
-2308
-2335
-2333
-2279
-2192
-2110
-2048
-1979
-1888
-1777
-1668
-1572
-1480
-1372
-1259
-1164
-1090
-1018
-929
-835
-769
-733
-711
-679
-628
-577
-539
-510
-465
-400
-332
-267
-196
-98
30
168
309
456
627
832
1052
1266
1477
1706
1962
2236
2497
2706
2854
2960
3036
3081
3087
3055
2998
2913
2769
2567
2315
2054
1806
1552
1260
917
553
210
-113
-419
-723
-1013
-1262
-1478
-1676
-1863
-2021
-2125
-2183
-2223
-2265
-2294
-2276
-2206
-2126
-2068
-2025
-1965
-1874
-1775
-1681
-1595
-1497
-1384
-1279
-1205
-1145
-1067
-965
-870
-810
-778
-753
-704
-639
-586
-553
-521
-468
-398
-329
-263
-186
-82
50
185
318
462
640
855
1077
1296
1515
1753
2026
2303
2545
2734
2868
2969
3043
3078
3071
3033
2973
2870
2701
2472
2206
1946
1700
1427
1110
756
402
73
-236
-539
-840
-1112
-1336
-1537
-1729
-1903
-2029
-2090
-2121
-2154
-2191
-2201
-2158
-2086
-2024
-1986
-1949
-1885
-1802
-1723
-1657
-1593
-1511
-1415
-1332
-1275
-1224
-1151
-1061
-979
-925
-892
-841
-764
-687
-629
-592
-546
-474
-389
-308
-232
-143
-24
110
236
359
500
681
891
1105
1315
1534
1789
2070
2339
2550
2699
2819
2921
2991
3006
2979
2929
2858
2737
2546
2301
2040
1797
1543
1239
884
520
183
-130
-435
-745
-1036
-1285
-1499
-1691
-1875
-2022
-2102
-2128
-2139
-2158
-2164
-2131
-2061
-1987
-1935
-1893
-1836
-1753
-1666
-1598
-1542
-1472
-1382
-1293
-1224
-1174
-1116
-1035
-951
-885
-837
-786
-710
-621
-544
-494
-444
-374
-285
-191
-110
-24
76
193
313
425
545
688
866
1058
1253
1460
1691
1954
2221
2445
2610
2732
2836
2925
2972
2970
2934
2870
2766
2606
2392
2148
1905
1663
1381
1042
678
325
1
-310
-620
-918
-1184
-1412
-1614
-1799
-1948
-2040
-2075
-2083
-2089
-2092
-2065
-2006
-1935
-1869
-1819
-1759
-1685
-1606
-1540
-1490
-1435
-1363
-1285
-1223
-1173
-1123
-1060
-991
-935
-884
-827
-749
-655
-566
-493
-424
-342
-240
-129
-27
71
177
293
417
536
653
792
956
1136
1321
1516
1733
1976
2232
2452
2611
2724
2820
2898
2947
2959
2933
2873
2773
2627
2428
2197
1966
1725
1452
1124
767
410
71
-246
-563
-870
-1145
-1386
-1604
-1799
-1954
-2053
-2097
-2108
-2118
-2116
-2092
-2039
-1966
-1900
-1843
-1779
-1704
-1619
-1549
-1491
-1431
-1363
-1294
-1238
-1202
-1166
-1124
-1078
-1032
-992
-947
-888
-811
-731
-656
-578
-481
-373
-255
-135
-11
119
257
406
549
693
850
1020
1207
1400
1601
1818
2050
2278
2467
2601
2692
2767
2824
2854
2847
2805
2733
2624
2474
2277
2056
1832
1595
1326
1013
678
342
24
-282
-586
-887
-1166
-1408
-1621
-1803
-1954
-2061
-2114
-2134
-2141
-2141
-2121
-2069
-2005
-1939
-1875
-1809
-1732
-1653
-1579
-1508
-1443
-1373
-1301
-1245
-1199
-1158
-1120
-1078
-1039
-1000
-955
-897
-824
-744
-659
-565
-452
-321
-186
-44
101
253
420
595
767
941
1123
1308
1496
1692
1893
2104
2314
2504
2644
2730
2786
2821
2836
2822
2772
2688
2566
2419
2243
2034
1813
1589
1342
1057
741
416
105
-186
-469
-756
-1034
-1293
-1520
-1715
-1884
-2012
-2100
-2151
-2179
-2198
-2203
-2179
-2124
-2054
-1987
-1922
-1849
-1762
-1664
-1568
-1479
-1392
-1309
-1231
-1165
-1113
-1066
-1019
-975
-935
-899
-860
-809
-743
-668
-584
-490
-381
-252
-112
33
188
356
539
732
928
1124
1333
1549
1770
1990
2213
2430
2631
2795
2894
2946
2967
2962
2933
2870
2772
2638
2473
2282
2062
1824
1583
1335
1069
770
456
146
-145
-418
-683
-948
-1206
-1431
-1630
-1804
-1944
-2053
-2126
-2169
-2206
-2238
-2250
-2231
-2180
-2115
-2048
-1983
-1903
-1804
-1697
-1591
-1488
-1388
-1285
-1191
-1117
-1049
-985
-916
-847
-794
-751
-712
-666
-606
-537
-457
-374
-276
-163
-41
90
235
398
578
765
957
1156
1363
1585
1818
2055
2286
2502
2681
2801
2878
2914
2927
2912
2861
2774
2645
2484
2293
2078
1841
1599
1356
1094
809
509
209
-78
-340
-589
-837
-1077
-1300
-1495
-1657
-1792
-1899
-1973
-2025
-2070
-2110
-2146
-2163
-2144
-2100
-2054
-2007
-1959
-1892
-1806
-1708
-1607
-1508
-1403
-1301
-1208
-1127
-1052
-964
-866
-773
-703
-649
-592
-525
-443
-359
-277
-195
-103
4
116
244
388
552
732
911
1092
1282
1485
1715
1956
2194
2412
2592
2719
2801
2854
2880
2875
2832
2751
2628
2467
2274
2058
1829
1591
1341
1073
775
464
161
-119
-378
-625
-869
-1106
-1318
-1501
-1654
-1775
-1864
-1927
-1973
-2013
-2051
-2087
-2099
-2080
-2045
-2005
-1967
-1932
-1881
-1806
-1719
-1626
-1536
-1440
-1346
-1260
-1178
-1099
-1011
-912
-814
-728
-660
-591
-504
-406
-302
-205
-114
-18
86
202
324
465
618
789
963
1135
1318
1512
1727
1961
2191
2402
2573
2698
2781
2837
2873
2875
2838
2758
2635
2476
2286
2074
1849
1614
1369
1096
793
473
160
-129
-394
-652
-904
-1145
-1363
-1542
-1689
-1809
-1891
-1946
-1981
-2014
-2053
-2083
-2095
-2070
-2029
-1993
-1963
-1933
-1885
-1813
-1731
-1648
-1565
-1481
-1397
-1320
-1249
-1178
-1088
-988
-887
-796
-719
-634
-530
-412
-289
-175
-68
39
153
275
408
549
704
872
1039
1203
1372
1557
1770
2005
2237
2432
2580
2680
2749
2801
2830
2832
2796
2712
2589
2422
2227
2015
1797
1577
1339
1063
747
421
111
-168
-425
-681
-937
-1182
-1398
-1576
-1724
-1834
-1911
-1955
-1982
-2014
-2052
-2077
-2067
-2019
-1959
-1915
-1888
-1856
-1803
-1725
-1638
-1547
-1462
-1379
-1297
-1227
-1167
-1098
-1007
-901
-798
-713
-643
-567
-468
-349
-225
-117
-16
85
198
327
458
604
764
930
1100
1258
1416
1595
1808
2044
2264
2436
2550
2624
2681
2724
2743
2727
2673
2581
2447
2269
2064
1852
1641
1428
1188
901
582
264
-28
-285
-526
-769
-1016
-1250
-1451
-1616
-1746
-1838
-1895
-1924
-1951
-1986
-2024
-2039
-2013
-1950
-1881
-1836
-1809
-1776
-1723
-1645
-1561
-1478
-1399
-1321
-1254
-1206
-1161
-1096
-1005
-894
-793
-721
-656
-579
-473
-349
-227
-113
-7
107
233
368
519
682
860
1047
1221
1383
1554
1749
1973
2206
2408
2552
2636
2686
2722
2743
2745
2717
2650
2543
2392
2206
1996
1788
1582
1365
1113
815
490
170
-115
-367
-611
-858
-1109
-1340
-1541
-1707
-1828
-1913
-1963
-1991
-2025
-2070
-2115
-2125
-2085
-2014
-1944
-1893
-1859
-1814
-1743
-1648
-1553
-1462
-1369
-1289
-1230
-1184
-1135
-1064
-960
-844
-751
-687
-628
-541
-424
-293
-169
-57
56
173
299
436
586
760
950
1134
1301
1459
1631
1837
2066
2288
2460
2568
2621
2648
2661
2662
2644
2600
2526
2403
2237
2037
1827
1633
1444
1234
972
667
349
52
-205
-438
-669
-900
-1123
-1331
-1515
-1660
-1765
-1823
-1852
-1881
-1928
-1992
-2039
-2039
-1994
-1927
-1871
-1834
-1807
-1766
-1700
-1617
-1520
-1415
-1319
-1249
-1203
-1164
-1107
-1017
-905
-797
-714
-651
-581
-483
-360
-227
-95
24
137
259
384
519
680
861
1052
1232
1393
1554
1741
1961
2188
2378
2498
2551
2565
2562
2551
2526
2475
2400
2283
2120
1913
1687
1473
1283
1089
858
575
263
-35
-294
-517
-725
-929
-1130
-1314
-1484
-1631
-1742
-1803
-1818
-1818
-1839
-1894
-1948
-1958
-1911
-1839
-1770
-1716
-1674
-1627
-1568
-1502
-1418
-1316
-1205
-1110
-1056
-1024
-987
-912
-801
-684
-593
-523
-454
-366
-257
-137
-12
117
248
375
494
621
769
949
1151
1347
1524
1692
1873
2073
2286
2465
2581
2636
2646
2632
2603
2556
2494
2410
2290
2122
1910
1672
1438
1221
1010
778
502
195
-113
-392
-631
-842
-1035
-1218
-1393
-1553
-1693
-1800
-1864
-1888
-1899
-1923
-1964
-2009
-2023
-1992
-1926
-1852
-1784
-1726
-1669
-1615
-1551
-1469
-1370
-1261
-1163
-1095
-1052
-1011
-940
-838
-724
-619
-535
-460
-382
-292
-187
-67
67
207
341
468
598
744
919
1115
1320
1520
1715
1918
2119
2309
2467
2578
2641
2664
2657
2617
2554
2471
2365
2233
2063
1853
1614
1368
1128
889
632
352
56
-233
-499
-744
-963
-1161
-1334
-1484
-1620
-1731
-1813
-1860
-1872
-1877
-1896
-1929
-1950
-1940
-1899
-1835
-1766
-1696
-1626
-1557
-1488
-1419
-1341
-1243
-1139
-1044
-973
-921
-864
-785
-682
-579
-484
-395
-308
-220
-133
-37
72
205
353
498
635
766
910
1078
1266
1467
1674
1886
2098
2291
2450
2563
2627
2665
2675
2654
2592
2492
2370
2225
2052
1845
1605
1353
1101
847
575
279
-24
-322
-589
-828
-1051
-1259
-1447
-1604
-1733
-1839
-1918
-1966
-1976
-1962
-1953
-1961
-1972
-1964
-1926
-1862
-1789
-1716
-1645
-1575
-1503
-1441
-1374
-1292
-1198
-1100
-1019
-961
-910
-846
-751
-639
-529
-421
-316
-214
-114
-23
77
198
344
509
668
814
956
1111
1284
1474
1684
1897
2112
2315
2478
2584
2638
2662
2676
2667
2619
2534
2408
2254
2071
1857
1622
1374
1130
882
615
322
11
-289
-563
-805
-1018
-1215
-1394
-1551
-1684
-1798
-1888
-1935
-1940
-1916
-1892
-1889
-1891
-1884
-1853
-1788
-1709
-1628
-1547
-1470
-1401
-1344
-1288
-1216
-1128
-1031
-946
-889
-849
-803
-739
-656
-559
-452
-345
-237
-136
-43
50
163
313
484
662
836
999
1167
1352
1556
1780
2011
2239
2444
2596
2682
2704
2696
2678
2653
2605
2526
2401
2224
2013
1768
1505
1247
993
746
486
197
-120
-439
-731
-985
-1194
-1372
-1529
-1675
-1803
-1912
-1990
-2027
-2023
-1991
-1956
-1938
-1926
-1913
-1880
-1816
-1731
-1632
-1535
-1445
-1365
-1299
-1238
-1168
-1082
-983
-887
-811
-753
-707
-660
-601
-522
-426
-317
-205
-102
-6
93
205
343
506
678
854
1032
1215
1407
1617
1853
2097
2335
2540
2675
2735
2738
2706
2664
2610
2539
2446
2304
2112
1870
1589
1294
1005
739
486
228
-49
-346
-639
-912
-1148
-1335
-1484
-1598
-1686
-1760
-1822
-1873
-1899
-1895
-1876
-1850
-1835
-1827
-1812
-1780
-1726
-1657
-1576
-1484
-1402
-1323
-1248
-1189
-1126
-1056
-981
-904
-838
-772
-706
-635
-557
-474
-384
-291
-195
-90
17
128
246
385
545
729
931
1138
1347
1559
1781
2017
2260
2491
2683
2803
2842
2816
2748
2669
2589
2499
2385
2220
1997
1721
1412
1098
800
522
254
-15
-302
-602
-893
-1155
-1363
-1517
-1623
-1693
-1749
-1797
-1831
-1844
-1821
-1770
-1716
-1687
-1734
-1856
-2000
-2099
-2093
-1982
-1822
-1686
-1614
-1577
-1511
-1367
-1159
-961
-833
-789
-783
-750
-654
-495
-322
-173
-56
35
135
259
407
588
797
1034
1300
1573
1844
2104
2376
2697
3071
3461
3778
3930
3889
3690
3425
3172
2970
2790
2555
2217
1756
1206
640
105
-367
-790
-1183
-1562
-1936
-2290
-2608
-2868
-3050
-3134
-3102
-2962
-2751
-2514
-2274
-2024
-1734
-1385
-990
-610
-301
-88
32
95
127
127
95
13
-126
-306
-526
-763
-1000
-1227
-1432
-1624
-1800
-1954
-2085
-2165
-2170
-2088
-1908
-1659
-1359
-1020
-644
-213
272
805
1365
1922
2466
2981
3480
3977
4481
4996
5467
5807
5918
5745
5336
4789
4205
3642
3086
2483
1790
996
130
-757
-1605
-2355
-2963
-3411
-3730
-3969
-4178
-4348
-4430
-4366
-4118
-3700
-3162
-2563
-1937
-1309
-689
-98
440
898
1254
1497
1630
1640
1525
1288
945
523
51
-455
-980
-1508
-2023
-2493
-2907
-3254
-3520
-3685
-3723
-3622
-3390
-3049
-2619
-2106
-1513
-846
-123
633
1411
2204
2991
3747
4439
5055
5609
6125
6628
7081
7378
7394
7057
6396
5518
4530
3517
2509
1512
524
-467
-1467
-2474
-3456
-4335
-5014
-5425
-5579
-5531
-5350
-5075
-4702
-4228
-3652
-2972
-2202
-1342
-428
484
1315
1991
2474
2757
2860
2807
2606
2281
1837
1290
649
-91
-902
-1742
-2554
-3273
-3863
-4320
-4654
-4879
-4991
-4966
-4783
-4435
-3925
-3265
-2480
-1598
-663
280
1193
2048
2847
3612
4344
5026
5627
6121
6532
6894
7213
7437
7439
7100
6397
5416
4274
3077
1892
755
-307
-1282
-2177
-3029
-3860
-4639
-5275
-5665
-5772
-5630
-5291
-4812
-4225
-3557
-2850
-2126
-1384
-608
224
1088
1908
2594
3069
3299
3288
3061
2652
2109
1479
808
112
-619
-1393
-2204
-3022
-3784
-4427
-4906
-5195
-5294
-5218
-4990
-4627
-4151
-3577
-2908
-2142
-1282
-345
633
1598
2504
3314
4028
4652
5184
5628
5993
6314
6634
6951
7203
7241
6934
6238
5220
4004
2713
1451
284
-745
-1613
-2356
-3041
-3730
-4425
-5038
-5457
-5613
-5492
-5130
-4575
-3879
-3099
-2300
-1552
-869
-219
447
1155
1866
2517
3030
3327
3363
3126
2647
1977
1194
388
-386
-1111
-1794
-2460
-3123
-3764
-4366
-4877
-5234
-5396
-5338
-5064
-4602
-4002
-3310
-2567
-1803
-1021
-221
603
1448
2293
3114
3878
4558
5129
5567
5881
6119
6342
6588
6815
6894
6683
6125
5236
4093
2808
1471
187
-936
-1850
-2550
-3109
-3632
-4162
-4669
-5072
-5306
-5332
-5121
-4675
-4001
-3156
-2232
-1335
-540
144
752
1319
1867
2380
2831
3175
3335
3271
2945
2357
1566
657
-274
-1158
-1951
-2639
-3226
-3733
-4183
-4580
-4905
-5130
-5210
-5099
-4776
-4240
-3519
-2668
-1757
-846
21
832
1591
2307
2995
3671
4335
4959
5507
5956
6308
6587
6806
6930
6864
6522
5884
4989
3891
2657
1357
84
-1066
-2024
-2777
-3378
-3893
-4350
-4725
-4991
-5124
-5101
-4901
-4499
-3889
-3099
-2201
-1291
-432
355
1054
1672
2194
2618
2942
3146
3201
3079
2754
2218
1493
645
-265
-1171
-2018
-2766
-3392
-3891
-4273
-4550
-4739
-4844
-4840
-4706
-4411
-3942
-3301
-2505
-1602
-642
320
1233
2071
2803
3445
4017
4528
4988
5406
5802
6197
6593
6948
7151
7075
6646
5867
4793
3508
2110
712
-567
-1633
-2448
-3058
-3541
-3967
-4363
-4709
-4984
-5149
-5160
-4959
-4512
-3819
-2929
-1936
-941
-17
794
1471
2004
2405
2699
2897
2998
2981
2815
2477
1943
1233
390
-538
-1475
-2359
-3137
-3772
-4249
-4570
-4751
-4811
-4775
-4641
-4397
-4039
-3548
-2911
-2139
-1249
-279
724
1695
2584
3364
4027
4575
5017
5384
5718
6062
6440
6811
7076
7105
6800
6128
5103
3790
2281
714
-759
-2012
-2975
-3652
-4107
-4420
-4646
-4826
-4989
-5128
-5198
-5131
-4844
-4297
-3501
-2507
-1405
-286
763
1658
2341
2790
3027
3088
3011
2830
2556
2193
1740
1182
512
-260
-1114
-1998
-2857
-3645
-4304
-4793
-5091
-5187
-5094
-4837
-4447
-3956
-3386
-2756
-2072
-1331
-531
324
1221
2114
2980
3781
4484
5069
5525
5878
6163
6425
6671
6837
6841
6603
6078
5252
4133
2774
1265
-273
-1685
-2867
-3773
-4406
-4809
-5010
-5062
-5039
-4985
-4921
-4818
-4617
-4262
-3719
-2984
-2080
-1047
46
1107
2029
2730
3175
3356
3284
2997
2538
1962
1330
688
54
-577
-1198
-1824
-2456
-3084
-3695
-4246
-4687
-4971
-5060
-4931
-4584
-4044
-3339
-2511
-1620
-710
182
1033
1833
2572
3254
3890
4492
5064
5608
6120
6594
7007
7304
7399
7229
6743
5936
4837
3504
2029
511
-919
-2158
-3150
-3880
-4374
-4678
-4835
-4896
-4900
-4866
-4780
-4611
-4310
-3843
-3196
-2380
-1421
-367
700
1689
2516
3113
3439
3484
3270
2843
2264
1601
909
235
-394
-978
-1519
-2035
-2548
-3058
-3554
-4008
-4374
-4603
-4657
-4509
-4142
-3562
-2797
-1901
-927
68
1030
1928
2727
3415
4002
4508
4966
5415
5878
6361
6837
7247
7498
7501
7180
6492
5449
4101
2539
893
-706
-2124
-3271
-4109
-4632
-4889
-4938
-4851
-4712
-4561
-4424
-4282
-4088
-3795
-3354
-2730
-1914
-930
159
1263
2273
3092
3638
3858
3739
3310
2635
1802
913
52
-720
-1372
-1899
-2317
-2661
-2982
-3316
-3672
-4031
-4347
-4565
-4625
-4479
-4088
-3451
-2593
-1563
-445
685
1750
2695
3482
4099
4565
4918
5220
5525
5868
6244
6600
6855
6918
6699
6128
5182
3884
2310
586
-1140
-2720
-4028
-4993
-5590
-5828
-5772
-5514
-5150
-4770
-4425
-4128
-3859
-3581
-3230
-2753
-2113
-1289
-316
741
1781
2697
3383
3750
3758
3399
2719
1805
763
-293
-1267
-2087
-2715
-3147
-3412
-3564
-3664
-3758
-3873
-4004
-4114
-4156
-4068
-3789
-3281
-2528
-1558
-423
800
2023
3164
4155
4951
5545
5956
6233
6435
6594
6721
6796
6771
6585
6172
5483
4499
3236
1753
144
-1470
-2971
-4252
-5222
-5832
-6078
-6002
-5675
-5177
-4595
-3993
-3420
-2895
-2399
-1900
-1360
-753
-64
699
1495
2267
2938
3426
3669
3621
3271
2645
1791
794
-253
-1265
-2165
-2891
-3423
-3759
-3916
-3939
-3867
-3745
-3594
-3417
-3191
-2891
-2479
-1926
-1227
-378
596
1646
2719
3758
4705
5526
6199
6710
7074
7284
7342
7243
6970
6513
5854
4993
3940
2726
1401
28
-1321
-2580
-3681
-4572
-5214
-5594
-5721
-5617
-5332
-4902
-4371
-3773
-3137
-2479
-1805
-1106
-387
338
1045
1705
2279
2727
2999
3058
2887
2488
1895
1144
292
-599
-1470
-2265
-2947
-3487
-3883
-4139
-4263
-4272
-4179
-4006
-3756
-3420
-2981
-2424
-1748
-960
-74
880
1869
2850
3780
4633
5388
6034
6560
6945
7161
7188
7003
6590
5939
5048
3943
2670
1295
-104
-1459
-2700
-3770
-4624
-5235
-5598
-5733
-5663
-5421
-5051
-4582
-4044
-3454
-2820
-2144
-1428
-679
92
858
1583
2226
2730
3056
3167
3048
2701
2145
1419
573
-321
-1199
-2002
-2692
-3248
-3655
-3920
-4049
-4067
-3993
-3842
-3616
-3302
-2889
-2364
-1724
-969
-119
810
1782
2759
3706
4584
5379
6069
6627
7032
7252
7264
7046
6580
5867
4923
3778
2481
1101
-284
-1613
-2815
-3837
-4643
-5214
-5552
-5666
-5583
-5339
-4968
-4501
-3957
-3357
-2709
-2013
-1278
-515
260
1018
1724
2333
2801
3086
3169
3029
2668
2112
1398
573
-305
-1174
-1981
-2687
-3259
-3683
-3960
-4099
-4113
-4020
-3827
-3545
-3172
-2706
-2144
-1486
-735
96
983
1899
2809
3683
4503
5247
5893
6428
6820
7036
7052
6838
6372
5652
4694
3532
2217
826
-568
-1895
-3077
-4063
-4807
-5300
-5547
-5568
-5401
-5084
-4655
-4146
-3590
-3002
-2386
-1742
-1072
-386
303
972
1596
2135
2546
2791
2845
2690
2334
1797
1114
330
-498
-1314
-2070
-2724
-3246
-3626
-3859
-3952
-3913
-3758
-3496
-3144
-2705
-2176
-1565
-880
-126
682
1525
2394
3262
4104
4904
5637
6278
6790
7128
7250
7121
6713
6026
5075
3896
2547
1110
-333
-1699
-2920
-3932
-4701
-5212
-5470
-5497
-5330
-5013
-4583
-4088
-3548
-2975
-2385
-1768
-1127
-469
206
870
1500
2060
2501
2783
2877
2767
2448
1939
1274
489
-352
-1192
-1975
-2655
-3202
-3596
-3832
-3909
-3845
-3658
-3362
-2978
-2506
-1955
-1336
-659
74
849
1648
2456
3254
4032
4768
5447
6045
6531
6859
6997
6904
6553
5934
5055
3944
2655
1253
-175
-1550
-2795
-3839
-4639
-5169
-5431
-5444
-5241
-4873
-4386
-3829
-3246
-2655
-2072
-1493
-921
-357
203
747
1261
1716
2078
2317
2404
2322
2065
1637
1060
373
-375
-1135
-1861
-2509
-3046
-3448
-3696
-3785
-3724
-3522
-3194
-2755
-2218
-1609
-943
-230
518
1284
2053
2815
3565
4289
4978
5612
6168
6603
6884
6967
6804
6377
5673
4708
3516
2163
727
-713
-2073
-3269
-4241
-4951
-5381
-5531
-5426
-5113
-4647
-4080
-3463
-2834
-2215
-1620
-1050
-514
-5
483
938
1355
1705
1962
2108
2121
1987
1699
1261
694
34
-679
-1407
-2106
-2739
-3265
-3646
-3867
-3925
-3817
-3551
-3142
-2606
-1966
-1251
-488
298
1093
1875
2627
3346
4020
4648
5226
5737
6161
6460
6597
6535
6236
5677
4858
3798
2539
1146
-296
-1701
-2979
-4065
-4896
-5434
-5680
-5635
-5336
-4836
-4197
-3479
-2738
-2019
-1346
-739
-203
262
668
1017
1306
1531
1686
1760
1746
1633
1416
1085
653
132
-457
-1085
-1725
-2337
-2884
-3332
-3647
-3811
-3807
-3618
-3260
-2744
-2086
-1323
-487
396
1283
2146
2959
3706
4382
4980
5491
5905
6198
6348
6335
6127
5700
5038
4153
3068
1829
499
-855
-2151
-3319
-4294
-5020
-5476
-5649
-5552
-5216
-4687
-4018
-3267
-2482
-1711
-984
-326
244
723
1108
1404
1612
1731
1764
1717
1581
1357
1050
663
213
-290
-837
-1402
-1967
-2503
-2974
-3355
-3615
-3726
-3674
-3443
-3035
-2470
-1773
-972
-99
805
1698
2555
3343
4057
4694
5238
5677
6000
6184
6213
6065
5713
5149
4369
3394
2262
1013
-287
-1572
-2771
-3811
-4645
-5233
-5553
-5608
-5409
-4990
-4397
-3687
-2910
-2110
-1331
-611
24
555
981
1306
1526
1648
1680
1625
1493
1297
1034
717
342
-80
-535
-1022
-1523
-2019
-2488
-2895
-3219
-3426
-3483
-3380
-3098
-2640
-2027
-1274
-421
495
1432
2347
3208
3995
4694
5286
5753
6083
6257
6260
6076
5693
5095
4295
3319
2197
983
-273
-1502
-2640
-3630
-4423
-4994
-5323
-5408
-5265
-4911
-4388
-3745
-3020
-2258
-1502
-790
-153
391
832
1162
1379
1493
1515
1452
1321
1136
897
606
269
-106
-515
-952
-1410
-1861
-2285
-2659
-2949
-3132
-3182
-3077
-2806
-2368
-1777
-1060
-241
646
1565
2477
3352
4159
4868
5462
5910
6191
6286
6180
5862
5332
4600
3682
2617
1454
241
-960
-2088
-3090
-3914
-4531
-4928
-5092
-5037
-4788
-4370
-3827
-3192
-2512
-1818
-1142
-524
25
486
844
1101
1262
1333
1322
1243
1100
906
662
371
34
-352
-774
-1219
-1675
-2113
-2507
-2832
-3052
-3137
-3074
-2844
-2449
-1902
-1222
-434
433
1332
2234
3107
3918
4648
5263
5742
6057
6183
6105
5810
5294
4570
3662
2610
1462
274
-896
-1991
-2953
-3748
-4338
-4709
-4864
-4809
-4571
-4179
-3665
-3075
-2441
-1800
-1188
-628
-145
258
573
803
950
1023
1032
980
880
733
536
289
-9
-352
-738
-1154
-1579
-1989
-2360
-2654
-2844
-2901
-2806
-2549
-2128
-1557
-858
-60
797
1679
2547
3375
4132
4790
5326
5715
5940
5981
5822
5456
4884
4122
3200
2155
1036
-100
-1200
-2206
-3074
-3763
-4250
-4529
-4597
-4473
-4181
-3754
-3234
-2652
-2053
-1473
-938
-473
-88
211
424
563
635
651
628
569
478
353
188
-18
-274
-578
-926
-1308
-1699
-2072
-2394
-2633
-2758
-2745
-2571
-2233
-1737
-1098
-338
505
1400
2308
3187
3998
4712
5293
5707
5931
5950
5749
5323
4694
3879
2916
1858
752
-345
-1380
-2301
-3069
-3654
-4046
-4242
-4243
-4078
-3768
-3347
-2854
-2322
-1787
-1279
-819
-420
-89
174
374
523
628
690
714
697
640
533
367
140
-153
-507
-911
-1347
-1785
-2195
-2536
-2777
-2886
-2831
-2609
-2216
-1662
-977
-184
680
1574
2469
3325
4109
4790
5331
5701
5878
5844
5591
5116
4441
3594
2614
1550
459
-608
-1594
-2450
-3146
-3652
-3962
-4078
-4008
-3781
-3427
-2981
-2485
-1975
-1476
-1019
-619
-285
-14
204
374
502
602
675
720
735
702
619
467
240
-62
-436
-861
-1320
-1778
-2193
-2525
-2739
-2804
-2693
-2405
-1941
-1316
-566
277
1174
2081
2961
3774
4486
5060
5467
5676
5672
5450
5008
4367
3555
2620
1607
573
-431
-1356
-2158
-2806
-3276
-3565
-3677
-3624
-3431
-3125
-2740
-2306
-1859
-1423
-1024
-675
-380
-137
60
220
356
475
572
652
704
715
674
565
381
114
-230
-637
-1078
-1521
-1925
-2252
-2459
-2513
-2406
-2123
-1670
-1076
-361
437
1282
2130
2942
3686
4327
4827
5152
5283
5201
4904
4396
3702
2855
1901
892
-117
-1071
-1922
-2632
-3170
-3523
-3694
-3691
-3533
-3253
-2885
-2470
-2040
-1622
-1241
-908
-631
-409
-234
-92
31
144
252
362
460
531
559
526
416
214
-73
-433
-848
-1285
-1704
-2069
-2339
-2473
-2450
-2256
-1896
-1377
-723
26
828
1650
2453
3198
3856
4391
4767
4960
4962
4765
4368
3785
3045
2187
1258
311
-607
-1448
-2172
-2749
-3164
-3406
-3487
-3419
-3226
-2938
-2586
-2210
-1833
-1475
-1157
-887
-665
-481
-330
-203
-83
32
139
240
323
374
376
314
176
-42
-339
-699
-1091
-1484
-1842
-2117
-2277
-2297
-2157
-1856
-1403
-814
-119
653
1455
2244
2983
3641
4183
4579
4803
4844
4691
4347
3822
3144
2342
1467
565
-314
-1126
-1834
-2401
-2808
-3052
-3139
-3076
-2898
-2632
-2307
-1963
-1621
-1308
-1037
-814
-636
-498
-382
-276
-171
-63
52
176
286
368
408
382
275
80
-199
-549
-940
-1342
-1706
-1993
-2168
-2197
-2063
-1766
-1319
-739
-64
672
1423
2154
2830
3419
3894
4234
4415
4429
4273
3949
3468
2857
2146
1374
578
-196
-904
-1516
-2012
-2367
-2582
-2660
-2615
-2472
-2257
-2001
-1731
-1468
-1225
-1017
-845
-701
-578
-471
-363
-252
-131
-2
128
242
324
356
322
214
32
-224
-534
-869
-1194
-1475
-1676
-1769
-1736
-1554
-1237
-799
-260
343
980
1620
2231
2783
3252
3616
3854
3953
3904
3709
3369
2893
2307
1645
943
233
-447
-1053
-1560
-1948
-2206
-2334
-2349
-2264
-2100
-1890
-1662
-1435
-1229
-1050
-899
-777
-677
-586
-498
-407
-302
-188
-72
41
133
190
201
150
34
-145
-379
-641
-909
-1158
-1350
-1451
-1446
-1321
-1070
-707
-246
281
847
1422
1972
2473
2905
3251
3487
3596
3579
3431
3146
2740
2231
1636
992
333
-307
-890
-1391
-1790
-2069
-2227
-2274
-2221
-2093
-1909
-1698
-1483
-1269
-1077
-909
-762
-634
-516
-403
-293
-184
-80
14
94
139
144
104
14
-130
-314
-530
-764
-989
-1186
-1327
-1391
-1363
-1231
-996
-659
-241
237
751
1269
1765
2223
2619
2931
3143
3245
3228
3088
2829
2451
1977
1427
830
217
-377
-925
-1395
-1764
-2032
-2189
-2240
-2204
-2092
-1931
-1745
-1547
-1350
-1169
-1002
-847
-708
-575
-443
-319
-198
-85
6
71
99
83
21
-84
-230
-409
-602
-792
-959
-1083
-1150
-1143
-1049
-870
-605
-269
120
545
983
1418
1821
2174
2468
2685
2818
2858
2805
2657
2418
2095
1701
1248
763
267
-217
-667
-1061
-1383
-1621
-1771
-1838
-1827
-1752
-1630
-1471
-1295
-1110
-930
-762
-607
-470
-353
-256
-182
-131
-102
-98
-121
-170
-242
-335
-440
-549
-650
-735
-797
-822
-805
-737
-623
-462
-255
-6
278
586
903
1225
1535
1826
2083
2290
2440
2518
2519
2435
2264
2004
1662
1255
800
320
-162
-620
-1028
-1360
-1606
-1755
-1802
-1765
-1650
-1469
-1252
-1017
-779
-558
-367
-210
-95
-27
3
-2
-34
-87
-159
-235
-309
-381
-447
-499
-542
-574
-584
-577
-552
-501
-422
-317
-180
-15
176
392
627
872
1120
1362
1589
1792
1954
2068
2116
2095
1999
1815
1546
1205
802
356
-107
-562
-984
-1348
-1634
-1824
-1915
-1909
-1810
-1640
-1417
-1162
-904
-662
-459
-305
-202
-160
-174
-229
-312
-413
-517
-615
-697
-757
-785
-778
-747
-694
-619
-530
-434
-329
-221
-112
5
133
267
410
563
726
894
1065
1231
1380
1505
1597
1641
1633
1563
1433
1246
1002
716
397
74
-238
-512
-733
-880
-946
-927
-823
-654
-430
-180
67
295
470
579
619
582
476
312
110
-111
-327
-518
-672
-776
-825
-823
-772
-688
-579
-456
-336
-221
-116
-27
47
114
173
235
308
392
484
587
694
798
889
955
984
971
905
785
620
413
175
-74
-326
-559
-753
-899
-989
-1014
-981
-893
-758
-598
-422
-259
-117
-8
56
73
48
-19
-113
-222
-334
-435
-511
-560
-571
-541
-479
-389
-281
-159
-32
90
204
305
395
475
549
617
680
746
815
886
953
1013
1060
1090
1100
1080
1024
935
812
660
484
296
101
-87
-253
-391
-491
-555
-572
-548
-494
-418
-333
-249
-181
-135
-118
-132
-177
-245
-326
-413
-494
-556
-593
-605
-591
-549
-481
-399
-309
-220
-136
-62
-7
33
60
74
81
87
97
112
136
171
210
258
311
359
399
426
438
433
409
368
313
244
167
95
25
-30
-77
-107
-117
-115
-104
-86
-69
-58
-58
-65
-94
-142
-199
-268
-348
-428
-499
-558
-603
-629
-632
-616
-583
-533
-473
-412
-349
-286
-229
-179
-138
-105
-77
-55
-30
-6
17
48
81
121
164
204
242
277
305
326
338
337
326
302
270
235
192
153
117
83
58
42
34
34
34
34
36
35
31
22
2
-24
-51
-79
-107
-135
-157
-173
-185
-191
-190
-191
-188
-187
-195
-204
-221
-240
-256
-274
-288
-295
-296
-286
-271
-246
-216
-183
-146
-106
-69
-36
-7
15
30
37
39
31
17
2
-18
-43
-67
-89
-115
-136
-153
-165
-173
-182
-182
-181
-183
-183
-186
-194
-201
-210
-220
-227
-236
-240
-240
-238
-228
-218
-204
-186
-170
-151
-131
-113
-96
-79
-61
-44
-33
-17
0
15
34
52
69
87
104
120
137
155
173
188
204
219
232
242
251
258
266
269
272
275
272
270
264
257
248
244
235
224
213
198
187
169
151
133
116
100
87
76
71
69
69
77
85
93
107
118
131
142
153
162
170
178
185
191
195
195
200
199
196
196
191
185
186
186
191
197
198
203
210
211
213
208
204
200
191
187
183
177
171
164
156
149
140
132
123
110
96
79
59
40
18
-2
-17
-32
-41
-52
-58
-62
-67
-66
-60
-55
-48
-41
-29
-19
-15
-11
-9
-13
-17
-22
-31
-41
-51
-56
-63
-68
-64
-63
-56
-42
-30
-11
3
18
35
45
54
61
63
62
58
52
47
36
19
8
-4
-21
-33
-47
-63
-83
-102
-122
-143
-166
-188
-207
-229
-245
-258
-267
-272
-272
-269
-266
-256
-245
-235
-222
-208
-193
-177
-162
-146
-135
-129
-123
-120
-116
-114
-112
-110
-107
-105
-102
-100
-96
-92
-87
-81
-76
-71
-64
-60
-53
-49
-45
-39
-36
-32
-27
-28
-27
-24
-29
-31
-33
-37
-38
-44
-46
-44
-49
-49
-50
-54
-55
-55
-58
-58
-57
-54
-47
-44
-36
-23
-7
12
31
53
79
104
133
164
194
223
250
276
302
323
339
356
368
379
389
396
400
405
406
401
398
395
383
374
361
347
332
313
293
274
254
235
221
206
193
185
181
178
173
173
172
170
165
155
145
132
115
97
76
56
37
17
-2
-19
-37
-55
-74
-94
-110
-124
-139
-151
-159
-162
-164
-162
-157
-151
-142
-135
-126
-119
-114
-108
-101
-100
-93
-86
-85
-81
-80
-84
-90
-105
-119
-140
-165
-189
-215
-240
-265
-287
-306
-319
-329
-335
-332
-329
-321
-311
-300
-286
-274
-264
-254
-245
-237
-233
-229
-230
-232
-236
-243
-249
-256
-265
-269
-269
-267
-264
-260
-252
-240
-231
-219
-207
-195
-182
-168
-156
-141
-124
-108
-86
-67
-46
-24
-6
12
28
41
45
47
44
37
27
16
6
-5
-17
-23
-27
-30
-28
-22
-13
-1
10
26
42
56
72
85
95
103
101
96
90
75
62
48
30
18
5
-9
-17
-29
-40
-48
-59
-66
-72
-79
-82
-86
-90
-91
-91
-86
-76
-66
-56
-41
-30
-19
-9
-1
4
10
15
15
14
12
4
-3
-13
-20
-30
-36
-34
-31
-20
-6
12
35
58
84
114
140
162
187
207
220
232
241
241
238
232
225
215
201
187
170
150
127
105
82
59
42
25
11
-2
-9
-12
-12
-7
2
11
22
36
49
67
80
93
106
111
116
117
115
107
99
85
70
54
38
21
5
-12
-28
-38
-49
-54
-55
-52
-44
-34
-21
-10
1
16
28
42
52
61
69
75
82
88
95
94
94
94
87
77
69
57
45
30
16
7
-4
-11
-12
-14
-11
-4
2
10
17
24
33
39
42
46
45
45
43
42
40
37
33
24
16
8
-1
-9
-17
-19
-22
-23
-23
-24
-22
-18
-18
-15
-12
-7
-2
1
8
15
21
30
36
39
47
47
47
45
43
41
37
34
32
30
29
30
31
33
34
35
37
39
41
44
43
45
47
46
46
42
42
38
32
30
27
24
23
15
11
7
-3
-10
-20
-30
-39
-50
-62
-70
-80
-86
-91
-96
-96
-97
-98
-97
-97
-93
-91
-90
-88
-88
-89
-92
-95
-102
-105
-111
-118
-125
-131
-138
-138
-140
-144
-145
-146
-145
-137
-134
-126
-115
-107
-95
-82
-68
-53
-39
-26
-16
-4
6
14
23
29
34
36
35
33
28
21
14
6
-4
-10
-17
-22
-26
-28
-28
-27
-28
-23
-18
-16
-10
-4
-1
4
5
7
8
8
12
12
10
10
9
7
5
1
1
1
-1
2
1
1
3
-1
-4
-5
-10
-9
-7
-6
-3
0
3
8
12
17
22
25
30
34
35
38
43
41
40
39
36
33
26
22
19
18
17
17
18
18
22
23
23
24
23
25
23
21
21
16
10
4
1
-2
-5
-6
-5
-7
-9
-13
-16
-15
-18
-20
-21
-19
-17
-14
-12
-12
-10
-7
-5
-4
-3
0
4
6
7
10
13
17
22
25
28
35
40
43
47
49
50
50
54
57
59
63
70
75
79
86
91
95
100
107
114
119
124
129
127
127
124
121
117
107
100
94
86
76
67
59
50
43
37
33
32
31
30
34
35
35
37
44
48
53
58
65
68
74
79
81
82
80
77
74
68
62
55
47
38
29
19
11
6
-3
-9
-9
-12
-12
-12
-7
-1
6
15
24
36
47
58
68
78
85
91
94
93
89
84
80
74
64
52
39
25
9
-7
-18
-33
-46
-55
-62
-65
-68
-69
-65
-63
-60
-56
-51
-42
-37
-31
-19
-13
-8
-1
1
0
1
-4
-9
-16
-28
-35
-42
-52
-63
-73
-81
-86
-92
-97
-100
-102
-105
-106
-102
-98
-93
-86
-79
-74
-67
-60
-54
-46
-38
-33
-30
-25
-24
-24
-24
-28
-34
-39
-48
-54
-65
-75
-81
-88
-97
-102
-110
-117
-120
-125
-127
-126
-128
-126
-117
-113
-108
-103
-98
-94
-90
-87
-80
-75
-73
-67
-65
-64
-62
-61
-59
-60
-63
-61
-66
-69
-69
-74
-77
-82
-88
-90
-93
-92
-88
-87
-83
-79
-78
-70
-61
-54
-47
-39
-30
-21
-13
-7
2
9
13
19
22
23
25
24
21
20
16
12
12
8
1
-1
-7
-13
-18
-20
-23
-24
-23
-21
-19
-17
-12
-5
1
12
18
22
32
40
49
59
66
72
74
73
72
71
70
67
65
62
59
55
51
49
42
38
36
33
28
23
22
21
23
26
30
33
39
45
49
54
55
61
67
68
72
78
79
80
78
72
66
59
51
45
34
25
19
9
7
4
-2
-5
-12
-15
-14
-13
-11
-8
-7
-3
0
4
7
10
13
18
22
26
31
35
35
39
40
41
42
42
42
37
35
31
28
24
18
13
8
5
4
4
3
3
5
6
7
7
6
7
5
5
7
5
4
3
0
-1
-1
-4
-6
-4
-6
-6
-5
-9
-9
-10
-12
-11
-15
-17
-18
-20
-23
-26
-27
-27
-28
-27
-27
-26
-27
-25
-22
-21
-20
-19
-19
-17
-14
-13
-11
-10
-9
-6
-3
0
2
6
8
11
15
18
20
21
20
20
21
21
19
16
13
9
5
1
-2
-8
-12
-15
-21
-26
-29
-33
-38
-39
-41
-38
-38
-39
-37
-36
-34
-30
-29
-27
-25
-24
-24
-23
-24
-25
-26
-29
-28
-29
-31
-31
-34
-38
-40
-42
-43
-45
-46
-45
-42
-42
-37
-32
-29
-24
-20
-16
-10
-7
-2
4
6
9
13
16
15
14
13
10
3
-3
-7
-13
-23
-27
-30
-35
-37
-42
-44
-45
-43
-41
-38
-37
-35
-33
-29
-24
-20
-14
-9
-4
0
4
7
11
11
9
11
10
8
4
-1
-3
-6
-11
-14
-14
-19
-20
-20
-18
-16
-15
-10
-7
0
10
16
27
33
38
43
47
48
48
47
47
44
43
38
35
30
27
23
17
9
4
1
-2
-3
-3
-3
1
4
7
11
15
18
21
25
29
34
37
37
39
41
38
38
38
35
34
34
31
27
23
16
9
7
2
-3
-5
-8
-8
-4
1
3
8
12
20
26
32
38
41
47
49
52
56
54
51
53
49
45
39
34
29
21
15
12
8
4
2
-1
-3
-2
-5
-7
-7
-7
-5
0
6
11
16
18
25
32
32
32
31
30
28
25
23
19
15
12
9
4
-1
-5
-8
-10
-11
-14
-12
-12
-12
-10
-6
0
5
10
13
16
20
22
24
23
24
22
20
19
17
14
10
5
3
-1
-7
-12
-15
-21
-25
-25
-25
-25
-24
-23
-22
-18
-19
-18
-16
-14
-10
-7
-4
-3
-4
0
3
3
1
0
-1
-3
-5
-12
-17
-22
-26
-28
-29
-33
-35
-34
-35
-31
-28
-25
-21
-19
-14
-10
-8
-8
-7
-4
-4
-3
-5
-3
-4
-6
-2
-2
-3
-4
-6
-5
-7
-8
-9
-10
-11
-12
-13
-16
-17
-17
-17
-13
-14
-13
-8
-6
-5
1
2
3
5
2
0
-1
-4
-5
-8
-7
-8
-13
-13
-15
-16
-20
-21
-19
-20
-17
-18
-17
-13
-14
-11
-10
-9
-7
-5
0
3
4
8
4
0
0
-2
-8
-11
-11
-14
-15
-14
-16
-15
-12
-11
-8
-4
-3
-3
-1
3
4
6
10
13
16
19
21
23
25
24
22
21
17
15
11
5
2
0
-4
-7
-13
-18
-22
-25
-24
-21
-19
-17
-13
-7
-3
2
6
10
11
14
16
16
14
14
12
7
7
6
4
4
1
0
1
-6
-10
-15
-15
-15
-17
-16
-15
-14
-10
-7
-1
5
10
14
17
21
29
30
30
32
31
31
26
19
16
11
5
2
-1
-6
-7
-8
-11
-13
-12
-14
-15
-17
-16
-16
-15
-12
-12
-10
-8
-6
1
3
4
4
4
2
1
1
-3
-4
-3
-4
-9
-13
-12
-15
-15
-14
-16
-15
-14
-13
-9
-7
-6
-5
-1
3
5
6
9
10
13
15
17
16
15
13
10
11
9
6
4
1
1
-1
-3
-1
-1
-1
4
4
5
6
7
7
7
6
4
1
0
-1
-5
-9
-11
-15
-17
-17
-16
-19
-22
-19
-20
-21
-22
-21
-19
-18
-16
-12
-8
-5
-4
-3
0
2
5
10
12
10
9
9
8
5
4
-3
-7
-8
-12
-13
-14
-15
-12
-9
-4
0
4
5
11
16
22
26
29
31
33
37
36
36
39
33
29
28
21
12
6
-1
-9
-14
-15
-21
-28
-32
-33
-35
-37
-36
-34
-30
-29
-24
-18
-11
-6
0
5
6
11
14
13
13
11
11
8
1
-1
-3
-5
-8
-11
-13
-15
-15
-15
-14
-10
-9
-7
-2
2
8
14
20
24
28
33
34
33
35
35
34
31
27
23
17
13
8
7
0
-4
-9
-13
-16
-19
-21
-25
-26
-24
-25
-22
-18
-12
-8
-7
-2
0
2
7
6
7
8
6
5
1
-1
-5
-8
-10
-13
-16
-20
-21
-20
-21
-21
-20
-19
-18
-16
-12
-7
-3
0
8
13
15
20
19
21
22
21
22
20
20
21
16
15
12
8
6
2
-3
-5
-9
-14
-13
-13
-16
-16
-18
-17
-15
-15
-14
-11
-7
-8
-7
-4
-5
-2
0
2
6
5
5
3
2
2
-2
-4
-2
-2
-3
-3
-2
-2
-3
-5
-6
-6
-6
-3
-2
1
0
1
5
4
6
7
6
7
8
9
10
11
14
14
14
14
11
13
12
9
9
8
6
5
1
0
-2
-6
-10
-13
-13
-18
-19
-19
-21
-22
-21
-21
-19
-16
-20
-14
-11
-8
-7
-6
-3
-5
-2
2
1
3
7
9
10
13
17
17
17
16
16
13
9
7
2
0
-4
-6
-5
-9
-11
-7
-8
-5
-2
1
4
7
12
16
21
26
25
32
31
29
30
24
26
28
28
24
21
18
10
4
0
-5
-11
-14
-16
-19
-20
-22
-22
-21
-21
-17
-13
-10
-1
5
10
16
19
23
22
23
27
28
28
27
23
20
16
10
6
-3
-9
-13
-20
-23
-26
-28
-30
-32
-31
-29
-25
-21
-16
-8
-1
3
8
13
17
23
28
30
32
31
29
27
24
22
18
15
8
2
-3
-8
-15
-23
-25
-29
-29
-29
-30
-27
-24
-22
-17
-14
-5
1
8
15
19
23
25
24
25
22
18
19
17
14
9
5
0
-11
-17
-21
-27
-29
-30
-32
-34
-31
-29
-25
-21
-19
-13
-9
-1
8
12
15
19
23
26
27
30
30
30
29
26
21
14
9
3
-3
-6
-12
-16
-18
-22
-22
-21
-19
-17
-14
-11
-6
-2
1
3
5
6
7
7
7
8
9
7
6
2
0
-6
-10
-11
-16
-21
-25
-31
-35
-39
-37
-38
-40
-37
-34
-31
-26
-24
-20
-17
-14
-6
-5
-2
2
6
10
11
15
13
12
12
11
12
11
11
9
9
9
7
8
8
4
4
1
2
4
4
4
3
5
8
7
7
10
10
9
12
13
10
8
7
4
0
0
-5
-8
-10
-13
-12
-12
-12
-12
-13
-16
-18
-16
-16
-18
-16
-16
-15
-15
-13
-10
-9
-7
-3
-2
-1
0
4
3
4
9
8
11
12
13
12
11
14
13
14
13
9
12
10
7
9
4
3
2
-1
-2
-5
-7
-10
-12
-11
-10
-11
-10
-10
-8
-7
-6
-2
-3
-2
0
-1
-1
1
2
2
0
2
3
4
1
2
2
1
1
2
3
4
5
7
7
11
16
20
23
22
25
27
26
28
29
28
30
28
24
23
18
17
14
9
6
1
-1
-5
-8
-8
-12
-11
-11
-13
-11
-11
-8
-9
-6
-2
-2
2
5
7
11
11
13
14
11
12
14
12
11
11
10
9
8
6
8
6
8
10
8
8
9
11
10
9
11
13
15
15
21
21
20
19
14
15
14
13
13
8
4
3
1
-2
-5
-6
-10
-12
-14
-16
-16
-15
-16
-15
-16
-17
-18
-18
-14
-12
-10
-10
-8
-6
-7
-5
-2
0
0
0
0
-3
-4
-5
-6
-7
-10
-11
-14
-16
-17
-18
-18
-19
-19
-19
-18
-19
-20
-18
-18
-16
-14
-16
-14
-13
-12
-11
-13
-12
-12
-12
-13
-9
-8
-9
-8
-13
-14
-16
-18
-21
-25
-25
-23
-25
-24
-22
-22
-22
-22
-18
-17
-15
-11
-9
-10
-8
-4
-3
-1
0
0
2
5
7
8
5
6
6
5
5
3
3
0
0
2
-1
0
0
1
3
2
8
10
9
12
11
14
15
16
20
19
17
17
20
17
13
13
9
7
7
6
4
0
-1
-4
-7
-8
-10
-9
-10
-10
-8
-9
-7
-4
-1
-1
2
5
5
7
8
