9
9
7
6
5
4
4
4
5
5
5
2
1
1
1
0
-1
0
-1
-1
-1
-1
-1
0
2
2
0
1
3
0
-1
2
3
4
4
5
2
1
2
0
-1
0
-1
-1
1
1
2
3
2
0
0
1
0
0
0
0
2
3
3
1
0
0
-2
-2
0
-1
-1
1
1
0
-1
-2
-2
0
0
0
-1
-1
3
3
3
6
5
5
6
4
6
6
5
6
4
7
6
4
7
5
3
2
0
2
0
0
0
-1
1
2
2
2
2
3
3
3
5
6
7
8
9
10
7
5
5
3
3
3
5
2
1
0
-2
1
-1
-3
-3
-6
-4
-4
-4
-5
-3
-2
-4
-4
-4
-5
-7
-5
-4
-3
-4
-5
-4
-1
-1
-4
-4
-7
-7
-7
-7
-6
-4
-5
-7
-7
-7
-5
-6
-8
-9
-6
-6
-8
-6
-7
-7
-6
-7
-6
-6
-7
-5
-5
-5
-4
-5
-6
-5
-7
-4
-4
-2
-1
-2
-1
2
2
0
0
3
3
5
7
6
5
4
5
8
7
5
6
5
3
3
3
3
1
0
2
0
-2
-1
-2
-1
-3
-3
-2
-5
-5
-5
-6
-7
-5
-4
-6
-7
-7
-6
-5
-5
-6
-5
-8
-8
-6
-6
-4
-4
-4
-2
-3
-2
-2
-2
0
-1
0
2
-1
-2
-2
-1
3
2
1
2
2
2
1
3
4
5
8
7
10
10
10
13
12
11
12
15
15
13
14
16
15
12
12
12
9
8
8
8
5
6
4
5
4
2
2
1
1
0
-1
-1
-2
-2
1
0
-1
-1
-1
-4
-5
-5
-5
-4
-5
-4
-4
-5
-4
-5
-5
-5
-6
-7
-7
-6
-6
-6
-6
-3
-3
-2
0
-2
-2
-1
1
-1
-1
-2
-3
0
-1
0
-1
-3
-2
-1
-2
-1
-2
-2
-1
-1
-2
-1
-1
-2
-3
-1
0
1
3
6
6
6
5
5
8
6
7
8
8
8
8
8
5
6
9
7
6
5
3
4
3
3
4
2
3
2
0
-1
-2
-3
-2
0
-2
-1
-2
-3
-2
-1
-3
-2
-2
-6
-5
-3
-3
-4
-5
-5
-3
-4
-2
-4
-6
-6
-8
-10
-8
-7
-7
-5
-7
-5
-2
-4
-4
-6
-6
-5
-4
0
-3
-2
-5
-7
-5
-7
-7
-6
-5
-5
-4
-5
-3
-2
-5
-4
-4
-4
-3
-3
-3
-4
-3
-1
-1
0
1
1
1
1
2
3
3
5
4
8
8
6
7
8
6
8
9
7
7
9
7
7
7
6
6
5
4
5
5
2
4
4
5
6
3
-1
0
-1
-1
1
0
4
4
0
4
1
1
2
0
4
1
0
2
2
2
0
-1
-2
-1
-1
-3
-3
-2
-4
-1
2
3
1
0
0
-2
-2
1
0
1
3
4
5
4
5
3
1
2
2
1
-1
0
-1
-2
-1
-3
-1
0
1
2
-2
0
-1
-2
-1
0
-2
-2
-1
2
4
4
2
4
6
5
7
4
4
6
3
4
2
1
2
2
1
2
2
3
6
5
5
8
5
2
2
0
2
4
3
0
1
-3
-3
-3
-7
-5
-6
-7
-4
-7
-6
-6
-9
-8
-9
-13
-12
-12
-12
-11
-11
-9
-6
-9
-10
-7
-9
-6
-4
-4
-2
-2
-3
-2
-2
-5
-4
-4
-4
-4
-4
-2
-1
-4
-3
1
-2
-3
-1
-1
0
-2
1
0
0
1
0
1
0
0
-1
0
2
1
5
7
5
7
6
6
2
3
4
4
7
6
6
6
6
6
5
6
3
4
4
4
5
2
1
3
-1
-1
1
0
0
-1
-2
1
-2
-1
-1
-2
0
1
-2
1
1
2
1
-3
-2
-2
-3
-2
-2
-3
-2
-3
-5
-4
-4
-7
-8
-5
-6
-5
-5
-4
-4
-9
-7
-5
-6
-3
-2
0
-1
0
1
2
1
2
4
2
2
4
4
5
4
4
5
4
6
4
5
5
5
8
7
8
9
7
9
8
8
11
6
7
7
5
7
6
6
9
6
6
5
2
0
0
1
0
2
2
0
-1
-3
-5
-6
-6
-5
-2
0
1
2
0
-2
-5
-6
-9
-10
-10
-10
-8
-9
-9
-9
-7
-7
-7
-8
-7
-7
-7
-7
-7
-6
-3
-3
-1
-3
-4
-2
-3
0
3
3
4
4
6
6
4
4
2
6
6
4
7
6
5
5
8
7
3
6
7
6
7
6
7
6
6
4
3
4
1
-1
-2
-3
-1
1
1
5
4
2
5
4
2
4
5
1
2
3
1
2
1
2
1
0
-2
-3
-3
-2
-3
-3
0
0
-4
-3
-7
-8
-6
-10
-9
-10
-11
-8
-9
-8
-5
-8
-6
-4
-4
-3
-5
-4
-3
-6
-4
-2
-3
-1
-1
-4
-4
-4
-6
-6
-6
-7
-5
-6
-6
-6
-7
-7
-7
-4
-4
-3
0
-3
-3
0
-2
-1
1
0
-1
-2
-1
1
0
0
0
-2
-2
-2
-5
-6
-7
-5
-4
-4
-2
-2
-3
-3
-1
-1
-1
-1
-1
0
-1
-2
-2
-3
-3
-4
-2
0
-1
2
4
5
5
3
5
5
3
4
2
1
3
1
4
4
3
4
6
6
8
9
7
8
8
8
8
7
7
4
4
10
9
12
10
5
9
8
5
7
7
5
7
7
6
8
7
6
5
5
4
2
1
-1
-1
1
1
4
4
4
5
4
3
3
3
2
5
4
7
8
8
10
6
5
3
2
2
3
-1
-1
0
-1
1
-1
-2
-2
-5
-6
-6
-8
-5
-6
-8
-6
-8
-8
-7
-7
-4
-2
-2
-1
-2
-3
-4
-6
-6
-6
-9
-9
-8
-7
-8
-9
-7
-6
-8
-10
-10
-9
-8
-8
-8
-8
-6
-5
-4
-3
0
0
2
2
-3
-4
-5
-6
-4
-2
-1
-2
-3
-1
-2
-3
-4
-4
-1
0
1
3
3
1
1
2
-1
-1
-1
-2
-2
-1
1
3
3
5
5
6
5
5
6
5
3
4
6
9
8
7
8
8
6
7
8
8
8
8
11
11
10
12
12
9
9
8
6
5
2
0
2
1
-3
-5
-6
-3
-3
-4
-4
-6
-4
-4
-4
-6
-3
-3
-3
-4
-1
0
-2
-3
-3
-2
0
2
3
3
5
2
0
3
5
4
3
4
1
0
1
-1
-2
-1
-2
-1
1
0
-3
-2
-1
-5
-5
-5
-7
-6
-4
-3
-2
-3
-3
-1
0
2
4
3
2
3
2
3
1
0
1
1
3
4
2
2
0
-1
1
1
-2
-3
-4
-5
-5
-3
-4
-4
-3
-6
-6
-3
-4
-5
-2
-2
-3
1
2
2
4
2
0
2
0
0
3
1
1
3
2
-1
-3
-5
-4
-4
-5
-6
-8
-7
-5
-6
-4
-3
-5
-3
-2
-2
0
0
0
0
2
1
3
3
0
2
0
1
4
0
-1
-2
-3
-3
-2
-2
-2
-1
1
1
3
5
5
5
7
7
9
8
7
5
4
6
9
10
7
4
7
8
9
8
8
9
8
9
9
5
4
0
-3
1
-1
-1
3
3
0
2
2
2
4
2
0
1
0
1
4
5
7
6
6
5
4
4
4
4
6
7
4
4
3
2
2
-1
-5
-5
-7
-10
-9
-10
-10
-7
-7
-10
-7
-9
-13
-13
-14
-14
-11
-11
-10
-11
-13
-14
-14
-13
-14
-12
-10
-12
-13
-9
-9
-10
-7
-5
-7
-7
-8
-10
-9
-10
-7
-8
-8
-6
-6
-4
-6
-5
-3
-2
4
5
5
5
4
4
3
7
7
8
10
8
10
10
10
11
13
13
10
10
10
8
9
9
7
7
7
5
3
5
3
1
4
4
3
2
0
1
2
0
-1
0
-2
-2
0
-2
-2
-1
2
1
3
4
4
2
1
0
0
1
0
0
-1
-4
-4
-5
-6
-4
-4
-5
-6
-6
-6
-5
-5
-7
-9
-10
-12
-8
-4
-6
-6
-4
-2
1
1
2
3
4
5
5
7
5
5
8
7
4
4
7
9
9
10
8
10
8
6
10
9
6
8
10
14
14
12
13
13
13
15
16
16
16
15
20
18
14
14
15
14
14
12
10
10
9
9
7
7
6
4
3
2
1
-1
-3
-2
-6
-7
-8
-11
-9
-12
-13
-13
-11
-11
-12
-10
-10
-11
-11
-12
-12
-14
-13
-11
-13
-11
-9
-9
-9
-7
-7
-8
-6
-8
-12
-9
-8
-5
-2
-3
-3
-3
-1
-1
1
-1
-2
0
0
-1
1
1
2
2
2
2
3
4
5
6
7
9
10
11
13
13
11
10
8
11
14
12
13
14
15
13
12
9
9
8
7
7
5
3
3
4
1
-3
-7
-9
-11
-12
-11
-12
-14
-16
-17
-17
-19
-21
-19
-19
-23
-23
-23
-24
-24
-25
-25
-25
-26
-27
-26
-25
-21
-20
-18
-14
-13
-13
-9
-12
-13
-13
-11
-8
-9
-9
-7
-5
-7
-6
-3
-5
-6
-3
-4
-3
-3
-4
-1
-3
-3
-1
1
4
4
6
7
8
10
10
10
11
11
12
14
17
15
13
11
10
9
8
7
7
8
10
8
8
8
6
8
8
9
7
9
12
11
9
6
7
5
4
6
4
3
4
3
4
4
2
1
0
-3
-4
-5
-6
-8
-10
-8
-8
-7
-7
-7
-9
-11
-11
-9
-11
-12
-12
-13
-14
-13
-13
-13
-14
-15
-15
-14
-13
-10
-10
-8
-8
-8
-8
-6
-8
-10
-8
-6
-10
-8
-7
-8
-8
-9
-9
-10
-10
-11
-8
-4
-4
0
0
1
3
3
5
8
9
11
16
21
20
23
27
26
30
34
37
40
41
43
42
41
42
42
43
41
41
43
43
42
42
42
38
33
30
29
27
24
22
18
17
14
8
5
3
-2
-4
-9
-11
-11
-13
-16
-17
-20
-25
-30
-34
-34
-37
-39
-40
-42
-44
-45
-47
-46
-45
-43
-45
-42
-37
-34
-29
-25
-20
-15
-11
-6
-3
1
7
11
18
22
26
32
36
40
42
47
51
50
51
53
54
54
53
50
47
47
43
41
39
34
30
23
18
13
6
-1
-9
-16
-28
-36
-43
-49
-56
-61
-66
-71
-77
-85
-89
-94
-99
-95
-91
-93
-91
-92
-90
-84
-81
-76
-68
-61
-54
-44
-34
-23
-14
-3
11
20
32
43
54
65
74
86
96
105
111
119
126
133
138
143
148
151
150
152
149
146
144
138
132
124
115
105
95
83
68
55
42
28
13
-5
-24
-41
-59
-74
-92
-109
-123
-140
-153
-161
-177
-187
-194
-202
-205
-210
-212
-211
-210
-205
-198
-189
-180
-170
-158
-142
-126
-110
-92
-74
-55
-32
-8
13
36
59
82
104
124
144
165
185
204
222
240
253
266
276
284
288
290
291
287
280
272
257
243
226
206
182
154
124
93
62
30
-3
-33
-63
-96
-128
-163
-195
-223
-251
-276
-299
-319
-336
-350
-361
-367
-375
-381
-378
-377
-370
-358
-340
-322
-300
-275
-253
-226
-195
-163
-126
-88
-51
-12
30
74
116
159
198
236
273
308
343
371
399
422
440
458
469
471
471
468
459
443
422
399
372
341
309
273
234
194
153
112
69
25
-15
-58
-97
-136
-173
-203
-236
-263
-291
-317
-341
-363
-380
-393
-406
-419
-428
-434
-439
-440
-436
-434
-427
-413
-398
-381
-358
-332
-304
-268
-233
-195
-155
-112
-69
-28
18
65
106
150
195
231
266
298
326
353
379
398
415
430
436
441
439
436
432
421
411
398
377
355
331
305
275
244
210
177
140
104
64
24
-17
-58
-98
-137
-177
-217
-252
-286
-318
-347
-377
-401
-419
-437
-448
-459
-463
-463
-460
-450
-436
-419
-398
-376
-347
-317
-284
-251
-212
-173
-135
-93
-53
-12
32
73
116
160
199
237
271
307
343
377
410
440
464
488
507
518
527
532
530
526
514
498
477
448
420
383
341
298
251
200
150
98
44
-8
-59
-106
-150
-195
-232
-269
-304
-334
-360
-384
-403
-415
-427
-439
-445
-451
-451
-453
-452
-447
-444
-436
-428
-416
-398
-381
-361
-336
-312
-283
-251
-218
-183
-148
-106
-64
-24
19
63
104
144
183
221
260
297
330
364
393
419
447
469
485
501
514
522
522
521
517
508
494
478
453
422
393
356
317
273
227
184
135
87
40
-8
-54
-98
-140
-180
-216
-249
-281
-308
-335
-354
-373
-390
-403
-414
-422
-427
-436
-441
-445
-447
-446
-442
-434
-423
-412
-399
-384
-371
-350
-326
-300
-266
-232
-197
-161
-120
-81
-41
1
42
85
126
168
207
244
281
313
343
373
401
426
451
471
491
507
516
525
530
531
528
523
510
490
470
446
415
383
346
307
263
216
169
120
70
22
-26
-71
-116
-157
-192
-229
-260
-288
-314
-334
-354
-369
-381
-390
-397
-402
-404
-409
-413
-415
-417
-415
-414
-412
-407
-401
-393
-388
-378
-364
-348
-329
-302
-275
-247
-216
-183
-144
-107
-66
-25
16
57
100
140
181
220
257
294
331
364
394
423
447
469
489
507
522
529
532
531
528
519
506
487
464
436
405
370
329
287
245
199
152
102
50
0
-46
-88
-133
-174
-211
-243
-271
-297
-319
-338
-352
-364
-373
-381
-384
-386
-384
-387
-389
-383
-379
-375
-369
-363
-355
-346
-335
-322
-309
-294
-275
-253
-227
-205
-177
-146
-118
-87
-54
-19
18
54
93
131
165
199
233
268
301
331
361
386
413
434
451
470
484
494
497
497
496
485
474
459
437
411
381
345
308
264
219
172
123
71
21
-26
-74
-121
-165
-209
-247
-283
-313
-337
-362
-382
-395
-407
-412
-416
-418
-416
-413
-410
-404
-396
-391
-378
-367
-356
-344
-329
-311
-293
-276
-260
-242
-220
-195
-169
-143
-113
-83
-56
-23
8
41
77
111
147
183
217
250
283
315
346
376
404
429
452
475
495
507
516
524
527
521
511
496
475
451
419
384
346
304
255
201
148
93
39
-18
-76
-132
-188
-238
-285
-330
-367
-403
-431
-454
-474
-487
-496
-499
-500
-497
-490
-480
-464
-447
-429
-409
-389
-368
-344
-324
-303
-278
-254
-233
-208
-182
-156
-129
-103
-75
-44
-18
10
42
73
105
139
173
205
239
272
303
333
363
393
415
438
458
475
493
505
514
520
522
522
516
505
489
467
444
418
384
347
307
264
215
164
111
56
1
-55
-112
-170
-226
-275
-322
-367
-405
-439
-466
-485
-499
-508
-515
-516
-511
-502
-488
-471
-451
-429
-406
-383
-362
-340
-318
-298
-277
-256
-234
-212
-194
-177
-159
-137
-117
-96
-73
-53
-27
2
28
58
89
123
154
185
218
247
275
307
336
361
386
410
430
447
462
475
485
494
499
498
498
494
484
469
450
425
398
364
328
289
247
203
153
101
49
-5
-59
-110
-160
-208
-252
-292
-329
-361
-387
-409
-427
-436
-442
-442
-439
-434
-422
-405
-385
-368
-348
-328
-310
-294
-279
-263
-245
-230
-218
-207
-195
-181
-168
-154
-140
-121
-102
-84
-61
-37
-13
13
40
67
94
125
153
181
212
241
268
298
323
344
366
389
411
430
446
459
470
479
485
482
479
474
461
443
421
395
362
328
289
245
201
150
97
42
-13
-68
-120
-170
-217
-259
-297
-332
-364
-386
-407
-423
-433
-439
-438
-432
-425
-412
-402
-392
-382
-369
-357
-343
-328
-317
-304
-289
-279
-267
-257
-245
-233
-219
-204
-187
-166
-144
-121
-98
-70
-43
-15
17
48
78
112
145
179
214
245
275
304
335
364
390
417
444
466
484
499
514
523
527
526
520
511
494
471
444
416
382
340
296
247
196
142
89
34
-17
-68
-121
-170
-216
-257
-292
-323
-350
-371
-389
-402
-409
-413
-413
-409
-404
-399
-390
-384
-377
-367
-359
-351
-346
-339
-330
-321
-314
-303
-290
-281
-270
-254
-240
-223
-203
-180
-157
-132
-104
-72
-42
-11
23
57
91
128
161
194
228
262
292
321
351
376
402
423
442
460
473
486
493
497
498
492
479
462
440
415
388
355
320
283
239
193
146
97
51
2
-46
-91
-133
-175
-212
-242
-269
-294
-314
-327
-339
-341
-338
-338
-337
-332
-326
-319
-315
-309
-304
-299
-294
-291
-286
-285
-282
-277
-276
-269
-263
-255
-241
-226
-209
-191
-167
-144
-121
-91
-66
-38
-6
28
61
94
126
158
190
220
249
274
300
324
347
370
392
411
426
439
450
457
460
463
459
451
440
424
406
382
353
321
282
240
195
151
103
58
14
-35
-77
-118
-160
-196
-228
-253
-276
-294
-304
-313
-318
-316
-314
-311
-307
-301
-297
-292
-283
-277
-272
-267
-264
-263
-262
-263
-264
-262
-261
-256
-248
-240
-230
-222
-210
-194
-177
-155
-131
-104
-79
-51
-23
4
32
60
87
114
141
164
190
213
235
258
282
305
325
343
359
377
391
401
409
414
415
412
407
395
382
361
336
310
278
241
204
166
122
79
36
-7
-47
-85
-120
-152
-177
-201
-217
-230
-239
-245
-248
-246
-243
-240
-235
-229
-224
-219
-213
-209
-208
-208
-209
-210
-212
-213
-214
-216
-218
-219
-217
-212
-207
-202
-191
-178
-164
-149
-134
-114
-93
-73
-50
-28
-7
15
38
62
84
106
127
145
167
187
205
227
244
263
283
297
309
322
330
336
341
342
337
328
318
302
283
261
235
208
175
140
105
68
31
-8
-44
-77
-110
-137
-160
-181
-198
-208
-219
-224
-225
-225
-222
-218
-217
-214
-210
-207
-200
-198
-197
-194
-196
-197
-198
-200
-201
-202
-203
-200
-200
-195
-189
-184
-174
-163
-153
-139
-126
-110
-91
-73
-57
-37
-20
-2
16
36
56
77
98
117
138
161
183
203
223
244
265
286
305
320
336
348
356
361
358
354
346
334
317
296
271
243
211
179
145
108
71
34
-3
-37
-70
-97
-121
-142
-160
-175
-184
-191
-195
-199
-197
-192
-188
-185
-181
-183
-182
-183
-183
-183
-185
-189
-194
-198
-202
-208
-210
-212
-214
-213
-215
-214
-211
-205
-196
-182
-169
-155
-137
-122
-104
-83
-60
-39
-17
4
27
48
71
98
121
145
170
194
217
241
264
288
308
328
346
359
371
381
385
386
383
375
361
346
324
296
270
243
210
175
138
104
71
36
1
-32
-63
-87
-111
-127
-141
-156
-165
-174
-179
-185
-187
-190
-188
-188
-194
-197
-201
-207
-211
-216
-223
-229
-236
-243
-246
-249
-253
-255
-257
-256
-252
-243
-237
-225
-210
-195
-177
-158
-138
-115
-93
-73
-50
-23
2
23
49
76
100
124
151
176
200
224
247
271
291
313
328
343
358
367
375
380
379
374
364
353
334
314
287
258
228
195
161
128
90
53
21
-10
-42
-73
-99
-123
-143
-158
-168
-179
-189
-196
-202
-209
-211
-212
-218
-219
-218
-221
-224
-227
-231
-237
-241
-244
-246
-246
-248
-245
-242
-238
-231
-223
-217
-206
-194
-178
-160
-139
-119
-98
-75
-54
-36
-15
8
29
53
75
99
124
151
179
201
224
244
268
290
310
333
351
364
379
388
391
391
388
378
364
349
327
302
279
248
215
180
145
107
66
26
-10
-45
-76
-103
-131
-158
-180
-199
-213
-223
-231
-234
-238
-243
-243
-244
-243
-244
-245
-250
-251
-255
-257
-260
-265
-265
-266
-266
-264
-265
-263
-259
-250
-236
-222
-206
-190
-173
-152
-131
-110
-87
-63
-40
-14
11
34
57
82
106
132
156
177
199
223
245
268
290
310
328
346
358
371
383
389
393
394
390
380
366
347
321
293
266
232
200
161
123
84
45
10
-28
-64
-95
-123
-145
-165
-181
-194
-203
-213
-216
-220
-227
-230
-234
-235
-238
-243
-244
-250
-254
-258
-265
-269
-278
-282
-285
-285
-283
-278
-272
-262
-249
-233
-215
-197
-174
-147
-122
-95
-66
-37
-9
17
47
75
99
126
148
172
193
216
241
262
286
308
330
354
372
393
408
416
426
430
426
418
407
388
368
342
311
279
241
200
160
120
81
40
4
-34
-67
-97
-126
-147
-166
-179
-190
-195
-198
-197
-194
-192
-189
-191
-198
-201
-213
-220
-231
-241
-247
-258
-264
-271
-279
-283
-288
-289
-284
-278
-271
-258
-242
-224
-203
-181
-157
-135
-111
-85
-60
-30
-4
23
50
73
97
120
143
167
188
214
239
261
284
304
326
348
367
385
399
409
417
419
418
411
398
381
356
326
295
258
220
178
135
96
55
14
-23
-61
-96
-123
-147
-166
-182
-192
-194
-195
-195
-191
-188
-189
-190
-196
-202
-209
-220
-235
-247
-260
-273
-286
-300
-312
-322
-328
-332
-329
-325
-317
-304
-288
-266
-241
-215
-185
-156
-121
-86
-55
-20
10
41
69
96
122
144
164
187
210
234
263
290
314
340
365
391
414
433
449
459
463
458
443
417
387
351
309
266
218
170
123
77
33
-14
-53
-92
-131
-162
-192
-212
-226
-233
-231
-229
-222
-209
-200
-191
-182
-177
-174
-176
-183
-191
-203
-221
-240
-260
-279
-298
-311
-324
-333
-334
-336
-332
-325
-312
-295
-278
-259
-233
-208
-179
-145
-113
-76
-40
0
39
76
114
146
175
204
229
257
281
306
336
365
397
425
449
472
492
511
527
533
528
516
492
455
411
358
298
235
172
111
47
-11
-63
-112
-160
-207
-246
-279
-303
-317
-323
-319
-306
-285
-258
-229
-205
-183
-164
-153
-150
-155
-168
-184
-203
-229
-256
-285
-311
-337
-360
-372
-380
-382
-377
-362
-344
-325
-299
-273
-244
-208
-175
-142
-105
-65
-25
15
53
90
126
158
190
220
249
280
313
347
388
432
478
527
579
630
674
707
731
740
733
706
658
594
512
418
318
212
111
13
-72
-149
-217
-276
-328
-373
-410
-437
-449
-446
-426
-392
-345
-292
-240
-188
-143
-108
-86
-75
-75
-82
-95
-115
-146
-183
-233
-286
-339
-393
-438
-480
-510
-519
-517
-501
-472
-437
-398
-356
-311
-269
-226
-179
-129
-72
-15
45
105
161
214
261
305
342
380
419
461
511
564
622
687
757
826
889
941
975
988
970
914
825
702
557
396
228
62
-93
-229
-347
-445
-531
-604
-662
-703
-727
-723
-692
-631
-537
-423
-290
-151
-23
93
182
244
276
279
263
222
161
82
-20
-139
-273
-419
-567
-709
-831
-923
-979
-994
-965
-901
-810
-699
-577
-451
-329
-209
-96
9
112
204
287
359
417
459
487
500
502
503
507
517
541
580
642
724
825
939
1055
1160
1233
1259
1221
1117
948
723
468
204
-50
-277
-472
-627
-744
-837
-907
-953
-980
-975
-931
-843
-705
-523
-312
-84
134
328
479
575
620
615
572
498
398
281
142
-23
-205
-413
-635
-857
-1065
-1238
-1357
-1407
-1385
-1297
-1150
-963
-755
-537
-329
-135
42
195
327
432
510
557
571
550
495
423
340
258
192
150
139
162
218
306
427
578
752
955
1171
1381
1554
1660
1678
1584
1376
1076
706
312
-75
-424
-712
-935
-1090
-1189
-1246
-1270
-1266
-1222
-1129
-981
-772
-507
-205
110
410
662
841
934
939
866
737
572
381
178
-31
-249
-473
-704
-941
-1164
-1352
-1488
-1551
-1525
-1414
-1230
-992
-723
-455
-207
8
179
309
404
469
505
514
494
443
360
251
131
14
-82
-144
-157
-116
-22
115
283
471
679
905
1138
1376
1604
1795
1915
1930
1818
1573
1203
744
242
-256
-703
-1063
-1318
-1459
-1507
-1478
-1393
-1273
-1118
-927
-698
-427
-123
203
526
813
1034
1159
1177
1083
896
645
358
64
-219
-477
-697
-887
-1048
-1180
-1287
-1353
-1361
-1308
-1191
-1009
-779
-525
-270
-36
153
290
371
401
392
356
299
231
155
71
-21
-115
-205
-278
-317
-308
-249
-134
36
240
462
684
903
1110
1306
1494
1661
1793
1857
1823
1665
1375
967
465
-72
-592
-1038
-1365
-1557
-1612
-1544
-1384
-1170
-933
-685
-440
-191
57
306
550
774
950
1050
1055
955
758
486
164
-166
-471
-723
-909
-1027
-1077
-1082
-1052
-997
-928
-836
-725
-596
-448
-292
-137
-3
94
154
171
150
101
34
-35
-96
-145
-179
-194
-199
-195
-180
-158
-120
-66
18
135
281
456
641
827
997
1150
1286
1395
1487
1550
1560
1500
1342
1081
722
294
-166
-608
-980
-1243
-1373
-1371
-1250
-1043
-793
-535
-290
-73
111
268
406
518
605
656
656
589
449
247
1
-264
-518
-726
-869
-932
-923
-852
-738
-614
-500
-409
-347
-305
-276
-254
-228
-204
-182
-165
-162
-169
-189
-214
-233
-241
-226
-194
-143
-83
-23
34
79
112
141
170
212
273
359
466
584
703
816
917
1001
1075
1149
1213
1258
1265
1203
1054
802
467
75
-333
-703
-986
-1150
-1186
-1101
-922
-693
-447
-222
-37
112
226
315
382
432
457
447
389
273
101
-110
-331
-535
-689
-770
-775
-707
-585
-442
-302
-198
-147
-144
-182
-242
-306
-363
-404
-432
-450
-455
-453
-443
-418
-381
-324
-249
-166
-82
-8
51
89
107
118
126
142
182
247
330
430
536
633
714
780
834
886
948
1026
1106
1169
1173
1086
891
586
205
-209
-593
-889
-1059
-1086
-989
-799
-566
-336
-136
18
128
210
275
327
373
396
377
309
178
-7
-224
-446
-626
-739
-763
-695
-560
-386
-209
-65
21
43
4
-81
-186
-288
-375
-442
-491
-528
-552
-556
-534
-483
-402
-304
-196
-94
-8
46
68
68
48
29
23
36
76
138
216
297
382
462
537
608
680
760
857
974
1102
1217
1286
1266
1129
866
499
75
-342
-691
-920
-1003
-951
-794
-578
-346
-140
25
149
239
309
364
401
407
363
265
106
-92
-308
-511
-663
-735
-719
-621
-455
-261
-78
66
145
153
90
-25
-166
-318
-456
-568
-651
-700
-711
-680
-610
-504
-370
-230
-99
2
61
78
56
15
-29
-55
-55
-24
32
102
185
272
359
435
502
563
618
677
744
827
937
1053
1160
1225
1203
1064
803
442
25
-376
-697
-896
-949
-873
-705
-487
-270
-84
58
157
222
267
298
314
301
245
138
-12
-194
-379
-532
-629
-646
-581
-450
-277
-96
58
156
181
133
16
-145
-323
-495
-636
-738
-795
-802
-763
-685
-569
-427
-279
-140
-26
49
77
64
21
-31
-71
-87
-67
-16
55
140
232
322
400
467
526
577
621
674
741
836
961
1093
1217
1289
1260
1102
809
414
-29
-450
-777
-968
-1002
-902
-708
-471
-240
-53
77
158
205
229
242
237
206
133
16
-140
-317
-483
-607
-664
-632
-518
-347
-145
47
193
265
257
172
21
-167
-367
-544
-677
-764
-793
-768
-697
-585
-442
-284
-136
-17
62
95
83
36
-23
-77
-108
-102
-63
4
85
166
239
300
353
399
445
493
541
597
667
755
870
1006
1144
1253
1292
1213
995
645
204
-261
-671
-958
-1082
-1046
-875
-626
-356
-114
66
182
237
256
259
252
229
175
78
-62
-239
-420
-573
-668
-677
-594
-440
-239
-37
124
212
209
122
-32
-229
-429
-603
-724
-784
-778
-719
-620
-492
-352
-210
-81
15
71
84
49
-18
-100
-172
-214
-212
-160
-69
43
156
254
323
364
389
410
440
488
555
642
749
876
1014
1151
1264
1318
1268
1089
779
367
-90
-520
-850
-1037
-1059
-934
-704
-421
-144
82
241
329
359
351
319
268
199
101
-26
-174
-331
-474
-575
-607
-560
-442
-277
-96
58
156
176
118
-9
-186
-383
-565
-704
-785
-803
-761
-671
-553
-419
-284
-167
-77
-26
-19
-43
-91
-147
-189
-206
-185
-123
-31
79
185
274
335
367
379
384
394
427
483
562
667
790
929
1070
1194
1279
1280
1167
926
565
132
-307
-679
-928
-1021
-959
-766
-497
-209
52
240
351
396
390
351
289
212
115
-8
-152
-312
-464
-579
-635
-608
-502
-334
-135
52
191
254
230
131
-29
-226
-428
-610
-745
-820
-830
-778
-682
-558
-417
-280
-163
-81
-40
-42
-79
-126
-169
-194
-183
-139
-63
35
129
210
265
289
290
276
265
273
305
366
450
555
678
816
963
1109
1224
1275
1225
1043
738
333
-110
-521
-836
-1000
-998
-848
-593
-289
3
234
381
438
423
360
271
171
66
-48
-173
-309
-439
-544
-603
-595
-513
-366
-180
6
159
245
250
177
33
-154
-359
-551
-700
-794
-817
-776
-681
-553
-408
-261
-139
-56
-14
-17
-54
-108
-161
-199
-202
-173
-110
-20
74
158
219
246
246
234
222
227
255
322
410
515
630
748
876
1010
1136
1234
1265
1188
982
651
233
-211
-611
-903
-1042
-1012
-838
-564
-252
38
262
392
437
413
341
250
151
45
-68
-189
-313
-426
-514
-552
-527
-434
-291
-122
36
150
198
163
55
-106
-297
-485
-642
-750
-793
-768
-685
-564
-420
-274
-145
-54
-8
-8
-43
-99
-162
-210
-235
-230
-186
-114
-27
59
132
183
213
232
251
274
319
385
472
580
695
820
957
1087
1201
1264
1234
1088
813
434
3
-417
-750
-942
-970
-840
-597
-297
-4
236
395
468
470
421
338
240
133
16
-117
-261
-395
-503
-561
-553
-472
-330
-159
9
137
203
199
123
-8
-169
-347
-521
-667
-771
-823
-814
-746
-627
-475
-310
-163
-51
4
3
-42
-115
-187
-241
-258
-230
-169
-81
16
103
170
212
231
235
238
260
299
357
440
536
645
771
907
1052
1182
1261
1250
1116
845
469
42
-373
-695
-876
-895
-769
-540
-261
1
203
331
386
388
355
299
233
146
37
-97
-252
-405
-530
-599
-592
-504
-354
-175
-5
123
190
189
128
23
-107
-258
-415
-571
-707
-808
-850
-819
-723
-576
-400
-234
-103
-29
-17
-54
-120
-187
-228
-233
-202
-144
-70
5
68
116
149
177
200
234
283
342
407
473
543
621
714
831
971
1110
1213
1238
1146
922
584
178
-220
-550
-760
-824
-752
-576
-352
-124
68
209
295
335
342
321
276
205
100
-29
-180
-333
-458
-532
-537
-471
-346
-193
-47
67
126
128
76
-22
-151
-298
-450
-599
-714
-782
-795
-739
-630
-479
-318
-176
-72
-24
-28
-74
-137
-198
-238
-247
-224
-176
-113
-44
26
81
127
159
185
216
257
315
385
468
566
672
791
919
1048
1156
1214
1192
1062
817
480
107
-249
-532
-700
-743
-674
-525
-339
-150
12
137
230
299
343
357
337
272
160
9
-161
-322
-445
-508
-502
-428
-313
-187
-72
10
52
58
36
-12
-88
-196
-335
-498
-660
-794
-861
-847
-750
-589
-401
-222
-87
-16
-9
-48
-109
-170
-213
-228
-221
-195
-152
-101
-48
11
68
124
180
235
293
354
420
492
573
663
766
888
1022
1151
1243
1258
1160
937
604
207
-187
-510
-719
-793
-741
-598
-409
-215
-44
94
208
298
369
418
424
374
263
96
-103
-297
-453
-543
-552
-492
-379
-246
-131
-41
14
37
41
22
-21
-99
-223
-378
-552
-703
-804
-831
-775
-654
-494
-333
-204
-116
-79
-83
-109
-145
-172
-189
-196
-190
-175
-150
-118
-72
-20
37
100
170
249
336
429
520
602
675
742
818
905
1003
1099
1158
1144
1031
813
510
165
-164
-422
-582
-637
-599
-497
-365
-226
-90
38
154
262
346
387
378
308
187
29
-138
-290
-406
-470
-482
-449
-388
-310
-228
-151
-75
-13
27
32
-11
-110
-253
-418
-573
-692
-747
-730
-659
-540
-412
-290
-193
-133
-102
-95
-100
-122
-150
-175
-202
-216
-211
-187
-139
-80
-14
58
135
219
308
398
485
563
632
697
760
841
940
1045
1125
1147
1073
892
622
303
-13
-273
-452
-543
-554
-514
-440
-347
-240
-116
17
156
281
367
398
361
264
131
-20
-162
-274
-356
-406
-426
-427
-404
-355
-288
-206
-121
-43
7
6
-54
-167
-318
-467
-588
-663
-683
-653
-589
-511
-424
-343
-273
-212
-165
-130
-110
-112
-127
-148
-167
-166
-143
-101
-47
16
81
147
218
299
386
471
540
590
621
646
687
759
862
980
1077
1106
1037
865
609
311
24
-208
-369
-464
-504
-510
-494
-452
-379
-269
-126
33
182
292
343
335
275
181
74
-37
-138
-238
-328
-399
-447
-463
-436
-372
-275
-171
-85
-36
-48
-112
-215
-331
-437
-518
-566
-584
-576
-549
-507
-451
-384
-312
-241
-181
-140
-124
-122
-134
-144
-140
-121
-85
-44
0
54
116
190
279
376
479
564
628
665
691
725
781
874
993
1105
1166
1135
994
758
470
176
-80
-270
-404
-490
-549
-591
-598
-560
-461
-307
-122
62
209
288
303
266
202
128
54
-19
-104
-201
-300
-391
-448
-463
-426
-346
-255
-173
-117
-110
-148
-216
-292
-367
-426
-467
-498
-518
-530
-525
-498
-448
-380
-302
-227
-168
-129
-104
-96
-95
-91
-80
-61
-40
-13
22
71
134
215
316
421
515
586
628
652
672
716
794
901
1026
1133
1167
1104
947
712
450
200
-13
-181
-324
-452
-569
-662
-707
-682
-585
-428
-241
-60
84
175
218
230
224
200
157
87
-15
-140
-271
-378
-447
-465
-444
-398
-344
-305
-281
-281
-301
-318
-334
-344
-354
-368
-390
-413
-430
-432
-413
-379
-331
-276
-230
-195
-170
-147
-129
-111
-84
-55
-21
17
61
115
178
252
339
421
499
558
597
619
638
674
740
843
960
1068
1132
1117
1014
836
618
387
176
-11
-185
-348
-507
-640
-719
-734
-677
-554
-398
-240
-100
6
85
147
196
234
245
212
138
27
-101
-228
-333
-406
-456
-479
-488
-488
-473
-447
-412
-383
-361
-349
-350
-362
-383
-403
-413
-407
-388
-360
-326
-291
-251
-212
-178
-142
-117
-97
-79
-59
-33
-5
36
84
138
203
277
360
445
520
579
621
649
676
720
789
878
984
1074
1118
1092
991
837
645
445
249
56
-138
-332
-516
-666
-756
-779
-734
-639
-519
-393
-274
-162
-48
63
167
246
282
268
207
123
27
-65
-155
-238
-316
-396
-458
-503
-523
-515
-499
-484
-480
-483
-487
-491
-482
-461
-429
-384
-343
-304
-267
-227
-188
-149
-116
-93
-82
-85
-84
-80
-67
-35
4
55
110
173
251
336
427
514
584
646
698
751
817
894
981
1065
1122
1127
1072
956
799
617
428
240
46
-150
-342
-514
-639
-717
-737
-711
-650
-569
-477
-369
-249
-116
24
148
235
279
280
249
194
124
43
-47
-148
-252
-350
-429
-483
-510
-522
-532
-551
-573
-593
-592
-564
-519
-464
-413
-366
-323
-280
-234
-185
-137
-95
-67
-55
-60
-68
-68
-60
-41
-16
11
35
65
113
175
256
348
441
525
596
652
706
768
841
928
1013
1080
1106
1078
1001
881
736
581
409
223
19
-197
-401
-577
-701
-769
-791
-773
-726
-655
-556
-433
-291
-137
6
125
213
265
290
291
267
221
150
60
-41
-146
-242
-332
-415
-495
-577
-649
-702
-728
-716
-675
-623
-563
-503
-441
-363
-282
-198
-116
-53
-9
10
11
4
-14
-25
-37
-43
-45
-45
-40
-23
8
65
145
243
346
443
529
609
689
778
875
977
1076
1144
1173
1150
1072
963
828
670
490
277
41
-200
-426
-611
-752
-847
-899
-911
-882
-812
-704
-565
-403
-234
-72
73
192
294
369
416
431
407
348
261
155
34
-94
-222
-354
-479
-596
-704
-786
-837
-855
-843
-809
-759
-688
-596
-481
-354
-233
-123
-32
35
85
112
122
116
96
73
45
19
-3
-14
-11
9
48
105
176
254
336
422
507
594
695
806
925
1045
1143
1209
1229
1200
1129
1023
880
689
459
195
-67
-310
-521
-696
-839
-946
-1008
-1022
-985
-901
-780
-636
-471
-296
-123
49
212
353
460
527
554
540
492
412
307
183
35
-130
-310
-492
-660
-803
-912
-991
-1040
-1056
-1031
-964
-857
-719
-567
-412
-266
-132
-15
80
156
212
248
265
267
257
243
219
197
176
162
156
162
183
207
240
285
343
423
526
649
788
933
1057
1147
1198
1206
1175
1105
986
816
604
369
136
-88
-303
-505
-687
-845
-962
-1031
-1057
-1031
-963
-858
-719
-556
-374
-187
3
181
330
448
526
569
576
548
481
384
252
96
-81
-276
-472
-656
-820
-959
-1062
-1127
-1152
-1126
-1056
-948
-814
-665
-508
-346
-189
-42
90
202
289
357
407
436
450
444
423
395
363
332
309
286
267
258
260
282
329
410
524
653
785
898
983
1048
1082
1084
1045
954
816
642
453
256
56
-153
-362
-557
-731
-870
-969
-1031
-1049
-1032
-971
-873
-743
-587
-418
-240
-67
94
239
360
456
519
549
542
498
420
303
146
-38
-233
-424
-606
-768
-908
-1013
-1074
-1089
-1061
-1001
-912
-802
-676
-535
-385
-233
-83
57
184
302
405
490
558
603
622
626
614
596
572
541
511
483
465
470
498
548
616
687
748
794
820
831
826
799
735
639
514
379
232
73
-95
-273
-439
-580
-696
-791
-865
-913
-929
-908
-851
-765
-660
-538
-406
-269
-132
-3
117
217
296
352
378
384
354
282
180
46
-97
-241
-391
-534
-667
-777
-854
-897
-909
-897
-865
-815
-737
-635
-522
-399
-267
-132
3
144
277
393
498
580
650
705
747
782
799
803
800
792
788
794
803
814
821
820
807
788
761
714
649
564
462
350
228
97
-43
-190
-332
-457
-567
-656
-729
-790
-827
-839
-824
-779
-709
-621
-517
-407
-292
-175
-64
35
123
196
243
271
271
241
188
101
-9
-131
-265
-400
-529
-646
-740
-805
-844
-862
-868
-856
-818
-752
-667
-570
-460
-341
-206
-65
75
207
331
442
541
629
703
765
819
863
903
938
967
992
1013
1024
1018
993
958
919
871
806
717
603
476
353
226
96
-46
-201
-347
-484
-601
-696
-780
-842
-873
-881
-859
-817
-763
-688
-595
-483
-351
-214
-89
26
124
205
272
315
324
300
248
169
77
-27
-145
-277
-420
-555
-662
-741
-800
-845
-881
-890
-872
-829
-764
-684
-590
-476
-346
-200
-49
102
244
381
510
630
739
833
910
976
1034
1089
1139
1180
1204
1201
1167
1114
1052
979
890
772
634
487
346
209
66
-87
-244
-391
-514
-623
-722
-812
-889
-935
-946
-926
-883
-829
-763
-675
-572
-450
-321
-192
-65
57
167
257
329
365
366
338
281
208
116
1
-130
-262
-385
-493
-589
-679
-756
-815
-843
-838
-815
-777
-726
-660
-570
-456
-326
-185
-34
120
281
445
605
759
900
1027
1146
1250
1343
1417
1462
1476
1460
1422
1361
1274
1151
991
816
631
442
249
50
-154
-345
-514
-659
-785
-897
-994
-1063
-1101
-1105
-1087
-1054
-999
-919
-816
-691
-556
-422
-289
-162
-36
84
186
265
316
344
350
331
281
204
105
-14
-137
-259
-385
-505
-616
-712
-785
-839
-870
-883
-868
-828
-762
-672
-569
-447
-311
-163
-4
165
338
512
682
850
1013
1172
1322
1451
1550
1613
1643
1645
1617
1551
1441
1292
1117
927
720
498
258
14
-220
-433
-622
-798
-957
-1088
-1181
-1229
-1242
-1222
-1181
-1112
-1016
-897
-759
-616
-472
-326
-181
-44
80
184
257
307
335
344
328
287
224
144
56
-36
-138
-245
-356
-459
-554
-640
-711
-763
-795
-802
-781
-738
-675
-584
-474
-342
-190
-29
142
317
493
669
841
1005
1152
1281
1392
1479
1544
1581
1584
1550
1480
1381
1257
1099
911
697
463
225
-9
-241
-469
-681
-873
-1033
-1157
-1252
-1310
-1336
-1324
-1273
-1190
-1078
-947
-796
-631
-460
-294
-142
-5
114
213
288
335
349
336
292
231
149
51
-56
-166
-273
-375
-467
-551
-621
-673
-704
-720
-715
-684
-636
-563
-465
-348
-209
-51
123
306
488
671
843
1005
1149
1274
1379
1455
1500
1512
1487
1433
1353
1248
1116
958
779
591
397
201
3
-196
-386
-562
-719
-854
-966
-1056
-1120
-1153
-1156
-1134
-1087
-1020
-931
-826
-716
-600
-482
-364
-249
-138
-43
38
107
160
195
204
189
157
110
49
-29
-117
-208
-290
-361
-428
-479
-512
-521
-496
-447
-379
-296
-198
-79
62
217
372
525
678
825
968
1098
1203
1282
1337
1366
1367
1333
1272
1180
1056
912
749
569
380
184
-14
-208
-387
-545
-688
-803
-893
-960
-997
-1009
-1000
-974
-928
-866
-791
-711
-630
-547
-459
-364
-281
-213
-162
-113
-72
-40
-23
-30
-51
-69
-89
-118
-157
-202
-241
-271
-292
-313
-335
-340
-326
-293
-248
-197
-133
-47
59
180
307
442
581
719
851
970
1075
1159
1223
1258
1259
1233
1183
1107
1005
880
737
583
427
263
90
-81
-243
-392
-528
-649
-752
-837
-901
-940
-955
-954
-931
-888
-834
-770
-698
-623
-538
-454
-379
-313
-255
-199
-149
-114
-99
-101
-104
-111
-128
-155
-191
-228
-261
-287
-308
-326
-340
-335
-310
-272
-217
-143
-49
69
204
344
488
631
771
905
1027
1130
1210
1265
1300
1308
1288
1243
1171
1073
951
809
647
481
308
130
-45
-219
-381
-525
-653
-759
-843
-898
-924
-926
-912
-880
-831
-767
-700
-634
-573
-509
-448
-394
-353
-319
-290
-265
-245
-236
-240
-250
-255
-263
-276
-295
-318
-333
-337
-336
-329
-314
-287
-241
-178
-105
-23
72
181
302
430
550
664
779
889
987
1068
1128
1170
1201
1212
1197
1153
1085
999
894
773
632
473
303
131
-34
-192
-342
-483
-613
-721
-806
-865
-903
-923
-923
-908
-877
-838
-787
-725
-656
-585
-519
-456
-393
-330
-273
-226
-194
-173
-156
-151
-156
-175
-202
-227
-249
-268
-286
-298
-296
-272
-231
-171
-98
-10
102
233
375
517
653
790
922
1044
1150
1231
1286
1318
1324
1301
1249
1165
1056
926
779
616
439
258
80
-91
-249
-394
-521
-630
-714
-777
-820
-840
-842
-832
-817
-798
-765
-720
-664
-617
-582
-547
-510
-464
-423
-405
-398
-393
-381
-371
-375
-393
-408
-407
-392
-376
-366
-355
-324
-270
-203
-133
-62
19
121
240
363
482
597
715
842
960
1062
1142
1198
1241
1268
1269
1238
1179
1098
1000
886
754
607
447
283
115
-44
-196
-342
-478
-601
-708
-789
-850
-892
-919
-939
-933
-902
-856
-805
-755
-700
-633
-559
-489
-431
-385
-347
-305
-269
-246
-240
-244
-244
-241
-240
-249
-259
-265
-254
-231
-204
-170
-124
-56
38
141
253
374
503
641
784
914
1030
1135
1220
1287
1332
1345
1332
1289
1212
1111
983
837
675
499
315
128
-55
-228
-389
-535
-668
-781
-867
-928
-972
-1002
-1018
-1007
-969
-919
-867
-814
-754
-682
-602
-532
-479
-432
-380
-329
-290
-272
-265
-261
-247
-236
-234
-242
-245
-228
-196
-160
-124
-80
-16
72
174
280
386
502
627
751
870
971
1059
1137
1196
1228
1234
1213
1163
1089
993
875
742
596
440
277
113
-43
-195
-338
-473
-592
-690
-769
-830
-881
-927
-952
-955
-938
-916
-895
-872
-832
-775
-717
-668
-627
-583
-534
-478
-437
-409
-382
-343
-296
-254
-227
-202
-169
-123
-66
-13
33
95
180
276
377
482
587
702
821
930
1027
1111
1179
1235
1270
1276
1257
1215
1151
1064
957
827
684
531
368
204
43
-108
-250
-382
-507
-615
-706
-773
-826
-878
-914
-925
-912
-884
-861
-835
-793
-735
-671
-620
-582
-539
-484
-433
-395
-378
-362
-338
-309
-283
-272
-262
-245
-211
-164
-121
-75
-12
69
170
280
393
510
635
761
885
999
1097
1179
1246
1295
1316
1310
1275
1214
1125
1012
881
733
574
403
230
55
-111
-268
-420
-559
-682
-781
-861
-931
-987
-1025
-1035
-1027
-1015
-996
-967
-919
-856
-789
-731
-682
-625
-567
-518
-484
-461
-434
-407
-377
-347
-325
-297
-256
-208
-153
-99
-36
46
139
241
351
468
588
711
832
946
1053
1146
1226
1288
1323
1333
1320
1282
1218
1133
1025
900
764
612
452
287
118
-39
-189
-332
-461
-575
-675
-764
-846
-906
-941
-960
-977
-986
-982
-956
-914
-876
-842
-805
-759
-703
-650
-611
-575
-530
-477
-426
-383
-343
-299
-236
-169
-101
-33
39
126
226
323
419
515
616
716
808
894
968
1033
1091
1129
1145
1145
1129
1097
1043
963
867
762
648
527
392
251
112
-21
-144
-265
-380
-488
-584
-668
-735
-783
-823
-850
-866
-868
-856
-840
-819
-790
-758
-715
-665
-621
-579
-535
-489
-437
-389
-352
-314
-272
-222
-166
-118
-67
-6
60
135
208
281
360
448
535
614
686
750
812
874
923
958
972
974
970
948
910
849
769
683
589
484
366
238
110
-12
-124
-234
-344
-452
-547
-617
-672
-720
-760
-794
-809
-801
-782
-763
-740
-707
-659
-603
-553
-513
-469
-423
-372
-320
-279
-245
-210
-174
-135
-104
-77
-50
-18
18
52
86
118
160
210
264
319
367
415
468
527
585
632
668
697
723
747
757
746
720
685
643
593
526
443
355
266
187
111
25
-60
-133
-191
-234
-281
-327
-364
-394
-405
-412
-427
-444
-457
-459
-464
-474
-486
-496
-500
-505
-510
-511
-510
-501
-491
-480
-465
-445
-419
-390
-357
-324
-279
-231
-180
-123
-66
-1
72
143
217
288
358
430
501
563
612
652
685
713
729
730
720
700
675
644
601
552
501
453
406
358
309
264
221
176
138
95
46
1
-47
-100
-150
-204
-261
-314
-367
-419
-469
-517
-560
-597
-630
-656
-676
-687
-691
-687
-676
-660
-636
-604
-563
-519
-473
-418
-358
-292
-227
-163
-94
-24
53
130
202
273
342
409
471
524
573
613
647
672
690
700
703
694
676
648
617
580
537
486
429
373
314
255
193
127
60
-7
-73
-135
-192
-253
-304
-343
-380
-411
-438
-462
-475
-481
-481
-476
-474
-465
-448
-430
-413
-396
-374
-350
-326
-303
-276
-244
-214
-182
-146
-117
-82
-43
-4
37
76
117
160
201
239
275
312
339
362
381
391
397
399
396
389
377
361
336
311
283
253
225
191
159
126
91
58
26
-5
-35
-65
-93
-122
-144
-164
-185
-199
-213
-225
-236
-245
-251
-253
-251
-249
-248
-244
-237
-225
-211
-197
-178
-156
-129
-100
-73
-44
-20
7
33
59
83
103
124
147
164
180
192
203
213
220
227
230
228
226
225
219
207
195
181
165
147
126
109
92
70
48
21
-6
-29
-52
-77
-108
-130
-150
-170
-188
-204
-218
-228
-237
-241
-244
-244
-241
-234
-223
-217
-206
-194
-182
-164
-147
-127
-105
-82
-57
-37
-18
3
23
43
58
72
82
96
111
122
135
147
159
174
190
205
215
222
225
224
221
219
214
205
191
175
158
140
121
96
70
41
17
-7
-31
-55
-82
-104
-125
-144
-163
-185
-201
-211
-219
-226
-233
-239
-239
-233
-223
-214
-205
-194
-174
-153
-132
-113
-91
-67
-41
-19
1
18
36
54
70
79
86
95
104
115
122
128
133
140
147
152
158
165
166
167
169
166
162
157
153
149
141
133
122
112
103
94
79
62
46
27
9
-13
-33
-51
-68
-86
-104
-118
-132
-141
-148
-154
-162
-165
-164
-162
-159
-156
-152
-141
-133
-121
-110
-100
-86
-74
-64
-56
-48
-37
-27
-17
-8
3
17
30
44
59
75
88
102
115
126
136
142
150
155
157
157
157
157
154
151
146
140
134
126
116
104
91
76
61
45
28
10
-8
-25
-42
-58
-73
-86
-100
-109
-115
-123
-131
-137
-138
-139
-139
-136
-134
-128
-121
-114
-105
-95
-87
-77
-68
-61
-56
-53
-46
-42
-40
-35
-30
-28
-21
-14
-8
-3
0
5
14
19
28
38
47
59
73
85
93
105
116
125
132
138
139
139
138
133
125
112
97
83
65
45
25
5
-10
-26
-44
-60
-75
-91
-103
-112
-119
-124
-127
-127
-125
-119
-111
-100
-87
-73
-54
-42
-30
-16
-3
7
16
25
31
35
39
41
42
41
39
35
33
27
19
13
8
4
3
-2
-3
-2
1
5
7
10
13
14
19
20
22
20
19
23
22
23
22
22
25
26
28
26
22
24
22
20
13
5
1
-6
-15
-23
-29
-33
-36
-36
-34
-34
-33
-30
-26
-21
-18
-13
-10
-5
0
5
12
21
27
33
39
41
45
48
47
47
49
48
46
44
40
40
34
29
24
16
10
4
-6
-14
-19
-28
-39
-48
-57
-62
-68
-69
-70
-72
-68
-64
-61
-56
-53
-51
-51
-48
-43
-41
-36
-34
-33
-29
-24
-20
-16
-14
-8
-6
-2
3
4
6
13
16
19
22
25
29
36
43
47
51
55
58
61
62
65
65
65
65
65
66
65
61
64
61
58
56
52
44
38
30
19
11
-1
-13
-22
-33
-39
-48
-55
-59
-68
-74
-80
-86
-91
-93
-93
-93
-87
-84
-80
-71
-64
-53
-43
-36
-21
-11
-4
7
15
23
30
36
41
44
47
49
51
50
47
46
42
40
38
32
32
30
25
24
20
22
25
25
28
30
32
33
34
31
29
25
20
14
8
5
-3
-12
-18
-24
-32
-37
-43
-48
-52
-55
-58
-61
-64
-61
-61
-59
-54
-50
-46
-41
-37
-33
-29
-23
-16
-11
-8
-7
-5
0
4
7
11
12
20
28
30
35
37
38
41
44
47
45
45
45
48
49
46
45
45
45
45
40
33
27
23
18
14
11
7
2
-2
-3
-3
-6
-4
-5
-6
-4
-5
-2
-2
-3
1
-2
-3
-1
-4
-3
-3
-3
-2
-4
-3
-3
-10
-15
-14
-15
-20
-21
-18
-18
-17
-18
-19
-18
-17
-16
-15
-15
-15
-12
-12
-15
-11
-9
-11
-9
-7
-3
-3
0
3
4
6
9
12
10
11
10
10
12
14
11
10
11
14
15
12
8
6
5
4
3
3
-2
-3
0
1
0
-1
-3
-1
-2
1
-1
-6
-7
-9
-13
-14
-17
-21
-23
-24
-28
-29
-25
-27
-26
-26
-27
-24
-22
-19
-14
-13
-6
-1
2
8
10
14
18
23
25
27
30
32
34
35
35
33
32
31
29
27
23
18
15
11
9
4
-1
-7
-8
-7
-9
-11
-9
-6
-4
-4
-2
-2
1
3
2
4
4
7
8
7
6
6
5
0
-4
-5
-10
-13
-13
-18
-22
-24
-24
-26
-28
-29
-30
-33
-34
-29
-27
-26
-20
-13
-7
-1
4
9
14
17
21
25
26
24
29
32
30
30
26
22
20
14
10
6
1
-3
-8
-10
-12
-16
-20
-23
-26
-27
-29
-29
-25
-24
-24
-19
-14
-13
-9
-4
1
6
13
16
22
27
28
31
30
31
27
22
21
16
10
8
1
-2
-3
-7
-11
-15
-16
-17
-16
-16
-16
-13
-12
-9
-4
-3
1
7
14
19
23
31
36
40
42
46
48
47
45
43
39
36
32
25
18
13
6
1
-3
-9
-10
-11
-13
-14
-12
-13
-13
-11
-11
-10
-9
-9
-10
-13
-13
-14
-18
-19
-22
-24
-23
-24
-24
-25
-23
-22
-20
-17
-17
-15
-13
-15
-18
-18
-16
-21
-24
-23
-24
-20
-22
-22
-19
-20
-14
-13
-14
-12
-13
-11
-6
-3
0
1
2
5
6
7
9
12
15
18
20
20
20
20
22
22
18
18
19
21
17
17
12
8
10
9
7
5
6
7
5
6
7
7
9
9
7
4
0
-3
-8
-12
-14
-15
-16
-18
-16
-14
-14
-8
-2
3
7
12
18
20
23
29
30
29
30
29
28
25
21
17
12
7
6
-1
-11
-14
-18
-22
-26
-31
-34
-38
-37
-36
-34
-31
-24
-19
-15
-7
-1
2
9
14
19
22
23
23
26
27
27
24
19
17
13
6
3
-1
-7
-11
-18
-19
-21
-24
-22
-20
-18
-15
-14
-9
-7
-3
-2
0
2
3
7
10
11
12
12
14
14
17
18
17
17
14
12
9
3
-2
-9
-13
-16
-21
-27
-33
-35
-37
-40
-39
-40
-37
-34
-31
-27
-27
-24
-18
-13
-7
-5
2
9
10
16
20
23
26
28
29
28
28
26
25
22
19
14
8
4
3
-2
-7
-11
-13
-14
-14
-13
-14
-13
-10
-5
-2
3
4
7
13
16
18
19
19
21
19
18
16
13
12
6
6
7
2
-2
-2
-4
-8
-9
-11
-13
-16
-16
-18
-19
-19
-21
-20
-20
-18
-15
-11
-9
-5
-1
-1
3
6
4
7
6
6
8
7
6
11
11
9
9
9
9
11
11
12
11
10
15
10
10
15
11
10
7
3
0
-3
-3
-5
-6
-5
-4
-2
-1
5
4
2
5
8
8
7
6
4
3
1
1
0
-4
-5
-6
-8
-8
-7
-6
-4
-3
-4
-4
-5
-5
-5
-3
-5
-6
-5
-4
-6
-4
-2
-2
1
2
3
3
3
7
7
7
6
7
5
4
6
3
2
2
2
2
3
4
7
9
14
17
17
16
16
16
15
12
11
8
5
1
-1
-5
-7
-6
-9
-10
-11
-14
-15
-15
-14
-15
-16
-15
-12
-12
-14
-13
-12
-12
-10
-9
-8
-5
-3
-3
-2
-1
1
4
5
7
9
9
11
12
12
11
13
13
13
14
13
12
11
10
10
9
8
7
6
4
2
1
-1
-1
-3
-4
-3
-2
-3
-2
3
6
9
11
12
15
17
19
19
19
20
17
15
11
5
2
-1
-5
-9
-10
-13
-17
-21
-20
-24
-25
-25
-26
-23
-22
-24
-24
-25
-23
-21
-21
-19
-15
-12
-10
-5
0
-1
0
1
0
3
3
3
3
3
4
3
2
2
3
3
2
1
2
4
3
1
1
-1
-6
-6
-4
-6
-7
-7
-8
-5
-4
-7
-5
-3
-3
-1
1
2
6
7
9
12
14
12
10
11
8
5
4
-1
-2
-6
-10
-12
-18
-18
-18
-20
-19
-20
-19
-16
-14
-10
-8
-4
0
3
6
10
11
11
15
20
21
25
22
20
21
15
14
10
8
6
0
-5
-7
-9
-8
-8
-9
-8
-7
-8
-6
-3
-1
-1
2
4
5
6
5
6
6
8
6
4
6
3
3
2
0
1
-3
-4
-5
-7
-7
-7
-6
-7
-4
-5
-8
-4
-2
-1
0
-2
-1
2
3
3
1
2
2
6
5
5
6
3
6
10
10
11
10
10
11
11
12
8
8
10
5
6
1
-1
-2
-4
-5
-7
-7
-7
-6
-2
-1
3
8
10
16
20
22
21
20
24
26
27
24
21
20
16
12
9
4
0
-3
-5
-6
-10
-14
-17
-15
-16
-17
-16
-16
-13
-8
-6
-3
-1
4
6
6
7
9
11
8
5
3
1
-1
-2
-3
-7
-8
-10
-11
-10
-9
-8
-8
-5
-4
-4
0
2
4
7
9
13
16
20
21
21
21
20
18
17
16
15
13
14
12
11
12
10
8
6
6
6
6
4
-1
-2
-5
-7
-9
-12
-15
-17
-21
-22
-23
-25
-27
-27
-27
-25
-22
-21
-19
-15
-13
-11
-9
-8
-6
-6
-4
-2
0
0
0
0
1
2
0
0
-2
-5
-4
-6
-4
0
-3
-4
-6
-4
-1
-3
-2
-2
-1
2
1
2
4
3
4
4
1
0
-3
-5
-7
-8
-7
-12
-13
-12
-14
-14
-15
-14
-10
-9
-6
-5
-2
-1
0
3
2
0
-1
-3
-5
-4
-5
-7
-10
-9
-8
-6
-3
-3
-3
-3
-2
-3
-2
-1
0
1
2
4
3
4
4
4
6
3
4
3
0
1
3
1
1
0
0
2
2
2
0
2
2
-2
2
3
3
5
4
4
6
7
9
10
10
8
10
13
9
3
2
0
-1
0
2
4
3
4
5
5
9
11
12
13
13
14
13
13
14
11
11
8
5
4
3
3
3
-1
0
0
-4
-2
-1
-1
-3
-3
-3
-4
-4
-6
-8
-7
-8
-6
-5
-7
-7
-2
-2
-4
-2
-1
-4
-5
-4
-6
-8
-7
-9
-9
-8
-8
-8
-7
-5
-5
-1
-2
-2
1
1
3
4
3
2
6
5
5
5
4
4
2
1
2
2
3
6
5
3
6
8
12
14
15
16
16
13
14
14
10
10
9
9
10
9
9
8
4
1
-2
-7
-10
-13
-14
-14
-13
-13
-9
-6
-6
-4
-5
-4
-1
0
0
4
5
2
6
9
7
6
4
-1
1
1
-3
-5
-4
-4
-5
-6
-5
-6
-7
-8
-6
-2
-2
2
5
8
12
9
9
8
8
9
7
4
5
5
4
4
0
-4
-5
-1
0
-5
-6
-8
-10
-11
-14
-13
-12
-15
-14
-13
-16
-16
-14
-13
-9
-8
-8
-6
-7
-11
-11
-10
-9
-6
-4
-3
4
10
15
19
21
21
21
25
28
29
26
21
20
20
17
13
5
5
4
-1
-4
-7
-10
-8
-7
-7
-6
-6
-9
-5
-2
-2
2
4
9
12
15
18
20
22
23
24
25
25
23
20
20
20
19
15
14
11
6
2
-3
-8
-12
-14
-11
-5
-5
-4
-3
-4
-2
4
4
8
9
6
9
10
10
14
15
17
14
13
13
16
16
15
13
12
6
3
-3
-10
-12
-18
-36
-68
-98
-106
-89
-69
-61
-64
-64
-50
-33
-24
-22
-19
-14
-10
-9
-8
2
12
14
11
6
0
1
3
2
1
2
-1
-7
-12
-17
-16
-19
-33
-60
-86
-96
-92
-89
-91
-87
-75
-61
-56
-50
-34
-16
-7
-6
-2
10
22
28
32
38
39
35
32
29
29
22
17
12
6
-2
-9
-13
-15
-24
-36
-44
-48
-48
-46
-40
-31
-25
-24
-19
-13
0
16
26
33
37
38
39
45
51
56
56
53
54
54
53
46
37
32
27
21
15
16
15
13
6
-1
-7
-11
-11
-7
2
7
10
15
21
28
34
45
55
61
62
61
67
71
72
70
69
68
64
57
49
47
46
35
26
21
20
17
13
10
8
4
-6
-13
-13
-10
-9
-7
-6
-8
-12
-12
-3
9
12
11
8
10
13
15
18
19
18
10
3
-3
-4
-6
-8
-8
-9
-17
-19
-19
-20
-20
-25
-35
-36
-33
-34
-29
-23
-22
-19
-21
-21
-14
-5
2
4
8
8
3
2
2
6
7
4
0
-8
-16
-16
-12
-8
-6
-9
-8
-6
-5
-5
-4
-6
-10
-13
-14
-9
-2
4
2
3
5
5
4
6
9
10
10
6
3
4
4
5
3
-4
-13
-17
-13
-7
-4
-1
2
4
7
7
8
10
10
6
1
-1
1
9
15
16
12
5
-2
-4
-4
-2
-4
-11
-19
-22
-23
-21
-20
-19
-20
-22
-21
-15
-11
-4
4
10
16
17
19
25
27
30
29
28
23
19
23
24
27
30
30
26
22
19
19
20
17
9
8
5
2
3
4
5
7
7
7
9
9
11
13
17
24
30
30
29
27
23
20
18
12
7
1
-1
-2
-6
-11
-14
-15
-16
-18
-22
-22
-22
-19
-13
-8
-4
-2
3
5
5
10
16
18
18
15
14
20
19
15
12
9
4
0
-3
-4
-8
-10
-13
-16
-19
-20
-18
-14
-10
-8
-7
-7
-6
-3
-3
-1
3
4
5
5
5
5
0
-4
-7
-12
-11
-10
-11
-12
-14
-16
-17
-19
-23
-27
-31
-30
-30
-28
-26
-23
-20
-17
-17
-15
-10
-7
-5
-1
3
5
10
13
13
13
13
15
11
5
4
3
4
5
0
-4
-4
-6
-4
-2
-2
-2
-3
-1
-1
0
4
8
12
9
10
12
11
16
15
15
18
17
17
16
17
16
12
10
10
9
5
2
0
-3
-2
-5
-5
-2
-2
-1
-2
6
11
14
17
19
22
25
28
28
25
27
26
26
24
20
19
22
20
17
11
5
6
4
1
-1
-3
-3
-6
-8
-8
-7
-5
-7
-8
-7
-5
-2
-1
-2
1
3
0
-5
-8
-6
-6
-8
-10
-13
-15
-15
-15
-16
-20
-26
-28
-29
-29
-27
-28
-27
-22
-21
-21
-18
-15
-13
-8
-7
-4
-1
1
2
2
4
3
2
1
-1
-5
-12
-16
-18
-19
-22
-25
-25
-27
-29
-33
-37
-38
-37
-36
-36
-40
-42
-39
-37
-35
-32
-29
-26
-27
-25
-21
-19
-16
-19
-20
-18
-20
-22
-23
-27
-28
-31
-35
-35
-36
-35
-35
-37
-34
-35
-32
-30
-30
-25
-26
-23
-18
-17
-14
-12
-10
-5
-4
-5
-6
-5
-7
-7
-8
-9
-9
-11
-13
-13
-14
-14
-15
-16
-19
-20
-20
-22
-21
-21
-18
-19
-19
-17
-14
-12
-12
-13
-8
-6
-5
-1
-1
-2
1
1
0
-2
-5
-6
-11
-15
-20
-22
-22
-23
-24
-25
-24
-23
-24
-25
-25
-26
-24
-23
-23
-18
-16
-15
-11
-5
-1
1
4
8
10
14
17
18
21
22
21
22
18
17
18
17
19
21
26
27
29
34
41
50
54
60
67
68
73
77
82
87
90
91
92
93
96
98
99
99
100
99
102
102
104
104
100
99
97
93
93
93
96
98
100
105
110
113
119
125
132
139
142
145
150
156
161
162
163
162
163
162
159
156
153
150
149
150
147
146
145
145
145
144
146
149
154
154
152
154
156
158
160
157
156
154
150
145
143
142
137
131
123
117
111
102
96
88
82
76
71
64
56
51
44
37
33
28
22
15
9
6
1
-7
-15
-25
-36
-48
-61
-78
-93
-109
-130
-150
-170
-189
-209
-232
-254
-278
-297
-317
-337
-356
-370
-385
-403
-414
-425
-435
-444
-456
-462
-466
-470
-471
-471
-475
-475
-470
-469
-461
-459
-458
-451
-447
-446
-440
-432
-426
-418
-410
-401
-390
-378
-366
-352
-337
-320
-302
-287
-271
-252
-233
-216
-196
-181
-165
-146
-130
-113
-99
-88
-75
-62
-49
-36
-22
-6
4
16
27
38
51
64
77
92
103
115
131
144
159
173
188
203
216
231
244
258
269
280
293
300
309
319
323
328
334
335
337
341
343
340
338
337
337
336
333
329
327
322
320
316
310
303
301
297
292
286
280
276
272
265
257
251
245
241
237
231
222
214
206
198
191
183
174
168
159
150
144
140
136
131
127
123
120
115
112
113
113
112
112
110
108
106
106
105
102
101
99
96
94
92
88
86
85
82
78
77
75
75
74
73
73
72
74
75
75
75
78
81
81
80
80
80
84
83
84
84
83
83
83
83
82
78
76
73
67
64
59
54
46
39
32
25
20
12
6
0
-5
-10
-14
-17
-21
-23
-29
-33
-38
-40
-43
-47
-53
-58
-60
-65
-69
-72
-75
-77
-82
-84
-87
-89
-91
-97
-103
-108
-115
-123
-129
-132
-137
-140
-143
-150
-152
-157
-159
-158
-160
-164
-166
-167
-169
-175
-178
-180
-184
-188
-191
-194
-197
-199
-202
-203
-208
-210
-210
-214
-216
-218
-222
-225
-227
-230
-232
-235
-239
-238
-235
-234
-230
-226
-222
-216
-210
-203
-197
-193
-184
-177
-170
-162
-153
-144
-134
-126
-119
-112
-104
-94
-88
-81
-73
-68
-64
-55
-53
-50
-46
-45
-42
-42
-39
-35
-35
-32
-29
-27
-22
-19
-18
-17
-16
-15
-16
-15
-14
-16
-17
-18
-19
-21
-23
-26
-27
-31
-35
-39
-43
-47
-52
-55
-63
-68
-72
-79
-83
-86
-90
-89
-91
-91
-91
-91
-89
-86
-87
-89
-88
-89
-91
-90
-87
-87
-84
-81
-81
-78
-76
-73
-73
-74
-74
-73
-70
-70
-71
-66
-65
-65
-66
-65
-62
-60
-56
-50
-48
-42
-38
-33
-26
-23
-17
-11
-7
-1
2
5
11
16
24
29
35
42
48
55
57
61
65
69
73
78
80
84
88
92
99
101
102
106
109
114
115
119
125
125
124
128
130
130
130
129
130
130
129
128
130
131
130
129
130
133
131
129
129
125
124
124
121
120
118
114
113
111
107
105
101
100
99
98
97
95
94
91
87
83
76
72
70
69
70
68
66
65
62
62
59
57
57
54
52
48
47
46
38
33
29
24
18
12
8
6
2
-3
-4
-8
-12
-16
-20
-23
-27
-31
-36
-38
-42
-46
-48
-49
-49
-49
-50
-48
-48
-50
-54
-54
-52
-54
-56
-55
-55
-55
-56
-59
-61
-61
-65
-63
-64
-63
-63
-62
-64
-66
-67
-71
-70
-71
-71
-68
-68
-68
-69
-70
-71
-70
-70
-71
-70
-68
-67
-68
-70
-65
-62
-63
-62
-57
-56
-53
-53
-50
-47
-46
-44
-42
-40
-40
-38
-37
-37
-36
-34
-31
-29
-29
-27
-22
-20
-18
-16
-16
-13
-13
-13
-14
-12
-8
-6
-5
-4
-5
-3
-3
-2
0
0
1
6
9
10
8
11
12
12
14
15
18
21
21
25
26
26
28
29
33
30
32
31
34
35
34
36
36
32
35
37
35
37
34
36
36
34
35
32
33
32
30
30
30
26
27
27
25
26
28
31
32
28
30
30
32
35
34
35
33
35
35
37
39
39
41
39
41
43
44
49
50
54
58
60
62
59
59
56
56
57
57
57
60
59
59
56
58
59
59
59
59
59
58
55
57
54
53
54
52
51
51
50
50
51
51
49
50
51
48
48
50
50
49
49
48
49
51
51
56
55
52
52
53
51
55
53
50
51
47
47
50
49
49
47
45
48
47
48
46
48
50
47
47
46
44
45
43
43
41
40
43
41
42
42
40
40
41
41
40
41
40
38
37
33
33
31
30
30
28
30
29
26
26
26
23
24
22
23
24
21
22
19
17
18
15
17
15
13
17
14
13
13
11
13
9
9
7
7
10
7
5
7
7
8
6
6
12
13
12
14
16
15
15
13
13
13
12
13
10
9
10
8
5
2
-2
-3
-2
-3
-2
-5
-6
-6
-8
-10
-14
-15
-14
-17
-20
-20
-19
-19
-22
-24
-23
-23
-21
-19
-19
-19
-17
-15
-13
-13
-13
-10
-8
-9
-8
-9
-8
-5
-4
-1
0
0
-1
1
1
-1
0
-1
-1
-2
-1
1
-1
-3
0
-3
-3
-3
-5
-5
-5
-6
-3
-2
-3
-2
-3
-4
-6
-9
-7
-8
-7
-4
-7
-5
-6
-8
-6
-10
-9
-9
-11
-10
-9
-12
-13
-14
-16
-14
-15
-17
-18
-18
-19
-20
-19
-18
-16
-16
-14
-15
-14
-14
-14
-13
-14
-12
-11
-11
-10
-10
-10
-13
-12
-13
-14
-14
-16
-17
-15
-16
-16
-12
-11
-14
-13
-11
-10
-10
-8
-8
-9
-8
-9
-8
-6
-4
-6
-5
-4
-3
-3
-4
-2
-2
-2
-2
-1
-4
-2
1
-2
-1
1
-1
-2
1
2
2
2
2
3
6
5
5
5
5
6
8
7
7
7
8
9
7
8
10
11
9
8
9
9
7
9
7
7
9
9
10
11
12
13
13
14
16
18
20
21
23
25
24
24
26
28
28
29
31
33
35
34
33
35
35
36
37
38
38
34
34
33
30
30
27
28
27
25
26
25
26
25
24
24
23
21
18
17
17
15
15
14
13
10
8
6
5
3
1
-1
-4
-3
-5
-7
-8
-11
-12
-13
-14
-16
-14
-15
-18
-18
-23
-19
-19
-20
-18
-21
-21
-19
-23
-26
-25
-25
-23
-24
-23
-23
-23
-22
-23
-22
-21
-22
-21
-19
-18
-18
-18
-19
-22
-20
-19
-20
-21
-22
-19
-18
-18
-20
-21
-20
-23
-23
-22
-25
-24
-24
-24
-23
-24
-22
-22
-24
-21
-20
-21
-19
-19
-19
-17
-19
-17
-14
-12
-13
-11
-12
-14
-12
-11
-10
-9
-8
-9
-7
-7
-7
-6
-5
-3
-5
-4
-4
-4
-4
-3
-1
3
6
6
4
3
3
5
4
2
6
9
9
8
7
7
8
8
6
6
5
5
6
6
4
3
3
5
5
6
7
8
10
10
9
9
10
11
11
13
13
11
10
12
13
12
10
12
13
12
14
14
13
12
14
16
15
16
17
17
16
17
19
20
18
19
20
21
22
20
22
24
24
23
21
20
19
20
20
20
19
18
19
20
20
19
19
18
16
14
14
13
10
13
11
9
11
7
5
7
4
5
4
-3
-2
-2
-3
-2
-6
-7
-6
-9
-9
-10
-11
-13
-14
-17
-15
-13
-15
-16
-15
-17
-19
-21
-21
-20
-19
-18
-22
-24
-24
-23
-24
-26
-28
-28
-27
-27
-27
-28
-27
-26
-27
-27
-24
-23
-23
-23
-22
-22
-21
-19
-20
-18
-15
-14
-13
-14
-14
-13
-11
-9
-6
-5
-4
0
1
-1
-2
1
-1
0
2
2
2
3
2
3
4
4
8
9
7
8
9
8
8
11
12
13
13
11
11
14
12
12
16
17
16
15
12
14
12
12
12
14
12
12
12
10
10
8
9
5
4
4
4
5
0
-2
4
5
4
7
6
5
7
9
9
9
9
7
10
11
12
13
13
12
11
10
8
9
7
5
8
7
4
4
5
2
2
1
-1
-1
2
3
2
0
1
0
2
3
2
1
1
2
-2
-3
1
2
1
-4
-5
-5
-8
-7
-9
-10
-10
-11
-13
-13
-13
-15
-14
-12
-15
-15
-13
-13
-11
-11
-9
-6
-6
-6
-5
-4
-4
-2
1
3
3
1
3
8
7
6
8
6
3
5
5
6
6
5
4
5
7
6
4
5
2
1
3
6
8
5
3
4
4
2
3
2
1
3
6
4
3
3
4
3
1
1
1
0
2
3
-2
-3
-1
-1
-5
-6
-5
-7
-7
-6
-7
-9
-10
-11
-10
-11
-12
-14
-13
-12
-13
-11
-10
-9
-10
-10
-8
-9
-8
-7
-10
-10
-9
-10
-10
-10
-10
-11
-11
-12
-12
-14
-16
-16
-17
-15
-14
-13
-13
-15
-15
-16
-15
-14
-15
-16
-17
-18
-16
-15
-14
-15
-17
-16
-17
-16
-14
-14
-13
-12
-10
-9
-12
-11
-8
-9
-7
-6
-6
-5
-5
-3
-3
-3
-2
-3
-3
-1
0
0
-1
-1
0
-1
1
6
5
6
6
8
8
8
9
8
9
10
9
11
11
11
10
10
9
9
9
9
10
7
5
7
7
6
5
4
4
5
4
6
4
5
7
8
7
7
7
6
6
8
7
7
8
8
6
6
7
7
7
6
4
3
4
6
9
9
7
9
11
12
12
11
14
10
13
15
16
15
16
19
20
20
21
20
21
19
19
19
18
19
19
18
19
16
14
16
14
13
13
13
13
12
12
10
10
10
10
9
6
6
7
6
7
6
5
3
1
1
2
2
2
0
-2
-1
-2
-1
0
-3
-4
-3
-1
0
-1
-1
0
-1
0
-1
0
0
-2
-3
-3
-6
-7
-7
-6
-5
-6
-5
-3
-5
-3
-5
-6
-4
-4
-2
-2
-2
-1
-2
0
0
-1
-1
-2
1
3
1
3
1
2
3
2
3
0
-2
-4
-3
-2
-6
-6
-4
-7
-9
-9
-10
-9
-12
-14
-11
-13
-14
-12
-12
-12
-13
-15
-16
-17
-16
-16
-14
-14
-15
-13
-16
-15
-14
-12
-13
-15
-14
-15
-15
-15
-14
-12
-12
-13
-15
-13
-13
-11
-11
-13
-13
-11
-10
-8
-7
-8
-9
-6
-7
-8
-6
-6
-6
-3
-1
-1
-2
0
0
-1
-1
-1
-2
-3
-4
-1
0
-1
-2
-3
-4
-7
-7
-8
-9
-7
-10
-11
-9
-9
-8
-6
-8
-6
-6
-7
-7
-8
-7
-8
-6
-5
-5
-1
-4
-6
-3
-4
-4
-3
-2
-2
-4
-3
-2
-2
-2
-3
-2
-2
-2
0
-1
0
1
2
3
2
0
3
2
2
4
2
4
6
7
6
5
7
3
3
4
4
7
6
7
7
6
7
7
8
8
6
7
7
5
5
5
3
8
8
8
9
8
9
4
4
5
3
4
6
7
6
5
5
5
7
5
4
5
3
6
5
5
7
5
6
9
9
9
9
7
7
7
6
7
7
6
4
5
5
4
6
8
9
9
8
8
4
4
4
1
7
7
9
9
8
7
8
9
7
6
5
5
5
4
5
6
5
7
6
9
9
7
7
4
3
3
5
7
6
4
6
8
5
5
7
6
5
5
7
6
5
4
3
5
5
6
10
10
10
7
9
10
6
5
6
5
5
6
5
6
7
6
5
9
7
4
5
6
-1
-2
3
2
2
4
2
0
1
0
-1
2
1
-1
0
-1
-2
-4
-5
-6
-6
-5
-8
-7
-9
-9
-10
-10
-10
-11
-10
-8
-9
-7
-7
-7
-8
-8
-5
-4
-4
-3
0
-4
-6
-7
-10
-8
-7
-7
-5
-4
-6
-9
-6
-6
-9
-8
-5
-8
-9
-9
-11
-9
-10
-11
-8
-7
-7
-7
-10
-11
-10
-11
-10
-9
-10
-6
-7
-8
-8
-11
-13
-13
-13
-12
-13
-9
-8
-8
-7
-9
-10
-8
-8
-8
-8
-5
-4
-7
-6
-5
-4
-5
-6
-5
-6
-5
-3
-1
1
1
2
4
3
4
4
3
2
3
6
4
6
7
6
7
7
7
7
6
7
3
2
3
1
2
2
2
2
1
-1
-1
-1
0
0
-2
-2
-2
-1
-2
-6
-6
-8
-6
-3
-3
-1
0
1
3
1
-2
0
-3
-3
1
1
-1
-2
1
1
2
6
5
5
8
9
7
6
7
7
10
11
12
14
12
12
13
12
13
10
10
9
7
6
4
3
3
2
3
3
5
8
8
8
8
4
4
4
4
3
1
4
3
0
2
1
0
2
3
3
2
3
1
-3
-3
-1
-2
0
1
1
0
-2
0
-2
-4
-4
-3
-3
-5
-3
-5
-6
-5
-7
-7
-5
-7
-5
-2
-3
-5
-3
-1
1
3
3
6
9
8
7
8
10
9
9
10
11
12
