12
15
16
14
14
12
6
3
4
4
1
2
1
2
5
5
5
2
0
-3
-1
-5
-9
-6
-7
-5
1
4
2
0
3
4
7
8
4
2
1
2
5
5
6
4
2
2
-1
-1
-2
-1
-3
2
7
7
11
12
11
9
8
7
5
3
3
2
-1
-3
-2
-2
-3
-7
-8
-8
-7
-6
-7
-8
-6
-6
-4
0
-1
-2
-1
1
3
3
0
1
2
6
7
6
7
6
7
11
12
10
8
7
5
5
6
4
7
8
8
11
11
10
11
10
9
10
13
14
16
18
17
18
22
22
22
21
17
15
13
13
10
9
9
7
4
3
3
0
-1
-2
-1
0
0
-1
-2
0
-1
-3
-4
-5
-5
-7
-10
-11
-9
-10
-10
-11
-16
-15
-14
-17
-17
-17
-15
-16
-14
-14
-15
-14
-12
-8
-6
-6
-4
-5
-5
-4
-1
0
-1
0
4
2
3
5
6
4
4
7
6
7
10
10
10
8
9
10
11
11
12
14
16
15
14
16
16
16
19
17
17
19
16
17
15
16
15
12
10
8
7
4
3
3
1
1
0
0
1
1
-2
-3
-4
-8
-10
-10
-11
-14
-16
-15
-13
-12
-10
-13
-17
-15
-15
-16
-19
-21
-21
-18
-15
-13
-15
-13
-13
-13
-12
-11
-11
-11
-12
-12
-9
-7
-10
-6
-5
-6
-5
-5
-5
-2
1
2
5
2
2
0
-1
3
1
0
1
-1
-2
-3
0
0
2
3
2
2
1
0
2
2
1
2
1
2
5
5
4
1
0
2
3
1
0
1
3
2
-1
-2
-5
-5
-3
-6
-6
-7
-9
-11
-13
-12
-11
-9
-8
-9
-10
-12
-11
-12
-11
-10
-11
-11
-9
-8
-9
-5
-3
-1
3
4
4
2
4
9
10
8
7
6
7
7
9
10
8
11
12
12
15
15
15
19
20
20
22
22
20
20
20
19
20
22
20
17
20
19
17
13
12
12
11
11
11
9
11
8
6
6
7
6
2
2
0
-1
-3
-5
-4
-2
-1
-1
-3
-4
-6
-8
-9
-9
-11
-11
-11
-11
-10
-11
-11
-11
-10
-9
-7
-7
-7
-9
-9
-8
-8
-4
-5
-7
-6
-5
-3
-5
-4
-5
-5
-5
-4
-3
-2
-4
-1
1
0
2
0
-3
-1
-1
-1
-2
-3
-1
0
-1
-1
-1
0
1
2
2
1
-1
-2
-3
-5
-5
-6
-5
-5
-7
-10
-11
-8
-8
-8
-7
-8
-8
-6
-6
-7
-9
-9
-9
-9
-5
-6
-6
-6
-6
-6
-4
-1
0
0
3
5
8
8
10
12
14
12
14
16
17
19
18
22
21
20
20
18
18
21
20
21
19
18
17
16
15
15
14
13
13
12
10
11
10
9
6
5
5
3
2
1
0
0
-1
1
1
0
2
1
1
-1
-2
-4
-7
-6
-7
-7
-8
-11
-13
-15
-12
-11
-12
-12
-14
-13
-12
-11
-11
-12
-11
-12
-10
-13
-12
-9
-13
-13
-13
-14
-15
-18
-19
-19
-17
-17
-16
-13
-13
-13
-13
-12
-10
-10
-7
-8
-7
-3
-5
-8
-6
-4
-2
0
0
-1
0
2
4
8
7
7
9
11
12
11
12
12
9
9
10
10
11
11
10
12
12
13
12
10
12
12
10
12
11
11
10
10
8
7
6
5
4
2
2
3
2
1
1
3
3
3
4
5
6
6
4
4
4
4
4
3
4
0
-1
-1
-3
-5
-5
-5
-5
-7
-6
-7
-4
-6
-8
-7
-12
-11
-10
-9
-6
-6
-6
-9
-9
-6
-4
-4
-6
-4
-6
-10
-7
-8
-10
-11
-11
-11
-9
-9
-7
-5
-5
-6
-5
-9
-10
-7
-7
-5
-6
-6
-7
-10
-9
-10
-11
-8
-9
-8
-5
-5
-6
-7
-8
-13
-13
-10
-8
-5
-4
-3
-3
-3
-4
-2
0
2
4
5
6
6
8
9
11
12
13
14
14
12
14
16
15
11
11
10
9
7
6
6
8
10
9
6
5
9
9
8
9
9
10
10
10
8
8
9
10
9
8
12
13
13
14
13
14
14
15
14
12
13
10
11
8
4
1
1
3
1
0
2
1
0
-4
-6
-5
-9
-7
-5
-4
-2
-1
0
-4
-2
-1
-2
0
1
4
4
5
6
4
4
0
0
-2
-3
-1
-4
-4
-3
-5
-3
-3
-4
-5
-4
-2
-1
-4
-4
-4
-6
-5
-3
-4
-3
-1
-1
-2
-4
-2
-2
-4
-4
-6
-9
-7
-7
-7
-5
-3
-4
-2
-2
-1
1
3
3
1
1
2
1
3
3
4
7
7
7
7
7
8
9
7
3
3
4
5
7
7
8
4
4
5
6
9
10
10
8
5
5
3
5
9
8
7
10
8
4
4
5
3
4
1
1
0
-4
-3
-5
-7
-9
-12
-12
-12
-12
-9
-6
-6
-9
-9
-7
-8
-8
-8
-7
-6
-7
-8
-10
-12
-10
-13
-15
-13
-13
-10
-10
-12
-10
-9
-11
-10
-8
-9
-7
-7
-7
-6
-6
-8
-10
-10
-10
-8
-9
-10
-10
-11
-10
-9
-10
-9
-7
-8
-11
-11
-10
-10
-7
-8
-7
-8
-8
-7
-8
-10
-8
-7
-8
-5
-6
-6
-4
-5
-4
-4
-3
-4
-6
-6
-6
-6
-5
-5
-5
-7
-7
-7
-7
-7
-9
-10
-8
-8
-6
-5
-5
-5
-1
-2
-3
1
-1
2
2
2
4
3
3
4
3
2
4
5
4
2
1
-3
-4
-5
-4
-2
-2
-2
-1
-2
2
4
2
4
3
6
5
6
7
6
6
6
3
4
2
3
6
1
2
4
1
2
-1
0
3
4
7
6
5
6
5
7
8
6
7
8
8
10
10
9
7
9
10
10
11
9
11
11
14
15
13
12
13
11
13
16
13
10
10
9
8
5
4
1
2
5
4
4
4
3
5
9
8
8
6
8
14
18
17
15
15
14
13
14
13
13
15
17
17
14
14
11
11
13
12
13
10
8
9
6
8
7
6
6
5
8
6
3
4
1
1
-1
-1
1
2
3
3
4
5
6
5
6
5
6
6
7
4
2
3
2
2
4
4
3
2
1
0
1
0
-1
0
-1
0
2
2
1
-1
-3
-3
-3
-5
-4
-4
-4
-4
-6
-8
-7
-7
-6
-4
-2
-2
-4
-2
0
1
2
2
3
4
2
3
1
1
1
-1
0
-2
-4
-2
0
1
0
1
-1
-3
2
1
0
0
-1
-1
1
2
2
2
1
1
-1
-3
-5
-3
-3
-3
-3
-8
-7
-6
-4
-2
-3
-3
-3
-4
-2
-1
-1
-3
-2
0
-1
-4
-3
-2
-3
-2
0
-1
-3
-1
-1
-2
-2
-2
1
2
1
1
-1
-4
-3
-1
-1
-3
-5
-2
-3
-5
-3
-5
-4
-4
-5
-3
-4
-7
-5
-5
-4
-4
-5
-5
-2
-1
0
-1
-2
-3
-5
-1
-3
-4
-4
0
1
1
3
2
4
5
3
3
0
1
2
3
1
1
1
2
2
-1
-1
-2
-2
-2
-3
-2
-4
-5
-4
-4
-4
-3
-4
-3
-4
-4
-2
-2
-3
-3
-3
-2
0
0
0
1
1
3
1
-1
1
5
3
1
2
4
5
3
2
1
3
5
4
2
3
3
2
1
1
-2
-2
-2
-3
-5
-4
-5
-7
-7
-6
-6
-6
-6
-5
-4
-3
-3
-4
-4
-3
-3
-2
-3
-4
-2
1
1
1
-1
4
4
1
0
-1
-2
-1
-2
-4
-2
-5
-3
1
-3
0
1
0
1
0
2
2
2
6
8
10
12
12
13
13
12
12
12
13
16
18
13
10
11
10
10
8
5
7
8
7
9
8
7
7
6
10
9
8
9
9
10
7
7
7
8
8
7
6
7
6
7
8
8
5
3
2
1
2
2
1
-1
-1
-3
-2
-4
-8
-10
-10
-14
-17
-17
-17
-20
-23
-22
-22
-20
-20
-21
-19
-23
-22
-18
-19
-17
-14
-10
-9
-11
-9
-10
-8
-7
-6
-3
-1
-1
-1
0
-1
2
4
1
1
3
4
3
3
2
2
2
3
4
3
-1
-3
-3
-3
-3
-2
-4
-4
-2
-4
-6
-5
-6
-8
-6
-7
-5
-2
-2
-2
-3
-3
-3
0
-1
-2
-2
-6
-5
-3
-3
-5
-4
-5
-9
-5
-3
-3
-2
-2
-4
-3
-4
-6
-2
-2
-2
2
0
2
4
6
7
7
8
7
8
12
12
14
15
12
13
16
14
14
13
13
15
15
15
16
15
14
14
15
13
14
16
15
13
12
12
10
10
9
7
8
8
5
6
6
4
2
0
-1
-2
-4
-4
-8
-9
-8
-10
-8
-7
-8
-7
-7
-5
-6
-5
-1
1
1
4
6
4
4
5
3
5
5
3
4
5
6
5
6
7
5
7
8
4
3
2
2
4
3
2
4
3
3
5
4
6
6
3
6
4
-1
-1
-1
-3
-4
-5
-7
-10
-10
-12
-13
-14
-15
-15
-15
-12
-11
-11
-9
-10
-9
-6
-7
-8
-8
-8
-5
-4
-3
-2
-3
-1
-1
1
0
-1
-1
-3
-5
-6
-7
-7
-6
-5
-4
-6
-6
-5
-4
-1
-3
-3
-1
2
0
-2
2
4
1
3
5
5
7
8
8
7
9
8
8
8
8
8
10
11
10
13
11
9
7
3
3
1
3
2
1
1
0
1
0
0
-1
-4
-5
-9
-11
-8
-12
-12
-11
-11
-10
-10
-9
-9
-8
-6
-7
-1
-1
0
2
3
3
3
4
6
7
8
8
8
7
5
5
3
3
3
4
3
5
5
4
2
3
3
1
1
0
0
3
0
1
1
1
2
3
2
0
0
-1
-1
-3
-4
-3
-3
-2
-1
-1
1
4
4
3
4
3
1
1
2
2
1
3
6
6
5
7
7
5
5
5
4
4
2
4
4
3
4
1
2
2
2
1
-2
1
-1
-2
-4
-5
-5
-8
-10
-7
-7
-7
-6
-5
-3
-7
-8
-6
-8
-7
-5
-7
-5
-5
-3
-2
-2
1
1
1
1
2
1
2
4
5
6
4
7
5
6
9
9
7
6
5
5
2
-1
-1
-2
-3
-5
-6
-8
-7
-8
-9
-8
-10
-11
-10
-10
-9
-5
-4
-5
-2
-1
-4
-4
-3
-3
-2
-3
-2
-2
-3
-2
-1
-2
0
2
4
4
4
3
2
1
0
0
0
1
2
2
2
3
2
0
-3
-6
-7
-8
-9
-9
-10
-13
-11
-9
-10
-8
-7
-7
-8
-10
-11
-8
-6
-7
-3
-4
-2
-1
-3
-2
0
1
0
3
4
3
1
1
0
-1
-1
-3
-4
-4
-5
-1
-3
-4
-3
-4
-6
-7
-6
-7
-7
-6
-7
-6
-6
-6
-7
-9
-9
-6
-5
-8
-7
-3
-3
-1
1
-1
0
0
-2
0
2
-1
0
0
3
5
6
6
5
5
5
5
0
2
2
3
5
3
4
5
2
3
4
4
4
4
6
6
4
5
4
3
2
3
3
1
2
0
0
4
1
-1
-1
1
1
-1
-1
0
0
1
1
1
2
4
5
3
1
3
4
3
3
7
9
11
10
10
10
11
10
10
11
10
10
9
7
9
10
10
11
10
12
15
12
13
13
15
14
11
10
10
8
6
5
6
5
2
1
1
-1
0
0
-3
-4
0
-2
-4
-3
-5
-3
-2
-4
-1
0
0
1
3
2
4
6
6
8
10
9
11
12
10
8
10
12
11
11
14
16
15
14
14
13
11
8
8
8
5
5
5
5
5
2
1
0
-4
-3
-1
-1
-2
-2
-3
-7
-6
-6
-6
-8
-10
-10
-10
-10
-9
-9
-9
-6
-7
-6
-8
-8
-6
-7
-6
-7
-7
-5
-4
-5
-8
-9
-9
-9
-9
-10
-9
-9
-9
-8
-8
-8
-9
-7
-9
-7
-4
-6
-7
-7
-6
-4
-5
-2
-3
-3
-2
-2
1
2
3
3
2
3
2
0
1
2
2
2
3
2
1
4
2
2
2
2
5
3
1
2
1
1
0
1
-2
-2
-1
-2
-2
-1
-3
-1
0
-1
0
3
0
-3
-1
0
-1
-1
-3
-3
-2
0
0
1
1
1
3
0
-1
-2
-3
-4
-4
-5
-5
-5
-6
-7
-6
-4
-3
-3
-2
-1
-1
-1
0
-2
0
2
0
1
2
3
3
0
1
-1
-1
-2
-3
0
-1
-1
-1
-1
0
-1
-1
1
2
3
3
2
0
4
3
3
3
3
5
7
9
7
5
5
5
5
4
2
1
5
2
2
7
4
6
7
5
5
4
5
5
3
4
5
6
5
5
4
2
4
3
0
1
2
2
2
2
3
6
6
6
8
5
4
5
5
7
6
6
9
8
7
9
9
8
7
9
6
3
3
3
1
-1
-1
-1
-3
-2
-2
-1
-1
-3
-1
-2
-4
-3
-3
-2
1
1
1
2
3
1
1
2
3
4
3
3
3
2
3
4
3
2
0
0
0
-1
-2
-2
-1
-1
-1
0
0
-1
-1
0
-3
-2
-1
-4
-5
-6
-7
-8
-9
-8
-10
-12
-11
-14
-14
-15
-16
-16
-16
-15
-16
-17
-15
-16
-17
-19
-14
-15
-16
-13
-13
-13
-11
-11
-12
-12
-11
-12
-11
-9
-9
-5
-7
-8
-10
-9
-6
-5
-3
-2
1
2
2
4
5
4
5
5
3
4
5
4
5
4
3
3
1
-1
-1
-2
-3
-2
-3
-4
-5
-4
-3
-4
-3
-3
-4
-5
-4
-4
-2
-3
-2
-2
-2
-2
-2
-4
-5
-1
0
0
3
1
1
-2
-4
-2
-1
0
2
3
1
5
6
2
4
4
2
3
3
3
2
3
4
3
2
1
1
2
2
4
4
5
1
1
1
1
2
2
3
8
8
6
4
5
4
3
4
3
3
4
2
1
0
1
3
4
4
5
4
3
3
3
5
3
3
4
4
4
4
2
2
1
2
4
2
2
0
-2
-4
-2
-1
-2
-4
-1
0
-1
-1
-1
-2
-3
0
1
-1
2
2
5
6
5
7
7
8
8
5
8
10
10
11
12
11
11
11
12
11
13
14
14
14
15
15
13
14
13
11
9
7
8
6
5
4
2
0
0
-3
-2
-2
-6
-8
-9
-13
-15
-13
-12
-16
-17
-14
-15
-15
-16
-16
-15
-15
-14
-12
-13
-13
-10
-8
-7
-5
-4
-5
-2
-1
1
2
2
7
6
9
9
9
12
12
15
19
17
18
20
21
22
21
19
22
22
21
24
24
23
23
23
22
23
21
16
14
10
7
4
1
0
0
-4
-7
-10
-13
-16
-17
-18
-23
-23
-26
-29
-29
-31
-32
-32
-31
-33
-36
-35
-34
-35
-32
-29
-28
-27
-27
-28
-25
-25
-21
-17
-16
-12
-8
-8
-5
-3
0
5
8
14
17
16
21
25
29
33
35
38
40
39
40
43
43
46
50
49
50
51
51
49
47
44
44
41
38
37
34
31
26
20
17
14
8
2
-6
-11
-15
-21
-27
-29
-33
-38
-43
-47
-52
-55
-56
-58
-60
-61
-60
-60
-60
-60
-59
-58
-56
-54
-50
-47
-44
-39
-36
-35
-30
-25
-22
-17
-13
-9
-2
3
9
17
23
26
32
35
39
44
47
52
57
59
63
65
69
71
70
73
71
72
70
66
63
60
54
51
48
43
38
33
25
19
10
0
-6
-14
-22
-28
-38
-45
-52
-61
-68
-74
-80
-85
-89
-93
-95
-101
-102
-101
-104
-102
-100
-100
-94
-90
-86
-82
-78
-70
-64
-57
-49
-41
-34
-26
-16
-10
-3
8
16
26
33
41
47
53
63
70
77
86
93
100
107
111
116
120
123
128
129
127
132
127
123
123
118
111
105
97
87
77
67
50
35
23
8
-8
-22
-39
-56
-68
-83
-99
-111
-126
-136
-148
-161
-168
-176
-181
-185
-188
-186
-186
-187
-185
-181
-175
-169
-162
-153
-142
-132
-119
-105
-90
-75
-61
-43
-26
-11
8
25
45
63
79
98
116
132
149
165
182
194
207
217
230
238
243
247
252
254
255
257
253
247
244
236
225
215
200
184
166
144
125
102
76
50
25
0
-28
-54
-83
-111
-138
-166
-190
-212
-232
-253
-269
-281
-293
-300
-306
-311
-313
-312
-308
-306
-296
-284
-276
-262
-245
-226
-209
-190
-169
-148
-123
-100
-75
-50
-23
5
32
61
88
115
142
166
193
214
235
256
276
295
311
326
336
343
352
355
356
356
353
349
342
334
320
307
291
268
245
220
193
162
128
96
58
19
-18
-57
-95
-131
-169
-206
-240
-275
-305
-330
-352
-370
-389
-404
-414
-420
-423
-424
-421
-415
-406
-395
-380
-364
-343
-323
-300
-276
-248
-220
-194
-163
-132
-103
-69
-34
1
36
71
104
137
169
202
232
259
286
312
337
355
371
391
407
420
429
433
436
436
435
428
420
412
399
386
366
344
318
289
260
225
188
148
104
60
18
-29
-75
-120
-164
-206
-248
-289
-328
-359
-391
-416
-437
-455
-468
-476
-479
-479
-474
-466
-458
-446
-429
-412
-393
-369
-343
-316
-285
-255
-227
-193
-160
-127
-93
-59
-28
7
42
78
116
152
183
218
252
279
304
333
357
377
398
414
427
442
450
454
458
460
458
455
448
436
425
409
390
363
338
310
275
240
203
165
123
75
27
-23
-70
-121
-170
-218
-264
-310
-349
-385
-420
-448
-470
-490
-503
-510
-515
-513
-508
-500
-488
-470
-453
-427
-403
-378
-352
-321
-290
-263
-228
-195
-162
-128
-96
-65
-29
8
40
76
111
146
179
209
237
263
290
317
338
356
378
394
405
416
422
430
437
438
436
433
429
420
414
403
389
371
355
334
308
278
248
217
181
139
99
56
11
-34
-81
-128
-172
-216
-263
-302
-341
-373
-400
-425
-445
-462
-474
-481
-484
-482
-473
-458
-444
-428
-411
-390
-368
-345
-320
-295
-266
-235
-206
-177
-149
-118
-85
-53
-21
9
41
75
105
133
163
194
219
244
270
295
317
338
357
373
387
399
410
416
423
428
430
432
430
426
424
418
410
401
386
371
351
327
299
267
234
198
156
112
67
20
-30
-82
-134
-184
-230
-278
-322
-363
-402
-436
-466
-488
-508
-520
-525
-529
-525
-518
-508
-496
-478
-460
-434
-409
-385
-359
-330
-301
-274
-240
-208
-178
-145
-116
-82
-50
-17
18
48
79
110
142
175
202
231
259
282
306
326
342
359
372
382
390
396
404
408
406
403
402
400
393
381
370
358
343
325
304
283
260
233
197
161
125
84
45
2
-44
-88
-132
-176
-223
-267
-311
-350
-383
-414
-441
-462
-479
-491
-499
-500
-498
-493
-484
-472
-455
-435
-411
-389
-362
-334
-309
-282
-248
-218
-187
-156
-127
-96
-64
-29
2
31
62
94
124
151
181
208
235
258
279
298
319
336
350
362
373
382
392
397
398
399
399
399
395
387
379
371
361
348
331
311
292
269
243
213
184
152
118
81
39
-6
-44
-85
-131
-176
-220
-261
-298
-334
-371
-399
-423
-445
-462
-475
-481
-481
-477
-469
-458
-446
-428
-406
-385
-360
-333
-307
-277
-247
-219
-192
-164
-132
-101
-72
-40
-11
18
43
70
98
127
153
178
205
230
251
270
286
301
316
331
345
354
362
364
366
371
370
367
364
358
351
344
334
322
307
293
277
258
240
218
194
168
138
105
74
38
3
-33
-72
-110
-149
-191
-233
-272
-305
-336
-363
-387
-407
-422
-431
-438
-441
-437
-430
-421
-407
-388
-371
-349
-325
-300
-273
-246
-218
-187
-156
-127
-104
-75
-43
-16
11
37
65
94
118
140
165
192
216
235
255
274
290
302
314
325
336
347
351
353
355
356
356
351
347
343
339
332
323
317
309
300
285
269
253
233
216
193
163
134
102
67
32
-7
-47
-89
-129
-170
-212
-250
-283
-315
-346
-372
-392
-409
-424
-434
-438
-437
-432
-420
-405
-390
-370
-345
-323
-300
-276
-249
-221
-192
-166
-143
-115
-84
-62
-43
-16
11
38
62
80
105
131
155
175
193
216
236
251
265
273
284
300
311
311
311
313
318
319
315
310
307
307
303
294
285
280
274
262
246
229
214
201
183
156
128
103
75
44
8
-29
-63
-98
-136
-175
-211
-243
-276
-304
-333
-359
-375
-387
-397
-402
-406
-402
-390
-384
-373
-357
-336
-314
-294
-269
-246
-220
-195
-169
-143
-118
-93
-67
-44
-21
3
28
52
74
92
113
132
148
163
181
197
209
220
233
243
250
252
256
261
264
262
262
261
258
253
246
241
235
226
217
210
204
197
186
173
160
145
133
114
92
68
46
26
-3
-34
-66
-97
-127
-158
-189
-219
-249
-274
-296
-316
-331
-343
-352
-360
-361
-359
-352
-342
-333
-318
-295
-271
-253
-237
-217
-188
-159
-137
-116
-91
-64
-42
-20
-1
17
36
55
71
86
100
116
133
144
151
162
176
188
194
197
203
210
218
225
226
229
233
232
230
227
224
226
226
221
215
209
208
201
187
172
165
155
136
116
96
72
51
26
-5
-35
-66
-95
-126
-158
-187
-215
-244
-269
-291
-309
-322
-332
-346
-354
-354
-349
-342
-336
-325
-314
-295
-275
-256
-236
-216
-193
-167
-145
-122
-101
-81
-60
-41
-21
0
18
35
53
74
91
104
115
130
147
158
170
178
187
194
204
217
224
229
232
239
250
256
257
255
255
258
259
256
252
245
240
233
223
208
196
180
163
145
125
100
76
52
27
-2
-28
-55
-86
-116
-146
-173
-200
-223
-245
-271
-290
-300
-314
-328
-335
-335
-336
-337
-330
-321
-309
-295
-279
-263
-246
-225
-203
-176
-153
-134
-108
-85
-61
-38
-17
6
27
41
56
71
90
109
115
125
136
148
159
165
168
176
183
192
198
201
202
213
226
229
226
230
238
241
243
240
234
234
235
227
213
201
194
184
169
151
132
111
89
64
35
10
-11
-35
-65
-95
-121
-145
-168
-193
-222
-241
-253
-267
-285
-298
-302
-305
-307
-306
-305
-295
-281
-272
-259
-243
-228
-211
-188
-165
-146
-131
-109
-82
-61
-45
-27
-5
15
31
44
56
73
89
99
109
122
134
145
156
158
164
176
187
192
196
197
205
219
222
220
219
221
230
231
221
216
212
214
211
199
183
174
169
158
138
119
107
91
68
43
19
-5
-28
-56
-81
-104
-127
-154
-185
-210
-223
-235
-255
-276
-291
-294
-292
-302
-315
-311
-300
-288
-280
-272
-256
-237
-214
-196
-184
-163
-133
-106
-89
-74
-51
-24
-1
8
21
42
68
84
86
92
114
137
148
144
143
163
190
196
187
183
197
218
223
211
202
213
231
233
221
214
216
219
216
204
195
189
180
168
148
134
127
114
92
67
50
39
17
-18
-53
-74
-86
-110
-148
-184
-206
-219
-240
-266
-287
-298
-305
-315
-326
-329
-323
-317
-311
-302
-282
-256
-243
-238
-217
-181
-149
-135
-131
-107
-74
-43
-30
-26
-7
24
51
61
61
77
107
130
126
120
135
165
179
171
172
194
219
225
216
217
240
260
256
240
239
254
264
248
223
217
233
240
224
193
178
181
179
153
116
95
88
70
40
6
-21
-42
-73
-106
-137
-161
-190
-225
-254
-273
-288
-308
-327
-342
-347
-348
-347
-344
-339
-334
-318
-298
-276
-259
-244
-220
-186
-154
-130
-115
-99
-71
-37
-13
-1
15
38
66
87
95
99
115
142
159
161
169
186
205
215
218
230
245
255
256
258
265
272
278
279
276
279
285
287
276
263
260
259
250
228
205
188
175
162
131
92
62
38
15
-18
-65
-109
-139
-161
-189
-231
-274
-299
-313
-329
-354
-380
-390
-382
-377
-384
-389
-374
-349
-332
-326
-309
-270
-236
-221
-210
-174
-126
-99
-96
-84
-45
1
17
11
23
66
107
116
100
102
141
177
182
167
173
208
233
228
218
229
260
275
262
252
276
303
298
269
259
281
304
288
247
226
244
260
234
182
147
144
142
103
41
-2
-13
-30
-79
-145
-187
-201
-220
-262
-313
-337
-337
-350
-381
-407
-406
-382
-369
-377
-386
-366
-327
-302
-301
-296
-263
-209
-177
-176
-165
-127
-81
-58
-57
-43
-7
30
46
47
57
85
111
121
123
138
169
193
197
197
216
254
274
272
274
293
319
327
319
318
335
354
355
335
321
322
329
318
286
256
246
233
195
142
100
68
34
-16
-71
-112
-150
-197
-253
-304
-332
-353
-385
-429
-460
-461
-456
-466
-485
-483
-453
-419
-408
-405
-385
-342
-298
-269
-248
-215
-170
-132
-107
-79
-36
3
22
41
68
99
120
133
153
185
215
230
230
240
269
297
306
312
325
349
364
364
365
375
391
397
394
398
398
395
383
371
365
357
337
303
266
235
204
162
105
49
8
-33
-92
-168
-236
-283
-319
-361
-416
-467
-497
-518
-543
-570
-580
-569
-554
-546
-543
-522
-485
-444
-409
-375
-327
-275
-234
-210
-179
-127
-66
-22
0
19
52
96
125
137
159
197
230
241
240
249
277
309
328
335
349
371
386
386
392
417
452
469
465
454
453
463
457
441
428
422
403
352
283
226
196
166
108
32
-39
-96
-155
-230
-300
-342
-369
-402
-458
-522
-561
-573
-579
-587
-591
-582
-572
-572
-585
-577
-536
-480
-435
-414
-392
-351
-302
-260
-220
-164
-96
-35
-6
5
34
87
148
189
211
230
252
271
287
311
347
390
424
441
450
465
496
536
573
604
630
649
647
635
630
635
633
601
534
457
386
321
246
152
59
-26
-114
-212
-314
-398
-457
-497
-540
-584
-619
-643
-647
-636
-613
-578
-545
-529
-522
-510
-484
-449
-416
-396
-386
-379
-384
-397
-408
-403
-383
-359
-352
-366
-378
-370
-343
-304
-255
-199
-144
-92
-44
16
92
176
264
346
417
477
535
600
679
760
840
900
938
961
990
1029
1069
1096
1100
1071
1004
910
808
714
622
517
396
254
92
-75
-227
-350
-444
-525
-607
-686
-759
-810
-832
-821
-779
-717
-645
-580
-519
-452
-374
-282
-190
-121
-86
-89
-120
-160
-194
-223
-263
-322
-402
-492
-578
-651
-704
-734
-747
-749
-748
-740
-713
-653
-556
-424
-278
-135
-5
119
253
396
541
682
805
913
997
1056
1104
1154
1203
1248
1282
1299
1300
1293
1266
1217
1146
1050
935
805
668
527
376
220
63
-93
-244
-386
-507
-610
-693
-753
-799
-835
-855
-850
-812
-741
-651
-553
-454
-360
-262
-159
-63
14
69
96
85
30
-56
-163
-270
-368
-466
-573
-698
-830
-949
-1040
-1094
-1113
-1111
-1086
-1042
-979
-890
-764
-601
-423
-233
-35
152
328
488
641
789
925
1036
1116
1164
1192
1216
1238
1255
1265
1268
1271
1275
1258
1205
1103
962
812
676
555
424
272
104
-69
-231
-380
-519
-635
-718
-767
-802
-837
-875
-897
-877
-813
-713
-606
-500
-398
-290
-173
-60
37
114
163
178
151
71
-53
-198
-340
-462
-572
-695
-832
-977
-1107
-1191
-1227
-1223
-1190
-1133
-1058
-963
-841
-694
-512
-297
-68
158
362
539
697
851
998
1125
1219
1275
1291
1286
1273
1261
1257
1258
1263
1270
1277
1267
1214
1103
952
796
656
531
402
248
70
-116
-290
-438
-562
-651
-713
-758
-793
-827
-853
-858
-822
-742
-639
-530
-427
-334
-229
-111
12
124
208
253
254
211
113
-40
-223
-401
-555
-696
-838
-992
-1147
-1277
-1366
-1402
-1388
-1335
-1252
-1151
-1034
-897
-728
-525
-299
-67
159
370
559
724
873
1004
1111
1184
1216
1214
1187
1151
1118
1098
1100
1114
1130
1155
1190
1212
1181
1077
925
773
650
546
432
286
110
-77
-254
-405
-525
-612
-667
-707
-747
-793
-833
-846
-811
-731
-623
-512
-413
-316
-210
-93
31
139
212
250
237
169
42
-141
-349
-538
-685
-812
-949
-1105
-1259
-1372
-1425
-1419
-1367
-1276
-1158
-1029
-884
-720
-538
-324
-90
148
369
555
708
836
954
1059
1138
1177
1181
1147
1090
1033
1003
1004
1030
1066
1106
1158
1211
1232
1189
1080
947
826
724
619
478
301
105
-86
-253
-389
-499
-599
-679
-748
-804
-847
-873
-854
-792
-698
-587
-481
-368
-238
-97
47
174
267
316
322
285
187
20
-196
-424
-629
-803
-953
-1101
-1247
-1373
-1460
-1487
-1448
-1358
-1230
-1078
-906
-717
-518
-303
-74
165
396
599
761
891
990
1064
1119
1147
1136
1084
1008
927
868
845
848
875
920
989
1084
1179
1231
1196
1081
942
826
744
653
513
314
89
-118
-291
-431
-545
-636
-704
-763
-824
-879
-902
-864
-763
-627
-492
-375
-270
-151
-6
148
280
368
405
385
304
160
-49
-294
-538
-753
-935
-1096
-1247
-1389
-1492
-1533
-1502
-1409
-1275
-1114
-936
-738
-524
-306
-77
152
374
575
746
878
977
1050
1094
1112
1096
1040
946
843
756
704
695
716
758
823
928
1074
1226
1320
1311
1213
1079
965
868
758
602
384
139
-101
-313
-487
-625
-723
-795
-851
-909
-961
-973
-924
-813
-665
-514
-372
-239
-100
50
200
324
401
425
386
272
90
-146
-411
-671
-900
-1085
-1240
-1379
-1493
-1569
-1582
-1520
-1396
-1227
-1029
-819
-600
-376
-152
71
289
495
675
825
934
997
1021
1021
1000
950
870
770
660
570
524
523
558
623
720
863
1045
1215
1303
1280
1178
1059
961
872
745
553
305
42
-202
-405
-581
-724
-826
-890
-931
-969
-994
-975
-890
-746
-581
-426
-285
-138
23
188
333
434
483
479
421
302
107
-156
-458
-755
-1009
-1213
-1367
-1487
-1583
-1636
-1629
-1554
-1406
-1206
-976
-734
-490
-256
-41
154
341
521
686
815
890
914
896
859
813
750
665
556
450
381
362
391
457
556
707
912
1148
1357
1470
1463
1372
1259
1161
1054
893
657
360
49
-235
-475
-671
-821
-927
-994
-1040
-1070
-1067
-997
-857
-676
-490
-328
-177
-16
162
342
486
571
588
540
435
274
60
-198
-492
-801
-1103
-1363
-1553
-1665
-1707
-1698
-1651
-1554
-1400
-1187
-927
-646
-366
-107
120
310
465
602
720
811
862
860
808
729
640
552
462
361
264
206
205
261
360
488
655
874
1142
1402
1576
1606
1514
1377
1249
1126
959
715
402
62
-259
-538
-761
-921
-1022
-1075
-1099
-1109
-1091
-1014
-866
-662
-444
-242
-64
104
273
439
576
662
673
609
489
324
120
-133
-440
-781
-1120
-1403
-1604
-1714
-1751
-1736
-1677
-1570
-1399
-1162
-874
-566
-267
-4
213
390
531
651
743
807
828
798
725
629
537
460
387
310
227
164
158
226
356
522
707
923
1177
1444
1650
1731
1679
1538
1374
1208
1007
742
408
42
-306
-605
-845
-1024
-1140
-1196
-1199
-1170
-1116
-1024
-869
-664
-434
-214
-22
153
318
470
590
658
660
591
469
308
112
-125
-413
-745
-1086
-1384
-1597
-1710
-1729
-1683
-1605
-1488
-1319
-1077
-774
-449
-139
121
329
488
604
687
741
765
754
704
615
503
391
303
238
184
130
87
91
170
322
516
715
923
1164
1438
1692
1840
1833
1699
1511
1323
1124
867
533
145
-239
-570
-835
-1033
-1169
-1241
-1246
-1201
-1129
-1023
-864
-648
-394
-146
64
235
382
523
647
720
710
621
469
282
81
-140
-397
-707
-1047
-1374
-1631
-1775
-1804
-1747
-1638
-1502
-1340
-1132
-861
-537
-203
98
332
493
593
645
675
691
682
630
535
409
284
192
138
108
85
65
68
127
259
444
645
851
1080
1345
1619
1835
1913
1838
1666
1464
1261
1030
732
360
-45
-423
-734
-970
-1134
-1223
-1244
-1212
-1143
-1047
-904
-703
-451
-189
32
200
334
461
581
666
687
626
497
327
134
-65
-275
-507
-777
-1083
-1391
-1629
-1736
-1707
-1586
-1442
-1307
-1159
-964
-690
-364
-37
235
421
530
581
597
600
598
573
510
408
281
167
96
72
74
73
69
85
159
305
499
713
932
1168
1425
1665
1830
1858
1752
1567
1354
1131
865
533
147
-246
-590
-860
-1057
-1183
-1243
-1238
-1171
-1063
-929
-762
-563
-337
-108
92
252
382
485
558
587
565
482
350
183
-4
-201
-412
-649
-919
-1209
-1471
-1635
-1674
-1603
-1476
-1341
-1202
-1029
-794
-505
-199
74
281
417
500
543
554
546
521
478
402
302
202
125
91
90
93
88
87
127
232
394
589
792
1004
1240
1493
1707
1814
1779
1628
1424
1208
973
684
325
-72
-444
-752
-979
-1133
-1222
-1244
-1209
-1126
-1011
-863
-678
-456
-226
-12
164
303
413
505
562
568
510
394
233
49
-142
-339
-549
-790
-1064
-1341
-1557
-1652
-1618
-1495
-1347
-1208
-1061
-861
-598
-287
15
261
436
540
597
617
608
587
548
480
383
268
169
115
103
114
117
116
141
215
348
515
700
899
1120
1360
1586
1734
1749
1634
1440
1224
997
738
427
62
-310
-645
-911
-1093
-1198
-1228
-1201
-1134
-1034
-906
-738
-526
-294
-77
104
245
357
455
529
558
534
454
321
156
-27
-215
-407
-619
-866
-1134
-1376
-1523
-1541
-1459
-1336
-1213
-1087
-918
-679
-388
-88
160
347
470
541
577
585
574
546
483
388
278
181
124
112
122
123
113
124
183
304
465
634
809
1009
1246
1496
1693
1766
1692
1518
1307
1099
878
602
265
-106
-461
-750
-961
-1104
-1171
-1175
-1132
-1054
-954
-821
-642
-428
-211
-30
102
198
280
363
427
449
407
306
162
-4
-177
-352
-544
-763
-1000
-1231
-1407
-1477
-1447
-1350
-1230
-1105
-958
-765
-523
-256
-4
204
361
457
506
523
520
507
473
411
319
224
156
125
125
125
123
135
181
280
419
580
755
952
1176
1411
1601
1688
1642
1499
1320
1139
937
680
354
2
-322
-581
-776
-926
-1039
-1093
-1081
-1005
-888
-754
-605
-441
-265
-94
54
181
292
385
444
454
406
309
189
43
-135
-361
-633
-912
-1159
-1342
-1444
-1479
-1466
-1410
-1314
-1168
-963
-714
-450
-198
18
191
338
460
551
608
621
592
545
484
423
368
315
266
220
176
153
170
240
359
500
642
796
991
1233
1479
1649
1676
1570
1395
1212
1041
840
568
237
-113
-418
-652
-817
-931
-1005
-1035
-1020
-967
-879
-758
-597
-413
-239
-89
37
152
271
379
452
463
400
284
135
-43
-251
-503
-790
-1068
-1289
-1427
-1484
-1477
-1432
-1358
-1240
-1071
-848
-593
-333
-98
93
248
379
489
576
628
638
607
554
490
435
386
335
281
222
174
163
204
297
428
578
742
929
1138
1337
1477
1513
1444
1315
1162
993
788
529
226
-78
-349
-569
-734
-855
-937
-976
-973
-932
-851
-741
-603
-450
-301
-156
-20
114
242
346
414
428
390
305
173
-9
-245
-519
-800
-1050
-1232
-1353
-1421
-1446
-1422
-1337
-1195
-998
-774
-537
-307
-94
101
269
407
522
613
672
690
676
640
598
561
519
467
402
340
306
312
361
444
552
688
854
1038
1211
1333
1379
1350
1266
1149
998
804
568
305
39
-212
-428
-602
-737
-833
-887
-906
-893
-847
-761
-639
-505
-372
-245
-121
15
148
260
337
369
361
310
210
47
-178
-444
-713
-949
-1133
-1272
-1367
-1428
-1442
-1396
-1284
-1111
-905
-690
-483
-286
-92
94
264
405
511
583
624
644
646
628
595
552
496
438
390
360
362
393
451
540
662
821
1001
1156
1242
1236
1172
1091
1003
894
729
492
214
-50
-268
-432
-555
-666
-765
-835
-865
-847
-786
-702
-602
-500
-396
-285
-152
-8
125
235
296
309
285
233
147
9
-187
-432
-691
-920
-1100
-1218
-1297
-1350
-1367
-1336
-1238
-1082
-890
-678
-472
-283
-108
65
227
373
492
574
634
664
677
678
663
636
600
558
526
512
522
557
629
734
867
1000
1106
1161
1152
1111
1055
979
861
685
455
208
-23
-211
-355
-478
-596
-704
-785
-829
-822
-765
-684
-600
-526
-449
-351
-221
-72
66
161
207
224
223
206
151
24
-172
-406
-633
-820
-963
-1076
-1174
-1250
-1284
-1259
-1163
-1017
-847
-670
-497
-319
-142
36
210
359
480
571
631
675
706
726
730
707
666
626
602
605
630
674
736
827
947
1072
1152
1161
1109
1035
969
901
791
620
398
165
-37
-194
-315
-428
-535
-628
-701
-732
-722
-678
-612
-543
-480
-409
-313
-189
-54
62
136
171
175
163
133
53
-85
-283
-504
-709
-874
-993
-1083
-1160
-1232
-1268
-1245
-1151
-999
-824
-649
-485
-323
-145
41
227
391
515
604
669
724
770
802
812
802
782
761
754
770
810
875
961
1056
1126
1139
1097
1024
950
888
807
666
468
240
36
-119
-235
-340
-455
-572
-666
-713
-716
-698
-668
-627
-578
-517
-434
-330
-207
-89
2
55
77
87
83
50
-39
-198
-405
-617
-790
-923
-1029
-1128
-1229
-1304
-1327
-1281
-1176
-1045
-902
-752
-593
-410
-213
-21
157
310
438
549
647
729
790
828
846
856
856
862
873
891
929
987
1056
1113
1119
1067
982
898
825
739
607
428
230
51
-88
-198
-299
-400
-485
-541
-563
-558
-539
-515
-487
-443
-385
-310
-228
-142
-56
11
53
75
74
46
-12
-116
-262
-434
-612
-771
-901
-1003
-1096
-1180
-1236
-1239
-1191
-1099
-977
-840
-690
-532
-360
-180
-3
165
315
447
562
670
763
842
909
960
997
1021
1042
1072
1119
1187
1254
1278
1235
1128
1001
898
815
714
555
339
111
-77
-205
-290
-376
-471
-558
-608
-617
-595
-552
-502
-447
-383
-312
-230
-135
-31
58
120
148
150
137
105
35
-88
-259
-452
-633
-784
-907
-1019
-1122
-1209
-1258
-1247
-1179
-1074
-952
-825
-687
-523
-337
-140
50
223
380
521
648
762
856
936
1007
1062
1095
1114
1138
1178
1241
1306
1335
1295
1191
1062
945
852
752
600
394
172
-29
-187
-308
-405
-501
-592
-653
-676
-664
-629
-582
-534
-479
-415
-332
-228
-120
-24
52
97
121
127
100
31
-90
-260
-451
-636
-795
-935
-1065
-1191
-1305
-1376
-1381
-1317
-1207
-1084
-963
-830
-673
-485
-279
-75
108
279
442
598
747
878
983
1069
1136
1184
1218
1245
1280
1324
1349
1324
1235
1104
976
872
774
640
457
246
49
-103
-219
-327
-432
-532
-606
-640
-635
-598
-546
-487
-425
-362
-295
-210
-107
-3
84
143
173
183
177
136
41
-102
-277
-461
-624
-769
-904
-1041
-1176
-1281
-1329
-1314
-1253
-1167
-1074
-969
-831
-653
-450
-241
-45
136
314
491
666
830
969
1084
1176
1244
1302
1352
1397
1438
1449
1401
1296
1156
1018
898
772
603
389
155
-54
-216
-335
-434
-522
-601
-656
-667
-640
-590
-524
-459
-384
-294
-192
-76
41
140
209
249
268
272
247
177
60
-95
-253
-403
-544
-684
-837
-989
-1114
-1194
-1216
-1193
-1156
-1110
-1041
-938
-795
-624
-442
-263
-85
94
280
470
653
818
957
1071
1165
1243
1316
1384
1436
1457
1426
1334
1206
1072
940
806
641
435
216
3
-172
-311
-434
-552
-661
-744
-782
-773
-737
-690
-632
-563
-477
-370
-241
-106
19
120
189
227
236
218
175
103
-6
-140
-286
-423
-551
-676
-796
-907
-992
-1045
-1070
-1066
-1043
-995
-916
-804
-658
-492
-314
-130
57
255
452
642
823
983
1119
1234
1331
1414
1479
1507
1485
1407
1297
1174
1045
907
742
545
340
139
-35
-189
-335
-467
-587
-682
-746
-778
-779
-760
-721
-675
-619
-550
-465
-361
-251
-150
-73
-33
-20
-24
-29
-37
-55
-97
-173
-264
-357
-439
-504
-562
-617
-678
-725
-750
-746
-712
-662
-599
-520
-413
-276
-113
64
237
401
559
715
866
1008
1136
1249
1339
1398
1413
1390
1337
1270
1187
1074
927
746
555
367
188
16
-155
-316
-457
-573
-670
-739
-782
-799
-791
-770
-738
-691
-625
-543
-464
-398
-353
-319
-294
-269
-249
-245
-255
-279
-310
-341
-375
-408
-436
-460
-480
-494
-499
-487
-458
-419
-371
-311
-230
-129
-18
99
216
324
435
536
626
706
779
852
916
962
979
969
955
940
923
883
817
727
633
544
456
362
259
151
48
-47
-135
-224
-311
-387
-455
-513
-566
-603
-624
-624
-610
-596
-595
-601
-599
-587
-563
-535
-513
-505
-499
-487
-472
-454
-434
-416
-395
-375
-352
-324
-293
-256
-213
-168
-125
-80
-31
24
84
140
196
250
299
350
401
447
493
538
583
615
640
656
674
701
718
715
692
662
631
599
568
525
465
399
336
269
191
113
35
-36
-101
-163
-226
-280
-320
-349
-375
-410
-460
-505
-540
-562
-570
-581
-600
-613
-614
-600
-572
-539
-503
-466
-434
-401
-371
-339
-304
-272
-241
-217
-193
-164
-132
-95
-63
-35
-5
31
69
108
149
191
235
282
324
364
408
460
518
572
617
646
669
690
706
707
695
674
639
597
545
482
419
353
291
230
168
111
57
13
-25
-62
-99
-138
-180
-222
-257
-285
-314
-346
-387
-424
-450
-463
-469
-485
-510
-535
-557
-578
-593
-601
-601
-589
-572
-552
-531
-498
-454
-402
-348
-299
-249
-192
-131
-70
-14
36
85
135
192
243
289
335
381
428
472
510
547
578
610
634
645
648
647
641
636
629
608
580
546
507
466
419
372
322
265
210
151
87
26
-30
-85
-139
-193
-246
-293
-332
-372
-411
-450
-496
-535
-569
-598
-623
-641
-652
-661
-662
-659
-653
-641
-628
-615
-597
-572
-539
-502
-457
-407
-349
-287
-217
-140
-64
13
90
166
243
314
380
442
501
555
593
624
649
669
687
694
696
693
691
685
673
653
625
595
569
543
510
468
424
378
331
279
221
158
89
19
-55
-134
-210
-287
-364
-435
-502
-559
-608
-652
-685
-708
-714
-712
-709
-705
-695
-678
-653
-622
-591
-558
-522
-482
-439
-394
-350
-306
-257
-203
-141
-80
-17
47
110
184
262
339
413
484
549
610
668
715
750
775
792
798
798
786
767
735
696
659
614
567
521
468
420
368
318
268
213
157
97
40
-22
-92
-165
-239
-311
-384
-456
-526
-592
-649
-696
-733
-764
-785
-794
-795
-785
-763
-735
-692
-642
-588
-535
-485
-432
-378
-321
-259
-201
-143
-87
-30
23
73
123
173
227
284
338
392
443
492
536
576
614
642
675
702
720
727
722
710
687
656
618
573
525
468
406
341
272
204
132
58
-18
-93
-166
-233
-295
-358
-417
-472
-521
-557
-590
-619
-639
-656
-664
-672
-677
-676
-670
-653
-634
-613
-585
-557
-522
-484
-438
-387
-335
-276
-213
-147
-80
-19
46
114
180
244
302
358
411
461
505
547
582
609
635
650
663
671
670
666
655
640
617
591
563
528
488
440
386
331
274
207
136
58
-23
-104
-188
-265
-335
-402
-465
-524
-573
-615
-650
-674
-689
-694
-694
-690
-676
-655
-625
-589
-546
-504
-461
-415
-372
-327
-278
-234
-181
-127
-74
-19
32
83
135
187
238
287
338
389
437
482
522
559
593
623
646
667
678
679
675
662
643
617
582
541
495
449
394
333
266
191
116
37
-43
-124
-202
-272
-342
-403
-458
-513
-555
-589
-613
-631
-646
-651
-653
-649
-639
-623
-601
-573
-541
-500
-457
-412
-365
-313
-258
-200
-140
-80
-21
42
104
161
217
270
318
366
405
441
472
493
509
521
530
535
533
528
521
513
500
481
461
440
414
387
356
316
272
224
167
110
47
-21
-85
-152
-219
-285
-350
-409
-463
-509
-547
-582
-608
-624
-633
-632
-623
-605
-581
-547
-504
-461
-416
-367
-315
-262
-208
-157
-105
-53
-1
52
101
149
196
242
290
335
381
425
463
500
527
551
574
587
598
602
598
591
572
545
509
466
418
364
308
245
178
113
51
-10
-72
-128
-180
-226
-266
-306
-341
-375
-402
-427
-451
-473
-492
-508
-522
-530
-535
-541
-533
-526
-514
-496
-475
-441
-408
-367
-317
-264
-204
-141
-75
-5
64
135
202
266
328
383
434
476
514
549
576
592
597
596
588
572
556
529
493
456
411
363
312
262
211
155
98
41
-15
-69
-121
-170
-214
-254
-293
-329
-364
-395
-422
-443
-457
-469
-477
-481
-478
-473
-464
-448
-430
-407
-380
-350
-317
-282
-248
-211
-174
-134
-89
-41
7
59
109
158
208
261
311
358
401
441
474
500
522
537
546
546
540
527
505
477
443
399
349
294
238
179
122
68
12
-41
-92
-141
-182
-221
-258
-294
-323
-346
-370
-387
-402
-414
-422
-424
-420
-409
-397
-379
-361
-340
-317
-291
-263
-237
-203
-167
-133
-97
-59
-19
19
56
98
136
173
205
236
268
296
322
347
366
380
392
400
401
397
390
381
366
343
322
296
266
234
197
157
118
80
40
3
-36
-74
-109
-143
-175
-204
-233
-261
-288
-310
-327
-341
-349
-352
-356
-354
-349
-343
-331
-319
-300
-279
-260
-238
-209
-180
-147
-112
-80
-44
-6
31
72
109
144
176
207
236
260
282
300
311
320
324
326
324
314
306
293
275
254
235
214
194
171
142
117
91
65
40
15
-10
-40
-69
-95
-126
-152
-178
-201
-223
-241
-260
-275
-286
-294
-300
-306
-306
-301
-291
-278
-263
-245
-225
-203
-177
-150
-120
-90
-60
-25
6
36
70
100
125
150
175
192
205
216
225
232
237
238
238
236
231
224
217
205
191
178
160
143
127
103
82
58
35
10
-14
-38
-61
-82
-105
-126
-146
-167
-183
-195
-202
-211
-217
-215
-212
-209
-205
-199
-191
-186
-181
-173
-162
-151
-140
-128
-116
-99
-84
-66
-46
-27
-4
18
42
67
87
111
132
150
172
188
198
206
211
212
209
204
193
179
167
152
134
115
99
81
66
50
38
27
15
6
1
-4
-7
-13
-22
-26
-33
-35
-42
-50
-58
-70
-79
-92
-105
-115
-125
-135
-142
-144
-149
-148
-147
-142
-132
-126
-113
-98
-82
-67
-51
-32
-15
4
24
39
54
70
86
99
115
126
135
143
147
155
162
165
167
164
162
161
156
145
135
125
110
96
84
71
56
43
31
19
12
4
-2
-6
-9
-12
-10
-10
-11
-11
-12
-14
-18
-24
-29
-35
-43
-51
-61
-73
-83
-90
-97
-102
-108
-113
-113
-108
-104
-98
-91
-84
-73
-62
-50
-34
-23
-11
1
12
23
30
41
49
54
60
63
66
67
69
73
72
74
74
73
74
73
75
73
70
68
67
65
62
56
51
46
40
35
29
25
20
12
6
0
-5
-8
-11
-16
-22
-24
-27
-30
-37
-43
-45
-51
-57
-60
-63
-69
-73
-78
-80
-82
-85
-88
-92
-90
-87
-88
-79
-74
-71
-63
-57
-46
-37
-27
-17
-7
4
17
28
38
48
54
63
71
75
81
82
84
80
75
73
67
60
51
42
36
25
15
10
2
-6
-13
-18
-20
-23
-30
-34
-36
-39
-42
-46
-45
-47
-51
-52
-52
-49
-46
-42
-37
-35
-30
-26
-23
-18
-15
-12
-11
-10
-8
-7
-10
-10
-11
-15
-15
-16
-16
-13
-12
-9
-4
1
7
15
21
29
34
39
43
48
52
51
50
48
44
41
32
27
20
10
0
-8
-15
-21
-22
-28
-26
-24
-26
-23
-20
-20
-13
-7
-2
2
8
14
18
21
20
19
21
20
20
18
15
13
13
14
15
17
16
17
22
25
26
28
29
24
21
19
12
10
7
1
-4
-10
-15
-18
-22
-24
-26
-28
-27
-26
-26
-24
-23
-18
-12
-8
-4
-2
-2
-1
-4
-2
1
-2
-2
-5
-8
-11
-16
-16
-18
-20
-19
-19
-18
-13
-11
-7
1
6
13
20
22
31
34
36
38
38
39
35
33
28
23
17
12
7
3
-4
-7
-9
-10
-9
-9
-4
1
4
11
18
21
23
23
25
27
23
17
14
7
-1
-7
-18
-26
-32
-41
-46
-51
-55
-57
-57
-55
-55
-50
-45
-39
-32
-27
-21
-18
-14
-10
-8
-7
-8
-7
-8
-7
-6
-3
-1
-4
7
11
12
21
22
29
38
40
44
48
49
45
41
36
29
20
9
1
-8
-20
-29
-34
-39
-40
-40
-38
-35
-30
-22
-16
-8
-2
6
13
19
20
19
18
16
11
7
-1
-6
-12
-16
-19
-23
-23
-24
-21
-18
-14
-9
-5
0
3
5
9
14
16
17
22
21
19
20
18
19
19
16
14
12
14
16
17
19
20
22
23
24
24
22
21
17
10
5
2
0
-8
-15
-19
-25
-30
-33
-37
-38
-39
-38
-36
-32
-25
-21
-14
-5
3
8
10
18
25
26
26
24
21
19
16
14
10
4
1
-1
-7
-10
-10
-9
-12
-15
-15
-16
-16
-14
-11
-10
-9
-9
-6
-8
-8
-8
-8
-5
-3
-1
5
5
5
9
9
7
6
7
8
9
7
3
4
4
3
4
3
6
11
12
11
12
14
15
16
15
15
14
10
6
3
0
-1
-2
-7
-13
-14
-13
-14
-10
-5
-1
4
7
12
11
10
13
12
11
8
9
7
5
3
0
-1
-4
-6
-7
-11
-11
-8
-3
-3
0
4
5
8
8
3
3
3
1
-1
-3
-4
-8
-11
-13
-18
-19
-18
-16
-18
-22
-21
-23
-23
-20
-18
-18
-12
-5
-1
8
15
22
31
38
42
43
42
44
47
47
43
38
36
32
24
17
12
4
0
-3
-5
-6
-8
-8
-9
-14
-17
-20
-23
-24
-26
-28
-31
-36
-36
-34
-30
-25
-18
-13
-11
-8
-5
-4
-2
1
2
1
1
4
7
9
16
18
17
16
15
15
13
11
12
12
10
8
7
5
5
5
3
2
-1
-2
-2
-3
-4
-1
0
0
-4
-9
-11
-12
-11
-14
-20
-26
-32
-35
-34
-31
-23
-18
-18
-16
-14
-9
2
11
15
12
10
9
14
14
16
16
1
-26
-48
-53
-36
-21
-14
-15
-12
-2
2
-1
0
0
-15
-54
-101
-120
-105
-80
-64
-56
-41
-17
-1
14
36
61
75
72
65
59
60
62
61
53
36
14
-5
-15
-18
-20
-23
-31
-39
-46
-47
-36
-18
3
17
21
13
-3
-25
-54
-82
-99
-111
-117
-120
-110
-82
-46
-8
26
56
75
72
67
70
79
81
75
68
48
13
-21
-41
-46
-55
-73
-87
-96
-96
-83
-58
-23
7
21
29
41
56
73
91
101
98
80
56
43
37
35
31
15
-11
-41
-62
-69
-65
-60
-63
-71
-75
-71
-51
-15
18
44
57
66
75
85
97
110
122
117
100
81
64
54
42
26
5
-24
-53
-70
-68
-57
-47
-38
-27
-18
-7
8
30
50
56
51
46
44
48
56
64
64
53
36
27
23
21
19
16
7
-6
-14
-12
0
8
15
18
16
13
12
18
23
23
17
6
-2
2
14
24
27
24
19
17
17
22
32
38
33
21
17
22
27
33
38
35
23
11
10
15
20
20
13
2
-9
-19
-18
-14
-13
-17
-26
-35
-36
-29
-19
-4
2
1
-5
-6
1
7
12
9
2
-6
-18
-24
-25
-23
-19
-27
-37
-44
-46
-43
-39
-35
-38
-41
-39
-33
-25
-17
-10
-3
-1
-5
-5
-3
1
4
2
0
-6
-11
-9
-7
-5
-9
-13
-18
-25
-33
-39
-42
-45
-48
-50
-49
-44
-37
-31
-23
-13
-8
-4
-2
-4
-7
-13
-13
-16
-20
-23
-27
-32
-38
-38
-39
-44
-47
-45
-45
-42
-39
-34
-26
-22
-21
-22
-30
-29
-31
-33
-30
-26
-22
-19
-16
-11
-4
4
13
12
10
12
16
16
19
22
19
17
17
17
18
18
19
16
9
2
-4
-2
1
1
0
-2
-3
-6
-6
-3
2
2
1
1
0
4
11
15
21
20
19
18
15
17
18
15
10
5
1
2
2
3
6
4
5
3
6
16
22
24
23
24
24
26
34
35
35
37
35
34
35
42
46
45
43
40
37
33
31
34
30
21
15
11
11
13
13
9
7
9
13
18
21
24
25
25
21
17
18
23
23
18
12
10
4
4
6
9
8
5
3
3
3
2
5
6
4
3
3
7
12
17
18
20
22
20
21
26
27
25
23
17
15
19
23
27
25
20
18
13
13
11
11
7
-2
-9
-14
-20
-19
-13
-18
-25
-29
-35
-39
-40
-40
-39
-41
-40
-37
-34
-29
-22
-14
-10
-11
-12
-12
-10
-5
-5
-4
-3
-4
-3
-2
1
-2
-5
-9
-15
-20
-21
-19
-17
-17
-13
-13
-13
-12
-10
-5
-4
-5
-10
-9
-7
-6
-3
-2
-2
-7
-13
-15
-17
-20
-22
-22
-23
-25
-26
-27
-26
-21
-17
-14
-12
-10
-5
-1
2
2
5
6
7
7
5
4
1
-6
-9
-12
-12
-14
-16
-17
-19
-18
-18
-18
-20
-19
-14
-11
-9
-4
0
3
5
8
7
6
6
7
7
5
4
4
5
9
10
11
7
3
4
5
10
13
17
15
12
12
11
14
15
11
8
3
-4
-7
-9
-10
-9
-13
-14
-16
-19
-16
-8
-2
3
8
11
16
22
26
33
37
35
30
30
31
29
26
24
19
13
7
6
8
8
8
9
8
9
9
12
15
18
21
23
26
25
23
23
22
22
17
10
8
1
-5
-5
-9
-13
-11
-14
-13
-13
-13
-10
-5
0
4
5
8
14
19
24
27
27
25
20
18
13
7
1
-4
-8
-11
-15
-16
-14
-12
-9
-6
-6
-5
-3
1
3
4
5
7
9
11
11
10
6
3
0
-1
-2
-5
-6
-10
-11
-11
-13
-13
-14
-13
-11
-10
-9
-6
-2
-3
-3
-2
-3
-3
-2
-5
-6
-10
-16
-21
-23
-26
-29
-32
-37
-40
-42
-44
-43
-38
-37
-35
-32
-26
-21
-18
-15
-13
-12
-12
-12
-11
-12
-9
-7
-5
-5
-3
1
3
4
7
9
8
8
11
15
18
19
18
17
16
13
9
3
0
-4
-9
-16
-20
-22
-21
-18
-20
-19
-18
-18
-16
-12
-10
-6
-1
3
6
8
11
15
19
16
12
7
2
-1
-5
-7
-9
-14
-17
-17
-16
-14
-8
-5
2
6
8
13
19
25
32
35
37
37
39
40
36
34
30
25
20
16
14
15
15
14
13
12
12
16
20
25
29
33
38
44
46
49
51
52
49
44
40
31
27
24
20
19
13
12
11
5
5
5
6
7
9
10
14
17
19
21
21
22
20
17
11
5
0
-2
-7
-13
-20
-21
-23
-23
-19
-18
-15
-14
-11
-8
-4
1
5
11
13
13
14
13
11
10
6
2
0
-4
-4
-6
-9
-10
-12
-13
-13
-16
-13
-12
-9
-5
-2
3
3
6
11
12
9
4
2
1
-2
-5
-6
-10
-10
-10
-11
-11
-10
-8
-6
-6
-5
-3
1
5
7
12
14
18
22
21
26
26
23
19
11
7
1
-5
-7
-12
-13
-14
-15
-12
-13
-13
-14
-12
-12
-12
-10
-5
1
6
8
14
16
17
16
14
14
14
13
10
9
6
5
3
2
3
3
8
12
12
15
20
20
23
24
25
26
24
22
21
19
16
13
10
7
4
0
1
-2
0
-3
-4
-3
-4
0
4
10
11
14
20
24
28
28
28
27
26
22
18
20
20
18
15
13
12
9
6
4
0
-3
-8
-11
-12
-13
-13
-13
-13
-13
-14
-13
-14
-16
-17
-21
-24
-28
-31
-33
-34
-37
-41
-46
-48
-50
-48
-48
-49
-52
-55
-57
-58
-56
-59
-57
-58
-60
-60
-61
-63
-64
-71
-73
-77
-80
-83
-86
-87
-87
-88
-89
-91
-90
-90
-90
-91
-90
-91
-93
-95
-96
-95
-95
-94
-94
-96
-93
-92
-93
-94
-92
-93
-93
-88
-88
-82
-79
-77
-71
-68
-62
-59
-52
-46
-41
-37
-35
-35
-34
-34
-33
-33
-32
-32
-29
-27
-29
-28
-25
-25
-23
-20
-17
-14
-8
-4
1
5
8
15
18
23
26
28
33
34
32
30
30
28
25
23
25
26
27
26
28
27
25
26
24
23
25
23
21
20
19
16
16
17
13
9
6
6
4
2
0
-4
-3
-7
-10
-12
-13
-13
-14
-14
-17
-16
-15
-15
-13
-13
-12
-15
-20
-20
-25
-26
-28
-33
-33
-38
-41
-41
-46
-44
-47
-49
-48
-49
-50
-47
-44
-45
-44
-44
-46
-42
-37
-31
-29
-27
-22
-21
-23
-21
-19
-17
-14
-11
-7
0
3
9
15
20
22
22
24
26
28
34
38
39
43
44
43
45
43
45
45
41
40
39
39
40
39
42
42
42
44
46
47
46
43
42
42
41
44
47
48
48
48
47
45
47
45
43
43
44
45
46
51
55
58
64
68
71
75
79
81
83
83
83
80
79
76
74
76
77
74
71
68
64
63
68
73
75
81
87
90
95
99
105
107
108
111
114
119
121
121
121
119
119
115
114
113
112
110
104
101
101
98
96
95
93
91
88
83
81
79
76
73
70
68
65
60
56
52
48
42
33
27
21
16
12
7
3
-1
-6
-9
-11
-15
-16
-24
-31
-33
-36
-42
-45
-50
-54
-63
-70
-74
-79
-86
-93
-97
-100
-106
-109
-110
-111
-106
-102
-99
-96
-94
-93
-94
-95
-91
-90
-88
-86
-81
-79
-79
-76
-76
-76
-74
-73
-70
-66
-60
-51
-43
-35
-27
-20
-11
-1
9
19
25
33
41
47
53
57
61
63
70
74
79
84
86
86
88
90
94
98
104
110
117
128
135
139
146
151
156
160
164
169
171
172
175
176
175
174
171
169
165
160
155
149
145
143
139
136
134
130
127
124
119
114
110
104
100
95
89
85
79
73
69
64
59
55
49
45
43
38
35
32
28
24
20
16
10
6
2
0
-2
-4
-9
-15
-17
-21
-29
-34
-39
-43
-50
-55
-61
-67
-70
-75
-82
-88
-95
-101
-104
-109
-116
-120
-126
-133
-138
-145
-147
-152
-154
-155
-156
-157
-156
-155
-156
-156
-153
-150
-149
-148
-144
-141
-140
-138
-137
-134
-135
-135
-137
-135
-134
-132
-131
-132
-131
-130
-128
-129
-127
-120
-117
-111
-103
-97
-91
-89
-86
-79
-74
-71
-69
-65
-63
-60
-56
-54
-53
-49
-46
-44
-42
-41
-39
-35
-33
-30
-26
-23
-18
-12
-7
-5
0
7
10
13
16
16
16
16
15
14
13
9
6
5
7
5
4
2
0
1
1
-1
-1
-2
1
3
8
13
17
20
20
19
18
17
15
16
15
15
14
11
9
7
6
5
4
5
4
5
6
5
5
6
8
12
11
12
13
20
23
22
22
21
22
21
20
19
20
20
19
19
24
25
28
28
28
34
36
37
37
39
40
40
43
41
43
45
46
50
50
48
48
47
45
44
43
42
42
45
47
49
55
55
54
56
58
59
58
55
53
52
51
49
45
41
41
40
37
33
33
30
29
27
22
21
21
19
16
13
11
9
9
8
9
8
7
7
5
5
-2
-6
-6
-8
-8
-8
-6
-5
-4
-2
0
0
4
6
8
8
11
12
11
14
14
14
12
12
11
8
5
2
1
-2
-9
-13
-15
-17
-17
-17
-15
-14
-14
-14
-11
-10
-7
-7
-7
-6
-8
-6
-8
-8
-10
-13
-15
-16
-18
-22
-22
-26
-27
-27
-27
-23
-22
-22
-22
-19
-18
-16
-15
-14
-14
-13
-9
-7
-7
-7
-10
-9
-10
-8
-8
-9
-8
-8
-8
-4
-4
-6
-4
1
4
8
12
14
15
17
18
18
19
17
16
14
11
11
9
7
6
2
0
0
0
3
4
5
6
8
8
7
8
8
7
9
9
6
7
5
4
3
0
0
-1
-6
-6
-6
-7
-7
-8
-7
-4
-5
-2
1
1
2
3
2
3
6
7
6
3
2
-4
-8
-10
-14
-17
-20
-24
-25
-27
-26
-25
-28
-22
-23
-25
-22
-22
-22
-23
-22
-25
-28
-28
-32
-33
-32
-36
-39
-40
-46
-49
-52
-51
-54
-54
-55
-54
-54
-54
-51
-49
-49
-48
-50
-52
-51
-50
-55
-57
-59
-63
-63
-62
-65
-66
-66
-68
-66
-61
-59
-58
-55
-52
-49
-47
-41
-38
-32
-27
-26
-26
-24
-20
-20
-21
-21
-22
-22
-23
-24
-26
-26
-25
-27
-27
-25
-22
-21
-21
-16
-14
-11
-7
-5
-2
2
2
4
4
3
3
3
1
-1
-3
-5
-5
-4
-3
-2
2
3
2
6
9
13
16
15
15
18
20
22
24
23
25
26
27
28
28
26
24
23
22
24
24
24
26
27
27
25
25
24
24
23
24
22
21
22
21
20
17
15
16
15
14
12
12
12
12
12
10
8
8
10
10
11
16
13
14
15
13
10
7
4
3
2
-1
-1
-2
-2
-3
-2
-1
-2
-1
-5
-3
0
-2
2
3
3
5
4
7
6
4
1
0
0
-1
-1
-4
-8
-9
-9
-10
-8
-9
-9
-6
-7
-6
-5
-5
-2
0
2
3
3
1
-3
-3
-4
-6
-6
-7
-10
-11
-15
-16
-16
-17
-18
-16
-16
-17
-17
-16
-15
-14
-12
-9
-8
-6
-5
-3
-3
-4
-3
-4
-4
-4
-3
-5
-4
-1
-4
-4
-3
-4
-2
1
4
6
8
14
14
16
20
23
26
23
22
24
26
25
24
26
26
24
24
23
21
21
18
20
20
22
23
21
21
20
16
16
13
11
12
9
9
8
6
6
4
1
-2
-2
-4
-7
-8
-6
-5
-5
-6
-4
-6
-7
-3
-2
-1
0
-1
1
-1
-1
3
1
0
4
2
2
6
7
9
9
10
11
14
14
14
15
13
16
17
15
15
14
12
13
11
10
8
5
6
2
1
0
0
0
-1
-2
-4
-3
-3
-5
-3
-4
-2
0
-1
0
1
1
-1
1
-1
-2
-4
-5
-7
-8
-9
-8
-11
-12
-11
-12
-14
-15
-14
-14
-17
-16
-16
-17
-18
-19
-21
-22
-22
-24
-23
-26
-27
-26
-27
-26
-25
-26
-24
-21
-18
-17
-14
-13
-11
-9
-6
-5
-1
0
2
4
7
6
4
5
6
6
7
6
7
9
7
10
10
10
8
10
11
10
11
11
10
10
8
6
5
3
1
-2
-4
-4
-5
-7
-7
-5
-6
-6
-7
-8
-6
-3
-2
-3
-2
3
3
3
8
9
10
11
12
12
17
15
16
17
18
21
18
16
17
16
19
21
22
22
22
23
23
25
23
23
22
23
25
22
20
24
19
16
15
14
14
11
9
9
8
9
8
8
6
5
4
2
5
7
7
10
10
14
14
14
18
18
19
21
21
22
25
24
22
25
26
26
22
22
22
21
22
20
16
13
13
11
10
8
6
5
5
5
4
1
-3
-5
-6
-10
-10
-10
-12
-11
-13
-14
-15
-15
-16
-20
-22
-22
-22
-23
-25
-28
-30
-29
-28
-28
-25
-24
-26
-25
-22
-21
-21
-23
-21
-17
-17
-17
-15
-14
-12
-11
-11
-8
-8
-7
-7
-6
-5
-8
-9
-9
-9
-8
-6
-5
-6
-6
-8
-10
-7
-9
-9
-10
-12
-12
-14
-14
-15
-15
-15
-18
-16
-14
-15
-15
-18
-17
-17
-15
-14
-16
-13
-10
-11
-9
-8
-8
-7
-6
-5
-3
-1
-3
-4
-6
-5
-4
-8
-7
-5
-6
-6
-6
-7
-10
-11
-10
-10
-8
-7
-5
-4
-1
-1
-3
0
5
6
6
8
10
12
13
14
14
17
20
25
27
31
36
34
35
35
34
34
33
33
34
33
34
30
31
30
29
26
23
22
21
18
16
15
12
12
9
8
5
3
3
3
2
1
2
4
4
2
3
4
5
4
2
4
3
4
4
6
7
6
8
8
9
13
13
15
18
16
16
18
19
21
17
19
21
19
21
21
19
18
19
18
14
13
11
7
9
6
3
1
-3
-6
-9
-10
-11
-15
-15
-17
-20
-20
-23
-24
-23
-26
-27
-26
-28
-26
-28
-29
-27
-29
-27
-28
-27
-25
-26
-24
-23
-23
-21
-21
-21
-19
-20
-20
-20
-18
-17
-13
-9
-11
-10
-6
-5
-2
-3
-2
-2
-3
1
0
2
4
1
1
1
0
-1
-3
-2
-3
-5
-6
-6
-7
-9
-9
-10
-9
-9
-7
-8
-11
-10
-8
-9
-8
-8
-10
-10
-12
-12
-10
-10
-9
-10
-10
-9
-10
-9
-9
-7
-3
-2
-1
1
3
3
6
9
11
12
13
16
18
22
23
22
23
24
27
27
26
24
25
25
23
21
18
17
16
15
15
14
13
13
14
10
7
8
6
5
8
9
6
5
1
1
2
0
-1
-2
-1
0
-1
2
2
1
5
6
8
9
8
9
9
11
13
11
13
16
14
15
15
16
16
14
15
11
8
10
8
5
1
-1
-4
-4
-5
-10
-11
-12
-13
-13
-20
-21
-18
-20
-20
-22
-23
-24
-24
-23
-24
-24
-22
-23
-23
-23
-22
-20
-18
-16
-15
-13
-11
-11
-9
-8
-8
-5
-5
-2
-1
-1
-1
-1
-1
0
-2
-3
-3
-4
-4
-8
-6
-7
-10
-10
-14
-17
-17
-16
-14
-16
-16
-15
-15
-15
-16
-15
-16
-16
-16
-17
-16
-18
-18
-18
-16
-14
-12
-11
-10
-9
-7
-5
-5
-2
3
2
2
4
5
7
9
9
9
7
9
11
7
9
12
14
16
14
12
12
13
16
16
14
13
12
13
14
15
15
15
14
17
19
18
18
17
16
14
15
13
12
11
10
10
9
12
13
14
14
15
13
13
15
13
14
13
10
14
13
11
13
11
13
12
11
15
12
13
13
11
13
12
11
12
10
12
13
9
10
9
6
1
3
3
-1
-1
-4
-6
-3
-4
-4
-6
-5
-6
-8
-7
-10
-10
-9
-9
-9
-7
-6
-5
-3
-3
-3
-5
-3
-2
-4
-6
-8
-8
-7
-7
-7
-10
-9
-9
-8
-5
-5
-5
-6
-9
-9
-11
-10
-10
-10
-11
-9
-11
-12
-12
-12
-11
-14
-12
-13
-14
-13
-12
-10
-9
-7
-7
-6
-3
-2
1
0
1
6
6
4
9
10
11
11
10
11
11
9
9
8
9
6
4
4
6
6
8
10
9
9
8
7
9
9
9
7
4
1
1
2
0
0
-1
-4
-3
-4
-3
-2
-3
-4
-5
-4
-2
-4
-3
-3
-4
-4
-3
0
3
2
0
0
0
2
0
3
3
2
2
0
-1
-3
-4
-4
-5
-5
-6
-6
-7
-8
-7
-5
-7
-3
-3
-3
-1
-2
-1
-1
-2
-2
-1
0
2
0
0
0
0
2
2
4
6
5
4
6
6
4
2
3
4
5
5
4
4
3
5
3
3
4
3
3
4
5
3
-1
-1
-2
0
0
0
-1
0
0
1
1
0
1
1
2
4
2
4
4
1
2
1
2
1
2
5
4
2
5
3
3
3
5
6
2
1
5
1
1
3
2
2
2
4
3
4
5
6
6
6
4
1
0
-3
-4
-4
-4
-6
-7
-4
-3
-6
-5
-3
-6
-7
-6
-8
-6
-6
-5
-2
-3
-3
-3
-5
-3
0
2
1
1
2
3
2
4
6
3
1
1
0
3
2
0
-1
0
0
1
0
2
1
0
0
3
3
1
0
0
-1
-2
-4
-4
-7
-8
-10
-9
-9
-12
-12
-13
-16
-17
-17
-16
-19
-17
-15
-17
-13
-12
-13
-15
-14
-12
-12
-10
-8
-10
-10
-8
-7
-8
-9
-6
-6
-6
-5
-4
-4
-5
-2
-3
-5
-6
-5
-1
2
4
3
1
1
1
3
3
3
6
6
1
0
-1
-2
-2
-1
-2
0
1
2
5
3
1
2
2
5
2
5
6
6
11
11
10
11
14
13
14
14
15
17
15
15
16
15
15
15
16
14
15
14
15
15
16
15
14
16
17
14
15
15
14
16
13
15
16
12
11
9
7
5
7
8
6
5
4
0
1
0
2
2
0
-1
-1
-3
-5
-4
-6
-7
-6
-6
-6
-6
-7
-7
-7
-5
-4
-6
-4
-2
-1
-1
-1
-2
-3
-3
-2
-1
0
0
1
1
0
-1
3
4
4
4
3
1
0
-1
-1
-1
-1
-1
-3
-5
-6
-6
-6
-8
-7
-9
-11
-8
-10
-11
-12
-13
-13
-15
-13
-12
-11
-14
-14
-10
-10
-9
-8
-9
-7
-6
-7
-5
-5
-5
-7
-9
-8
-5
-4
-4
-4
-4
-4
-5
-6
-2
-2
-3
-1
0
-2
-1
0
-1
-1
0
-1
-3
-2
-3
-4
-5
-6
-6
-10
-11
-10
-12
-10
-12
-13
-14
-13
-12
-12
-13
-13
-13
-11
-12
-10
-9
-8
-7
-7
-6
-6
-8
-6
-5
-4
-3
0
1
-1
-3
-1
0
