-2
-3
-1
0
-1
-1
-2
-3
-3
-4
-2
-2
-1
-2
-2
-1
0
2
2
0
2
5
5
5
5
5
2
1
3
2
3
5
6
6
4
6
5
5
4
6
6
6
7
6
5
6
7
5
4
4
3
3
2
4
3
0
3
1
-3
1
1
-2
-1
-3
-3
-2
-4
-3
-3
-3
-4
-5
-6
-4
-3
-5
-3
-1
-1
-2
-2
-2
-2
0
-3
-2
0
0
0
2
3
3
1
1
2
0
-1
-1
-2
-3
-2
-1
0
-1
1
-1
-1
1
0
0
-1
1
1
-2
-3
-1
-2
-2
-2
-1
-5
-8
-3
-7
-9
-7
-6
-6
-6
-4
-3
-2
-4
-4
-4
-7
-6
-4
-3
-2
-2
-1
0
1
-1
-2
0
-1
0
1
-1
-1
1
1
0
3
2
0
0
1
2
5
4
3
4
5
4
4
6
4
6
8
7
8
9
9
9
11
12
10
11
11
8
8
9
11
9
8
9
8
8
10
11
10
10
11
8
6
5
6
6
5
4
3
3
0
1
0
0
2
1
1
2
1
1
1
2
1
1
3
4
3
6
6
5
6
7
5
4
3
2
2
1
1
1
1
0
1
-1
-4
-3
-2
-2
-3
-3
-1
-3
-2
-2
-1
3
3
4
6
3
1
4
4
2
0
1
1
1
3
3
3
1
0
0
-1
-2
-2
0
0
0
2
-1
0
1
-1
1
0
-1
2
-3
-5
-3
-3
-3
-7
-5
-7
-7
-6
-8
-7
-8
-8
-7
-8
-9
-10
-8
-7
-5
-4
-5
-4
-5
-6
-5
-7
-5
-3
-5
-2
-2
-4
-2
-4
-3
-5
-5
-3
-5
-5
-5
-7
-8
-7
-5
-3
-2
0
0
-3
-3
-5
-5
-3
-3
-1
-2
-2
1
-1
0
2
2
4
2
3
0
0
-2
-4
-1
-3
-3
0
1
4
2
2
2
0
0
-3
-4
-1
-2
-3
-3
-3
-3
-3
-4
-6
-6
-7
-8
-6
-7
-8
-6
-6
-4
-3
-2
-4
-3
-3
-6
-6
-5
-3
-4
-3
-1
-2
1
-1
0
2
2
3
2
3
3
1
5
6
6
9
10
9
9
8
6
7
7
7
9
9
9
8
7
7
5
4
4
4
7
7
6
6
2
1
2
1
3
4
6
3
7
9
8
7
7
10
7
5
4
3
5
6
5
4
5
6
2
2
1
0
-2
-3
-5
-6
-6
-4
-6
-8
-3
-4
-6
-7
-7
-8
-7
-5
-4
-8
-6
-5
-7
-6
-7
-6
-5
-4
-3
-4
-1
-2
-2
0
2
2
3
3
1
1
5
7
6
3
3
3
5
3
4
4
3
4
4
0
-2
-1
-3
-4
-5
-3
-5
-7
-6
-6
-6
-7
-7
-8
-8
-8
-8
-9
-9
-11
-10
-11
-9
-8
-9
-8
-10
-9
-9
-8
-9
-9
-7
-7
-7
-6
-5
-6
-8
-7
-8
-7
-3
-4
-4
-2
-2
0
-2
-1
1
0
0
0
-2
-2
0
-1
0
-1
-2
0
0
1
2
0
-1
0
2
-1
0
0
1
4
5
4
3
2
5
2
1
3
1
-1
1
3
5
2
5
7
6
7
4
4
6
6
9
9
9
9
9
12
11
9
11
11
12
11
8
9
11
9
9
10
9
10
11
9
11
8
8
9
7
7
6
4
4
6
6
4
6
6
4
3
3
1
1
1
-1
0
0
-3
-2
-4
-4
-3
-4
-3
-5
-4
-5
-3
-3
-5
-3
-3
-5
-5
-5
-5
-5
-4
-2
-5
-5
-4
-3
-2
-3
-2
-4
-4
-2
-1
0
2
0
2
2
0
0
1
3
3
3
3
3
5
3
4
5
3
1
2
1
-2
0
0
1
-1
-1
-1
-1
3
1
1
1
0
0
-3
-3
-3
-5
-2
-2
-2
-4
-2
-1
-2
1
1
-1
-3
-4
-5
-5
-5
-3
-1
-2
-3
-5
-6
-6
-5
-3
-2
-3
-2
-3
-4
-6
-5
-3
-2
-3
-4
-5
-3
-2
0
-1
-4
-4
-3
-3
-3
1
-1
-4
-3
-4
-4
-3
-5
-2
1
0
0
0
-1
1
3
1
1
2
1
0
1
2
3
3
5
4
3
1
3
3
4
4
2
1
3
8
9
8
8
10
10
9
6
5
5
6
6
3
5
6
6
5
4
3
2
4
7
6
4
2
4
6
5
4
4
2
0
1
0
0
-2
-3
-2
-3
-2
-3
-4
-4
-3
-4
-5
-5
-6
-7
-8
-7
-7
-7
-7
-10
-9
-9
-10
-7
-6
-5
-5
-6
-4
-5
-6
-5
-4
-6
-5
-4
-4
-4
1
0
0
0
-1
1
2
2
2
2
3
3
3
3
3
1
2
3
2
-1
-2
-1
2
3
2
1
-1
-2
0
0
3
3
5
4
2
2
1
1
1
0
-1
-2
-2
-1
0
-3
-1
0
-2
-1
-2
-1
-2
-4
-2
-3
-3
-5
-6
-4
-3
-3
-4
-2
-2
0
-2
-2
-1
-2
2
3
-1
0
0
1
3
2
1
0
2
0
0
1
2
1
-1
1
1
0
0
0
0
0
2
4
5
9
10
9
7
9
11
10
9
6
5
5
3
3
4
1
4
2
2
5
3
5
5
5
4
1
2
0
0
2
1
1
0
0
-1
-3
-1
-1
0
0
-3
-3
-3
-7
-5
-6
-6
-6
-9
-9
-8
-10
-9
-9
-6
-3
-1
-1
-1
0
3
1
-1
1
2
2
3
2
0
2
3
2
4
3
2
4
1
2
2
1
2
3
3
1
-1
1
1
0
1
-1
-3
-2
0
0
1
-1
2
2
0
2
2
1
-1
-2
0
-2
-1
0
-4
-4
-3
-4
-4
-4
-1
-2
-1
0
-3
-3
-1
-2
-1
1
1
0
1
1
1
0
2
2
1
3
5
4
5
6
7
6
5
4
4
4
3
3
3
3
5
4
3
3
2
4
5
3
3
2
1
-1
1
3
4
4
2
5
4
5
8
5
4
5
4
5
2
2
3
1
1
0
-3
-3
-3
-2
-5
-5
-7
-7
-6
-6
-5
-5
-6
-7
-5
-5
-6
-6
-3
-3
-1
0
-1
2
1
1
2
-1
0
-1
-1
0
-1
-1
0
-2
0
2
3
2
3
1
0
2
1
0
0
2
4
3
4
6
7
5
5
0
1
3
3
2
-2
-1
-1
-2
-1
-3
-3
-4
-6
-4
-6
-7
-6
-7
-7
-7
-8
-7
-6
-9
-10
-7
-9
-8
-8
-7
-5
-6
-8
-4
-6
-7
-5
-4
-5
-6
-4
-4
-4
-5
-5
-5
-6
-6
-4
-3
-3
-4
-3
-3
-5
-4
-5
-6
-4
-6
-7
-6
-5
-5
-4
-4
-4
-5
-3
-1
-5
-4
-4
-3
-1
-1
0
1
-2
-2
-2
-1
0
-1
-3
-2
-3
-1
1
-2
-3
-1
-3
-1
-3
-4
-3
-2
-1
-3
-3
-1
-1
-2
2
2
4
4
4
4
4
5
4
5
7
5
5
7
8
6
7
6
6
6
8
10
8
8
6
8
8
5
5
5
5
7
8
8
4
4
3
4
5
5
5
5
4
3
4
5
6
5
4
5
8
8
9
7
7
8
8
8
8
8
11
10
8
6
6
5
6
6
6
6
6
5
4
3
3
5
5
3
3
3
2
4
2
1
2
3
3
3
4
1
1
-1
-2
-3
-4
-1
-2
-5
-5
-4
-6
-6
-6
-7
-7
-5
-5
-4
-7
-6
-2
-1
0
-1
-1
1
1
0
0
1
1
0
-1
-2
-1
0
-1
-1
-2
-3
-3
-3
-3
-6
-3
-1
-3
-4
-1
-2
-3
-3
-1
-3
-1
-1
-3
-2
-1
-2
-2
1
2
2
5
7
5
5
4
2
2
3
4
4
5
3
5
4
3
0
1
2
1
1
1
3
1
-2
1
0
1
1
2
0
0
1
3
4
2
5
1
0
2
-2
0
2
1
3
4
3
1
2
2
2
-2
-2
-2
-2
0
-1
0
1
0
0
-2
-3
-4
-4
-1
-2
-3
-3
-3
-4
-5
-7
-6
-6
-5
-7
-6
-8
-10
-9
-9
-13
-13
-12
-12
-13
-14
-10
-11
-12
-15
-12
-12
-12
-12
-11
-10
-8
-5
-5
-4
-5
-7
-4
-3
-2
-2
-1
0
-1
-3
-4
-5
-2
-3
-5
-6
-5
-5
-4
-4
-7
-8
-7
-6
-7
-8
-8
-6
-5
-4
-3
-3
-5
-5
-5
-7
-4
-3
-4
-4
-5
-7
-8
-8
-9
-8
-7
-11
-11
-8
-8
-8
-9
-9
-8
-8
-9
-10
-9
-9
-9
-7
-8
-8
-6
-5
-6
-6
-7
-5
0
-1
0
2
3
4
5
3
4
6
5
6
6
8
11
10
11
9
11
10
10
11
12
13
14
14
15
15
16
14
13
13
14
17
17
17
20
17
18
18
16
16
11
12
12
12
14
13
10
7
8
8
4
6
5
5
5
4
5
5
2
3
4
2
0
0
0
-1
-5
-7
-8
-10
-13
-12
-12
-17
-19
-19
-22
-22
-26
-27
-28
-30
-28
-25
-27
-25
-26
-25
-23
-24
-23
-22
-21
-17
-16
-15
-14
-14
-12
-11
-11
-10
-10
-8
-7
-6
-6
-4
-3
-2
-1
-1
2
2
1
6
8
8
9
11
14
16
18
18
18
18
18
19
19
22
21
20
22
21
21
21
20
19
21
22
20
20
17
17
15
15
15
12
9
10
9
8
8
9
6
5
4
2
2
0
-1
1
-1
-2
-2
-2
-4
-3
-4
-5
-4
-5
-7
-9
-6
-2
-5
-4
-3
-5
-6
-6
-4
-6
-6
-7
-10
-8
-6
-7
-7
-5
-6
-4
-3
-4
-5
-6
-4
-4
-5
-6
-6
-6
-7
-5
-5
-7
-7
-6
-8
-10
-9
-12
-11
-8
-11
-11
-11
-12
-14
-15
-15
-14
-16
-19
-20
-22
-21
-21
-20
-21
-22
-20
-23
-21
-21
-25
-24
-23
-27
-26
-23
-23
-25
-25
-21
-22
-23
-19
-17
-20
-16
-10
-11
-8
-5
-4
-1
3
7
9
14
18
22
28
32
34
36
41
44
47
51
57
58
61
66
68
76
77
78
81
87
91
95
99
103
105
108
110
114
119
120
121
124
125
124
125
126
126
127
128
126
122
122
122
118
118
114
110
106
101
99
96
94
90
85
79
76
70
66
63
54
52
50
44
41
37
33
27
22
18
13
10
7
2
-2
-5
-7
-12
-17
-21
-24
-27
-31
-34
-37
-39
-40
-40
-42
-45
-46
-44
-45
-45
-46
-44
-46
-45
-41
-42
-38
-36
-38
-33
-33
-31
-28
-27
-27
-24
-22
-21
-18
-18
-16
-15
-15
-15
-12
-13
-16
-17
-20
-22
-22
-25
-30
-34
-35
-39
-40
-43
-48
-50
-56
-59
-63
-67
-73
-78
-82
-86
-90
-98
-100
-106
-110
-112
-121
-126
-132
-137
-143
-150
-155
-160
-169
-174
-178
-184
-188
-191
-195
-199
-203
-206
-211
-213
-216
-217
-215
-214
-214
-213
-211
-206
-202
-195
-188
-183
-175
-165
-156
-145
-132
-119
-107
-93
-78
-65
-50
-36
-21
-8
10
23
36
51
68
84
98
112
127
138
151
161
172
186
198
208
219
229
240
251
263
275
286
299
308
317
331
342
352
360
371
382
390
397
403
409
412
416
419
421
420
421
418
413
411
409
401
395
388
375
366
353
343
331
317
304
291
279
267
252
240
226
213
201
184
170
155
139
126
112
100
84
73
61
44
31
17
3
-10
-24
-39
-52
-64
-82
-98
-111
-125
-139
-152
-168
-181
-194
-207
-222
-237
-248
-262
-274
-283
-291
-301
-313
-322
-335
-343
-352
-360
-363
-371
-378
-380
-383
-386
-390
-393
-396
-398
-399
-400
-399
-401
-399
-396
-399
-395
-392
-391
-386
-383
-380
-375
-369
-362
-356
-350
-343
-333
-325
-315
-305
-297
-284
-275
-264
-252
-242
-228
-214
-203
-187
-173
-161
-148
-134
-122
-109
-94
-79
-65
-49
-34
-22
-8
5
18
27
37
47
56
65
72
83
88
95
102
106
113
116
119
120
119
124
128
130
132
129
131
133
130
134
134
130
129
130
130
128
131
127
126
125
121
121
116
113
109
106
105
102
97
94
89
87
87
83
78
75
74
73
70
67
67
66
63
62
61
57
56
57
57
57
57
56
55
57
53
53
55
55
54
52
51
50
51
54
53
52
53
53
52
54
54
50
53
55
53
53
53
54
54
51
52
51
49
47
44
41
41
39
37
39
35
31
29
28
26
21
20
18
17
18
17
16
10
9
10
7
7
5
4
4
3
3
2
0
-1
-4
-6
-3
-5
-7
-8
-6
-4
-5
-3
-3
-4
-4
-2
-1
0
0
5
4
7
8
7
7
6
6
7
6
8
7
8
9
6
3
6
6
5
5
5
2
4
5
3
4
3
1
1
1
1
2
2
5
3
-1
1
1
0
2
4
5
6
6
8
9
10
10
11
12
13
12
13
13
11
10
13
15
15
17
15
14
14
12
13
15
10
12
13
12
13
10
8
10
11
14
14
14
12
10
11
10
11
9
8
8
7
7
7
4
1
3
3
1
0
-1
-5
-7
-5
-6
-9
-11
-14
-16
-14
-13
-16
-17
-16
-17
-18
-20
-21
-23
-24
-21
-21
-23
-22
-24
-26
-27
-30
-33
-31
-31
-31
-31
-31
-32
-31
-32
-30
-29
-27
-25
-23
-22
-21
-20
-18
-16
-13
-10
-12
-11
-9
-8
-4
-3
-1
-1
-1
0
2
5
5
7
9
10
14
15
16
17
19
19
21
22
23
25
29
31
33
35
36
37
39
42
42
38
39
41
40
43
43
43
45
43
46
48
50
51
51
54
55
56
60
60
61
61
61
64
65
64
68
68
68
67
70
74
74
72
74
76
77
78
77
80
80
79
82
81
82
82
79
83
83
83
84
80
78
77
77
77
74
73
71
69
70
69
65
60
60
59
56
55
54
52
52
50
46
43
42
38
37
34
35
33
28
28
27
23
19
17
14
12
13
11
11
9
5
2
0
-5
-5
-5
-9
-9
-10
-15
-15
-17
-22
-23
-25
-26
-28
-30
-31
-33
-37
-40
-41
-43
-44
-47
-50
-52
-53
-54
-57
-58
-61
-62
-61
-63
-65
-69
-69
-72
-71
-74
-78
-81
-82
-82
-82
-84
-88
-88
-90
-93
-93
-95
-97
-98
-100
-100
-98
-100
-99
-97
-100
-100
-99
-100
-101
-102
-99
-97
-99
-100
-100
-100
-98
-99
-101
-102
-101
-102
-101
-101
-101
-99
-99
-98
-96
-96
-97
-97
-93
-90
-90
-88
-88
-85
-83
-81
-80
-76
-71
-68
-67
-65
-64
-61
-58
-55
-52
-48
-47
-43
-41
-38
-34
-30
-24
-20
-18
-15
-10
-6
-4
0
4
8
13
14
18
22
27
28
31
34
34
37
41
47
47
50
55
57
60
63
64
68
73
75
80
82
86
90
93
94
98
104
108
112
114
118
123
123
125
130
133
137
141
146
147
149
148
150
152
148
147
152
154
157
156
157
156
155
154
149
147
146
143
143
147
145
143
143
142
138
136
133
135
133
132
132
133
134
132
130
128
127
130
130
129
130
129
130
129
127
123
123
122
117
117
116
114
114
112
111
109
106
104
102
99
96
96
95
95
91
88
85
81
76
71
67
65
65
61
59
60
56
52
50
48
46
45
43
40
40
38
34
33
30
27
24
22
21
17
14
13
11
7
4
0
-6
-10
-14
-19
-23
-26
-30
-36
-38
-43
-46
-52
-55
-58
-62
-65
-68
-70
-72
-75
-81
-83
-83
-89
-91
-91
-91
-94
-97
-98
-100
-102
-106
-108
-108
-110
-110
-114
-113
-113
-115
-116
-118
-118
-122
-121
-120
-122
-121
-121
-120
-120
-121
-123
-125
-124
-122
-124
-124
-124
-123
-123
-123
-124
-123
-123
-122
-122
-123
-121
-119
-118
-119
-119
-118
-119
-116
-115
-116
-113
-110
-110
-111
-109
-107
-108
-106
-105
-107
-103
-103
-102
-101
-100
-97
-96
-99
-96
-95
-98
-95
-95
-95
-94
-95
-94
-92
-91
-91
-89
-89
-88
-88
-85
-85
-83
-81
-83
-81
-81
-80
-74
-71
-69
-68
-66
-64
-61
-56
-54
-51
-47
-46
-44
-43
-41
-39
-38
-36
-34
-32
-30
-29
-25
-24
-22
-22
-22
-22
-21
-20
-21
-17
-17
-13
-14
-16
-13
-14
-13
-13
-15
-14
-13
-14
-12
-12
-13
-11
-10
-10
-8
-6
-6
-8
-8
-6
-5
-5
-1
0
0
3
5
5
8
9
12
14
15
17
20
21
22
25
27
27
27
29
31
33
30
33
31
27
31
29
29
32
30
33
32
31
34
33
35
35
33
35
36
35
34
37
36
34
33
34
34
33
32
28
28
27
24
23
21
21
17
17
20
16
16
13
12
10
7
5
4
0
0
-1
-5
-5
-9
-10
-10
-16
-18
-18
-22
-21
-21
-22
-22
-22
-23
-22
-21
-22
-19
-15
-15
-12
-11
-11
-8
-6
-7
-3
1
4
7
10
14
17
15
18
23
23
26
28
30
34
38
41
45
46
50
52
52
55
56
58
60
62
64
62
63
68
67
68
70
71
75
76
78
77
74
74
72
71
73
71
72
72
73
76
74
72
77
76
73
72
72
71
69
72
70
68
69
67
67
67
64
65
64
62
63
60
58
57
55
55
55
54
53
49
48
48
47
45
42
42
41
40
42
39
37
37
33
31
28
25
19
17
18
15
15
16
15
15
16
15
12
11
11
13
11
13
12
11
11
12
14
11
11
13
15
13
16
16
15
17
16
16
14
16
16
16
19
19
20
23
20
21
22
22
21
20
20
19
20
19
17
16
13
12
14
10
6
8
4
3
2
-2
-7
-9
-10
-14
-20
-22
-26
-29
-33
-35
-39
-44
-47
-49
-53
-56
-61
-64
-67
-69
-73
-77
-77
-82
-88
-91
-92
-94
-97
-100
-101
-102
-104
-103
-103
-103
-104
-103
-101
-103
-103
-103
-103
-99
-96
-94
-91
-88
-86
-82
-76
-71
-69
-64
-59
-54
-50
-45
-39
-35
-29
-21
-17
-14
-7
0
4
13
17
21
26
33
40
47
51
55
61
69
74
77
84
90
96
99
103
109
112
116
123
127
131
132
133
137
139
141
142
141
143
141
143
145
145
145
141
138
136
134
130
127
123
120
117
116
109
106
106
100
97
93
90
87
83
78
75
69
65
61
55
50
45
41
36
32
30
24
22
18
13
7
5
3
-2
-5
-5
-8
-11
-14
-15
-16
-21
-18
-19
-21
-23
-24
-22
-22
-22
-21
-22
-18
-15
-17
-15
-11
-8
-5
-4
0
3
6
9
9
11
15
16
16
18
19
20
22
20
20
17
18
19
13
14
10
5
3
0
-5
-11
-16
-21
-24
-29
-36
-41
-47
-53
-56
-63
-72
-77
-82
-89
-95
-100
-105
-112
-116
-121
-127
-132
-139
-142
-143
-146
-149
-154
-156
-156
-159
-158
-159
-161
-160
-157
-157
-155
-153
-152
-152
-148
-147
-147
-144
-140
-137
-133
-130
-127
-124
-119
-115
-111
-105
-99
-94
-87
-82
-79
-71
-67
-60
-52
-48
-41
-35
-30
-25
-17
-12
-5
2
4
9
14
18
22
22
26
29
34
36
37
41
42
43
46
48
45
47
46
44
45
45
43
40
37
39
38
34
32
28
24
22
17
15
12
8
4
0
-3
-5
-9
-14
-13
-18
-20
-20
-22
-24
-26
-25
-25
-27
-27
-27
-24
-26
-22
-18
-19
-15
-11
-7
-9
-4
3
9
14
19
22
28
36
41
48
54
59
63
71
76
81
88
94
100
107
112
118
123
130
132
137
142
144
146
149
153
154
157
160
160
163
165
165
164
168
168
167
169
168
163
160
160
156
152
151
145
139
133
129
123
116
110
101
93
87
82
73
62
52
42
34
23
13
4
-6
-15
-23
-34
-43
-52
-61
-68
-77
-87
-94
-103
-111
-116
-126
-134
-140
-145
-150
-153
-159
-160
-162
-165
-166
-168
-171
-172
-171
-169
-172
-171
-169
-168
-166
-164
-161
-158
-157
-153
-149
-145
-140
-137
-133
-127
-122
-119
-114
-108
-105
-101
-98
-90
-86
-78
-71
-65
-57
-50
-44
-37
-28
-23
-16
-6
-3
5
10
17
27
32
41
48
54
64
70
76
84
89
97
102
110
115
119
127
135
139
143
146
151
153
157
161
164
167
170
173
174
176
182
180
182
187
186
187
187
188
189
190
193
192
193
191
192
192
189
189
189
186
186
184
181
177
176
173
168
166
163
157
152
147
141
136
130
125
119
114
107
98
93
87
81
77
70
64
55
48
44
34
25
17
8
1
-9
-18
-24
-34
-39
-45
-53
-60
-69
-74
-76
-84
-90
-94
-96
-102
-108
-110
-115
-119
-122
-123
-127
-128
-127
-132
-132
-132
-135
-136
-136
-136
-137
-137
-131
-130
-130
-129
-129
-128
-128
-127
-126
-125
-124
-122
-120
-117
-116
-114
-115
-114
-113
-115
-116
-114
-115
-112
-113
-113
-111
-111
-108
-107
-108
-105
-106
-103
-102
-102
-100
-99
-95
-92
-90
-85
-84
-81
-79
-76
-69
-66
-63
-60
-53
-48
-43
-38
-36
-30
-22
-17
-12
-6
-1
4
12
18
22
27
32
38
45
51
56
59
62
67
69
71
74
75
79
82
83
87
89
91
91
92
92
89
88
89
87
85
85
83
80
78
77
76
72
66
60
57
51
45
39
33
29
23
17
12
3
-1
-8
-15
-21
-26
-31
-37
-42
-46
-52
-55
-58
-63
-64
-68
-70
-70
-73
-72
-70
-71
-69
-70
-68
-64
-61
-58
-55
-53
-50
-46
-41
-37
-33
-28
-24
-18
-9
-5
1
4
8
14
17
21
23
27
28
29
32
30
28
31
28
26
26
24
19
16
13
8
5
-2
-9
-13
-20
-27
-36
-45
-53
-61
-69
-76
-85
-92
-100
-108
-115
-120
-127
-134
-139
-145
-149
-152
-153
-156
-156
-154
-155
-149
-146
-144
-138
-133
-127
-122
-113
-100
-92
-84
-75
-63
-51
-42
-27
-14
-4
9
21
30
44
55
66
77
86
96
104
115
122
128
134
140
144
148
147
149
151
152
149
143
143
136
131
126
116
109
101
91
84
73
59
48
34
23
10
-4
-15
-27
-37
-49
-61
-72
-83
-93
-102
-111
-115
-120
-124
-129
-132
-133
-134
-132
-132
-128
-123
-120
-112
-104
-97
-85
-76
-69
-59
-48
-33
-18
-6
6
22
34
48
65
77
92
105
117
128
139
151
158
164
172
177
184
189
191
193
193
193
192
186
181
176
169
161
152
138
127
115
101
87
68
51
33
18
1
-18
-33
-53
-70
-85
-102
-117
-133
-147
-159
-171
-182
-191
-196
-203
-207
-211
-212
-209
-210
-207
-202
-198
-188
-181
-171
-161
-149
-134
-121
-106
-88
-71
-53
-34
-15
6
26
42
61
79
98
116
132
148
162
177
189
200
209
217
225
230
232
232
232
230
227
223
216
210
199
186
172
157
140
124
111
90
68
51
30
10
-10
-33
-55
-77
-97
-117
-142
-160
-180
-199
-216
-230
-245
-256
-266
-275
-281
-288
-290
-289
-288
-283
-279
-271
-261
-251
-236
-221
-204
-185
-164
-143
-119
-93
-71
-48
-20
6
30
57
82
106
130
154
175
196
219
237
253
272
286
297
308
318
324
326
327
327
325
320
311
301
291
275
263
250
231
211
190
165
143
120
91
63
35
7
-19
-47
-74
-100
-126
-154
-176
-202
-225
-241
-261
-281
-296
-311
-323
-332
-341
-346
-349
-348
-346
-345
-336
-326
-316
-304
-290
-270
-250
-230
-208
-183
-156
-130
-104
-75
-45
-13
15
40
72
102
129
157
183
207
230
254
273
293
309
321
334
343
353
360
362
364
362
359
356
347
337
329
316
301
281
263
244
221
197
170
144
116
86
57
28
-2
-31
-60
-90
-117
-143
-168
-193
-216
-238
-257
-275
-290
-306
-316
-325
-334
-338
-337
-338
-335
-329
-322
-310
-299
-287
-271
-252
-233
-214
-190
-165
-141
-116
-88
-61
-32
-3
26
53
79
103
128
153
177
199
220
240
256
271
284
293
306
313
316
319
320
320
317
309
300
292
281
266
250
231
213
193
171
148
126
100
75
49
22
-4
-32
-62
-84
-110
-138
-162
-185
-208
-229
-248
-266
-283
-297
-306
-317
-327
-330
-334
-336
-334
-332
-325
-315
-305
-293
-281
-265
-246
-226
-205
-181
-156
-133
-105
-79
-54
-26
2
28
56
83
108
135
159
181
205
224
242
259
276
290
299
308
318
322
325
328
327
322
320
314
303
295
283
268
253
236
220
200
177
151
130
108
85
61
32
9
-15
-38
-63
-87
-109
-133
-155
-174
-194
-214
-230
-242
-257
-270
-282
-290
-297
-301
-303
-304
-306
-303
-297
-290
-282
-272
-259
-245
-230
-213
-191
-173
-155
-134
-113
-91
-68
-47
-26
-2
19
41
61
79
98
113
131
149
161
177
189
198
206
215
218
222
225
226
228
226
221
222
216
209
201
190
182
174
164
153
142
131
116
100
88
71
56
42
30
14
1
-12
-29
-44
-59
-73
-86
-98
-106
-117
-130
-140
-145
-152
-158
-161
-165
-169
-171
-173
-172
-169
-165
-161
-157
-153
-145
-137
-130
-118
-108
-98
-86
-74
-57
-43
-34
-18
-5
4
19
30
42
55
64
74
81
89
97
106
115
119
127
130
132
135
134
135
134
131
132
129
127
123
118
116
110
104
97
88
80
71
63
59
48
38
29
17
9
1
-8
-20
-30
-39
-49
-58
-64
-69
-77
-88
-96
-105
-109
-109
-116
-119
-121
-125
-126
-130
-131
-129
-127
-124
-118
-109
-106
-101
-93
-87
-81
-73
-66
-56
-45
-34
-25
-15
-4
6
13
20
28
33
42
50
57
64
67
70
74
77
82
85
85
84
87
87
87
85
86
86
84
86
84
83
81
81
78
71
67
64
58
52
49
46
42
38
34
29
21
13
9
5
-3
-10
-17
-27
-35
-40
-47
-53
-60
-62
-64
-65
-65
-65
-67
-67
-68
-68
-68
-66
-63
-61
-60
-60
-54
-51
-50
-47
-46
-41
-39
-39
-34
-31
-25
-19
-16
-13
-11
-8
-6
-4
-3
-1
6
9
14
19
21
23
24
26
27
27
29
31
33
35
37
39
38
39
42
39
39
42
43
44
46
45
44
42
41
42
45
44
44
43
40
35
33
28
26
25
24
22
18
16
13
12
9
6
5
-1
-6
-9
-12
-12
-12
-14
-18
-23
-24
-27
-28
-25
-25
-25
-28
-30
-31
-33
-35
-35
-34
-31
-28
-26
-28
-26
-27
-29
-28
-26
-26
-23
-23
-26
-24
-23
-21
-19
-19
-18
-18
-19
-17
-13
-9
-5
2
13
18
19
22
25
26
29
30
30
32
32
35
36
39
37
36
39
37
33
32
28
28
27
25
25
24
21
18
16
12
11
15
15
12
8
0
-7
-12
-9
-1
3
1
-3
-8
-7
-5
-2
3
1
-1
-5
-8
-7
-6
-2
0
-5
-7
-13
-16
-15
-14
-12
-12
-18
-24
-30
-31
-29
-25
-23
-19
-11
-8
-13
-21
-26
-26
-23
-17
-8
-6
-3
-6
-10
-12
-14
-15
-16
-11
-5
-1
3
3
1
-2
0
6
13
20
22
25
23
21
24
24
21
22
21
19
24
28
26
20
15
13
15
19
17
18
15
8
5
2
5
13
18
18
14
11
12
15
16
12
2
-4
-6
-4
2
10
10
7
-1
-8
-10
-13
-13
-15
-15
-11
-8
-5
-6
-6
-8
-9
-11
-12
-5
-3
0
3
-5
-12
-20
-25
-20
-12
-6
-10
-12
-11
-10
-8
-6
-7
-6
-4
5
14
12
3
-6
-5
3
12
19
11
-1
-9
-11
-9
-5
-4
-2
-3
-6
-7
-1
6
9
10
5
2
10
22
33
34
27
13
4
-2
-2
-3
-9
-17
-22
-28
-31
-32
-36
-37
-33
-23
-7
8
14
10
1
-1
8
22
30
24
9
-1
-1
8
12
6
-9
-22
-21
-9
2
0
-18
-34
-32
-22
-8
-2
-4
-12
-21
-23
-13
2
14
16
8
-2
-11
-10
4
14
3
-19
-34
-33
-10
16
20
-2
-35
-56
-44
-10
14
12
-14
-41
-45
-23
-4
-12
-46
-78
-85
-66
-38
-28
-40
-60
-62
-39
-2
27
41
45
40
37
40
48
58
69
80
81
70
51
30
17
13
10
13
17
20
21
11
-6
-22
-27
-10
17
35
33
20
14
26
38
33
12
-8
-5
23
56
59
22
-24
-43
-24
15
33
7
-41
-69
-56
-18
-4
-25
-60
-76
-54
-14
6
-8
-46
-68
-53
-14
15
13
-9
-23
-15
2
8
-9
-27
-30
-10
21
35
22
-4
-14
0
20
37
29
15
12
27
47
47
24
-1
-13
-2
18
29
29
20
19
22
24
20
14
14
27
42
44
37
27
26
37
40
27
5
-4
4
29
41
20
-17
-44
-43
-18
1
0
-14
-27
-22
-8
-2
-11
-28
-32
-12
12
21
8
-18
-28
-18
-1
-1
-20
-33
-21
5
19
3
-33
-51
-34
7
41
44
21
-2
-1
25
47
42
17
-1
14
49
69
53
16
-13
-12
17
38
29
-2
-28
-31
-15
-2
-8
-31
-52
-43
-17
7
12
-9
-31
-29
-7
19
19
-1
-22
-26
-8
15
16
-3
-26
-36
-22
-1
7
-5
-28
-45
-39
-16
2
1
-15
-30
-39
-36
-32
-32
-36
-34
-26
-13
4
16
21
18
10
9
18
34
46
50
41
31
26
28
32
32
19
5
2
1
1
-9
-26
-40
-46
-45
-42
-44
-51
-54
-52
-44
-31
-28
-31
-34
-28
-11
8
15
2
-19
-31
-34
-28
-34
-58
-87
-115
-129
-139
-155
-181
-208
-219
-211
-190
-169
-163
-169
-176
-166
-145
-118
-98
-87
-76
-54
-33
-20
-18
-28
-29
-12
21
51
72
73
64
66
78
97
112
112
112
118
126
122
92
45
1
-19
-9
10
24
24
18
22
51
92
134
172
199
214
225
227
221
207
190
176
165
144
112
59
-15
-81
-130
-161
-182
-201
-218
-234
-249
-258
-262
-261
-246
-220
-182
-150
-126
-108
-91
-71
-46
-15
11
33
47
50
49
46
42
40
47
53
62
77
87
98
108
122
137
153
175
203
229
254
277
294
315
335
348
360
369
376
384
383
375
357
331
302
278
257
229
195
157
111
68
20
-27
-70
-111
-147
-174
-197
-218
-242
-271
-303
-328
-344
-348
-344
-339
-336
-335
-332
-322
-304
-279
-250
-219
-192
-169
-156
-143
-127
-109
-79
-45
-8
31
67
98
132
169
215
271
334
403
468
522
568
610
655
703
755
805
850
886
910
918
914
907
899
882
856
816
756
682
601
516
428
331
226
108
-26
-177
-342
-514
-677
-816
-927
-1015
-1083
-1129
-1154
-1155
-1137
-1111
-1067
-1000
-912
-815
-723
-650
-586
-523
-450
-366
-279
-195
-121
-55
-3
30
46
56
65
84
121
167
215
267
321
385
473
577
696
824
954
1086
1224
1369
1514
1652
1772
1871
1928
1911
1790
1539
1190
803
429
92
-226
-546
-875
-1196
-1484
-1724
-1900
-2003
-2014
-1928
-1775
-1589
-1406
-1231
-1043
-817
-554
-287
-51
121
215
236
188
89
-44
-184
-318
-456
-621
-832
-1081
-1337
-1553
-1692
-1745
-1726
-1666
-1578
-1465
-1317
-1121
-865
-551
-195
173
519
805
1017
1176
1308
1441
1584
1721
1831
1892
1893
1840
1759
1681
1639
1638
1651
1622
1495
1243
880
473
91
-213
-444
-632
-808
-992
-1178
-1352
-1495
-1577
-1571
-1450
-1228
-966
-733
-566
-452
-347
-210
-33
155
324
445
491
438
275
12
-304
-608
-868
-1080
-1276
-1490
-1728
-1957
-2130
-2212
-2191
-2085
-1915
-1710
-1490
-1268
-1057
-842
-602
-314
27
385
711
961
1124
1220
1284
1340
1398
1454
1500
1526
1535
1545
1574
1646
1776
1981
2246
2500
2624
2521
2177
1700
1235
876
618
389
136
-154
-474
-815
-1170
-1485
-1667
-1659
-1489
-1257
-1059
-923
-812
-668
-459
-183
126
442
727
926
1018
992
868
686
475
250
-3
-309
-690
-1134
-1598
-2023
-2360
-2596
-2727
-2751
-2675
-2515
-2298
-2057
-1789
-1471
-1099
-701
-325
8
288
523
714
851
928
959
965
947
912
861
806
759
727
730
794
931
1142
1421
1765
2156
2520
2726
2664
2333
1864
1424
1081
792
470
84
-328
-743
-1162
-1587
-1951
-2143
-2111
-1900
-1636
-1411
-1232
-1039
-792
-474
-100
300
699
1051
1300
1417
1403
1289
1104
873
589
238
-195
-697
-1217
-1703
-2104
-2407
-2610
-2701
-2663
-2505
-2266
-1981
-1665
-1298
-875
-427
-11
337
625
868
1068
1210
1285
1305
1297
1259
1182
1070
945
838
771
743
762
854
1026
1281
1626
2071
2586
3051
3290
3189
2792
2280
1828
1475
1150
796
413
29
-359
-787
-1230
-1569
-1687
-1553
-1266
-956
-688
-450
-198
89
409
756
1118
1473
1756
1915
1923
1790
1548
1240
890
493
20
-529
-1116
-1665
-2111
-2435
-2661
-2801
-2822
-2698
-2445
-2118
-1766
-1393
-981
-538
-125
201
434
604
739
838
882
852
768
663
546
428
328
262
242
263
330
458
662
947
1300
1737
2266
2832
3277
3401
3118
2528
1845
1238
729
253
-239
-732
-1200
-1660
-2120
-2520
-2733
-2672
-2349
-1884
-1421
-1014
-650
-291
86
480
861
1200
1461
1606
1603
1445
1150
763
340
-91
-549
-1076
-1676
-2275
-2771
-3091
-3240
-3264
-3183
-2982
-2659
-2246
-1804
-1359
-909
-459
-42
288
490
573
582
553
494
406
293
166
35
-85
-174
-203
-147
-9
192
446
746
1091
1485
1935
2470
3082
3693
4120
4148
3698
2890
1962
1104
372
-283
-894
-1451
-1937
-2359
-2728
-2980
-3006
-2734
-2194
-1514
-843
-257
247
704
1127
1504
1805
1999
2066
1996
1776
1410
921
367
-184
-696
-1175
-1667
-2175
-2630
-2937
-3046
-2971
-2772
-2489
-2131
-1705
-1235
-771
-348
27
345
578
700
700
592
425
251
84
-83
-240
-377
-466
-479
-422
-295
-108
144
469
858
1297
1761
2214
2652
3102
3588
4087
4465
4506
4060
3164
2041
919
-77
-921
-1623
-2167
-2541
-2788
-2954
-3032
-2942
-2587
-1956
-1147
-313
418
995
1432
1750
1951
2029
1981
1813
1538
1165
685
111
-509
-1099
-1605
-2011
-2337
-2599
-2770
-2806
-2693
-2453
-2131
-1770
-1397
-1018
-646
-303
-13
214
370
434
402
279
83
-144
-353
-517
-625
-674
-667
-608
-492
-321
-89
207
571
995
1446
1900
2334
2728
3063
3363
3666
3982
4238
4236
3789
2882
1676
432
-653
-1511
-2144
-2568
-2788
-2825
-2740
-2575
-2301
-1859
-1218
-432
373
1062
1560
1874
2022
2020
1873
1585
1190
739
271
-205
-698
-1187
-1618
-1946
-2145
-2236
-2251
-2208
-2105
-1924
-1661
-1356
-1056
-799
-594
-418
-270
-167
-121
-134
-186
-269
-382
-531
-703
-859
-953
-962
-890
-762
-597
-386
-138
144
455
785
1124
1460
1790
2107
2391
2629
2823
3015
3257
3519
3654
3453
2785
1729
510
-633
-1557
-2233
-2657
-2830
-2785
-2604
-2370
-2096
-1734
-1229
-580
127
770
1256
1546
1655
1602
1403
1069
632
156
-297
-703
-1060
-1375
-1639
-1822
-1906
-1899
-1827
-1724
-1597
-1435
-1228
-993
-792
-664
-610
-605
-606
-603
-602
-609
-627
-651
-689
-751
-824
-884
-895
-837
-710
-541
-352
-150
65
306
575
861
1134
1376
1595
1801
2003
2192
2351
2500
2685
2947
3245
3411
3232
2599
1599
450
-636
-1512
-2122
-2443
-2492
-2335
-2069
-1776
-1485
-1163
-751
-224
368
926
1346
1583
1640
1530
1260
847
346
-157
-571
-868
-1069
-1212
-1317
-1369
-1364
-1310
-1226
-1129
-1025
-902
-756
-606
-501
-486
-550
-642
-708
-725
-709
-679
-650
-629
-621
-628
-640
-637
-591
-490
-340
-161
13
180
352
548
771
990
1181
1335
1474
1621
1785
1958
2125
2301
2532
2848
3199
3427
3332
2810
1910
819
-256
-1167
-1831
-2199
-2260
-2075
-1754
-1409
-1101
-801
-454
-26
443
867
1175
1325
1322
1164
844
385
-141
-622
-973
-1167
-1228
-1196
-1096
-959
-807
-673
-586
-554
-585
-641
-692
-733
-788
-890
-1018
-1139
-1211
-1208
-1153
-1072
-969
-852
-737
-640
-569
-517
-467
-402
-322
-227
-123
-2
146
328
531
737
926
1097
1258
1415
1574
1735
1902
2099
2360
2708
3079
3306
3194
2652
1751
681
-337
-1138
-1629
-1760
-1549
-1098
-569
-100
247
489
686
872
1038
1150
1172
1087
887
569
124
-409
-940
-1352
-1556
-1542
-1344
-1031
-677
-344
-101
10
-14
-169
-413
-682
-919
-1097
-1234
-1345
-1445
-1501
-1493
-1416
-1281
-1103
-887
-664
-471
-338
-272
-256
-273
-296
-297
-253
-151
-8
163
344
517
678
818
948
1085
1237
1411
1597
1785
1990
2233
2538
2869
3100
3054
2614
1793
749
-312
-1201
-1784
-1992
-1822
-1357
-750
-161
296
585
730
783
789
763
702
593
418
155
-209
-668
-1162
-1581
-1828
-1850
-1658
-1320
-915
-529
-240
-106
-142
-326
-609
-935
-1234
-1464
-1608
-1674
-1685
-1644
-1552
-1425
-1276
-1106
-922
-734
-570
-446
-374
-345
-352
-374
-382
-354
-270
-128
59
275
489
677
830
951
1059
1176
1313
1474
1657
1865
2093
2358
2659
2926
3030
2815
2218
1321
294
-661
-1392
-1793
-1811
-1472
-895
-248
315
696
879
908
847
744
615
465
298
96
-160
-494
-887
-1273
-1553
-1656
-1560
-1303
-937
-529
-163
84
152
27
-260
-646
-1041
-1358
-1560
-1631
-1589
-1471
-1316
-1156
-1018
-900
-785
-659
-530
-423
-348
-308
-305
-329
-363
-377
-342
-244
-83
115
324
528
698
829
930
1021
1130
1269
1440
1632
1839
2074
2362
2691
2965
3029
2742
2071
1129
90
-861
-1557
-1889
-1809
-1362
-695
4
567
912
1039
1001
869
691
499
320
162
8
-189
-464
-799
-1122
-1343
-1408
-1303
-1053
-701
-311
27
224
220
1
-380
-836
-1266
-1583
-1745
-1740
-1603
-1390
-1158
-973
-852
-780
-724
-658
-587
-514
-451
-408
-389
-392
-406
-402
-352
-252
-98
91
297
496
667
805
904
974
1047
1155
1312
1511
1745
2023
2368
2754
3058
3119
2806
2117
1167
125
-828
-1524
-1840
-1723
-1227
-525
180
725
1033
1115
1026
833
597
361
164
10
-125
-298
-546
-840
-1119
-1305
-1360
-1273
-1053
-730
-357
-22
181
183
-30
-400
-845
-1274
-1601
-1761
-1733
-1555
-1293
-1029
-825
-700
-643
-625
-615
-598
-566
-513
-449
-395
-360
-345
-325
-280
-202
-85
69
256
460
651
798
888
937
983
1054
1164
1323
1545
1853
2249
2679
3019
3107
2812
2124
1140
52
-942
-1658
-1960
-1800
-1241
-457
330
940
1282
1348
1200
915
568
235
-25
-196
-307
-420
-585
-800
-1023
-1190
-1250
-1185
-991
-679
-303
46
266
282
76
-308
-790
-1264
-1623
-1802
-1771
-1567
-1268
-956
-713
-575
-543
-586
-651
-703
-717
-684
-614
-525
-438
-375
-319
-258
-179
-63
82
253
427
583
709
792
835
866
916
1011
1165
1380
1664
2030
2454
2851
3061
2939
2425
1580
552
-472
-1305
-1798
-1851
-1474
-792
-11
676
1155
1368
1329
1093
734
347
11
-235
-397
-517
-640
-790
-948
-1080
-1158
-1155
-1047
-821
-503
-159
114
228
145
-129
-542
-1010
-1428
-1698
-1771
-1643
-1377
-1063
-788
-611
-545
-564
-631
-708
-758
-751
-680
-560
-423
-308
-216
-139
-64
14
96
191
304
427
546
638
703
761
832
942
1091
1279
1528
1855
2253
2665
2963
3001
2683
2015
1100
90
-845
-1528
-1821
-1671
-1142
-392
380
1001
1375
1468
1300
945
500
69
-273
-491
-597
-639
-668
-714
-773
-839
-892
-901
-830
-657
-407
-139
52
94
-48
-368
-803
-1258
-1624
-1812
-1788
-1577
-1252
-905
-619
-442
-387
-438
-557
-691
-782
-794
-723
-597
-450
-305
-169
-46
58
142
220
304
395
488
570
630
688
765
870
1008
1181
1400
1676
2024
2420
2778
2978
2887
2436
1670
706
-294
-1153
-1704
-1832
-1524
-876
-70
696
1269
1568
1577
1331
905
401
-71
-426
-633
-715
-726
-716
-710
-729
-775
-838
-881
-849
-721
-525
-324
-204
-225
-405
-726
-1118
-1497
-1766
-1850
-1744
-1483
-1151
-828
-583
-456
-444
-519
-630
-731
-785
-768
-681
-551
-401
-247
-103
25
132
222
302
379
456
532
602
665
733
823
947
1105
1301
1545
1854
2236
2637
2945
3011
2738
2128
1259
273
-668
-1387
-1728
-1622
-1116
-376
405
1060
1478
1612
1473
1112
627
130
-281
-551
-684
-723
-712
-690
-674
-687
-731
-779
-784
-711
-565
-397
-276
-262
-389
-644
-984
-1336
-1616
-1749
-1705
-1508
-1218
-921
-685
-540
-500
-550
-652
-764
-841
-855
-807
-709
-576
-428
-274
-119
29
162
283
385
467
534
578
604
632
688
792
946
1148
1398
1706
2070
2463
2800
2951
2812
2349
1606
703
-222
-1015
-1512
-1607
-1294
-688
43
734
1262
1552
1571
1336
913
402
-82
-451
-681
-782
-794
-754
-693
-653
-660
-701
-739
-727
-646
-526
-421
-388
-457
-638
-906
-1203
-1457
-1598
-1595
-1452
-1216
-953
-721
-558
-482
-491
-566
-663
-741
-774
-756
-694
-592
-459
-301
-136
31
187
327
446
536
596
628
645
669
717
801
929
1101
1316
1584
1910
2272
2601
2796
2745
2392
1751
912
9
-813
-1391
-1597
-1395
-870
-175
525
1095
1448
1538
1366
986
500
18
-373
-636
-773
-809
-781
-717
-662
-653
-697
-752
-773
-738
-665
-590
-555
-592
-712
-902
-1135
-1353
-1497
-1526
-1440
-1267
-1048
-825
-636
-520
-484
-519
-601
-689
-750
-772
-752
-680
-556
-398
-214
-18
175
356
506
613
672
684
668
655
674
733
845
1019
1251
1540
1877
2243
2585
2802
2787
2483
1901
1110
232
-592
-1203
-1473
-1348
-895
-257
416
994
1381
1519
1391
1057
600
123
-284
-583
-766
-838
-821
-752
-684
-652
-667
-707
-720
-692
-640
-586
-561
-586
-674
-830
-1026
-1218
-1349
-1390
-1342
-1226
-1075
-914
-767
-667
-627
-638
-675
-707
-725
-723
-690
-617
-507
-370
-216
-50
124
300
463
588
665
695
688
664
647
663
731
862
1068
1350
1704
2102
2484
2748
2781
2519
1970
1202
338
-486
-1112
-1403
-1311
-884
-257
417
1007
1421
1591
1490
1158
689
179
-274
-616
-826
-902
-870
-764
-643
-565
-547
-569
-590
-593
-589
-584
-602
-650
-739
-876
-1047
-1206
-1309
-1334
-1287
-1192
-1066
-931
-812
-731
-695
-689
-696
-694
-682
-659
-616
-550
-456
-342
-217
-79
81
258
431
572
666
705
698
667
627
607
639
744
939
1223
1585
2005
2413
2700
2750
2504
1981
1237
387
-424
-1043
-1338
-1255
-846
-240
419
1011
1428
1607
1520
1197
729
215
-259
-628
-869
-964
-924
-801
-657
-549
-500
-503
-530
-564
-610
-659
-709
-773
-859
-974
-1103
-1211
-1275
-1288
-1253
-1185
-1092
-993
-902
-830
-783
-751
-717
-679
-638
-603
-568
-523
-468
-395
-302
-178
-20
162
353
522
649
725
749
728
685
654
669
766
959
1251
1635
2070
2473
2731
2736
2436
1861
1085
231
-558
-1124
-1353
-1217
-777
-165
484
1051
1435
1580
1461
1116
637
126
-336
-690
-898
-950
-866
-697
-511
-381
-328
-345
-412
-506
-619
-740
-852
-954
-1049
-1147
-1227
-1268
-1254
-1200
-1118
-1028
-949
-877
-825
-794
-773
-752
-709
-652
-593
-538
-495
-448
-396
-341
-262
-154
-11
163
344
511
647
740
789
796
782
770
798
900
1096
1390
1775
2200
2574
2785
2731
2377
1752
951
101
-653
-1160
-1328
-1146
-684
-71
574
1134
1512
1646
1514
1161
664
119
-378
-763
-990
-1043
-942
-745
-531
-358
-264
-251
-310
-430
-587
-765
-943
-1104
-1242
-1336
-1379
-1353
-1258
-1132
-996
-886
-813
-776
-785
-816
-848
-855
-824
-767
-690
-604
-523
-444
-378
-323
-264
-181
-64
85
257
436
602
738
834
885
903
912
944
1037
1214
1478
1822
2195
2501
2636
2524
2141
1529
775
4
-646
-1053
-1154
-950
-507
72
667
1175
1509
1609
1468
1114
630
99
-401
-794
-1031
-1092
-1006
-828
-611
-415
-278
-220
-250
-364
-547
-776
-1022
-1262
-1457
-1570
-1581
-1481
-1296
-1073
-860
-696
-608
-610
-683
-800
-919
-999
-1023
-986
-901
-774
-619
-467
-328
-208
-104
-9
84
195
317
440
564
676
774
851
912
982
1069
1203
1404
1669
1970
2244
2410
2401
2171
1717
1093
396
-252
-739
-979
-942
-667
-208
341
873
1297
1539
1559
1367
999
513
-14
-499
-878
-1105
-1172
-1097
-930
-711
-484
-297
-190
-190
-297
-506
-790
-1113
-1419
-1650
-1759
-1725
-1552
-1285
-984
-706
-498
-402
-423
-541
-714
-892
-1031
-1109
-1102
-1009
-845
-628
-392
-162
46
217
355
457
536
605
667
726
779
839
910
1000
1124
1293
1514
1783
2070
2315
2449
2409
2161
1714
1111
437
-192
-668
-912
-908
-674
-264
239
746
1165
1429
1499
1365
1052
617
127
-357
-772
-1064
-1209
-1216
-1112
-928
-703
-484
-320
-255
-307
-476
-743
-1064
-1393
-1662
-1813
-1821
-1688
-1444
-1140
-830
-575
-416
-372
-439
-587
-776
-961
-1100
-1162
-1130
-1005
-800
-539
-255
23
267
464
610
702
758
791
810
826
857
919
1035
1213
1452
1738
2047
2325
2497
2512
2332
1954
1407
761
119
-413
-752
-855
-719
-385
83
596
1059
1397
1558
1518
1281
879
370
-168
-669
-1068
-1326
-1421
-1362
-1185
-929
-646
-396
-230
-188
-297
-538
-878
-1265
-1623
-1885
-2002
-1958
-1772
-1475
-1132
-805
-549
-405
-378
-462
-626
-830
-1027
-1170
-1224
-1168
-1013
-771
-466
-139
180
464
687
842
930
964
960
934
912
922
989
1134
1366
1676
2025
2350
2579
2646
2505
2141
1595
940
273
-295
-675
-822
-724
-424
21
533
1017
1400
1622
1646
1474
1116
624
64
-501
-999
-1373
-1578
-1606
-1479
-1228
-912
-591
-333
-199
-223
-410
-727
-1121
-1524
-1859
-2068
-2114
-1994
-1739
-1400
-1042
-722
-489
-370
-366
-464
-633
-830
-1011
-1139
-1186
-1125
-956
-700
-379
-22
344
681
955
1153
1258
1277
1231
1147
1072
1047
1111
1288
1574
1933
2293
2569
2682
2580
2245
1716
1053
362
-238
-666
-868
-832
-575
-158
335
828
1247
1535
1648
1554
1267
820
266
-333
-911
-1397
-1729
-1872
-1815
-1592
-1250
-860
-512
-274
-203
-318
-597
-994
-1422
-1805
-2078
-2194
-2147
-1947
-1640
-1279
-922
-622
-407
-303
-307
-402
-561
-736
-897
-1005
-1018
-926
-726
-434
-73
328
725
1087
1373
1557
1639
1629
1557
1466
1405
1421
1536
1744
1995
2228
2376
2377
2189
1814
1290
702
138
-330
-634
-739
-633
-345
57
507
935
1284
1497
1537
1392
1079
628
85
-495
-1044
-1499
-1812
-1950
-1903
-1692
-1367
-999
-662
-422
-331
-411
-632
-953
-1313
-1643
-1894
-2021
-2010
-1876
-1650
-1367
-1066
-790
-574
-442
-392
-419
-499
-604
-702
-754
-741
-646
-465
-205
118
475
830
1160
1439
1640
1753
1794
1792
1778
1782
1827
1910
2008
2088
2107
2024
1815
1483
1064
608
168
-198
-438
-525
-454
-242
71
436
797
1095
1281
1320
1205
940
548
60
-470
-985
-1432
-1762
-1947
-1978
-1860
-1633
-1348
-1064
-838
-711
-692
-778
-947
-1159
-1374
-1547
-1656
-1691
-1650
-1534
-1360
-1159
-956
-767
-615
-508
-450
-440
-454
-474
-475
-441
-359
-216
-10
250
552
868
1179
1467
1712
1907
2046
2149
2229
2285
2326
2333
2286
2164
1953
1649
1269
852
444
85
-186
-349
-383
-299
-115
144
440
733
979
1140
1196
1129
932
613
203
-261
-735
-1173
-1535
-1785
-1899
-1880
-1755
-1559
-1346
-1154
-1014
-949
-952
-1017
-1121
-1242
-1356
-1443
-1491
-1493
-1443
-1354
-1236
-1099
-957
-826
-718
-638
-582
-541
-512
-476
-423
-337
-202
-16
219
496
799
1110
1406
1670
1901
2094
2257
2399
2508
2571
2563
2467
2267
1955
1549
1093
632
216
-107
-314
-391
-343
-195
28
298
577
826
1014
1115
1111
996
771
452
60
-367
-797
-1194
-1521
-1741
-1850
-1846
-1751
-1599
-1430
-1278
-1168
-1117
-1124
-1171
-1242
-1316
-1379
-1420
-1429
-1403
-1341
-1251
-1138
-1012
-884
-770
-672
-591
-527
-474
-426
-370
-290
-181
-36
150
381
649
941
1248
1554
1845
2110
2343
2537
2683
2768
2772
2685
2494
2193
1801
1345
875
434
60
-212
-365
-388
-296
-113
141
422
697
924
1073
1122
1058
880
596
231
-185
-616
-1030
-1388
-1668
-1852
-1943
-1950
-1895
-1803
-1693
-1585
-1492
-1419
-1369
-1338
-1322
-1326
-1333
-1340
-1343
-1333
-1304
-1250
-1173
-1074
-961
-839
-716
-598
-491
-393
-299
-200
-88
42
199
387
606
855
1126
1417
1715
2010
2298
2561
2784
2940
2999
2946
2760
2441
2009
1505
984
489
65
-252
-436
-486
-421
-251
-6
281
569
825
1013
1111
1098
970
734
404
1
-436
-869
-1271
-1610
-1858
-2012
-2080
-2072
-2009
-1913
-1807
-1703
-1605
-1522
-1449
-1388
-1335
-1290
-1255
-1223
-1198
-1176
-1149
-1114
-1063
-997
-910
-801
-673
-533
-384
-233
-79
79
235
401
580
773
985
1213
1463
1730
2011
2299
2573
2813
2982
3047
2986
2787
2452
2009
1503
974
471
42
-287
-496
-578
-533
-371
-125
174
487
773
995
1121
1123
1007
774
442
42
-392
-824
-1224
-1568
-1840
-2028
-2137
-2169
-2137
-2052
-1931
-1787
-1632
-1484
-1351
-1242
-1161
-1108
-1077
-1062
-1054
-1043
-1026
-989
-933
-858
-764
-653
-526
-387
-240
-83
83
262
449
649
857
1072
1296
1529
1778
2041
2306
2561
2787
2952
3027
2985
2817
2532
2150
1699
1222
758
344
8
-239
-382
-420
-360
-213
-6
236
485
709
873
951
931
805
578
265
-112
-520
-930
-1312
-1646
-1914
-2108
-2223
-2269
-2249
-2173
-2055
-1904
-1736
-1564
-1400
-1254
-1129
-1032
-970
-932
-909
-895
-880
-854
-806
-735
-634
-508
-362
-197
-22
157
337
516
700
885
1085
1302
1542
1810
2094
2380
2643
2851
2981
3008
2907
2684
2359
1952
1500
1034
595
214
-93
-306
-420
-439
-372
-234
-48
158
358
521
628
660
594
439
202
-104
-448
-816
-1180
-1523
-1833
-2085
-2281
-2413
-2478
-2473
-2410
-2301
-2155
-1985
-1803
-1629
-1467
-1321
-1204
-1116
-1052
-1005
-963
-914
-852
-771
-671
-552
-417
-274
-121
42
209
390
578
774
983
1203
1443
1703
1981
2258
2511
2713
2835
2852
2753
2543
2240
1867
1450
1029
628
272
-21
-240
-372
-419
-383
-281
-135
41
218
368
476
514
480
370
181
-73
-377
-709
-1046
-1376
-1675
-1928
-2124
-2260
-2329
-2333
-2283
-2186
-2058
-1913
-1754
-1596
-1451
-1327
-1220
-1131
-1059
-996
-929
-857
-765
-650
-515
-362
-199
-29
142
313
482
648
813
985
1171
1378
1605
1856
2118
2370
2590
2743
2807
2766
2623
2392
2091
1742
1376
1018
685
396
165
-2
-94
-118
-76
13
130
259
371
451
489
470
391
246
43
-200
-475
-769
-1057
-1329
-1569
-1772
-1930
-2041
-2103
-2112
-2077
-2004
-1899
-1771
-1629
-1484
-1345
-1212
-1095
-988
-883
-786
-683
-573
-451
-319
-176
-22
136
296
459
619
782
943
1109
1289
1486
1702
1933
2164
2374
2539
2636
2644
2553
2372
2119
1813
1486
1158
846
564
318
118
-32
-131
-178
-179
-140
-80
-14
43
73
68
14
-92
-250
-451
-684
-946
-1215
-1475
-1715
-1918
-2081
-2202
-2282
-2322
-2325
-2297
-2242
-2160
-2064
-1956
-1843
-1733
-1625
-1526
-1422
-1307
-1180
-1028
-858
-668
-468
-262
-59
134
316
479
632
779
920
1070
1234
1420
1631
1849
2061
2244
2368
2412
2363
2225
2011
1737
1429
1122
827
557
325
137
-3
-92
-134
-133
-96
-40
24
76
100
86
24
-86
-242
-439
-666
-910
-1154
-1379
-1584
-1751
-1878
-1973
-2028
-2050
-2048
-2025
-1980
-1910
-1822
-1722
-1617
-1506
-1395
-1286
-1174
-1054
-918
-761
-586
-390
-178
42
261
471
667
847
1020
1183
1339
1502
1677
1874
2076
2272
2445
2569
2622
2596
2487
2309
2078
1811
1542
1280
1034
819
637
487
373
297
257
243
248
265
278
275
243
176
65
-82
-260
-466
-684
-903
-1116
-1310
-1478
-1616
-1723
-1801
-1854
-1877
-1879
-1861
-1821
-1762
-1690
-1606
-1517
-1429
-1338
-1245
-1144
-1025
-879
-705
-495
-260
-10
243
492
719
917
1095
1254
1400
1545
1700
1878
2068
2259
2435
2572
2646
2640
2547
2376
2143
1866
1571
1277
1002
758
555
398
285
216
185
181
195
210
213
189
127
21
-128
-314
-531
-764
-996
-1216
-1410
-1571
-1699
-1790
-1856
-1901
-1929
-1946
-1952
-1944
-1923
-1890
-1845
-1786
-1713
-1631
-1536
-1424
-1295
-1141
-960
-753
-528
-283
-35
205
432
635
812
972
1121
1275
1442
1626
1835
2054
2268
2451
2576
2616
2562
2417
2193
1911
1598
1283
991
743
544
392
290
234
208
201
201
194
172
120
34
-84
-237
-423
-636
-864
-1095
-1319
-1518
-1689
-1830
-1939
-2017
-2071
-2111
-2137
-2152
-2151
-2133
-2094
-2030
-1953
-1860
-1753
-1638
-1512
-1374
-1221
-1045
-848
-625
-377
-115
152
417
676
916
1139
1344
1540
1736
1943
2163
2391
2608
2792
2916
2965
2921
2784
2569
2302
2008
1716
1454
1231
1053
921
831
774
735
704
670
624
562
479
365
229
74
-105
-300
-507
-716
-916
-1107
-1277
-1428
-1561
-1679
-1782
-1874
-1954
-2019
-2057
-2068
-2044
-1986
-1902
-1795
-1678
-1546
-1406
-1261
-1102
-929
-738
-529
-303
-65
175
416
647
868
1079
1287
1491
1707
1945
2193
2437
2657
2822
2909
2900
2791
2593
2332
2040
1747
1480
1247
1063
926
826
758
706
664
618
552
475
378
263
131
-21
-191
-373
-568
-768
-971
-1169
-1350
-1515
-1660
-1794
-1911
-2016
-2110
-2184
-2233
-2250
-2232
-2182
-2102
-2002
-1888
-1763
-1634
-1499
-1351
-1183
-988
-764
-513
-245
32
312
581
831
1060
1266
1464
1661
1865
2078
2287
2476
2615
2684
2669
2561
2380
2145
1887
1641
1421
1243
1106
1005
931
866
800
725
637
535
419
288
150
2
-146
-303
-470
-643
-826
-1009
-1189
-1361
-1518
-1660
-1780
-1882
-1968
-2039
-2093
-2128
-2134
-2112
-2063
-1986
-1889
-1777
-1655
-1530
-1395
-1240
-1061
-859
-627
-377
-114
149
404
645
869
1081
1285
1489
1701
1919
2136
2330
2480
2562
2566
2484
2322
2102
1854
1609
1393
1218
1092
1003
940
890
835
764
673
563
439
306
171
30
-112
-269
-442
-630
-833
-1039
-1240
-1424
-1588
-1724
-1831
-1912
-1971
-2009
-2030
-2029
-2013
-1980
-1935
-1877
-1808
-1734
-1651
-1554
-1445
-1316
-1157
-970
-754
-514
-258
1
252
491
714
922
1128
1338
1560
1795
2022
2218
2356
2418
2390
2272
2088
1863
1627
1413
1234
1101
1001
928
868
802
720
619
494
356
212
72
-57
-177
-291
-404
-530
-668
-826
-994
-1161
-1320
-1453
-1556
-1634
-1681
-1717
-1741
-1749
-1747
-1735
-1704
-1656
-1597
-1528
-1462
-1403
-1346
-1293
-1236
-1169
-1092
-990
-865
-730
-583
-432
-277
-120
31
186
344
510
688
875
1065
1239
1392
1509
1586
1630
1642
1634
1621
1603
1585
1559
1521
1463
1384
1285
1165
1034
900
768
642
523
412
300
183
60
-72
-213
-357
-498
-633
-758
-873
-981
-1082
-1182
-1285
-1386
-1483
-1576
-1651
-1704
-1739
-1744
-1727
-1696
-1651
-1597
-1533
-1455
-1360
-1244
-1105
-949
-782
-606
-427
-249
-69
112
297
491
689
886
1076
1250
1397
1512
1593
1650
1686
1710
1725
1734
1734
1720
1691
1634
1554
1456
1342
1222
1109
996
885
780
671
547
404
238
59
-126
-309
-479
-631
-763
-883
-991
-1097
-1210
-1326
-1440
-1551
-1649
-1728
-1779
-1804
-1809
-1799
-1775
-1748
-1708
-1656
-1589
-1493
-1366
-1213
-1036
-843
-643
-443
-247
-55
135
336
549
770
991
1203
1390
1538
1644
1707
1740
1752
1756
1759
1760
1757
1741
1702
1639
1547
1438
1322
1209
1104
1014
932
846
749
629
476
295
100
-99
-287
-457
-604
-730
-847
-960
-1077
-1197
-1320
-1439
-1544
-1630
-1685
-1714
-1720
-1711
-1694
-1675
-1656
-1629
-1588
-1519
-1422
-1296
-1136
-959
-775
-588
-406
-230
-53
133
335
553
779
1003
1210
1385
1520
1612
1665
1694
1711
1722
1727
1726
1713
1675
1611
1525
1421
1303
1187
1076
978
894
814
726
622
495
344
176
1
-174
-334
-479
-614
-744
-878
-1022
-1172
-1321
-1464
-1589
-1684
-1754
-1795
-1811
-1816
-1810
-1799
-1776
-1736
-1674
-1586
-1469
-1326
-1162
-986
-805
-622
-442
-264
-81
112
319
537
760
977
1169
1333
1457
1543
1602
1644
1679
1712
1745
1764
1763
1732
1672
1586
1480
1367
1251
1147
1046
944
839
715
573
414
245
75
-86
-232
-368
-492
-611
-732
-859
-997
-1140
-1280
-1402
-1505
-1585
-1639
-1673
-1694
-1703
-1709
-1706
-1687
-1648
-1581
-1485
-1357
-1206
-1042
-870
-699
-526
-352
-170
25
238
464
695
917
1118
1284
1409
1500
1564
1607
1644
1677
1708
1728
1735
1720
1677
1610
1524
1426
1323
1221
1123
1020
911
785
638
476
300
115
-64
-231
-385
-527
-662
-795
-930
-1067
-1204
-1330
-1438
-1517
-1574
-1608
-1617
-1613
-1604
-1588
-1569
-1540
-1495
-1431
-1343
-1239
-1115
-978
-834
-682
-521
-349
-161
39
250
471
696
913
1108
1275
1412
1516
1592
1647
1683
1706
1720
1717
1697
1653
1588
1506
1407
1300
1192
1082
975
862
737
604
457
297
135
-26
-181
-329
-468
-605
-743
-883
-1025
-1162
-1292
-1408
-1502
-1581
-1637
-1675
-1695
-1701
-1692
-1671
-1638
-1585
-1513
-1420
-1305
-1174
-1028
-869
-699
-523
-336
-144
53
255
459
662
852
1023
1175
1296
1391
1469
1528
1573
1617
1647
1662
1659
1630
1578
1507
1419
1322
1225
1119
1006
883
743
586
422
249
77
-88
-248
-396
-539
-681
-815
-949
-1079
-1201
-1313
-1415
-1504
-1571
-1627
-1664
-1680
-1684
-1668
-1637
-1594
-1536
-1456
-1357
-1237
-1100
-946
-779
-604
-423
-232
-33
170
376
575
767
947
1103
1235
1341
1428
1501
1560
1609
1642
1659
1659
1636
1595
1537
1464
1375
1277
1169
1049
921
785
637
489
336
186
36
-114
-259
-405
-550
-691
-826
-955
-1082
-1200
-1307
-1403
-1481
-1544
-1587
-1608
-1611
-1594
-1557
-1500
-1428
-1336
-1227
-1104
-966
-819
-662
-495
-324
-143
44
233
420
601
765
908
1035
1140
1229
1305
1366
1419
1458
1480
1491
1480
1453
1414
1361
1298
1227
1143
1047
939
815
683
546
401
256
111
-35
-175
-314
-449
-578
-699
-812
-916
-1011
-1093
-1163
-1223
-1269
-1300
-1317
-1318
-1304
-1276
-1225
-1158
-1076
-981
-880
-770
-652
-527
-393
-251
-103
51
206
359
504
639
761
866
960
1041
1109
1163
1202
1219
1221
1206
1178
1138
1086
1027
959
881
796
701
599
486
370
251
131
14
-102
-215
-321
-422
-516
-605
-682
-754
-822
-884
-941
-989
-1026
-1050
-1062
-1060
-1045
-1016
-974
-919
-848
-764
-670
-562
-442
-315
-184
-52
79
208
334
450
554
645
723
790
847
891
921
941
949
946
930
899
855
800
738
673
604
531
454
377
292
203
109
9
-94
-201
-303
-401
-498
-586
-669
-741
-800
-849
-885
-910
-923
-924
-915
-895
-865
-827
-780
-720
-651
-569
-478
-379
-274
-165
-54
58
166
270
372
464
548
625
690
746
787
817
836
839
833
819
794
759
715
664
602
529
450
362
268
167
65
-36
-133
-226
-314
-396
-474
-546
-609
-672
-727
-774
-815
-847
-865
-871
-867
-846
-815
-770
-711
-643
-570
-493
-411
-327
-237
-147
-57
39
138
241
343
441
534
617
689
752
803
842
869
883
887
876
854
822
779
728
667
597
522
439
351
261
168
75
-17
-110
-198
-283
-366
-441
-510
-574
-629
-677
-715
-747
-768
-780
-780
-772
-758
-733
-699
-658
-607
-549
-481
-406
-323
-237
-148
-56
38
130
222
308
387
462
528
588
642
690
733
770
792
803
803
786
758
718
668
611
549
486
418
347
272
195
117
39
-35
-105
-174
-241
-304
-366
-423
-476
-526
-568
-602
-628
-645
-657
-662
-661
-648
-628
-600
-563
-517
-467
-408
-340
-269
-191
-114
-35
45
122
196
266
335
398
458
511
556
591
616
631
636
632
621
604
580
544
501
452
397
339
278
215
153
87
23
-43
-107
-170
-232
-286
-337
-384
-428
-473
-509
-540
-568
-586
-599
-608
-603
-594
-575
-546
-507
-463
-407
-351
-289
-219
-148
-76
-5
71
145
216
284
342
396
441
481
518
547
568
582
589
584
572
555
534
511
482
446
407
363
310
257
199
142
84
22
-41
-105
-168
-230
-289
-343
-395
-440
-483
-524
-558
-586
-606
-616
-614
-603
-581
-552
-515
-474
-430
-383
-331
-275
-215
-150
-85
-21
44
104
162
215
268
317
362
403
439
467
490
508
518
522
518
512
500
480
455
425
389
347
294
243
188
130
71
14
-41
-96
-151
-200
-247
-293
-333
-370
-398
-418
-433
-443
-450
-451
-450
-444
-435
-422
-401
-376
-351
-321
-288
-250
-206
-159
-110
-55
-1
50
102
152
201
246
287
325
361
386
409
424
431
433
429
416
397
372
348
319
285
254
220
184
146
107
68
30
-11
-47
-81
-114
-143
-174
-204
-225
-248
-265
-276
-284
-289
-292
-296
-296
-293
-287
-275
-256
-231
-204
-176
-146
-115
-84
-48
-9
29
69
108
140
170
194
214
233
241
248
253
252
246
238
224
211
195
181
168
153
138
120
98
76
52
24
-4
-31
-57
-81
-103
-127
-146
-163
-179
-191
-203
-211
-213
-213
-211
-205
-197
-189
-181
-170
-153
-130
-108
-85
-61
-37
-15
8
30
54
79
100
122
145
168
184
198
207
212
214
211
203
198
189
174
162
144
124
101
75
53
31
9
-16
-37
-58
-83
-106
-129
-152
-174
-193
-206
-219
-229
-233
-236
-237
-232
-225
-217
-202
-188
-175
-160
-145
-131
-113
-95
-72
-48
-25
1
31
57
85
111
136
162
185
204
221
235
247
250
251
253
247
240
229
218
206
188
171
153
132
108
82
57
30
1
-26
-51
-74
-99
-124
-147
-167
-186
-202
-216
-226
-237
-244
-247
-248
-243
-233
-222
-208
-191
-177
-160
-140
-121
-98
-77
-47
-20
5
33
62
88
111
135
158
179
198
214
227
234
238
242
242
242
239
229
218
206
192
175
158
143
125
104
83
58
33
10
-10
-33
-55
-76
-96
-118
-130
-139
-148
-153
-161
-166
-174
-181
-183
-182
-175
-167
-156
-146
-135
-122
-109
-95
-80
-65
-50
-30
-10
6
25
42
58
71
83
95
109
118
126
135
142
142
141
137
127
119
113
107
103
96
87
79
69
55
40
29
19
9
-2
-16
-29
-40
-55
-67
-73
-79
-82
-84
-84
-89
-92
-94
-93
-87
-82
-76
-67
-58
-55
-49
-42
-34
-25
-13
-1
9
22
34
43
54
65
74
82
89
94
101
104
105
104
97
90
79
70
60
48
35
23
12
1
-11
-21
-31
-36
-43
-51
-55
-61
-71
-81
-89
-100
-109
-117
-123
-123
-124
-121
-116
-114
-109
-102
-92
-81
-73
-62
-52
-42
-26
-16
-2
15
26
35
46
56
60
66
75
81
84
88
88
87
84
78
73
69
63
55
50
40
30
23
13
6
4
-4
-10
-14
-23
-30
-36
-42
-49
-55
-64
-72
-81
-91
-97
-103
-108
-105
-103
-99
-94
-88
-79
-74
-65
-53
-44
-34
-24
-20
-17
-11
-5
2
11
21
31
44
58
72
86
99
114
125
130
138
143
145
146
146
145
141
139
140
138
137
139
136
133
126
118
113
106
99
95
88
82
75
64
54
46
34
25
17
9
2
-1
-4
-5
-9
-8
-7
-5
0
3
9
12
14
20
21
21
25
27
29
31
39
44
50
60
64
70
75
75
73
72
68
65
63
56
52
50
45
46
49
52
56
58
57
56
58
57
53
52
48
43
38
31
24
19
14
10
2
-2
-5
-8
-9
-12
-12
-12
-15
-14
-16
-20
-21
-23
-30
-34
-39
-47
-53
-63
-71
-78
-85
-92
-97
-99
-100
-104
-106
-110
-114
-117
-119
-121
-122
-126
-133
-135
-139
-143
-145
-144
-138
-134
-128
-125
-121
-118
-116
-114
-115
-114
-114
-114
-111
-110
-110
-109
-107
-101
-97
-90
-82
-79
-74
-67
-63
-63
-62
-60
-61
-61
-62
-61
-62
-63
-59
-58
-57
-57
-55
-50
-48
-42
-39
-41
-38
-39
-39
-38
-40
-40
-44
-49
-52
-55
-55
-54
-54
-50
-46
-43
-42
-42
-36
-29
-27
-20
-18
-17
-16
-20
-21
-23
-25
-27
-24
-21
-19
-15
-7
-2
4
8
13
17
18
18
16
17
17
18
21
21
23
24
24
26
27
30
33
34
31
26
21
16
10
7
6
7
7
6
4
0
0
1
1
2
2
1
0
1
0
1
0
-3
-6
-10
-14
-19
-21
-19
-18
-14
-12
-9
-6
-3
3
9
15
22
29
36
41
46
52
55
57
57
59
59
57
57
58
58
56
55
55
53
50
47
46
42
36
34
29
22
18
18
12
4
-2
-6
-7
-10
-14
-15
-21
-26
-31
-39
-45
-53
-57
-60
-62
-64
-64
-63
-63
-63
-63
-65
-62
-61
-61
-57
-55
-55
-56
-57
-57
-58
-60
-59
-55
-57
-60
-58
-60
-62
-63
-63
-61
-59
-59
-59
-55
-54
-56
-54
-51
-52
-53
-50
-50
-49
-45
-46
-41
-33
-31
-20
-10
-2
9
18
28
41
51
60
70
82
90
101
114
125
139
152
166
186
201
216
231
245
259
269
277
284
291
296
300
307
311
314
318
318
317
312
307
304
300
294
286
276
265
251
241
230
217
204
192
183
172
160
147
134
124
114
106
100
91
88
85
79
77
71
65
57
50
45
39
34
31
27
23
21
20
19
20
22
24
18
14
7
-2
-9
-21
-32
-44
-56
-63
-74
-84
-95
-107
-117
-129
-139
-152
-168
-181
-197
-208
-220
-231
-240
-249
-254
-257
-263
-266
-269
-271
-273
-275
-274
-272
-273
-275
-273
-269
-269
-265
-259
-254
-245
-235
-227
-216
-205
-197
-187
-175
-166
-154
-141
-129
-111
-99
-86
-71
-58
-47
-34
-20
-9
4
15
28
45
55
69
82
93
107
117
126
133
138
144
147
152
157
162
166
168
175
178
181
183
181
181
178
172
167
161
152
145
135
125
117
109
103
97
90
85
82
75
69
67
62
58
52
48
46
44
42
41
42
41
41
43
49
52
55
59
62
67
72
75
81
84
90
94
100
105
109
117
124
129
135
137
139
142
143
143
145
144
141
140
137
136
130
125
125
120
115
111
106
101
98
93
91
88
84
79
75
74
71
66
62
60
55
50
48
44
41
38
36
39
36
35
37
36
36
39
39
37
36
34
31
33
32
31
34
33
32
33
33
31
31
28
25
24
19
13
9
6
4
-3
-7
-7
-11
-11
-14
-16
-20
-26
-27
-28
-32
-34
-35
-39
-40
-40
-39
-40
-40
-42
-43
-44
-47
-53
-56
-60
-63
-62
-64
-67
-68
-68
-68
-68
-68
-67
-66
-65
-64
-65
-70
-75
-78
-78
-81
-82
-81
-80
-80
-81
-84
-86
-88
-92
-94
-98
-105
-110
-113
-120
-123
-125
-130
-131
-134
-137
-142
-146
-150
-156
-157
-162
-164
-165
-167
-170
-173
-175
-176
-181
-183
-184
-186
-187
-186
-185
-183
-179
-176
-172
-169
-167
-158
-154
-152
-148
-145
-141
-140
-138
-135
-131
-125
-121
-119
-115
-110
-105
-101
-94
-89
-87
-86
-82
-79
-80
-81
-79
-75
-74
-73
-70
-68
-63
-59
-54
-48
-45
-40
-39
-37
-34
-34
-34
-33
-31
-31
-27
-26
-24
-23
-22
-17
-14
-13
-13
-12
-12
-10
-8
-6
-6
-6
-5
-3
-8
-11
-11
-14
-17
-19
-24
-25
-27
-29
-31
-32
-33
-34
-38
-39
-39
-38
-36
-35
-33
-30
-28
-24
-19
-15
-9
-6
-3
3
9
12
14
17
21
22
24
26
29
29
31
37
43
46
50
54
61
69
74
79
84
87
91
94
95
98
101
102
106
109
112
116
120
123
123
123
124
125
120
116
114
109
107
103
98
97
95
93
92
87
84
80
78
79
75
68
65
62
59
57
51
46
41
36
33
27
21
15
10
7
5
1
1
0
0
3
4
7
10
12
16
20
22
26
29
30
35
37
42
50
58
63
67
75
82
86
89
89
92
95
93
95
96
94
95
97
99
101
100
97
97
95
93
87
79
74
69
60
55
48
40
38
33
28
25
18
14
9
4
4
0
-2
1
-2
-2
0
-2
1
1
0
-1
-3
-1
-2
-4
-7
-4
0
-1
1
5
4
6
9
11
14
15
13
14
16
17
18
21
24
26
30
34
34
36
39
39
40
40
38
34
30
27
24
21
17
17
14
12
11
6
2
-1
-5
-9
-11
-13
-14
-17
-20
-20
-23
-26
-25
-27
-28
-28
-26
-24
-29
-31
-31
-31
-28
-27
-26
-24
-25
-21
-17
-17
-16
-12
-8
-2
3
4
7
13
17
20
23
30
33
35
38
40
43
44
44
48
47
46
49
47
47
50
47
46
48
48
49
45
46
43
43
42
37
35
31
28
25
20
16
12
8
6
4
0
-3
-6
-8
-13
-14
-15
-17
-18
-21
-20
-19
-18
-20
-19
-16
-18
-16
-15
-15
-11
-10
-14
-9
-9
-11
-8
-7
-5
-3
-3
-3
-2
-2
-1
2
2
2
5
5
5
5
4
2
3
1
-1
0
-1
-5
-6
-10
-12
-11
-16
-18
-18
-22
-24
-27
-29
-32
-34
-35
-35
-36
-35
-35
-36
-35
-34
-32
-33
-36
-35
-35
-35
-34
-35
-34
-35
-35
-34
-32
-34
-34
-32
-33
-34
-36
-38
-36
-33
-34
-33
-31
-31
-30
-31
-34
-34
-33
-36
-36
-37
-38
-37
-38
-42
-42
-43
-46
-46
-45
-47
-48
-50
-52
-54
-55
-58
-56
-57
-59
-56
-53
-51
-50
-49
-48
-46
-42
-41
-40
-37
-35
-32
-29
-29
-25
-24
-21
-15
-11
-8
-6
-5
-3
1
5
5
8
11
14
21
24
24
27
30
28
31
32
29
29
28
26
25
22
18
17
15
13
13
14
10
8
6
3
0
-4
-6
-11
-14
-16
-19
-19
-23
-27
-29
-30
-31
-32
-35
-34
-35
-37
-38
-40
-43
-41
-41
-37
-33
-30
-28
-24
-21
-17
-13
-12
-10
-5
-1
5
9
9
12
13
12
16
20
20
22
24
22
23
23
22
21
23
19
18
20
15
13
10
6
3
-1
-5
-7
-10
-14
-21
-20
-21
-23
-25
-27
-29
-32
-36
-38
-39
-41
-41
-41
-43
-44
-42
-41
-38
-33
-30
-28
-24
-19
-15
-16
-15
-12
-7
-6
-5
1
4
5
7
13
18
20
25
27
28
28
29
28
26
27
29
28
31
30
28
30
30
31
32
30
32
32
31
31
27
22
17
16
16
13
9
5
0
0
0
0
-1
-3
-5
-7
-8
-6
-5
-4
-3
-3
-2
0
1
-1
-1
1
1
1
1
5
6
8
14
16
19
20
23
30
30
29
34
32
35
38
39
42
42
43
47
48
51
53
48
47
48
49
45
45
43
39
37
34
33
31
27
26
24
22
23
19
16
16
15
10
5
4
2
1
1
-2
-1
0
0
4
5
6
8
8
12
15
15
17
16
20
21
21
24
22
27
29
27
30
29
30
33
31
30
27
27
25
23
23
20
19
17
12
7
2
-4
-4
-8
-11
-15
-17
-20
-23
-25
-27
-29
-29
-29
-30
-30
-29
-31
-31
-31
-34
-34
-32
-31
-28
-26
-24
-23
-21
-18
-15
-13
-11
-8
-3
0
2
5
8
11
16
18
19
22
23
25
28
32
32
29
30
33
30
31
30
33
33
32
34
31
32
32
34
34
31
30
28
26
26
23
22
20
17
15
17
15
13
11
7
5
5
4
4
3
2
0
-3
-3
-5
-5
-6
-9
-10
-9
-6
-7
-9
-8
-8
-7
-6
-5
-4
-3
-2
-1
-1
-3
-1
1
-1
-1
-3
-3
-3
-3
-2
-1
-1
-2
-3
-1
-1
0
-1
-3
0
1
1
2
2
3
3
6
9
8
7
8
9
9
10
12
11
11
13
14
13
12
13
13
12
13
15
16
18
17
17
16
15
15
11
10
9
4
1
-4
-5
-5
-7
-9
-12
-13
-13
-13
-14
-17
-22
-25
-25
-25
-25
-26
-27
-28
-27
-29
-26
-27
-29
-31
-30
-29
-30
-29
-28
-26
-23
-21
-21
-21
-20
-20
-17
-14
-13
-12
-13
-13
-13
-15
-15
-16
-12
-9
-12
-11
-11
-12
-13
-14
-16
-18
-18
-16
-17
-16
-18
-18
-18
-19
-19
-16
-15
-15
-13
-17
-16
-16
-18
-18
-18
-19
-19
-15
-12
-11
-9
-8
-10
-9
-9
-9
-9
-11
-13
-12
-12
-14
-12
-10
-9
-9
-8
-8
-7
-6
-5
-6
-5
-6
-6
-2
-1
-4
-3
1
1
2
2
1
0
-3
-4
-7
-8
-8
-9
-10
-9
-9
-11
-8
-8
-9
-5
-7
-9
-9
-11
-13
-12
-12
-12
-10
-10
-10
-8
-8
-8
-8
-8
-9
-6
-6
-6
-6
-3
-1
1
5
7
10
12
12
14
14
13
14
14
16
16
16
13
12
14
12
15
17
16
16
17
21
19
21
23
20
21
21
22
20
21
22
22
23
23
23
25
23
22
23
20
16
16
16
14
12
13
12
11
9
10
9
8
8
5
2
-1
-4
-5
-8
-11
-10
-6
-8
-6
-5
-5
-6
-11
-13
-11
-14
-14
-10
-8
-9
-7
-8
-11
-5
-3
-4
0
-1
1
2
0
4
3
1
3
4
7
9
8
8
6
3
2
5
4
2
1
0
-5
-5
-3
-1
-2
-5
-5
-6
-9
-7
-6
-9
-6
-5
-7
-4
-5
-4
-2
-3
-2
0
3
5
11
9
8
11
9
11
13
16
19
22
23
24
24
26
28
26
26
28
28
26
28
27
27
28
26
24
24
25
23
19
16
14
13
11
10
7
6
6
1
-1
-3
-10
-7
-8
-12
-11
-12
-15
-18
-16
-18
-21
-22
-22
-21
-23
-23
-21
-22
-21
-21
-21
-19
-18
-15
-13
-12
-11
-10
-5
-2
1
3
4
6
7
9
9
10
13
14
14
13
16
17
17
18
15
14
15
12
12
10
8
7
6
4
4
6
2
1
2
-2
-3
-5
-8
-9
-11
-12
-14
-16
-15
-18
-17
-16
-17
-15
-12
-13
-14
-12
-11
-9
-7
-8
-4
-3
1
4
5
7
8
11
12
10
12
12
13
13
10
11
12
13
12
11
12
11
7
7
8
9
9
7
4
7
6
5
4
4
3
2
-1
-3
-6
-5
-3
-8
-9
-8
-8
-9
-11
-10
-10
-12
-12
-11
-12
-16
-15
-14
-18
-19
-16
-18
-19
-18
-18
-15
-17
-16
-14
-15
-14
-11
-12
-11
-13
-14
-15
-18
-16
-13
-12
-12
-9
-9
-9
-7
-8
-5
-3
-1
0
0
-1
1
2
4
8
11
13
14
16
15
17
16
17
17
17
19
21
22
21
21
23
23
22
23
25
27
25
22
22
24
24
21
21
20
19
18
16
12
10
12
11
11
10
9
8
6
6
6
3
3
5
2
2
2
1
2
2
3
5
3
0
2
4
3
1
0
-2
-1
-3
-4
-5
-5
-5
-4
-6
-6
-7
-7
-5
-6
-6
-7
-7
-9
-7
-10
-13
-13
-15
-13
-11
-11
-11
-11
-13
-13
-14
-15
-16
-16
-16
-16
-15
-15
-16
-15
-13
-11
-11
-6
-6
-6
-7
-8
-8
-7
-4
-7
-7
-4
-3
-2
-3
-2
0
-2
-3
-3
-3
-2
-1
-2
-1
-1
-1
-1
1
3
2
0
-3
-2
-1
0
1
-2
-2
-1
-2
-5
-7
-8
-8
-5
-4
-5
-7
-7
-5
-3
-6
-4
-6
-6
-4
-2
2
4
7
8
8
7
10
8
12
13
11
12
12
10
11
15
16
13
15
18
17
17
17
15
15
14
14
12
14
15
14
11
11
11
10
8
7
8
6
2
2
0
-2
0
-1
-2
-4
-5
-9
-9
-9
-12
-11
-11
-12
-12
-11
-10
-9
-8
-8
-12
-13
-13
-12
-11
-12
-11
-11
-10
-12
-13
-10
-13
-13
-12
-13
-13
-14
-12
-10
-8
-7
-7
-7
-7
-9
-11
-11
-11
-11
-9
-7
-5
-3
-2
-2
-2
-1
-1
-3
-2
-1
-1
0
0
1
4
4
4
8
7
8
9
7
6
8
9
10
10
12
11
9
9
10
8
8
7
6
9
8
6
5
4
4
2
3
5
5
5
4
5
2
3
2
2
3
0
1
-1
-3
-1
1
0
-1
2
1
0
-1
-3
0
2
3
3
4
7
5
5
9
8
8
6
6
5
5
5
2
5
5
1
-2
-4
-3
-3
-4
-5
-5
-6
-8
-9
-11
-11
-11
-11
-11
-11
-12
-10
-10
-9
-9
-9
-8
-7
-6
-6
-7
-5
-6
-6
-5
-4
1
2
0
0
1
0
1
6
5
5
7
7
8
7
7
9
10
10
10
11
8
8
10
7
5
4
3
3
-1
-2
-2
-1
-3
-4
-3
-5
-4
-7
-6
-4
-6
-6
-5
-5
-5
-3
-1
-2
0
0
-1
0
1
2
1
2
3
5
6
6
7
6
7
6
5
6
7
7
7
9
8
9
7
5
8
6
4
2
1
3
3
4
4
5
6
3
2
0
-2
-3
-3
0
-1
1
0
-1
-2
-2
-1
-1
-1
-1
1
2
1
3
2
1
1
1
0
1
2
2
2
1
2
4
2
2
2
1
1
-2
-1
-1
-1
1
1
0
1
2
2
1
-1
-3
-4
-5
-5
-4
-4
-4
-1
-1
-4
-5
-5
-4
-5
-4
-3
-3
-4
-4
-2
-2
1
2
2
2
2
1
3
2
0
-2
-2
-2
-2
1
-2
-5
-3
-3
-3
-3
-1
2
1
1
2
1
-1
2
2
-1
-1
-2
-3
-2
-4
-3
-1
-1
0
0
0
-2
-2
-3
-3
-4
-4
-2
-3
-3
-3
-3
-4
-5
-2
-3
-4
-4
-5
-8
-5
-4
-6
-6
-6
-7
-4
-5
-6
-2
-3
-1
-1
-1
0
-2
-2
-2
-4
-3
-4
-2
-2
-1
1
-2
-3
-2
-2
0
-2
-1
1
-1
0
1
-1
1
3
0
3
3
5
8
8
7
7
7
5
7
9
9
11
11
8
9
9
8
7
7
7
9
8
5
3
1
-1
-2
-3
-5
-3
-3
-4
-4
-5
-7
-6
-6
-8
-3
0
-2
-2
-2
-1
-1
-2
-2
1
3
3
2
2
1
4
6
6
6
5
5
6
5
5
6
5
3
2
0
1
-1
-2
0
-1
2
1
-2
-2
-5
-5
-8
-8
-9
-10
-10
-9
-8
-9
-9
-9
-8
-7
-5
-3
-4
-3
-3
-4
-3
-2
-3
-1
-2
-4
-3
-3
-2
0
-2
-1
-3
-5
-4
-6
-9
-8
-7
-8
-7
-8
-8
-9
-4
-4
-7
-3
-3
-3
-4
-7
-7
-4
-4
-4
-2
0
2
2
3
4
5
5
4
3
5
5
4
3
3
9
9
7
7
6
8
8
8
10
11
12
12
10
9
9
7
7
7
8
9
8
8
9
9
9
9
11
12
12
12
9
9
7
7
11
9
10
11
9
10
10
9
7
7
9
7
9
9
9
11
8
8
8
6
4
1
-1
0
1
-1
-2
-3
-2
-2
-4
-5
-7
-7
-5
-7
-7
-6
-9
-10
-10
-8
-7
-6
-6
-4
-5
-5
-4
-7
-7
-5
-5
-6
-5
-2
-2
-5
-3
-1
-1
-2
-3
-5
-4
-2
-4
-5
-7
-7
-10
-10
-8
-10
-9
-8
-8
-7
