-6
-5
-1
1
-2
-2
-1
1
3
3
0
1
2
2
4
7
6
6
6
3
6
9
7
6
8
4
3
3
2
-2
-4
-4
-4
-5
-4
-4
-2
-2
-2
-2
-3
-5
-5
-7
-8
-6
-5
-6
-6
-5
-3
0
-1
1
-1
-2
0
2
3
2
2
2
5
6
4
7
8
7
7
9
12
10
10
9
8
7
9
10
9
11
12
14
12
12
11
8
9
8
10
8
7
7
6
6
5
5
4
4
6
7
6
6
9
6
4
3
1
1
0
1
0
1
2
-1
-2
-3
-7
-9
-8
-8
-8
-6
-6
-8
-10
-12
-14
-14
-19
-18
-16
-17
-18
-15
-16
-16
-17
-18
-19
-16
-16
-16
-14
-12
-14
-12
-11
-14
-13
-12
-10
-7
-5
0
3
3
2
4
6
6
4
2
3
4
5
7
5
1
0
3
2
1
2
-1
1
2
1
0
-1
-3
-5
-4
-5
-3
-1
-2
-4
-4
-2
-3
-2
-4
-5
-5
-4
-3
-4
-5
-5
-5
-4
-2
-4
-3
-2
-2
-3
-3
-5
-5
-3
-4
-2
0
-2
0
2
3
1
1
2
1
2
3
2
1
1
4
2
3
6
4
5
7
5
6
6
7
6
8
10
9
12
10
8
8
8
9
9
10
9
10
11
6
6
6
4
5
5
4
5
7
7
5
5
7
7
5
5
5
5
6
6
3
3
4
0
-3
-1
-4
-2
-2
-3
-1
-1
-2
-2
-2
-3
-3
-1
0
1
1
0
3
4
4
3
2
3
3
6
6
8
8
8
9
5
3
4
3
2
4
5
4
6
7
6
3
6
5
4
6
6
1
2
4
2
-1
-2
0
-1
-4
-4
-5
-4
-7
-10
-11
-11
-12
-12
-12
-12
-11
-12
-12
-10
-11
-12
-10
-8
-7
-6
-4
-4
-2
-3
-2
-1
-2
-1
0
1
3
5
6
8
6
6
7
5
5
8
8
7
8
8
9
9
8
8
7
8
11
8
8
9
8
6
6
7
5
4
4
2
3
5
1
0
2
1
1
1
-1
-3
-4
-2
-3
-6
-5
-6
-8
-7
-7
-8
-10
-10
-7
-8
-7
-6
-6
-5
-7
-7
-5
-5
-7
-7
-9
-9
-6
-6
-5
-4
-2
-2
-1
-1
0
-1
0
1
1
1
3
1
1
1
0
0
2
0
0
2
1
1
0
-3
0
0
0
-1
1
3
4
3
0
1
1
0
-3
-2
-1
0
0
-1
-1
-4
-6
-5
-7
-7
-4
-5
-5
-4
-3
-5
-4
-3
-4
-6
-4
-2
-2
-2
-3
-3
-4
-4
-6
-6
-6
-6
-5
-3
-5
-4
-2
-3
-4
-3
-4
-4
-2
-1
-2
0
0
0
1
0
0
2
2
2
3
4
5
5
4
5
6
5
4
5
3
3
3
3
5
4
2
3
5
4
4
5
6
7
10
7
4
4
4
3
3
3
1
2
4
2
3
2
2
-1
0
1
-1
-1
1
0
3
3
5
5
3
4
6
7
7
7
6
7
6
5
7
6
5
3
4
5
2
3
1
1
1
0
2
0
-2
-2
-2
-2
-2
-4
-4
-5
-4
-3
-7
-7
-4
-5
-5
-4
-2
-3
-4
-2
-3
-2
-1
0
0
-1
0
-1
0
1
2
1
-1
-1
0
0
-1
-2
-2
-3
-4
-7
-8
-9
-8
-8
-9
-11
-11
-13
-14
-14
-14
-10
-9
-8
-8
-7
-6
-4
-2
-6
-5
-1
-2
0
-1
0
1
0
2
4
1
1
3
3
2
2
4
2
2
0
0
1
-1
-2
-1
2
3
0
0
0
1
-1
2
0
-1
0
1
1
0
1
0
1
4
1
3
5
6
6
6
6
8
9
11
12
11
10
12
13
11
11
10
8
7
6
6
4
5
5
4
2
2
0
0
1
1
0
-1
0
0
0
0
0
0
1
1
1
3
3
5
4
5
4
5
5
3
5
4
5
6
6
5
6
5
5
5
3
4
2
4
6
4
6
8
7
8
6
5
5
3
4
7
6
6
5
3
2
4
3
2
3
2
3
4
2
3
4
3
4
5
5
6
4
4
5
2
3
3
0
-1
-3
-2
0
-2
-1
-1
-1
-1
0
-3
-3
-3
-4
-4
-4
-1
-2
-1
-3
-5
-5
-6
-7
-9
-9
-8
-9
-5
-7
-8
-6
-7
-9
-8
-9
-9
-7
-9
-7
-6
-10
-10
-8
-9
-8
-6
-6
-4
-5
-3
0
-1
-3
-2
-1
1
-2
-4
-3
-3
-4
-3
-3
-8
-7
-6
-7
-9
-6
-9
-8
-6
-7
-9
-7
-7
-9
-8
-7
-7
-8
-8
-7
-10
-10
-9
-12
-10
-11
-11
-9
-8
-9
-10
-12
-9
-11
-11
-9
-10
-8
-5
-6
-7
-6
-5
-5
-3
-3
-5
-5
-3
-5
-5
-4
-5
-4
-3
-2
-2
0
0
-1
-1
0
1
1
4
4
5
6
8
8
6
6
6
4
4
4
4
5
5
5
4
4
5
6
6
7
6
5
4
5
3
3
3
0
2
3
2
2
0
-1
0
1
1
0
0
-2
-1
-2
-2
0
-1
2
-1
-3
-2
-3
-3
-2
-4
-3
-1
2
3
-1
-2
1
2
2
4
4
4
8
8
6
9
8
8
10
8
9
9
9
9
11
8
9
8
8
11
8
9
11
8
10
11
8
7
7
7
6
3
1
2
2
2
4
2
1
0
-2
-3
-4
-4
-1
1
-1
-1
1
-1
-3
-5
-4
-4
-3
-1
-1
-1
-1
-1
-2
-1
-2
-3
-2
-1
-1
-1
-2
1
3
4
2
0
0
1
2
2
5
5
5
5
4
5
5
6
5
3
1
3
2
1
3
3
4
7
5
5
7
7
4
5
3
1
3
1
2
4
5
6
2
3
3
0
0
-2
-4
-4
-3
-1
-4
-5
-3
-4
-6
-7
-10
-9
-6
-8
-6
-5
-2
0
-2
-1
-2
0
0
0
2
1
2
3
2
1
0
-1
-2
-1
0
0
-1
0
-2
-1
-2
-4
-4
-5
-6
-5
-7
-7
-7
-6
-5
-6
-10
-9
-8
-10
-7
-8
-9
-10
-10
-9
-10
-10
-9
-11
-10
-6
-8
-8
-6
-6
-5
-4
-2
-1
-5
-5
-4
-3
-1
-1
0
1
2
1
2
1
0
2
3
4
5
5
8
8
9
9
6
4
6
4
2
5
4
4
3
4
2
-1
-1
-2
-1
-2
-2
-1
-1
-2
0
1
-1
0
4
5
7
6
6
7
3
5
6
6
7
9
10
10
9
7
6
6
5
3
5
6
3
3
3
6
4
3
4
4
4
4
5
5
5
6
5
6
7
7
6
7
8
6
6
3
3
4
1
1
1
0
0
0
0
2
2
1
0
-1
2
1
-2
-2
-1
5
3
3
6
5
4
2
0
-2
-3
-4
-2
1
1
0
-3
-2
-3
-5
-4
-5
-5
-4
-3
-1
-2
-3
-5
-5
-7
-7
-4
-5
-6
-6
-3
-1
-4
-3
-3
-5
-5
-4
-4
-3
-3
-3
-4
-5
-3
-6
-5
-4
-4
-4
-7
-6
-4
-8
-6
-7
-8
-9
-11
-9
-9
-9
-8
-12
-12
-11
-13
-11
-9
-9
-8
-6
-5
-3
-2
-4
-5
-6
-4
-4
-2
-2
0
2
1
-1
2
3
2
3
3
3
4
5
7
9
10
9
8
5
6
7
7
7
7
8
9
9
8
4
4
3
1
3
4
1
-1
-2
1
1
-1
-3
-5
-7
-7
-7
-8
-5
-6
-5
-4
-5
-4
-6
-5
-5
-5
-5
-5
-4
-1
1
1
1
-2
-1
3
0
0
0
-1
-1
2
6
2
2
5
4
3
4
3
2
3
3
3
0
2
3
2
1
2
2
2
3
2
1
0
-2
-2
-2
-1
-1
-4
-4
-3
-5
-6
-7
-8
-8
-10
-9
-9
-8
-8
-6
-6
-5
-5
-8
-8
-5
-4
-3
-1
0
0
4
6
4
3
4
5
7
7
8
12
9
7
9
8
8
6
7
4
5
4
4
2
-1
2
1
-3
-4
-6
-7
-9
-11
-11
-11
-7
-4
-5
-7
-9
-8
-8
-7
-4
-4
-4
-1
0
-2
0
0
0
2
4
5
6
7
8
9
9
10
12
10
13
17
16
14
15
16
17
16
16
15
18
19
17
12
13
12
11
8
7
7
7
6
6
5
2
2
3
3
-1
-1
-2
-6
-5
-3
-3
-2
-2
0
2
1
1
-1
-2
-2
-3
-2
-1
0
1
4
6
3
1
-2
0
0
0
1
2
2
2
4
2
3
4
1
1
3
0
0
0
-1
2
2
0
0
-3
-1
-2
-3
-4
-5
-4
-6
-6
-5
-4
-3
-2
-2
-4
-6
-5
-5
-4
-4
-5
-4
-6
-6
-7
-6
-4
-4
-5
-4
-4
-6
-7
-6
-2
-2
1
0
-1
2
1
0
-2
-2
1
1
1
-1
0
0
-1
1
0
-2
-3
-1
-2
-2
0
-1
-1
0
2
2
1
2
3
2
1
1
1
4
3
4
5
4
4
4
3
2
1
3
2
2
1
0
0
-1
2
0
1
3
3
3
1
0
2
2
2
2
1
3
2
2
-1
-3
-2
-2
-4
-6
-6
-5
-4
-1
-5
-6
-6
-9
-8
-7
-7
-5
-5
-5
-4
0
-1
-2
0
1
4
2
1
4
-1
2
6
4
2
5
6
2
1
2
-1
0
1
1
2
1
1
3
4
1
-1
-2
-3
-1
2
2
3
2
0
-1
-1
-2
-4
-4
-4
-3
-4
-8
-5
-7
-8
-9
-9
-9
-10
-9
-7
-9
-9
-7
-6
-8
-9
-9
-9
-10
-9
-8
-7
-6
-7
-10
-10
-10
-10
-12
-13
-12
-13
-10
-10
-11
-10
-9
-9
-10
-10
-11
-7
-9
-11
-11
-11
-12
-10
-10
-13
-9
-6
-11
-10
-10
-12
-11
-11
-11
-8
-8
-10
-10
-12
-10
-8
-9
-9
-7
-9
-10
-8
-6
-7
-8
-7
-6
-9
-8
-8
-7
-6
-6
-6
-7
-7
-6
-5
-3
-4
-3
-2
-3
1
2
1
2
2
4
5
2
0
3
5
4
3
3
0
0
2
4
7
7
3
3
2
2
3
4
7
9
10
13
14
16
17
16
19
17
15
19
20
21
22
19
21
23
25
26
25
27
28
30
27
27
31
31
31
34
35
38
37
39
40
41
42
42
44
46
47
48
50
50
48
49
51
50
49
52
54
55
54
54
53
57
57
55
54
53
53
50
49
54
54
51
53
52
48
48
49
47
48
47
49
48
45
45
46
44
45
44
42
42
43
40
37
36
33
31
32
33
31
30
29
29
25
23
20
17
15
12
11
10
9
10
7
6
5
1
-4
-7
-9
-13
-17
-20
-19
-21
-24
-27
-30
-34
-36
-37
-43
-46
-48
-51
-53
-57
-61
-63
-64
-66
-67
-68
-69
-70
-71
-74
-74
-77
-79
-79
-80
-78
-76
-77
-76
-76
-79
-81
-81
-85
-87
-87
-89
-87
-86
-87
-85
-86
-87
-86
-90
-91
-89
-89
-87
-85
-82
-80
-78
-78
-76
-73
-72
-69
-69
-64
-62
-59
-57
-55
-52
-52
-55
-52
-51
-47
-45
-45
-42
-40
-37
-34
-32
-30
-32
-30
-28
-27
-26
-24
-21
-21
-18
-16
-15
-13
-14
-11
-11
-12
-10
-11
-11
-10
-9
-7
-5
-5
-3
-2
-1
-2
-2
0
1
-1
-4
-2
1
2
3
2
2
4
4
3
3
2
1
-1
-3
0
-1
-3
-2
-3
-1
0
-3
-5
-7
-8
-8
-9
-11
-15
-14
-15
-16
-17
-19
-18
-20
-21
-21
-25
-26
-25
-27
-25
-24
-25
-24
-20
-17
-16
-18
-18
-16
-14
-13
-15
-15
-14
-12
-9
-8
-8
-8
-9
-6
-5
-5
-4
-5
-2
-2
-3
0
-1
-1
0
1
5
6
9
10
12
12
10
13
13
15
16
17
18
20
24
24
26
25
25
26
28
30
28
28
30
36
38
42
43
41
43
47
46
45
48
49
49
51
53
51
50
51
55
55
56
56
54
54
55
56
57
58
58
58
56
57
59
58
56
60
61
62
63
64
63
62
63
65
63
62
63
64
66
68
69
69
71
71
71
70
69
71
73
71
70
72
73
74
73
73
74
73
72
71
70
68
69
68
65
65
65
66
64
61
62
62
59
59
57
55
55
55
52
50
51
51
51
50
49
46
44
44
40
38
36
34
34
33
32
30
27
28
27
23
19
15
11
10
7
3
1
2
0
-4
-6
-10
-13
-13
-17
-22
-26
-30
-32
-33
-38
-41
-42
-47
-48
-54
-56
-58
-62
-64
-66
-68
-70
-73
-75
-76
-77
-79
-81
-84
-86
-88
-89
-88
-92
-94
-95
-99
-100
-98
-104
-106
-107
-109
-110
-114
-119
-119
-119
-120
-122
-124
-125
-126
-125
-127
-128
-129
-129
-129
-133
-133
-132
-134
-135
-134
-132
-133
-133
-133
-134
-133
-133
-130
-130
-129
-127
-125
-124
-121
-119
-118
-114
-111
-108
-103
-101
-96
-94
-92
-89
-84
-81
-79
-77
-72
-70
-70
-66
-62
-60
-54
-51
-48
-44
-41
-39
-37
-33
-27
-25
-23
-16
-13
-10
-5
-1
0
5
10
14
14
18
23
26
32
36
37
43
46
46
50
54
57
58
63
71
74
78
82
84
90
97
99
103
106
109
115
119
123
125
124
128
127
131
133
130
132
132
133
133
132
133
132
134
135
132
130
129
126
125
123
122
121
120
121
119
116
114
113
111
108
106
102
102
101
95
94
93
93
90
87
85
85
84
82
77
73
71
69
70
70
68
66
65
62
60
57
54
50
46
46
43
42
41
38
37
34
34
34
30
28
24
20
19
17
16
12
11
6
4
4
1
1
-3
-6
-8
-12
-12
-15
-19
-21
-23
-23
-28
-31
-33
-32
-30
-31
-32
-33
-35
-38
-41
-41
-40
-42
-42
-45
-44
-42
-44
-46
-46
-47
-47
-45
-46
-47
-47
-45
-46
-44
-44
-43
-39
-36
-36
-36
-34
-31
-30
-27
-27
-25
-24
-25
-22
-20
-19
-19
-21
-19
-21
-19
-19
-19
-18
-22
-22
-21
-23
-23
-25
-26
-24
-27
-30
-30
-30
-32
-35
-38
-38
-39
-37
-41
-45
-46
-46
-44
-45
-48
-51
-54
-56
-57
-57
-58
-59
-59
-58
-58
-61
-60
-60
-61
-58
-51
-49
-49
-48
-43
-39
-35
-34
-32
-30
-28
-23
-18
-15
-12
-8
-4
-2
4
5
6
9
10
12
16
19
19
20
22
23
24
24
23
22
20
21
19
16
18
18
15
12
10
10
7
4
-2
-7
-7
-12
-15
-18
-23
-25
-27
-32
-37
-39
-38
-40
-40
-41
-42
-41
-40
-41
-41
-40
-43
-44
-45
-43
-37
-33
-31
-27
-25
-23
-19
-17
-15
-14
-12
-8
-6
-2
-1
1
3
6
7
7
7
6
5
7
8
6
5
4
3
1
-2
-5
-6
-6
-7
-12
-17
-20
-23
-27
-30
-33
-39
-44
-46
-49
-51
-55
-57
-62
-67
-71
-78
-84
-89
-90
-93
-93
-95
-97
-97
-100
-99
-98
-99
-98
-97
-97
-94
-90
-85
-82
-75
-68
-64
-59
-54
-48
-40
-32
-26
-18
-9
-2
7
18
27
37
46
55
63
73
81
90
100
109
116
124
129
133
136
141
147
148
148
148
149
148
149
149
144
139
136
129
120
111
107
98
88
77
65
56
47
36
26
14
5
-5
-14
-21
-28
-33
-41
-45
-45
-48
-51
-51
-52
-48
-43
-40
-37
-32
-22
-10
0
12
24
34
49
62
74
91
104
119
135
148
164
179
193
206
218
231
238
245
253
257
264
271
273
274
274
271
266
259
252
242
230
219
206
191
174
157
137
114
90
69
46
21
-3
-27
-52
-76
-98
-121
-144
-167
-187
-206
-223
-238
-252
-266
-277
-286
-294
-297
-298
-297
-295
-292
-285
-277
-266
-251
-237
-221
-201
-181
-156
-133
-106
-77
-48
-18
12
43
76
104
136
168
196
223
249
275
298
318
337
354
365
370
378
380
379
377
369
358
344
325
303
277
246
212
175
138
97
55
12
-35
-85
-135
-185
-237
-289
-339
-389
-436
-478
-519
-558
-591
-625
-652
-674
-697
-711
-717
-719
-717
-708
-693
-670
-643
-611
-573
-530
-481
-430
-373
-315
-251
-185
-115
-43
26
97
168
235
303
373
438
498
554
606
653
693
727
757
780
798
805
808
805
790
766
736
702
658
607
548
485
419
347
272
191
107
23
-64
-150
-238
-328
-413
-497
-575
-649
-719
-786
-846
-901
-951
-990
-1022
-1047
-1061
-1069
-1067
-1053
-1033
-1004
-967
-925
-870
-807
-738
-663
-582
-495
-402
-309
-212
-113
-10
89
189
292
389
485
579
667
749
828
899
967
1029
1079
1125
1160
1182
1200
1207
1201
1188
1162
1128
1087
1038
978
910
836
754
665
573
474
370
266
162
58
-45
-146
-246
-343
-437
-528
-611
-694
-769
-840
-901
-953
-1001
-1042
-1076
-1105
-1126
-1136
-1140
-1137
-1125
-1105
-1076
-1043
-1003
-958
-902
-843
-776
-701
-621
-539
-454
-367
-277
-187
-95
-1
94
184
275
367
453
538
617
690
762
826
884
938
983
1022
1056
1081
1102
1114
1117
1115
1103
1083
1056
1023
981
933
878
817
752
684
607
525
442
355
266
177
87
-1
-90
-179
-264
-347
-425
-498
-570
-635
-695
-751
-802
-844
-882
-918
-946
-968
-981
-988
-987
-981
-972
-954
-931
-901
-869
-830
-784
-733
-677
-618
-553
-490
-420
-344
-265
-184
-100
-19
59
142
226
306
383
463
539
608
675
740
796
849
899
939
977
1009
1034
1051
1063
1067
1062
1051
1033
1007
975
936
887
834
773
710
639
562
484
399
316
231
143
55
-34
-118
-202
-283
-360
-438
-511
-577
-640
-696
-750
-798
-839
-875
-906
-931
-950
-963
-973
-975
-969
-959
-943
-920
-891
-855
-817
-773
-723
-669
-610
-545
-477
-402
-324
-244
-161
-79
7
92
174
256
341
421
500
577
648
718
782
840
892
943
986
1024
1055
1078
1095
1107
1109
1103
1090
1067
1038
1003
957
906
848
784
714
639
556
472
387
296
205
114
22
-70
-160
-251
-335
-416
-495
-571
-643
-711
-771
-828
-877
-920
-959
-993
-1021
-1047
-1065
-1080
-1088
-1087
-1080
-1066
-1043
-1020
-989
-953
-912
-866
-818
-758
-693
-625
-553
-478
-401
-321
-240
-158
-74
10
90
172
254
329
404
479
547
613
673
727
778
825
868
903
929
951
968
975
977
972
960
940
911
878
838
789
739
680
617
551
479
403
327
248
166
85
7
-70
-147
-225
-296
-364
-429
-493
-550
-602
-651
-692
-735
-768
-798
-824
-843
-861
-872
-879
-878
-874
-867
-856
-838
-815
-788
-757
-723
-682
-636
-587
-535
-478
-420
-357
-290
-223
-154
-87
-16
54
123
194
259
327
394
455
516
572
623
673
715
754
789
819
849
872
890
904
911
913
908
901
887
866
841
809
777
735
688
638
584
525
465
397
331
262
189
117
46
-23
-94
-162
-228
-291
-352
-409
-465
-522
-572
-614
-655
-693
-725
-752
-773
-796
-810
-822
-831
-830
-827
-817
-802
-787
-764
-737
-707
-670
-628
-586
-536
-485
-432
-371
-308
-243
-177
-109
-46
20
85
147
212
274
333
390
441
490
536
581
623
661
691
719
741
759
779
789
792
797
796
787
775
758
737
717
690
656
616
572
529
483
431
373
315
256
195
134
74
8
-53
-112
-173
-230
-283
-336
-384
-430
-474
-511
-548
-577
-605
-630
-651
-666
-681
-693
-698
-699
-698
-692
-685
-671
-655
-636
-608
-580
-551
-514
-475
-434
-389
-340
-290
-237
-183
-128
-76
-19
37
90
144
197
245
296
342
384
426
465
503
538
569
596
620
641
662
679
690
698
701
700
701
694
680
669
648
625
600
566
531
492
445
401
354
299
246
193
137
82
27
-26
-81
-133
-186
-238
-284
-330
-373
-412
-451
-483
-517
-544
-567
-589
-606
-622
-636
-646
-653
-655
-653
-648
-636
-623
-607
-584
-560
-533
-504
-472
-435
-398
-360
-315
-274
-233
-187
-140
-96
-48
-3
40
86
127
169
212
250
290
327
361
394
424
450
476
500
520
537
550
561
570
572
572
572
562
553
540
521
499
475
446
412
378
343
300
255
213
168
122
75
24
-22
-68
-116
-162
-205
-248
-289
-324
-361
-397
-427
-458
-481
-503
-522
-537
-553
-562
-568
-574
-573
-570
-563
-554
-544
-532
-515
-497
-476
-449
-425
-396
-363
-333
-297
-259
-220
-181
-141
-101
-61
-19
25
65
108
149
189
229
268
305
339
372
402
432
458
477
500
517
529
542
552
559
564
564
563
557
547
536
520
499
478
452
424
394
359
320
282
240
195
152
104
54
8
-42
-92
-138
-186
-230
-272
-314
-351
-385
-418
-446
-474
-497
-516
-533
-547
-555
-560
-564
-561
-556
-550
-537
-523
-507
-484
-461
-435
-408
-378
-344
-309
-274
-238
-196
-154
-114
-72
-31
7
47
86
124
161
195
229
263
292
317
342
366
385
405
422
437
451
463
476
482
484
490
491
487
484
480
470
457
443
421
397
371
343
312
279
241
201
160
116
72
27
-21
-67
-114
-159
-204
-248
-291
-331
-365
-400
-434
-459
-483
-505
-519
-532
-544
-553
-556
-554
-551
-545
-533
-518
-504
-483
-462
-437
-409
-379
-346
-312
-273
-234
-196
-158
-119
-77
-37
4
45
83
116
154
187
217
248
273
299
324
346
364
383
401
418
433
446
456
468
476
480
486
491
493
491
486
478
465
451
432
408
381
349
312
274
235
190
144
95
45
-5
-59
-110
-158
-207
-255
-301
-345
-387
-424
-455
-483
-509
-529
-543
-556
-567
-566
-564
-560
-549
-533
-516
-497
-476
-450
-421
-391
-356
-321
-283
-245
-203
-166
-130
-88
-54
-17
19
56
91
123
151
176
204
230
248
269
290
305
316
329
342
352
360
368
372
378
384
388
389
387
382
373
366
347
329
311
286
257
226
187
147
104
60
16
-37
-89
-137
-190
-241
-288
-333
-377
-416
-450
-485
-515
-542
-561
-575
-585
-590
-591
-585
-576
-561
-543
-522
-502
-476
-444
-415
-381
-348
-316
-279
-241
-203
-166
-131
-95
-54
-19
16
51
81
114
143
171
196
214
229
246
263
272
278
281
288
289
287
285
280
276
277
273
267
263
258
255
249
238
229
216
201
184
165
143
122
93
63
36
5
-31
-68
-104
-139
-180
-221
-263
-307
-346
-382
-420
-455
-481
-508
-535
-555
-572
-580
-582
-578
-567
-547
-518
-487
-453
-407
-351
-294
-232
-168
-100
-31
38
105
168
232
298
357
410
457
497
532
565
597
624
647
668
688
707
723
739
763
789
812
842
876
911
951
997
1045
1093
1148
1201
1250
1302
1352
1391
1421
1446
1461
1456
1440
1414
1368
1312
1248
1163
1063
953
838
709
574
437
293
147
5
-137
-282
-424
-554
-684
-810
-927
-1038
-1137
-1226
-1309
-1376
-1428
-1465
-1491
-1510
-1512
-1500
-1482
-1452
-1409
-1352
-1290
-1225
-1157
-1082
-1000
-921
-843
-770
-692
-609
-536
-468
-394
-320
-255
-192
-122
-49
12
67
127
181
231
281
325
370
418
461
496
527
560
592
617
638
666
688
705
722
736
747
761
769
775
790
802
806
807
808
806
800
791
781
770
762
756
741
733
731
726
721
716
711
707
702
699
701
697
695
695
693
694
700
707
711
720
725
727
731
730
724
716
702
691
680
661
647
642
633
629
629
627
624
620
607
593
573
550
518
474
421
359
293
217
146
86
20
-41
-89
-129
-166
-201
-236
-280
-330
-395
-477
-565
-677
-808
-950
-1104
-1269
-1431
-1587
-1738
-1878
-2002
-2107
-2190
-2254
-2294
-2316
-2326
-2319
-2291
-2252
-2211
-2159
-2099
-2038
-1973
-1903
-1831
-1756
-1676
-1595
-1513
-1428
-1341
-1258
-1181
-1106
-1036
-968
-901
-837
-772
-703
-631
-554
-473
-385
-290
-189
-75
39
156
278
398
514
628
735
833
927
1006
1079
1139
1178
1214
1240
1248
1243
1229
1200
1155
1103
1041
965
878
784
679
568
448
319
185
44
-100
-247
-400
-550
-700
-845
-984
-1112
-1226
-1324
-1398
-1455
-1495
-1513
-1512
-1492
-1460
-1414
-1357
-1287
-1206
-1115
-1011
-896
-767
-626
-476
-320
-161
-3
156
300
430
541
634
706
754
783
794
799
800
801
811
831
862
912
979
1064
1168
1278
1390
1504
1600
1678
1745
1796
1821
1816
1778
1719
1643
1545
1438
1320
1189
1056
930
810
703
606
515
434
373
333
309
296
283
270
263
257
248
240
222
194
155
111
75
38
-8
-48
-85
-118
-140
-164
-190
-214
-238
-265
-293
-318
-344
-376
-408
-435
-453
-456
-454
-445
-424
-392
-348
-286
-213
-128
-25
88
209
340
470
596
715
826
927
1010
1064
1096
1114
1113
1086
1027
932
815
681
527
348
150
-65
-285
-510
-734
-948
-1155
-1351
-1533
-1681
-1796
-1881
-1939
-1975
-1976
-1940
-1867
-1764
-1646
-1511
-1363
-1207
-1049
-886
-722
-582
-469
-373
-292
-225
-180
-167
-182
-218
-258
-302
-360
-431
-509
-584
-648
-691
-709
-717
-714
-684
-622
-520
-387
-236
-65
127
349
604
882
1159
1436
1718
2008
2298
2565
2771
2905
2991
3050
3074
3034
2909
2706
2449
2167
1863
1528
1154
750
331
-82
-465
-819
-1160
-1493
-1795
-2043
-2214
-2317
-2368
-2381
-2351
-2259
-2100
-1893
-1656
-1406
-1159
-917
-673
-436
-227
-62
52
123
164
175
148
77
-36
-175
-325
-479
-644
-815
-995
-1173
-1323
-1434
-1517
-1569
-1591
-1573
-1503
-1370
-1189
-964
-700
-404
-72
297
695
1103
1504
1897
2287
2672
3041
3358
3570
3680
3723
3722
3660
3509
3255
2909
2499
2060
1604
1121
607
68
-471
-977
-1427
-1815
-2162
-2475
-2732
-2901
-2971
-2948
-2866
-2736
-2544
-2297
-1992
-1635
-1253
-869
-498
-152
170
473
729
910
999
1010
965
878
724
497
211
-108
-434
-757
-1074
-1387
-1683
-1948
-2159
-2295
-2355
-2346
-2283
-2171
-1992
-1732
-1400
-1023
-626
-216
215
679
1164
1642
2091
2498
2874
3247
3608
3928
4137
4188
4103
3945
3750
3500
3140
2639
2032
1395
778
188
-397
-995
-1588
-2140
-2598
-2932
-3152
-3304
-3411
-3452
-3380
-3172
-2860
-2512
-2162
-1795
-1378
-904
-405
76
509
870
1165
1409
1617
1767
1806
1683
1410
1057
700
335
-90
-603
-1160
-1675
-2096
-2423
-2692
-2928
-3118
-3220
-3199
-3041
-2782
-2460
-2111
-1731
-1279
-736
-136
452
988
1480
1957
2436
2896
3289
3591
3809
3983
4157
4330
4426
4329
4015
3581
3157
2773
2338
1761
1046
287
-402
-978
-1473
-1942
-2410
-2850
-3193
-3367
-3375
-3281
-3159
-3031
-2835
-2493
-2013
-1484
-992
-556
-135
317
790
1229
1579
1823
1957
1995
1957
1841
1638
1315
866
329
-224
-754
-1274
-1805
-2337
-2814
-3179
-3420
-3553
-3607
-3578
-3451
-3215
-2872
-2432
-1924
-1391
-862
-328
226
792
1329
1797
2183
2511
2795
3042
3235
3351
3395
3391
3380
3399
3437
3390
3136
2691
2198
1798
1474
1096
574
-57
-670
-1149
-1478
-1730
-1974
-2221
-2442
-2570
-2543
-2374
-2137
-1921
-1735
-1509
-1171
-722
-261
116
404
657
937
1233
1483
1643
1688
1633
1513
1349
1127
814
401
-91
-607
-1095
-1544
-1968
-2378
-2747
-3020
-3153
-3157
-3073
-2923
-2711
-2414
-2027
-1565
-1064
-565
-91
359
808
1251
1659
1998
2255
2448
2612
2753
2857
2899
2882
2831
2786
2791
2849
2912
2873
2631
2234
1847
1565
1339
1036
584
37
-467
-829
-1065
-1259
-1464
-1674
-1854
-1943
-1901
-1748
-1553
-1386
-1246
-1059
-771
-392
-9
293
508
692
903
1136
1332
1437
1426
1320
1158
956
700
362
-60
-527
-995
-1436
-1835
-2199
-2527
-2791
-2955
-2995
-2927
-2784
-2577
-2310
-1979
-1576
-1121
-653
-202
219
609
974
1311
1605
1838
2005
2115
2181
2225
2248
2249
2234
2202
2178
2203
2307
2472
2570
2470
2170
1809
1544
1377
1185
846
356
-168
-589
-868
-1061
-1245
-1459
-1694
-1886
-1957
-1876
-1695
-1516
-1383
-1255
-1047
-711
-307
54
310
490
668
882
1102
1254
1280
1190
1034
858
653
368
-33
-520
-1026
-1488
-1890
-2247
-2578
-2882
-3100
-3180
-3111
-2922
-2661
-2362
-2036
-1662
-1229
-751
-269
166
526
821
1085
1335
1553
1706
1780
1797
1789
1788
1802
1821
1828
1820
1827
1917
2118
2357
2472
2340
2018
1691
1482
1349
1148
777
256
-281
-698
-970
-1156
-1325
-1521
-1741
-1914
-1957
-1840
-1621
-1394
-1212
-1042
-800
-452
-46
329
604
790
952
1123
1280
1361
1330
1197
996
766
496
151
-277
-758
-1244
-1693
-2087
-2425
-2702
-2902
-3011
-3009
-2887
-2644
-2314
-1930
-1524
-1113
-682
-237
194
574
880
1118
1304
1443
1529
1551
1524
1472
1418
1375
1351
1345
1357
1385
1464
1648
1940
2249
2428
2387
2176
1942
1775
1645
1439
1074
567
26
-430
-768
-1020
-1242
-1482
-1729
-1928
-2011
-1948
-1774
-1569
-1372
-1157
-889
-540
-134
250
553
782
971
1144
1290
1367
1344
1226
1032
794
518
198
-170
-599
-1079
-1577
-2047
-2441
-2725
-2905
-3005
-3031
-2958
-2757
-2425
-2002
-1543
-1090
-652
-227
172
532
836
1072
1235
1317
1322
1278
1218
1156
1076
980
891
849
875
949
1051
1205
1455
1818
2237
2570
2674
2557
2347
2165
2021
1823
1468
945
335
-238
-698
-1045
-1326
-1593
-1876
-2144
-2315
-2318
-2160
-1911
-1647
-1391
-1100
-727
-277
182
578
880
1110
1305
1460
1547
1539
1425
1215
938
623
272
-116
-557
-1059
-1599
-2115
-2528
-2805
-2975
-3063
-3076
-2980
-2759
-2412
-1961
-1461
-950
-464
-32
345
671
950
1176
1310
1337
1278
1172
1057
938
816
696
599
554
574
650
765
931
1200
1602
2080
2507
2751
2762
2609
2423
2264
2085
1787
1310
695
54
-510
-953
-1304
-1627
-1949
-2243
-2447
-2497
-2376
-2134
-1840
-1537
-1207
-813
-351
138
584
944
1223
1437
1605
1717
1730
1616
1394
1096
761
400
-26
-552
-1155
-1744
-2232
-2603
-2886
-3104
-3245
-3265
-3129
-2844
-2453
-1990
-1481
-961
-461
4
428
800
1100
1296
1387
1399
1361
1282
1148
968
772
603
490
432
420
454
548
722
996
1371
1830
2299
2663
2832
2804
2660
2490
2309
2055
1650
1086
444
-176
-710
-1152
-1525
-1855
-2149
-2385
-2520
-2508
-2340
-2057
-1718
-1362
-977
-540
-54
441
874
1213
1468
1649
1762
1789
1712
1526
1252
912
507
28
-506
-1052
-1567
-2024
-2418
-2752
-3020
-3180
-3192
-3048
-2772
-2399
-1967
-1500
-1009
-502
-1
457
838
1112
1278
1354
1361
1317
1218
1055
846
626
437
300
218
194
227
327
499
751
1101
1562
2092
2592
2938
3052
2970
2798
2621
2424
2111
1621
971
255
-413
-961
-1394
-1757
-2095
-2409
-2645
-2738
-2639
-2375
-2027
-1651
-1261
-828
-335
192
694
1118
1443
1684
1843
1916
1888
1745
1498
1159
738
260
-255
-790
-1336
-1867
-2347
-2743
-3030
-3194
-3233
-3145
-2929
-2602
-2195
-1727
-1216
-688
-167
309
708
1013
1219
1324
1344
1294
1178
1014
812
591
379
200
65
-13
-12
71
229
462
770
1170
1667
2215
2704
3021
3112
3022
2839
2625
2365
1994
1467
804
102
-553
-1107
-1552
-1918
-2238
-2515
-2708
-2752
-2617
-2331
-1959
-1556
-1135
-679
-174
355
848
1258
1568
1784
1912
1948
1888
1720
1439
1057
608
119
-383
-884
-1383
-1871
-2312
-2660
-2893
-3010
-3015
-2907
-2695
-2381
-1980
-1518
-1026
-531
-58
372
736
1019
1209
1299
1291
1199
1050
867
664
450
237
46
-91
-158
-146
-49
132
391
734
1161
1668
2210
2699
3040
3173
3117
2943
2714
2427
2036
1513
870
173
-500
-1090
-1565
-1957
-2288
-2564
-2755
-2806
-2683
-2400
-2022
-1604
-1158
-678
-162
368
877
1316
1657
1899
2040
2086
2030
1875
1611
1227
750
223
-311
-832
-1352
-1869
-2358
-2770
-3060
-3214
-3224
-3106
-2874
-2545
-2142
-1673
-1155
-608
-75
398
784
1070
1264
1374
1389
1316
1178
991
776
548
321
115
-45
-144
-161
-96
49
280
584
966
1436
1963
2469
2850
3040
3033
2897
2703
2470
2158
1706
1108
426
-251
-844
-1328
-1724
-2069
-2375
-2612
-2725
-2675
-2465
-2133
-1749
-1348
-916
-438
78
591
1055
1432
1705
1892
1994
2000
1904
1693
1371
952
463
-46
-549
-1042
-1535
-2018
-2445
-2766
-2954
-3013
-2967
-2831
-2605
-2286
-1882
-1411
-905
-407
48
438
758
1015
1200
1297
1285
1179
1014
825
634
440
242
54
-90
-159
-140
-30
150
386
684
1064
1535
2056
2527
2858
2995
2958
2828
2656
2434
2115
1658
1073
417
-221
-785
-1247
-1632
-1979
-2290
-2534
-2656
-2616
-2427
-2143
-1808
-1437
-1028
-569
-74
416
865
1241
1534
1740
1863
1901
1843
1664
1357
952
500
43
-417
-891
-1389
-1899
-2356
-2704
-2914
-2992
-2965
-2849
-2661
-2399
-2046
-1609
-1114
-610
-143
263
604
883
1100
1230
1264
1212
1106
966
811
640
454
274
126
38
24
82
214
405
655
976
1376
1819
2232
2537
2681
2672
2571
2427
2246
1993
1623
1133
571
6
-502
-934
-1308
-1654
-1974
-2241
-2412
-2449
-2347
-2142
-1879
-1581
-1251
-874
-445
8
446
827
1141
1386
1568
1678
1692
1598
1387
1089
742
366
-29
-453
-917
-1400
-1851
-2219
-2471
-2616
-2680
-2685
-2622
-2467
-2210
-1857
-1443
-1016
-604
-215
148
481
775
1006
1154
1214
1203
1149
1070
967
837
690
541
421
357
356
408
509
663
885
1188
1549
1908
2195
2358
2403
2362
2270
2146
1968
1704
1335
890
413
-43
-447
-809
-1149
-1479
-1785
-2021
-2150
-2159
-2072
-1922
-1735
-1511
-1232
-891
-509
-109
272
608
900
1144
1338
1468
1506
1444
1292
1073
815
522
181
-215
-660
-1115
-1541
-1908
-2191
-2389
-2515
-2570
-2559
-2471
-2293
-2032
-1702
-1336
-961
-593
-240
91
393
655
861
1009
1107
1165
1190
1182
1141
1072
998
943
915
915
942
993
1082
1221
1412
1634
1830
1937
1945
1872
1765
1659
1538
1368
1126
813
466
121
-196
-475
-732
-978
-1215
-1426
-1583
-1666
-1673
-1620
-1539
-1427
-1277
-1082
-843
-578
-306
-44
197
418
616
783
899
951
936
861
747
610
441
229
-36
-347
-670
-978
-1246
-1465
-1648
-1798
-1918
-1994
-2005
-1941
-1808
-1629
-1426
-1208
-978
-738
-484
-229
9
220
396
549
686
803
896
963
1002
1018
1024
1036
1060
1090
1132
1188
1266
1372
1489
1592
1657
1666
1620
1540
1448
1347
1232
1086
898
677
439
202
-15
-211
-389
-566
-746
-918
-1060
-1164
-1220
-1232
-1211
-1168
-1109
-1024
-910
-767
-605
-432
-265
-112
19
134
226
293
341
363
354
316
244
139
9
-142
-301
-463
-612
-742
-863
-971
-1059
-1118
-1151
-1151
-1121
-1067
-990
-899
-797
-687
-575
-462
-344
-224
-104
11
114
204
279
349
420
481
540
595
648
713
794
891
994
1102
1206
1296
1368
1417
1444
1443
1426
1393
1336
1254
1152
1034
904
762
613
457
301
149
-1
-151
-293
-419
-527
-616
-686
-736
-764
-776
-783
-788
-788
-779
-755
-727
-699
-676
-655
-637
-620
-598
-576
-553
-529
-525
-532
-539
-543
-540
-535
-536
-535
-530
-529
-525
-522
-521
-521
-518
-518
-519
-514
-506
-499
-492
-478
-452
-417
-372
-319
-255
-173
-72
44
171
310
465
631
807
989
1173
1358
1532
1689
1817
1912
1978
2013
2019
1993
1934
1852
1737
1594
1429
1244
1048
842
631
417
201
-11
-217
-409
-583
-734
-858
-962
-1054
-1134
-1195
-1236
-1258
-1260
-1253
-1235
-1204
-1167
-1120
-1079
-1032
-978
-922
-860
-810
-769
-726
-684
-643
-606
-576
-546
-513
-486
-471
-461
-451
-442
-435
-433
-426
-420
-408
-389
-368
-338
-291
-231
-160
-71
35
160
307
473
655
848
1046
1249
1449
1631
1793
1928
2032
2116
2167
2183
2165
2112
2020
1890
1725
1534
1329
1112
890
657
414
174
-59
-284
-490
-675
-836
-974
-1094
-1192
-1265
-1317
-1342
-1342
-1327
-1303
-1271
-1222
-1160
-1084
-1005
-929
-860
-798
-737
-682
-629
-576
-531
-494
-462
-440
-424
-415
-414
-413
-420
-429
-444
-464
-487
-508
-527
-543
-551
-550
-537
-511
-469
-410
-334
-243
-142
-27
112
278
460
653
855
1062
1278
1490
1684
1849
1986
2091
2162
2203
2216
2194
2139
2046
1912
1742
1542
1329
1105
869
624
372
115
-139
-378
-601
-797
-965
-1110
-1234
-1341
-1423
-1477
-1505
-1509
-1493
-1461
-1418
-1364
-1296
-1211
-1113
-1003
-895
-800
-717
-636
-560
-493
-436
-390
-348
-311
-286
-270
-262
-265
-277
-301
-337
-373
-407
-438
-471
-506
-537
-554
-554
-536
-501
-454
-391
-305
-200
-80
52
202
376
562
758
958
1165
1378
1582
1762
1909
2022
2107
2161
2177
2163
2117
2044
1938
1792
1606
1395
1172
942
700
449
192
-62
-304
-528
-735
-920
-1075
-1203
-1308
-1390
-1453
-1491
-1511
-1505
-1477
-1438
-1382
-1307
-1222
-1122
-1013
-904
-799
-700
-607
-520
-446
-380
-323
-279
-248
-223
-207
-199
-197
-211
-236
-276
-323
-363
-396
-431
-469
-505
-535
-547
-542
-524
-490
-438
-369
-285
-188
-72
70
235
416
605
796
995
1202
1407
1599
1765
1902
2006
2076
2113
2117
2090
2032
1941
1816
1658
1473
1274
1062
836
603
360
116
-120
-344
-552
-744
-917
-1065
-1192
-1296
-1370
-1419
-1445
-1452
-1447
-1425
-1379
-1316
-1236
-1143
-1046
-950
-860
-771
-682
-596
-516
-446
-390
-348
-312
-284
-258
-234
-214
-208
-222
-248
-280
-313
-341
-371
-401
-435
-467
-485
-486
-472
-437
-384
-322
-246
-153
-42
92
243
405
581
763
949
1146
1343
1531
1698
1832
1939
2015
2056
2070
2052
1999
1914
1798
1650
1473
1280
1077
861
637
403
166
-67
-288
-489
-674
-842
-987
-1115
-1216
-1292
-1345
-1373
-1382
-1381
-1365
-1337
-1287
-1216
-1129
-1035
-948
-861
-780
-699
-618
-542
-473
-415
-371
-340
-314
-293
-266
-244
-234
-237
-255
-285
-316
-347
-374
-398
-426
-451
-468
-472
-465
-443
-406
-360
-296
-216
-119
0
137
289
454
627
809
999
1193
1389
1569
1718
1837
1926
1986
2017
2021
1998
1939
1845
1718
1558
1381
1188
983
765
532
297
61
-168
-382
-578
-750
-898
-1031
-1147
-1244
-1311
-1348
-1358
-1350
-1333
-1307
-1262
-1200
-1123
-1035
-948
-862
-781
-707
-634
-567
-505
-450
-407
-373
-345
-317
-295
-280
-270
-273
-281
-291
-308
-328
-351
-374
-392
-408
-423
-430
-425
-407
-375
-338
-293
-232
-153
-48
77
214
362
518
680
854
1034
1216
1390
1545
1680
1785
1859
1909
1934
1933
1902
1834
1731
1598
1437
1259
1065
852
629
395
160
-70
-291
-493
-676
-839
-979
-1105
-1211
-1288
-1337
-1355
-1355
-1340
-1313
-1268
-1206
-1132
-1049
-968
-888
-810
-739
-671
-604
-541
-486
-442
-409
-381
-355
-331
-307
-292
-287
-289
-300
-311
-322
-333
-344
-357
-374
-390
-400
-395
-378
-345
-303
-255
-198
-133
-43
65
190
329
474
628
793
971
1149
1322
1483
1621
1734
1827
1897
1942
1964
1958
1914
1832
1710
1560
1393
1207
1009
789
552
311
72
-159
-376
-580
-768
-933
-1078
-1200
-1293
-1357
-1394
-1408
-1406
-1388
-1351
-1294
-1220
-1137
-1052
-973
-898
-823
-750
-683
-616
-557
-505
-465
-433
-404
-375
-347
-314
-300
-297
-297
-301
-300
-298
-298
-307
-315
-320
-323
-314
-292
-260
-222
-177
-127
-68
6
93
201
323
455
595
742
902
1072
1240
1397
1536
1656
1757
1836
1894
1934
1943
1921
1863
1771
1645
1496
1331
1144
934
705
467
231
6
-214
-423
-615
-794
-957
-1095
-1204
-1284
-1331
-1355
-1361
-1353
-1333
-1291
-1228
-1152
-1065
-986
-914
-840
-771
-707
-650
-595
-544
-504
-471
-444
-426
-401
-380
-370
-366
-369
-375
-378
-376
-373
-370
-365
-357
-342
-318
-289
-251
-202
-150
-94
-30
41
124
222
327
440
559
688
830
981
1137
1288
1424
1541
1638
1718
1783
1835
1858
1852
1815
1742
1639
1517
1375
1217
1030
823
601
371
148
-69
-279
-476
-664
-839
-994
-1126
-1224
-1291
-1332
-1350
-1351
-1336
-1299
-1242
-1169
-1088
-1005
-927
-860
-795
-731
-669
-619
-580
-548
-528
-516
-505
-496
-489
-485
-492
-506
-518
-526
-523
-514
-503
-489
-470
-441
-401
-353
-296
-233
-164
-94
-25
49
135
232
339
449
561
680
809
951
1097
1241
1375
1494
1593
1677
1745
1795
1827
1830
1802
1746
1660
1548
1418
1267
1095
899
684
461
239
20
-190
-395
-594
-779
-942
-1081
-1191
-1270
-1322
-1350
-1359
-1350
-1318
-1265
-1194
-1117
-1040
-966
-900
-838
-780
-722
-674
-638
-611
-594
-583
-573
-567
-559
-554
-553
-558
-562
-556
-543
-521
-495
-470
-442
-406
-359
-306
-246
-183
-115
-48
14
79
157
246
344
447
547
658
781
913
1053
1191
1325
1448
1552
1641
1718
1778
1822
1842
1829
1788
1715
1620
1502
1362
1206
1024
819
601
376
151
-69
-282
-491
-693
-873
-1031
-1165
-1267
-1341
-1387
-1412
-1416
-1396
-1356
-1298
-1225
-1146
-1070
-997
-924
-850
-783
-720
-667
-626
-592
-569
-553
-538
-524
-513
-509
-508
-508
-508
-501
-484
-464
-447
-424
-392
-354
-306
-254
-196
-135
-72
-5
65
145
235
331
428
530
636
755
886
1018
1154
1287
1411
1522
1619
1701
1772
1825
1857
1861
1832
1775
1695
1594
1465
1314
1143
946
728
500
271
45
-178
-395
-604
-798
-969
-1114
-1229
-1316
-1374
-1406
-1415
-1402
-1369
-1315
-1244
-1169
-1094
-1023
-953
-883
-818
-764
-718
-679
-649
-632
-621
-614
-608
-601
-601
-607
-610
-607
-598
-581
-556
-530
-503
-462
-414
-358
-292
-220
-144
-65
13
94
180
276
379
483
588
699
811
934
1065
1198
1331
1452
1564
1660
1744
1815
1864
1888
1887
1859
1804
1717
1611
1482
1330
1156
958
737
506
273
41
-189
-415
-630
-829
-1010
-1163
-1285
-1379
-1442
-1480
-1492
-1481
-1448
-1395
-1325
-1245
-1164
-1085
-1007
-932
-857
-790
-735
-692
-655
-623
-598
-579
-566
-556
-547
-545
-545
-543
-533
-514
-491
-468
-441
-404
-359
-302
-237
-167
-92
-16
64
147
238
333
431
529
629
730
833
945
1064
1185
1302
1408
1499
1584
1656
1715
1758
1779
1775
1744
1690
1610
1511
1394
1257
1099
924
724
513
298
82
-131
-346
-554
-747
-923
-1079
-1208
-1310
-1387
-1437
-1462
-1463
-1441
-1397
-1333
-1255
-1174
-1092
-1007
-920
-837
-758
-697
-643
-598
-561
-532
-511
-495
-487
-486
-493
-501
-510
-516
-513
-503
-491
-474
-447
-411
-358
-297
-231
-161
-83
1
90
186
288
395
502
611
721
830
943
1065
1187
1299
1403
1491
1569
1637
1690
1731
1751
1745
1715
1662
1583
1485
1373
1239
1086
914
723
523
318
113
-92
-291
-490
-680
-850
-999
-1128
-1235
-1313
-1368
-1402
-1412
-1403
-1375
-1328
-1268
-1201
-1131
-1060
-985
-909
-840
-777
-724
-680
-638
-600
-570
-543
-524
-508
-497
-490
-486
-477
-464
-447
-432
-411
-384
-346
-296
-241
-178
-116
-42
37
122
214
311
417
526
636
751
865
984
1109
1229
1339
1435
1513
1580
1632
1666
1682
1678
1655
1610
1541
1450
1346
1226
1091
945
781
604
420
237
53
-131
-315
-494
-661
-820
-956
-1074
-1172
-1248
-1304
-1338
-1358
-1355
-1332
-1292
-1237
-1174
-1106
-1032
-958
-878
-800
-731
-669
-611
-559
-516
-477
-447
-426
-408
-398
-397
-399
-399
-400
-394
-388
-383
-368
-342
-307
-265
-217
-158
-94
-20
59
142
236
336
442
549
659
774
891
1012
1131
1246
1348
1431
1502
1563
1608
1636
1642
1628
1589
1531
1452
1354
1241
1110
964
805
629
446
257
68
-117
-300
-476
-643
-797
-930
-1046
-1140
-1214
-1265
-1296
-1311
-1307
-1285
-1244
-1189
-1125
-1057
-990
-920
-849
-783
-718
-661
-606
-557
-514
-478
-450
-426
-408
-392
-381
-375
-369
-367
-356
-345
-334
-317
-298
-269
-234
-192
-144
-92
-33
34
110
190
276
374
478
586
699
815
937
1062
1182
1291
1384
1464
1532
1583
1614
1623
1608
1577
1523
1441
1344
1225
1094
952
789
612
424
234
49
-133
-312
-482
-640
-783
-909
-1017
-1104
-1171
-1218
-1242
-1252
-1252
-1232
-1196
-1147
-1089
-1029
-973
-916
-857
-800
-743
-692
-646
-605
-568
-538
-515
-495
-472
-450
-436
-425
-420
-411
-394
-376
-355
-330
-300
-259
-217
-167
-111
-48
24
104
187
275
371
472
581
694
811
931
1051
1169
1280
1375
1454
1519
1569
1605
1615
1603
1572
1517
1442
1349
1238
1110
974
821
652
475
289
105
-69
-241
-406
-564
-709
-836
-946
-1040
-1114
-1164
-1196
-1211
-1212
-1205
-1184
-1148
-1099
-1043
-988
-934
-878
-824
-771
-724
-680
-638
-598
-562
-531
-508
-489
-465
-447
-430
-415
-403
-387
-370
-350
-326
-298
-262
-219
-170
-119
-59
6
78
160
245
335
431
530
636
747
862
979
1097
1210
1310
1398
1469
1531
1578
1605
1613
1593
1551
1490
1408
1308
1192
1063
924
772
605
428
246
66
-104
-270
-434
-591
-732
-859
-965
-1053
-1127
-1177
-1209
-1225
-1229
-1220
-1195
-1156
-1108
-1051
-996
-939
-882
-823
-765
-711
-659
-611
-568
-530
-496
-470
-448
-424
-399
-377
-361
-345
-326
-310
-292
-267
-242
-207
-164
-119
-71
-18
40
110
186
267
355
449
544
645
755
869
987
1105
1217
1317
1402
1474
1532
1577
1601
1601
1579
1534
1467
1381
1278
1159
1023
871
709
531
340
149
-34
-212
-381
-546
-702
-843
-963
-1062
-1138
-1195
-1234
-1255
-1258
-1249
-1224
-1183
-1130
-1067
-999
-936
-872
-807
-740
-677
-621
-569
-520
-481
-450
-422
-401
-383
-367
-351
-339
-329
-320
-313
-304
-287
-264
-240
-208
-170
-130
-78
-22
41
117
197
285
379
477
580
691
806
929
1049
1159
1261
1350
1423
1481
1525
1550
1552
1532
1485
1415
1325
1221
1103
970
823
661
491
314
134
-40
-208
-367
-517
-655
-784
-898
-991
-1065
-1118
-1156
-1176
-1181
-1179
-1163
-1129
-1088
-1033
-978
-922
-862
-810
-761
-706
-654
-605
-558
-520
-489
-460
-438
-419
-399
-376
-355
-338
-325
-311
-296
-276
-249
-215
-176
-138
-95
-44
10
75
149
233
322
412
503
602
710
822
936
1048
1155
1250
1332
1398
1451
1492
1514
1518
1500
1456
1389
1302
1199
1085
963
825
675
509
339
166
-5
-166
-323
-470
-608
-734
-848
-949
-1030
-1088
-1129
-1155
-1168
-1172
-1166
-1146
-1110
-1062
-1006
-950
-895
-842
-791
-738
-683
-627
-580
-537
-496
-466
-445
-422
-397
-372
-346
-328
-312
-296
-287
-269
-245
-213
-177
-138
-97
-51
1
65
139
220
307
398
490
588
691
800
916
1035
1145
1241
1318
1383
1437
1472
1496
1504
1487
1446
1376
1288
1185
1067
940
805
656
492
316
140
-28
-195
-348
-490
-628
-752
-867
-968
-1047
-1105
-1142
-1160
-1167
-1166
-1159
-1139
-1101
-1049
-988
-926
-864
-810
-758
-705
-655
-604
-553
-509
-471
-446
-428
-410
-390
-368
-344
-326
-313
-300
-290
-274
-248
-212
-170
-124
-72
-14
45
114
203
295
395
496
597
703
809
922
1040
1155
1259
1352
1423
1472
1509
1530
1533
1517
1482
1418
1329
1219
1091
954
812
662
499
325
144
-38
-210
-371
-516
-647
-767
-876
-972
-1055
-1121
-1164
-1186
-1191
-1184
-1174
-1157
-1128
-1086
-1031
-971
-907
-845
-792
-742
-691
-642
-591
-537
-490
-452
-424
-401
-381
-360
-335
-310
-292
-276
-263
-247
-224
-195
-158
-112
-62
-8
50
113
189
279
378
488
598
706
819
929
1041
1158
1267
1360
1440
1501
1539
1557
1559
1545
1509
1448
1362
1249
1116
973
821
665
504
332
153
-29
-207
-371
-520
-656
-776
-883
-980
-1060
-1127
-1177
-1201
-1207
-1198
-1184
-1163
-1130
-1094
-1051
-994
-932
-873
-816
-762
-710
-661
-613
-562
-513
-467
-427
-397
-376
-356
-337
-312
-290
-273
-258
-244
-228
-204
-174
-131
-77
-17
46
115
191
276
372
479
595
714
831
949
1063
1177
1292
1391
1474
1538
1579
1595
1592
1568
1526
1463
1375
1266
1135
985
826
660
491
318
143
-33
-210
-376
-523
-657
-773
-871
-957
-1024
-1079
-1122
-1144
-1149
-1139
-1119
-1097
-1070
-1034
-997
-955
-907
-856
-807
-761
-720
-679
-642
-605
-567
-534
-504
-479
-458
-438
-420
-396
-369
-340
-309
-278
-244
-206
-160
-106
-43
28
104
189
278
376
478
586
704
825
945
1065
1180
1289
1384
1464
1534
1583
1613
1624
1610
1568
1508
1424
1318
1196
1058
905
739
561
385
205
21
-154
-322
-485
-631
-761
-873
-969
-1046
-1106
-1149
-1176
-1190
-1191
-1174
-1149
-1119
-1084
-1044
-1004
-960
-913
-866
-813
-766
-722
-676
-636
-598
-560
-524
-490
-456
-424
-396
-371
-345
-321
-291
-256
-217
-176
-134
-85
-29
36
115
200
293
392
493
598
709
825
947
1071
1191
1302
1402
1484
1545
1590
1618
1631
1622
1590
1532
1449
1341
1210
1064
906
743
569
386
197
4
-186
-365
-532
-679
-811
-924
-1023
-1106
-1169
-1213
-1235
-1239
-1231
-1210
-1180
-1148
-1111
-1066
-1016
-967
-914
-864
-813
-765
-722
-682
-645
-605
-566
-527
-493
-464
-431
-402
-373
-343
-314
-282
-249
-216
-177
-130
-73
-7
65
141
227
324
430
546
670
799
929
1064
1201
1331
1457
1567
1648
1713
1749
1760
1750
1717
1664
1587
1482
1351
1193
1009
809
605
399
195
-10
-216
-416
-610
-785
-930
-1051
-1140
-1207
-1257
-1285
-1296
-1286
-1254
-1205
-1150
-1091
-1031
-972
-911
-856
-800
-751
-709
-668
-635
-610
-589
-579
-571
-564
-561
-559
-557
-558
-559
-553
-542
-524
-500
-490
-482
-470
-432
-360
-253
-115
35
188
352
542
765
1024
1297
1559
1796
2007
2195
2359
2492
2579
2605
2563
2461
2307
2113
1883
1611
1300
955
587
216
-148
-500
-843
-1157
-1434
-1669
-1851
-1973
-2045
-2075
-2055
-1982
-1851
-1661
-1438
-1192
-932
-676
-418
-172
52
244
388
485
537
543
511
433
311
150
-48
-265
-489
-719
-943
-1156
-1356
-1527
-1654
-1738
-1769
-1756
-1697
-1591
-1442
-1239
-991
-706
-391
-53
303
669
1041
1407
1757
2087
2386
2666
2911
3124
3294
3401
3430
3364
3202
2955
2634
2261
1855
1416
946
452
-56
-559
-1037
-1473
-1851
-2155
-2393
-2560
-2654
-2679
-2630
-2504
-2305
-2036
-1715
-1347
-956
-557
-159
222
573
876
1120
1292
1387
1400
1328
1171
944
660
329
-40
-432
-833
-1229
-1602
-1935
-2221
-2446
-2607
-2688
-2680
-2595
-2431
-2197
-1907
-1565
-1171
-737
-274
205
688
1153
1588
1980
2331
2635
2891
3103
3265
3384
3462
3499
3492
3415
3249
2981
2613
2170
1682
1174
660
152
-341
-815
-1260
-1663
-2015
-2300
-2507
-2628
-2657
-2606
-2479
-2289
-2031
-1719
-1363
-977
-573
-163
237
614
954
1235
1449
1585
1633
1589
1451
1222
913
540
127
-313
-764
-1202
-1618
-1997
-2328
-2598
-2795
-2917
-2953
-2893
-2745
-2520
-2227
-1875
-1476
-1040
-581
-109
365
827
1273
1684
2049
2361
2612
2804
2939
3024
3067
3082
3075
3053
3002
2902
2723
2449
2085
1654
1183
701
233
-210
-618
-988
-1324
-1624
-1882
-2088
-2231
-2301
-2293
-2212
-2057
-1839
-1565
-1247
-913
-570
-233
96
413
707
966
1176
1323
1395
1390
1291
1101
832
498
123
-279
-694
-1100
-1491
-1846
-2152
-2408
-2602
-2733
-2793
-2770
-2661
-2469
-2202
-1871
-1490
-1074
-640
-196
248
678
1095
1485
1842
2158
2422
2632
2784
2878
2926
2940
2938
2931
2913
2864
2754
2557
2259
1875
1430
941
442
-40
-488
-879
-1210
-1490
-1728
-1929
-2087
-2197
-2244
-2220
-2118
-1937
-1681
-1362
-1008
-643
-282
62
376
661
913
1130
1299
1411
1449
1395
1244
1002
679
304
-109
-541
-971
-1383
-1754
-2073
-2338
-2539
-2685
-2769
-2778
-2712
-2563
-2331
-2025
-1658
-1248
-811
-368
71
492
895
1273
1620
1936
2211
2437
2613
2740
2820
2868
2896
2916
2923
2901
2827
2664
2399
2034
1584
1074
537
10
-472
-891
-1243
-1530
-1769
-1967
-2121
-2235
-2299
-2304
-2237
-2087
-1850
-1528
-1148
-739
-325
61
416
729
990
1204
1371
1485
1535
1509
1395
1186
890
521
94
-368
-841
-1297
-1713
-2071
-2360
-2576
-2719
-2789
-2782
-2705
-2561
-2348
-2067
-1724
-1323
-878
-409
62
524
962
1362
1723
2035
2296
2505
2669
2789
2873
2929
2969
2999
3009
2981
2888
2700
2411
2019
1543
1008
447
-97
-596
-1028
-1382
-1665
-1891
-2064
-2191
-2275
-2316
-2303
-2226
-2073
-1838
-1525
-1150
-733
-306
108
488
816
1076
1270
1400
1467
1469
1401
1259
1037
739
376
-36
-481
-936
-1377
-1781
-2127
-2402
-2599
-2713
-2750
-2709
-2596
-2421
-2191
-1909
-1574
-1182
-747
-285
198
678
1136
1555
1920
2227
2467
2647
2781
2876
2944
3001
3050
3095
3108
3063
2931
2684
2318
1847
1293
689
82
-490
-992
-1404
-1729
-1968
-2143
-2266
-2342
-2379
-2378
-2334
-2225
-2041
-1774
-1424
-1011
-560
-98
345
742
1064
1303
1449
1506
1485
1391
1229
1005
724
392
18
-384
-808
-1237
-1648
-2015
-2326
-2563
-2716
-2783
-2760
-2651
-2465
-2216
-1912
-1561
-1173
-748
-299
166
640
1108
1557
1964
2316
2604
2821
2977
3084
3153
3201
3236
3252
3241
3176
3024
2767
2387
1891
1298
644
-22
-654
-1211
-1666
-2011
-2245
-2389
-2459
-2471
-2449
-2401
-2320
-2203
-2030
-1784
-1468
-1071
-622
-144
339
783
1161
1436
1597
1640
1569
1398
1146
835
480
106
-276
-658
-1028
-1389
-1728
-2039
-2315
-2532
-2685
-2764
-2749
-2639
-2437
-2148
-1787
-1369
-908
-425
65
544
1001
1433
1826
2178
2484
2734
2941
3108
3240
3344
3422
3471
3476
3417
3271
3019
2649
2162
1582
932
251
-416
-1028
-1553
-1974
-2283
-2487
-2598
-2634
-2613
-2546
-2441
-2298
-2108
-1865
-1563
-1199
-777
-314
165
635
1058
1402
1641
1760
1747
1607
1352
1005
591
146
-299
-733
-1133
-1493
-1809
-2081
-2314
-2506
-2653
-2745
-2775
-2726
-2587
-2356
-2027
-1611
-1125
-589
-31
525
1054
1536
1958
2315
2601
2822
2998
3142
3261
3368
3462
3531
3555
3504
3350
3074
2667
2128
1487
778
47
-654
-1279
-1795
-2186
-2450
-2592
-2638
-2613
-2537
-2426
-2299
-2150
-1965
-1737
-1450
-1103
-692
-228
262
750
1197
1559
1809
1917
1878
1693
1379
968
495
0
-486
-933
-1326
-1658
-1937
-2165
-2353
-2507
-2628
-2708
-2740
-2704
-2587
-2376
-2056
-1635
-1122
-540
71
689
1269
1788
2232
2581
2846
3038
3174
3278
3372
3462
3548
3612
3622
3548
3359
3034
2563
1951
1227
439
-357
-1107
-1758
-2277
-2639
-2843
-2904
-2852
-2723
-2548
-2354
-2157
-1957
-1750
-1518
-1245
-916
-525
-77
405
890
1336
1706
1950
2040
1965
1723
1338
844
287
-282
-817
-1286
-1666
-1953
-2155
-2285
-2367
-2416
-2443
-2452
-2433
-2375
-2256
-2058
-1764
-1368
-883
-318
299
926
1529
2068
2519
2870
3122
3281
3368
3415
3434
3442
3433
3400
3322
3162
2906
2528
2025
1405
689
-75
-842
-1560
-2175
-2654
-2971
-3126
-3130
-3008
-2792
-2520
-2222
-1919
-1627
-1343
-1062
-776
-467
-134
233
619
1002
1355
1636
1816
1862
1757
1506
1121
630
79
-489
-1030
-1506
-1896
-2179
-2358
-2450
-2466
-2424
-2344
-2235
-2101
-1935
-1732
-1479
-1164
-786
-342
161
703
1260
1808
2317
2769
3144
3431
3629
3748
3789
3760
3657
3486
3247
2935
2549
2085
1549
958
322
-329
-972
-1578
-2111
-2551
-2879
-3083
-3164
-3125
-2978
-2748
-2449
-2105
-1726
-1329
-928
-525
-126
254
612
933
1206
1414
1543
1582
1521
1357
1096
752
340
-110
-574
-1023
-1434
-1795
-2090
-2308
-2450
-2519
-2516
-2439
-2295
-2092
-1827
-1501
-1117
-684
-210
293
815
1343
1854
2337
2771
3145
3456
3694
3857
3932
3920
3818
3619
3322
2924
2435
1868
1230
551
-139
-808
-1429
-1978
-2429
-2770
-2997
-3105
-3105
-3009
-2829
-2574
-2270
-1920
-1539
-1139
-722
-303
106
493
848
1154
1392
1549
1613
1575
1435
1198
882
504
82
-361
-802
-1219
-1591
-1906
-2153
-2323
-2418
-2441
-2392
-2276
-2096
-1853
-1546
-1184
-767
-304
190
703
1218
1723
2203
2643
3032
3357
3608
3776
3855
3838
3720
3505
3188
2776
2280
1708
1083
426
-238
-879
-1478
-2011
-2452
-2788
-3016
-3129
-3133
-3041
-2857
-2604
-2292
-1928
-1532
-1116
-686
-257
160
548
898
1188
1406
1543
1586
1537
1396
1167
869
515
124
-285
-681
-1062
-1405
-1695
-1929
-2099
-2204
-2235
-2190
-2071
-1881
-1622
-1299
-918
-485
-15
482
992
1491
1971
2416
2815
3153
3426
3623
3732
3750
3669
3481
3190
2797
2316
1758
1140
490
-171
-814
-1412
-1947
-2394
-2742
-2979
-3110
-3137
-3064
-2904
-2666
-2370
-2022
-1634
-1227
-807
-398
-4
364
687
961
1165
1293
1343
1310
1197
1006
752
450
115
-239
-600
-943
-1260
-1537
-1759
-1925
-2027
-2059
-2018
-1907
-1725
-1475
-1162
-789
-367
90
572
1064
1552
2018
2456
2850
3187
3457
3649
3754
3760
3665
3471
3171
2768
2276
1708
1085
429
-232
-876
-1476
-2002
-2438
-2770
-2987
-3095
-3091
-2987
-2804
-2550
-2240
-1889
-1510
-1112
-709
-312
67
417
724
972
1149
1248
1263
1196
1056
846
577
267
-67
-411
-749
-1072
-1356
-1598
-1791
-1922
-1993
-1993
-1918
-1774
-1554
-1264
-912
-503
-54
428
924
1424
1910
2368
2785
3151
3450
3671
3808
3848
3788
3623
3346
2967
2490
1929
1304
641
-37
-703
-1328
-1887
-2364
-2740
-3006
-3155
-3193
-3128
-2964
-2719
-2409
-2048
-1654
-1239
-822
-413
-25
327
631
878
1056
1159
1181
1123
991
788
526
222
-111
-457
-795
-1115
-1403
-1647
-1837
-1972
-2044
-2046
-1980
-1840
-1625
-1345
-1000
-598
-152
331
831
1334
1829
2301
2735
3117
3437
3674
3824
3879
3825
3664
3397
3023
2550
1997
1382
728
64
-590
-1203
-1755
-2224
-2592
-2857
-3011
-3060
-3008
-2865
-2642
-2353
-2012
-1634
-1227
-814
-404
-15
336
639
881
1050
1144
1152
1082
938
728
464
160
-171
-511
-843
-1154
-1435
-1675
-1867
-2002
-2076
-2082
-2012
-1872
-1654
-1368
-1016
-602
-144
347
859
1373
1873
2348
2780
3150
3450
3670
3796
3820
3739
3550
3251
2854
2368
1807
1198
560
-84
-710
-1290
-1803
-2231
-2564
-2790
-2912
-2930
-2850
-2684
-2441
-2138
-1793
-1412
-1015
-619
-235
121
437
700
903
1038
1098
1084
999
846
635
379
88
-223
-544
-862
-1162
-1435
-1670
-1862
-1995
-2065
-2063
-1985
-1827
-1595
-1286
-903
-464
21
537
1067
1587
2082
2541
2943
3276
3528
3682
3740
3691
3536
3277
2917
2468
1938
1354
732
92
-533
-1126
-1660
-2113
-2478
-2740
-2896
-2951
-2902
-2755
-2527
-2233
-1885
-1501
-1098
-692
-300
65
389
661
874
1020
1094
1099
1037
913
734
510
255
-26
-319
-613
-899
-1163
-1395
-1592
-1738
-1828
-1849
-1801
-1681
-1481
-1209
-869
-466
-16
466
965
1466
1947
2393
2788
3112
3354
3504
3554
3500
3340
3081
2722
2279
1764
1196
594
-19
-617
-1177
-1683
-2112
-2454
-2694
-2832
-2870
-2813
-2664
-2437
-2149
-1810
-1438
-1049
-663
-291
49
343
584
764
879
929
917
846
722
556
355
130
-114
-363
-612
-853
-1074
-1271
-1433
-1554
-1620
-1621
-1557
-1419
-1207
-926
-580
-177
266
735
1215
1688
2137
2546
2900
3183
3384
3493
3499
3404
3204
2899
2503
2024
1481
893
281
-327
-908
-1442
-1909
-2292
-2582
-2774
-2863
-2854
-2753
-2572
-2321
-2015
-1671
-1303
-931
-570
-232
67
321
524
667
752
777
746
670
549
391
205
-4
-226
-456
-684
-909
-1113
-1290
-1430
-1519
-1550
-1520
-1416
-1236
-987
-664
-283
144
608
1092
1578
2045
2476
2858
3168
3394
3531
3563
3488
3301
3007
2620
2143
1597
1006
391
-223
-812
-1352
-1828
-2217
-2511
-2706
-2798
-2792
-2695
-2519
-2276
-1985
-1659
-1313
-972
-642
-335
-68
159
337
463
537
567
553
501
413
292
145
-27
-222
-429
-644
-858
-1064
-1246
-1395
-1499
-1539
-1511
-1408
-1221
-957
-620
-218
235
715
1212
1703
2168
2590
2949
3232
3427
3520
3507
3382
3148
2812
2384
1878
1313
715
104
-490
-1048
-1543
-1957
-2285
-2511
-2634
-2661
-2592
-2443
-2225
-1955
-1648
-1318
-982
-658
-360
-92
139
321
456
541
580
577
534
457
353
223
69
-107
-297
-500
-709
-916
-1109
-1278
-1407
-1486
-1501
-1441
-1304
-1089
-793
-426
1
471
966
1467
1955
2408
2807
3131
3364
3496
3521
3428
3218
2901
2481
1975
1409
799
175
-437
-1012
-1530
-1967
-2315
-2559
-2696
-2734
-2674
-2529
-2316
-2043
-1731
-1401
-1065
-738
-434
-162
75
264
407
507
560
574
554
500
414
302
162
-3
-191
-399
-619
-840
-1054
-1244
-1396
-1497
-1531
-1487
-1356
-1140
-835
-452
-6
487
1003
1527
2030
2493
2895
3217
3445
3562
3563
3446
3207
2860
2411
1888
1308
696
80
-519
-1072
-1558
-1968
-2285
-2503
-2620
-2638
-2568
-2423
-2214
-1954
-1664
-1357
-1052
-758
-486
-246
-40
124
255
350
410
445
448
423
371
283
168
18
-162
-366
-593
-823
-1046
-1243
-1402
-1503
-1530
-1474
-1326
-1088
-761
-357
106
615
1145
1676
2180
2631
3015
3307
3490
3559
3502
3325
3031
2632
2142
1584
981
366
-237
-811
-1327
-1763
-2111
-2360
-2507
-2557
-2516
-2400
-2218
-1983
-1717
-1437
-1154
-883
-634
-409
-214
-51
84
190
276
337
378
397
386
348
278
169
26
-153
-360
-585
-813
-1027
-1208
-1336
-1399
-1382
-1275
-1079
-792
-425
5
485
994
1510
2005
2458
2847
3147
3347
3435
3397
3235
2954
2564
2084
1536
948
346
-244
-798
-1291
-1706
-2033
-2261
-2392
-2432
-2383
-2261
-2084
-1863
-1614
-1355
-1100
-861
-642
-451
-284
-143
-25
75
159
228
284
320
335
319
266
180
47
-123
-326
-548
-778
-993
-1171
-1297
-1346
-1311
-1183
-954
-640
-241
221
722
1247
1762
2250
2677
3022
3270
3400
3409
3285
3038
2680
2222
1688
1107
506
-90
-646
-1144
-1565
-1892
-2131
-2271
-2318
-2283
-2179
-2022
-1820
-1596
-1366
-1140
-930
-735
-565
-418
-286
-174
-70
26
115
199
270
319
342
327
265
157
1
-199
-429
-668
-902
-1105
-1259
-1344
-1342
-1246
-1054
-768
-398
41
534
1051
1566
2058
2501
2873
3152
3321
3372
3297
3100
2788
2373
1877
1322
742
157
-403
-912
-1353
-1707
-1973
-2142
-2215
-2210
-2129
-1997
-1823
-1624
-1420
-1217
-1032
-862
-710
-575
-452
-338
-221
-104
11
123
227
315
368
381
344
250
104
-98
-336
-595
-851
-1079
-1259
-1363
-1377
-1291
-1100
-811
-429
24
530
1064
1594
2095
2542
2905
3164
3304
3316
3195
2948
2582
2119
1590
1016
434
-132
-657
-1109
-1480
-1755
-1937
-2029
-2034
-1974
-1857
-1709
-1543
-1367
-1198
-1040
-901
-776
-661
-551
-437
-322
-194
-60
79
213
329
417
462
452
382
243
47
-194
-467
-747
-1010
-1230
-1386
-1455
-1425
-1291
-1050
-714
-296
185
704
1232
1742
2207
2598
2898
3093
3163
3109
2933
2639
2245
1775
1257
713
171
-339
-801
-1194
-1503
-1727
-1862
-1919
-1909
-1841
-1737
-1605
-1463
-1324
-1189
-1060
-941
-826
-705
-575
-429
-269
-91
97
283
458
598
690
723
686
575
387
144
-144
-450
-748
-1013
-1212
-1329
-1347
-1256
-1059
-756
-367
85
579
1081
1566
2006
2371
2644
2809
2853
2778
2585
2285
1900
1452
965
465
-20
-466
-857
-1177
-1423
-1592
-1689
-1727
-1712
-1660
-1588
-1504
-1414
-1326
-1236
-1142
-1045
-928
-789
-627
-438
-221
11
248
472
667
814
895
904
829
678
456
180
-117
-421
-694
-911
-1058
-1106
-1049
-886
-624
-278
133
575
1029
1465
1848
2162
2382
2496
2499
2388
2172
1861
1477
1049
594
145
-278
-652
-962
-1203
-1369
-1468
-1512
-1510
-1482
-1439
-1391
-1348
-1306
-1265
-1219
-1155
-1069
-946
-785
-584
-349
-87
185
450
687
875
998
1045
1009
886
692
443
157
-137
-411
-638
-797
-866
-837
-709
-491
-193
166
558
957
1341
1678
1956
2154
2261
2274
2191
2021
1773
1461
1103
720
329
-54
-415
-738
-1020
-1253
-1436
-1575
-1673
-1736
-1765
-1769
-1746
-1698
-1624
-1514
-1370
-1187
-970
-721
-443
-148
152
437
699
913
1067
1158
1174
1116
992
806
584
343
98
-126
-310
-441
-506
-501
-420
-274
-68
180
453
740
1015
1262
1473
1631
1725
1752
1715
1608
1441
1218
953
654
334
9
-314
-623
-905
-1159
-1377
-1554
-1693
-1792
-1851
-1870
-1851
-1795
-1699
-1566
-1393
-1193
-961
-707
-441
-168
93
333
546
719
846
919
938
905
826
708
566
411
250
108
-9
-92
-128
-118
-57
50
194
370
563
766
964
1144
1296
1412
1486
1516
1498
1428
1306
1142
937
699
434
151
-133
-413
-676
-909
-1112
-1274
-1388
-1454
-1472
-1446
-1379
-1276
-1146
-989
-818
-634
-445
-260
-83
80
225
350
448
513
551
554
524
466
383
281
163
40
-78
-189
-282
-349
-382
-385
-347
-273
-173
-42
104
253
408
549
669
762
815
831
806
739
633
493
323
135
-70
-275
-479
-670
-837
-983
-1094
-1166
-1200
-1198
-1161
-1092
-995
-878
-750
-611
-472
-338
-213
-102
-5
79
141
188
217
225
217
190
144
87
18
-59
-137
-217
-293
-359
-406
-434
-441
-422
-382
-318
-233
-134
-26
88
200
298
382
445
478
483
456
397
313
204
78
-58
-203
-334
-453
-560
-643
-701
-731
-737
-717
-673
-615
-538
-452
-358
-259
-161
-60
41
136
233
323
406
483
549
602
642
664
668
656
623
575
508
431
345
256
170
87
13
-45
-88
-114
-119
-110
-89
-52
-14
27
67
94
109
114
100
72
31
-23
-82
-149
-214
-274
-328
-376
-413
-441
-453
-454
-446
-425
-396
-362
-319
-278
-231
-184
-137
-85
-33
19
78
133
187
247
297
349
398
436
471
499
516
531
537
538
537
531
523
516
508
500
495
491
485
481
474
465
455
441
422
393
357
312
255
192
119
40
-40
-121
-200
-273
-334
-386
-428
-456
-471
-476
-477
-470
-461
-451
-438
-429
-421
-412
-406
-405
-403
-401
-394
-388
-380
-366
-351
-330
-302
-272
-234
-192
-149
-99
-49
-2
49
100
153
207
263
326
394
465
542
627
715
808
905
996
1081
1157
1219
1264
1286
1286
1257
1207
1134
1044
945
843
742
651
572
512
467
440
420
408
402
389
368
335
288
232
168
96
26
-39
-92
-129
-153
-160
-155
-137
-116
-94
-81
-78
-91
-127
-182
-260
-356
-465
-587
-707
-824
-928
-1014
-1075
-1111
-1118
-1095
-1049
-974
-881
-775
-662
-548
-434
-326
-229
-143
-72
-12
38
76
109
133
153
176
200
222
243
270
293
314
333
343
350
350
343
337
321
305
290
275
259
248
238
226
220
215
208
196
182
163
140
109
73
30
-15
-61
-110
-156
-201
-245
-277
-307
-331
-343
-358
-361
-360
-356
-350
-341
-329
-319
-309
-298
-290
-276
-261
-245
-226
-201
-171
-141
-102
-54
-11
39
85
128
175
218
258
295
328
358
381
401
417
428
432
435
431
422
415
401
387
371
352
335
314
292
263
230
198
160
117
70
21
-31
-86
-140
-200
-256
-311
-364
-410
-452
-488
-513
-529
-536
-533
-523
-508
-490
-471
-451
-440
-435
-436
-444
-458
-481
-504
-530
-560
-587
-613
-635
-660
-681
-699
-719
-736
-753
-770
-786
-801
-813
-824
-828
-822
-811
-788
-756
-712
-654
-592
-521
-450
-373
-299
-228
-162
-106
-54
-8
30
66
100
137
176
220
267
316
374
433
494
554
615
673
728
783
831
873
913
944
968
985
997
1002
1001
989
973
949
918
877
836
790
738
685
629
578
532
488
455
430
407
390
378
364
350
327
293
249
195
134
65
-9
-79
-153
-217
-276
-326
-362
-390
-411
-422
-428
-432
-434
-435
-434
-434
-441
-445
-449
-456
-461
-469
-472
-471
-471
-470
-468
-464
-464
-465
-472
-480
-496
-514
-531
-555
-577
-593
-607
-614
-617
-611
-591
-568
-532
-492
-448
-397
-348
-299
-254
-213
-177
-152
-135
-125
-123
-125
-129
-136
-145
-151
-149
-142
-130
-110
-81
-45
-1
47
98
153
208
261
311
361
406
445
477
506
526
539
548
545
536
519
495
468
433
396
355
309
264
217
173
134
94
58
25
-5
-31
-52
-71
-84
-94
-104
-108
-113
-118
-118
-116
-117
-119
-120
-124
-130
-136
-145
-157
-172
-187
-204
-222
-238
-252
-266
-275
-278
-271
-259
-240
-210
-171
-125
-74
-17
40
104
169
230
288
343
394
437
472
503
528
545
556
561
560
555
544
531
517
497
478
458
438
420
403
386
372
359
346
334
318
299
279
252
224
195
164
131
97
69
48
29
21
21
28
49
79
118
158
201
250
295
335
370
397
413
415
409
390
357
316
262
207
147
86
26
-29
-76
-114
-146
-160
-163
-158
-143
-123
-98
-72
-49
-33
-28
-39
-69
-118
-189
-276
-381
-503
-627
-754
-876
-985
-1078
-1150
-1200
-1222
-1217
-1186
-1130
-1052
-954
-843
-721
-591
-461
-322
-186
-53
74
197
318
424
526
622
705
783
850
907
957
995
1026
1050
1070
1086
1097
1109
1121
1133
1144
1155
1165
1173
1182
1183
1184
1176
1160
1142
1116
1084
1051
1010
970
924
873
819
762
703
637
568
500
423
345
261
179
97
14
-65
-143
-220
-288
-352
-415
-470
-520
-567
-607
-641
-671
-700
-729
-751
-772
-794
-810
-825
-842
-850
-859
-868
-867
-864
-857
-846
-830
-811
-787
-761
-732
-703
-675
-644
-616
-588
-561
-533
-508
-486
-462
-443
-424
-405
-390
-373
-356
-346
-341
-335
-331
-331
-333
-340
-346
-349
-356
-363
-366
-366
-362
-354
-341
-328
-313
-293
-274
-251
-228
-209
-188
-170
-152
-137
-126
-114
-108
-106
-104
-105
-109
-113
-118
-126
-134
-141
-151
-158
-164
-169
-174
-174
-175
-178
-177
-176
-176
-171
-170
-167
-165
-167
-164
-161
-160
-156
-151
-144
-137
-132
-126
-121
-119
-114
-111
-112
-116
-124
-132
-144
-156
-166
-177
-185
-191
-197
-199
-200
-197
-193
-188
-178
-168
-162
-151
-141
-132
-118
-109
-100
-93
-85
-76
-69
-64
-57
-52
-47
-41
-38
-35
-34
-33
-29
-27
-25
-22
-16
-11
-5
5
16
27
41
57
73
92
107
122
142
158
175
189
205
221
233
246
255
261
267
271
273
273
277
280
281
282
287
293
303
315
332
350
371
394
419
444
470
494
518
541
560
576
593
602
610
618
617
619
618
613
608
601
592
582
569
554
538
522
507
489
472
455
439
425
412
402
392
386
382
375
368
364
356
348
338
326
313
293
274
254
229
204
177
154
133
112
89
70
58
40
27
17
7
0
-9
-14
-20
-24
-30
-35
-40
-50
-54
-58
-63
-67
-74
-76
-78
-81
-83
-87
-91
-94
-99
-103
-108
-113
-118
-121
-125
-129
-130
-132
-133
-132
-131
-128
-126
-123
-120
-121
-124
-121
-126
-129
-130
-134
-134
-138
-139
-138
-138
-133
-129
-121
-113
-104
-94
-86
-76
-66
-55
-43
-33
-22
-14
-6
-2
1
5
7
6
5
4
2
-2
-5
-6
-9
-11
-13
-13
-10
-7
0
7
15
30
41
57
72
86
103
119
137
152
165
177
185
193
193
193
193
189
186
177
167
158
149
138
126
115
108
97
88
80
73
69
64
61
60
62
67
72
75
79
83
88
93
91
91
91
87
80
74
65
53
45
36
24
12
-2
-17
-30
-44
-58
-73
-89
-103
-117
-129
-138
-147
-153
-158
-161
-163
-166
-170
-171
-173
-173
-174
-175
-175
-176
-176
-175
-174
-174
-170
-169
-164
-159
-154
-149
-142
-134
-127
-119
-109
-99
-85
-74
-64
-54
-44
-36
-28
-23
-20
-17
-17
-18
-19
-22
-32
-40
-47
-59
-67
-79
-91
-101
-115
-128
-139
-152
-165
-179
-188
-197
-205
-213
-217
-217
-220
-221
-217
-211
-201
-196
-185
-176
-169
-161
-157
-151
-147
-147
-146
-144
-150
-153
-153
-156
-156
-158
-160
-161
-164
-167
-171
-174
-177
-180
-182
-188
-193
-196
-200
-200
-201
-198
-196
-193
-188
-181
-175
-171
-161
-153
-144
-136
-132
-123
-120
-116
-112
-111
-108
-106
-105
-103
-99
-95
-95
-90
-87
-86
-84
-84
-86
-90
-92
-96
-98
-98
-96
-95
-92
-89
-86
-81
-80
-73
-63
-57
-51
-46
-40
-35
-30
-24
-21
-15
-10
-7
-5
-2
0
2
5
7
9
13
16
19
22
24
29
35
37
39
44
43
44
43
37
32
24
19
10
-1
-12
-21
-32
-44
-53
-61
-70
-76
-82
-88
-95
-101
-108
-110
-109
-108
-108
-104
-100
-95
-87
-80
-69
-58
-44
-33
-22
-8
5
17
30
44
55
62
69
73
77
78
78
79
79
81
84
85
87
90
95
100
105
111
120
130
139
148
158
169
179
192
204
217
227
237
248
259
265
273
278
282
286
288
289
291
290
288
287
285
285
286
284
285
287
288
289
293
294
297
297
297
297
294
290
287
283
276
268
260
247
234
219
202
185
168
151
134
115
99
82
66
52
39
29
18
13
8
4
4
3
6
8
13
19
26
32
42
47
54
58
60
64
65
67
69
70
69
68
64
57
52
48
40
31
24
19
14
10
12
13
15
19
22
25
30
33
39
41
46
48
45
44
41
35
27
16
7
-5
-16
-30
-44
-53
-65
-75
-84
-89
-93
-99
-105
-110
-114
-114
-116
-115
-116
-115
-112
-111
-106
-102
-99
-94
-92
-87
-83
-80
-80
-79
-78
-81
-82
-85
-90
-94
-97
-99
-99
-101
-104
-106
-105
-105
-101
-100
-95
-90
-87
-83
-80
-78
-75
-69
-67
-60
-54
-50
-43
-37
-33
-31
-31
-24
-20
-19
-11
-7
-3
0
6
9
10
12
11
11
13
9
7
7
5
7
7
6
5
6
4
6
7
4
8
11
11
14
11
12
13
13
16
15
12
12
11
6
7
4
-1
-5
-9
-14
-19
-26
-30
-37
-40
-43
-44
-48
-53
-55
-60
-68
-68
-70
-74
-72
-70
-71
-68
-69
-72
-72
-74
-78
-82
-84
-89
-95
-98
-104
-109
-111
-113
-114
-114
-116
-115
-112
-107
-102
-94
-84
-77
-66
-56
-48
-36
-26
-16
-3
7
17
26
33
40
47
54
59
60
66
68
69
71
71
73
74
75
76
75
75
76
80
83
85
87
84
84
83
82
85
84
84
85
85
84
80
74
70
65
59
54
51
45
39
34
30
26
15
8
4
-2
-5
-11
-17
-22
-24
-25
-24
-25
-25
-26
-22
-20
-21
-20
-14
-12
-4
2
2
10
16
19
26
27
26
26
27
27
25
24
22
22
20
15
10
4
0
-4
-10
-13
-19
-24
-28
-32
-36
-40
-43
-46
-46
-45
-43
-42
-45
-45
-43
-42
-43
-43
-44
-45
-44
-44
-46
-46
-48
-48
-49
-51
-53
-54
-53
-52
-50
-48
-48
-48
-44
-40
-43
-42
-39
-39
-35
-32
-27
-24
-21
-14
-11
-8
-6
-4
-4
-2
-2
-3
-4
-4
-5
-4
-3
-4
-6
-8
-8
-4
-2
-2
-1
-2
-3
-5
-5
-7
-8
-6
-6
-2
-5
-3
-3
-1
6
7
8
11
15
15
17
16
17
18
20
22
21
22
23
26
28
31
31
31
33
29
27
25
24
24
22
21
22
24
26
30
33
36
39
44
45
47
50
52
55
56
58
60
61
62
61
58
54
49
45
43
41
37
35
32
30
25
23
24
24
23
21
24
24
25
27
30
34
35
40
43
48
49
53
56
57
58
60
60
60
60
57
55
52
48
48
43
41
38
35
34
33
31
29
33
35
35
37
41
43
46
46
45
45
43
41
38
35
31
28
23
15
6
1
-5
-13
-21
-27
-32
-36
-40
-44
-50
-51
-52
-55
-55
-54
-51
-47
-42
-39
-36
-33
-28
-25
-25
-21
-17
-14
-8
-7
-9
-10
-9
-9
-8
-7
-8
-9
-11
-13
-16
-13
-11
-9
-5
-5
-2
0
1
2
2
5
6
6
3
1
1
-2
-6
-11
-14
-14
-17
-21
-24
-27
-27
-30
-30
-32
-36
-36
-37
-36
-35
-29
-25
-23
-17
-14
-13
-13
-10
-8
-4
1
5
5
9
12
13
16
19
18
19
21
24
27
26
23
25
28
32
35
35
36
35
34
34
33
32
29
27
25
21
17
11
5
3
-2
-9
-15
-17
-18
-21
-22
-25
-23
-23
-21
-18
-21
-17
-14
-13
-9
-8
-7
-4
-4
-2
-3
-3
-4
-6
-4
-5
-8
-11
-15
-15
-16
-17
-18
-23
-25
-26
-28
-29
-29
-28
-27
-25
-25
-23
-21
-21
-17
-18
-17
-15
-16
-11
-9
-11
-11
-12
-12
-13
-13
-17
-20
-24
-29
-32
-33
-37
-36
-36
-36
-34
-30
-24
-24
-24
-20
-18
-15
-13
-12
-7
-5
-2
0
3
6
7
7
7
8
9
9
8
6
6
5
0
0
-1
-5
-2
-3
-6
-7
-9
-9
-9
-9
-5
-3
1
5
7
12
11
11
11
11
12
13
15
15
16
15
12
13
11
9
12
9
9
11
10
13
16
16
17
16
19
21
24
25
27
28
30
30
30
30
30
27
27
22
20
20
20
19
17
16
13
11
8
6
5
2
-1
-1
-2
0
0
-1
4
3
3
6
4
3
7
6
7
5
5
8
8
8
7
4
5
5
8
9
9
9
8
10
10
11
15
15
15
16
16
18
16
16
15
12
12
11
8
6
6
7
9
7
3
2
-2
-5
-6
-11
-12
-12
-13
-10
-11
-12
-13
-14
-15
-14
-15
-13
-14
-16
-18
-20
-23
-23
-25
-29
-29
-30
-32
-32
-34
-34
-31
-32
-29
-25
-24
-22
-20
-22
-22
-20
-16
-11
-8
-5
-4
-3
-1
-2
-2
0
-2
-1
-2
-6
-8
-9
-11
-10
-11
-12
-11
-10
-10
-10
-6
-6
-4
1
5
9
14
16
16
16
19
23
28
27
26
26
26
24
21
18
15
10
4
2
-1
-5
-7
-9
-14
-16
-16
-18
-19
-18
-16
-15
-13
-11
-9
-8
-4
-2
-2
3
3
4
6
5
8
8
6
7
6
5
5
4
6
8
10
13
14
16
17
19
18
15
16
19
20
23
22
23
24
22
23
22
21
21
16
14
13
9
6
0
-2
-6
-9
-12
-13
-14
-16
-16
-16
-16
-15
-18
-18
-15
-12
-12
-13
-11
-9
-7
-5
-2
-1
2
4
7
7
8
9
6
9
8
10
13
11
14
12
10
15
12
12
14
12
14
15
12
12
9
7
7
4
1
0
-4
-5
-6
-3
-3
-5
-4
-4
-4
0
1
0
-1
-1
1
3
3
5
5
6
4
7
5
3
2
0
-2
-3
-5
-11
-13
-16
-17
-13
-15
-15
-13
-12
-12
-9
-8
-5
-4
-3
4
6
7
10
11
12
11
8
11
9
6
6
3
0
-3
-3
-5
-5
-5
-7
-6
-7
-8
-7
-7
-4
0
2
7
7
8
13
12
14
19
20
20
20
20
19
15
11
10
8
6
3
2
-2
-6
-8
-8
-10
-11
-12
-13
-12
-13
-13
-10
-9
-8
-7
-4
-5
-7
-5
-5
-5
-7
-9
-10
-9
-10
-13
-14
-13
-13
-13
-15
-14
-14
-9
-7
-8
-5
-3
-1
2
2
3
4
5
9
11
9
10
9
7
6
4
0
-3
-6
-5
-9
-11
-11
-14
-14
-14
-13
-12
-12
-10
-10
-8
-5
-1
0
1
4
7
7
6
5
4
3
3
2
-1
-3
-5
-7
-10
-11
-12
-11
-10
-12
-13
-9
-9
-7
-3
-2
4
7
10
15
15
17
20
22
23
21
20
19
19
14
12
12
6
5
3
-1
-4
-9
-12
-13
-14
-15
-15
-14
-12
-11
-6
-5
-5
-1
2
2
5
8
10
13
16
15
15
13
9
8
7
2
-2
-3
-4
-5
-12
-11
-14
-15
-13
-16
-15
-14
-17
-13
-10
-9
-7
-5
-2
2
5
7
8
9
13
11
11
11
7
9
6
1
-1
-6
-7
-8
-8
-13
-16
-17
-17
-18
-17
-16
-14
-10
-6
-4
-2
1
2
4
8
10
12
13
14
16
20
18
15
15
14
14
9
6
5
3
1
2
1
-2
-2
0
0
2
4
1
-1
2
2
0
1
2
3
4
5
3
3
5
4
1
1
2
2
3
0
0
0
-4
-5
-4
-5
-4
-7
-6
-5
-6
-6
-7
-5
-4
-3
-4
-4
-4
-6
-7
-6
-8
-9
-10
-10
-10
-9
-9
-9
-10
-8
-7
-7
-7
-6
-4
-5
-6
-4
-3
-4
-4
-1
-1
1
2
2
2
0
2
2
1
-1
0
2
2
4
5
4
4
5
8
9
12
15
15
17
18
16
18
18
20
21
19
19
19
15
12
10
7
5
4
3
2
-3
-4
-3
-3
-1
-1
-1
0
0
1
1
2
1
3
8
10
10
13
13
14
16
16
18
16
11
7
6
4
2
-1
-2
-7
-8
-7
-11
-11
-10
-10
-10
-10
-10
-9
-10
-9
-6
-4
-5
-8
-7
-5
-5
-5
-6
-6
-9
-11
-12
-12
-14
-17
-20
-21
-20
-21
-21
-20
-19
-15
-14
-11
-8
-7
-4
-2
3
8
10
11
15
13
14
18
15
15
16
15
14
13
13
11
9
6
3
4
0
-2
-2
-5
-4
-5
-5
-1
-1
-1
1
3
6
7
7
4
3
7
7
4
3
4
3
3
3
1
2
2
0
1
1
1
0
-1
0
-1
-1
2
5
5
6
9
10
10
11
10
11
11
9
8
6
3
3
2
1
1
-1
-4
-4
-7
-11
-9
-8
-11
-13
-12
-14
-13
-11
-12
-13
-15
-14
-13
-13
-12
-13
-12
-9
-10
-11
-8
-8
-8
-6
-6
-7
-8
-7
-4
-3
-4
-2
0
1
3
2
3
4
3
4
1
2
5
4
4
2
4
4
4
3
3
3
1
3
5
4
4
5
2
2
2
3
2
6
5
3
3
1
0
-3
-9
-9
-8
-10
-8
-9
-9
-8
-11
-13
-14
-14
-14
-16
-15
-14
-13
-11
-9
-9
-7
-5
-7
-5
-4
-1
-1
0
3
2
1
5
4
5
8
6
8
11
9
8
7
8
8
9
12
12
11
11
14
14
13
12
11
12
11
10
10
8
8
6
7
7
5
2
3
1
1
-2
-5
-7
-7
-8
-10
-9
-8
-9
-6
-4
-4
-6
-6
-6
-9
-8
-7
-7
-6
-4
-2
-1
-2
-1
-2
-2
-1
-1
0
2
4
4
2
1
1
2
0
-1
-3
-4
-2
-2
-5
-4
-5
-6
-5
-7
-8
-8
-8
-4
-5
-6
-4
-2
-1
0
0
1
2
3
2
1
2
3
3
4
3
4
5
4
4
3
2
3
0
2
2
0
3
5
6
8
6
8
8
8
8
9
11
11
10
9
10
8
7
6
7
6
4
5
5
1
1
0
-4
-3
-6
-7
-7
-8
-5
-5
-6
-5
-4
-3
-1
-2
-3
-3
-2
-1
-2
-2
-4
-4
-4
-4
-4
-1
-1
-2
-2
-1
1
2
-1
1
0
0
2
3
5
7
7
8
7
6
7
6
6
4
4
5
4
4
6
4
4
4
3
5
4
3
4
5
6
7
7
8
11
11
9
9
10
10
11
10
10
9
9
9
8
8
7
5
4
2
3
2
0
0
0
0
-3
-3
-1
-4
-5
-6
-9
-10
-10
-9
-11
-12
-11
-14
-16
-19
-21
-20
-21
-21
-17
-18
-16
-11
-10
-5
-3
-1
1
4
9
13
15
18
21
23
25
27
30
30
27
28
28
25
24
21
16
14
11
8
6
3
2
0
-1
-3
-1
-2
-6
-5
-7
-9
-5
-3
-2
0
1
2
2
2
2
3
4
5
4
3
2
-1
-1
0
-1
0
0
1
1
0
0
2
1
5
6
8
10
10
12
14
14
16
16
17
16
10
9
5
3
1
-3
-5
-9
-12
-13
-17
-21
-22
-24
-27
-28
-30
-27
-25
-25
-23
-20
-16
-10
-7
-4
0
1
3
6
7
9
11
14
15
14
14
12
12
13
11
8
6
5
4
4
5
6
5
6
7
6
7
7
8
8
8
10
8
9
11
11
11
10
7
5
4
3
0
-3
-5
-7
-13
-17
-19
-23
-23
-23
-21
-19
-19
-14
-15
-12
-8
-9
-8
-4
-2
-1
2
5
6
9
11
11
12
11
8
9
6
3
1
-1
0
-1
-4
-5
-7
-9
-9
-10
-7
-6
-6
-4
-3
-1
3
8
9
10
11
8
7
6
4
3
0
0
-2
-4
-5
-6
-11
-13
-16
-18
-20
-22
-23
-22
-22
-21
-19
-16
-13
-10
-7
-5
-3
-4
0
-1
-1
2
0
0
-1
-3
-5
-8
-12
-14
-16
-18
-19
-22
-25
-29
-30
-31
-31
-31
-28
-25
-21
-18
-15
-12
-7
-2
1
1
4
7
8
8
10
12
12
11
6
4
3
-1
-4
-6
-8
-11
-14
-12
-12
-15
-13
-13
-14
-12
-12
-11
-10
-9
-7
-6
-5
-3
-4
-4
-1
0
-2
-2
-5
-9
-10
-13
-15
-15
-16
-15
-18
-17
-17
-17
-17
-18
-14
-12
-11
-9
-7
-3
0
5
6
9
11
12
10
10
9
9
7
4
4
1
-2
-2
-5
-10
-8
-10
-11
-9
-9
-9
-10
-8
-6
-7
-4
-3
-3
0
2
5
5
6
10
11
16
14
14
15
12
11
9
6
5
3
4
3
2
1
2
2
2
3
2
5
7
7
10
11
13
15
17
16
15
13
14
13
12
11
11
10
11
11
8
4
2
0
-3
-4
-5
-5
-4
-4
-3
0
-1
1
0
0
2
0
2
2
4
4
3
7
6
7
9
7
7
6
6
8
6
6
6
5
4
4
3
4
6
7
8
8
8
11
9
8
9
8
8
9
8
8
7
6
5
6
3
2
3
2
0
-2
-3
-4
-5
-6
-5
-7
-8
-7
-8
-11
-9
-9
-9
-10
-13
-12
-15
-17
-16
-16
-15
-17
-17
-21
-23
-20
-21
-21
-19
-20
-21
-20
-21
-22
-24
-23
-22
-22
-22
-22
-21
-23
-24
-23
-23
-27
-32
-30
-32
-33
-33
-36
-34
-36
-37
-38
-43
-42
-41
-42
-42
-42
-41
-39
-39
-40
-41
-37
-38
-34
-31
-27
-24
-20
-15
-13
-9
-5
-3
2
5
7
11
14
14
15
19
22
22
26
25
25
27
25
26
28
29
32
32
32
36
37
39
39
41
42
44
47
46
45
49
50
52
56
56
58
61
61
60
57
58
57
59
58
54
54
54
53
52
50
50
52
54
56
57
