8
8
9
8
6
5
7
6
8
7
7
7
7
6
4
2
0
-1
-1
-3
-4
-6
-7
-5
-4
-3
-5
-3
-2
-1
0
-1
-1
1
3
4
5
7
11
10
10
11
10
9
9
10
8
6
5
3
2
4
3
2
6
3
2
1
-1
0
-3
0
0
-2
-3
-3
-4
-3
-2
-2
-2
0
-1
0
2
-1
-1
0
1
2
1
3
3
1
2
1
1
3
3
2
1
2
0
0
0
-4
-3
-1
-2
-2
-3
-2
0
-1
0
0
-3
-2
-2
-2
0
0
1
1
1
3
4
4
4
4
5
4
3
2
0
0
2
-1
-1
0
-3
-2
-3
-4
-3
-6
-5
-6
-6
-7
-8
-8
-9
-8
-7
-3
-3
-4
-3
-3
-2
0
1
3
0
1
1
0
3
5
6
5
3
3
3
3
4
2
5
5
8
9
6
8
8
10
11
9
6
6
5
7
9
8
7
7
8
6
6
5
4
6
7
6
4
4
5
7
6
5
7
7
6
3
1
2
2
0
0
0
-3
-2
-2
-2
-3
-2
-2
0
-2
-2
-2
-1
-1
-4
-3
0
0
1
1
0
-1
0
-1
-1
1
2
1
3
2
1
2
0
1
0
-4
-2
-2
-4
-1
-2
-3
-4
-4
-4
-4
-6
-4
-3
-5
-6
-8
-9
-10
-10
-9
-9
-11
-14
-12
-13
-18
-19
-19
-17
-15
-16
-17
-15
-16
-13
-14
-12
-11
-14
-11
-8
-6
-5
-1
-1
1
1
1
0
0
0
-1
-1
-2
-5
-5
-4
-4
-6
-3
-2
-1
-1
-3
-3
-3
-1
-1
-3
-2
-1
0
1
1
2
1
4
5
7
6
6
6
4
3
3
4
5
2
5
6
5
5
3
4
4
5
8
6
6
7
7
8
6
5
6
5
5
3
4
5
3
3
4
3
2
1
2
3
2
0
1
-1
-1
-1
-2
-1
-2
0
1
0
-1
-1
-1
-1
0
-2
-1
2
2
1
0
-2
-2
0
-1
-3
-5
-5
-3
-3
-4
-5
-4
-2
1
0
-3
-3
-3
-2
-2
0
-2
-2
1
3
2
5
8
10
10
8
9
9
11
12
14
14
16
17
18
18
16
15
15
12
10
10
9
7
6
7
8
9
7
6
5
6
6
2
0
2
0
-1
0
0
2
2
2
3
1
-2
-1
-1
-1
-3
-5
-6
-4
-4
-5
-4
-5
-5
-4
-6
-5
-6
-6
-6
-6
-5
-5
-7
-4
-1
-2
-1
-1
-4
-2
-3
-3
-4
-2
-2
-1
1
2
3
1
-1
1
1
0
-1
-2
-2
-2
-1
-4
-2
0
1
0
-1
-1
-2
-3
-4
-4
-4
-6
-4
-4
-5
-3
-4
-5
-6
-8
-7
-6
-5
-4
-5
-6
-5
-5
-3
-2
-1
0
-1
-1
2
1
2
1
1
5
3
4
5
6
6
6
4
5
7
9
7
7
7
8
7
7
7
6
7
9
8
9
11
9
7
7
8
7
4
3
4
5
2
0
0
0
2
1
0
-1
-1
0
-1
-2
0
2
1
1
2
3
4
4
4
7
7
4
7
9
10
10
9
6
6
6
7
7
8
10
10
9
9
6
5
4
4
2
1
1
2
3
1
0
0
-3
-3
-2
-3
-4
-3
-5
-4
-4
-6
-4
-4
-5
-5
-6
-6
-5
-6
-6
-9
-9
-8
-11
-9
-10
-8
-7
-7
-7
-8
-7
-8
-10
-9
-10
-9
-8
-10
-8
-7
-8
-8
-8
-9
-8
-5
-7
-6
-4
-4
-2
-3
-1
1
-3
-2
-1
0
0
-2
0
-1
1
1
0
1
4
4
2
1
-1
0
1
2
2
1
0
1
1
3
3
1
1
1
2
2
3
2
0
0
-1
-1
-3
-2
0
3
3
0
-2
-3
-3
-3
-3
0
1
0
1
1
-2
-2
-2
-2
-3
0
0
0
-1
-2
1
-1
0
1
0
-1
-2
0
0
1
1
-3
-2
-4
-6
-6
-7
-7
-5
-6
-8
-6
-8
-8
-9
-10
-7
-6
-7
-6
-6
-7
-6
-6
-8
-6
-5
-3
-3
-4
-3
-2
-3
-2
-1
0
1
4
3
0
1
3
5
4
3
2
1
3
2
2
0
0
1
0
2
1
1
4
4
3
4
4
3
4
2
4
4
3
6
3
2
3
3
3
4
2
3
2
0
3
4
4
6
6
7
8
7
5
6
7
8
9
9
9
9
9
9
9
9
9
9
11
6
5
6
4
4
4
5
5
5
6
4
2
2
1
2
1
-1
-2
-2
-2
-2
-2
-3
-4
-5
-7
-6
-7
-8
-7
-7
-6
-5
-6
-7
-5
-4
-1
-1
-3
-3
-2
-2
0
1
1
3
6
4
6
6
6
7
7
6
6
5
4
4
4
6
6
6
6
5
5
5
7
8
8
8
7
7
5
6
4
5
6
4
4
2
3
3
1
1
2
3
1
3
4
3
2
0
1
1
1
4
1
0
0
-1
-2
-1
-2
-3
-4
-4
-4
-3
-5
-5
-4
-6
-7
-6
-7
-7
-6
-6
-5
-6
-8
-6
-8
-11
-11
-11
-10
-9
-11
-11
-9
-9
-9
-8
-12
-11
-10
-11
-10
-10
-12
-12
-12
-12
-9
-10
-9
-9
-8
-8
-6
-2
-2
-1
1
3
4
5
6
8
9
10
10
13
14
13
14
15
14
12
12
13
15
13
10
12
11
12
12
10
11
9
8
8
5
5
3
3
0
1
1
-1
-1
-3
-3
-3
-6
-5
-6
-6
-4
-4
-6
-6
-5
-8
-9
-9
-8
-8
-10
-9
-10
-12
-9
-9
-12
-12
-13
-12
-14
-14
-14
-13
-10
-10
-10
-10
-9
-9
-9
-11
-8
-7
-7
-3
-2
-3
1
2
1
2
0
-1
3
4
3
4
4
2
2
1
2
0
1
5
2
1
2
3
3
2
3
3
4
3
4
8
8
8
4
5
8
7
8
8
8
9
8
9
7
6
7
9
11
9
7
8
7
8
7
5
4
7
7
6
6
4
5
1
-1
-1
-2
-2
-3
-2
-4
-6
-4
-3
-4
-4
-3
-3
-3
-1
-3
-1
1
0
2
3
2
3
1
3
5
3
0
2
5
4
3
3
2
2
2
4
1
1
2
2
3
5
6
2
6
5
5
8
7
7
7
7
9
10
9
9
8
7
8
7
7
7
7
8
4
4
4
1
0
-2
-1
-1
-3
-3
-4
-3
-2
-2
-1
-2
0
2
1
1
-1
-1
2
2
1
0
0
-4
0
0
-4
-1
-1
-1
-2
-3
-2
-2
-1
-3
-3
-2
-1
-1
-3
-6
-6
-9
-8
-6
-6
-6
-7
-9
-8
-8
-10
-10
-10
-9
-8
-8
-6
-5
-3
-3
-3
-3
-1
-1
-1
-1
1
1
0
2
1
-1
-1
-3
-2
-4
-4
-3
-4
-2
-3
-6
-7
-7
-9
-8
-8
-7
-6
-6
-5
-4
-6
-6
-5
-7
-7
-7
-9
-8
-8
-9
-5
-5
-7
-8
-7
-5
-5
-7
-6
-6
-6
-7
-7
-7
-7
-6
-5
-5
-3
-3
-1
2
0
0
-2
2
2
0
1
0
2
3
1
4
5
5
5
4
4
6
8
8
8
10
11
12
10
9
7
7
6
6
7
7
8
8
7
5
3
3
1
0
0
1
1
1
2
0
0
-2
-4
-3
-5
-4
1
-1
-1
0
0
-1
-1
0
-2
-2
0
3
4
3
3
3
4
3
3
4
3
4
5
2
6
8
8
10
9
6
9
11
11
11
10
10
12
13
11
8
6
3
4
1
2
2
1
0
-1
-4
-3
-3
-8
-7
-7
-6
-9
-11
-10
-10
-8
-10
-12
-12
-11
-9
-9
-8
-6
-7
-4
-2
-4
-2
-2
-1
0
1
3
2
2
5
5
7
7
7
7
7
8
9
9
9
7
7
9
6
5
3
-1
-3
-4
-6
-7
-8
-8
-7
-9
-11
-9
-8
-10
-10
-10
-10
-10
-9
-7
-6
-6
-5
-4
-5
-4
-2
-1
0
2
-1
1
3
4
4
3
4
6
4
4
5
4
5
4
4
6
5
8
7
4
7
8
6
5
6
6
5
5
5
8
5
3
5
5
3
2
3
4
0
0
2
2
3
2
0
0
1
2
-1
0
1
3
2
0
0
4
3
2
5
4
3
4
7
5
3
4
3
5
9
8
5
7
6
5
4
3
4
3
2
1
3
4
2
4
2
0
0
-4
-4
-4
-4
-4
-4
-1
-1
-1
-1
-1
-1
-1
-2
0
0
1
1
-1
1
2
0
0
0
1
0
-1
-3
-2
-2
-2
-2
-2
-3
-3
-5
-5
-5
-5
-6
-5
-3
-2
-1
0
-2
1
2
1
3
5
2
-2
1
0
-1
3
3
3
4
2
1
1
1
1
1
0
0
0
2
1
2
-2
-3
-2
-3
-4
-6
-6
-6
-5
-4
-7
-7
-6
-5
-7
-8
-9
-7
-4
-6
-6
-4
-6
-5
-4
-5
-4
-3
-4
-7
-5
-4
-5
-4
-4
-2
-2
-5
-3
-5
-5
-4
-4
-2
-4
-5
-2
-2
0
0
1
4
3
2
-2
-2
0
-1
0
-2
1
3
1
2
0
0
3
3
3
0
2
5
3
6
4
4
6
7
5
4
7
6
4
7
5
3
5
3
1
1
2
2
1
1
-2
-2
-2
-5
-5
-5
-6
-5
-7
-9
-7
-7
-7
-8
-7
-6
-6
-4
-4
-5
-4
-3
-2
0
-1
1
2
0
1
-1
0
1
3
4
3
4
4
4
4
3
5
9
9
9
7
6
8
5
6
9
7
5
4
3
-2
-4
-5
-2
-1
-5
-6
-5
-6
-6
-5
-5
-4
-2
-1
-2
-2
0
0
-2
1
-2
-2
-4
-4
-2
-4
-2
-1
-3
-3
-6
-5
-4
-3
-2
-2
-3
-5
-5
-5
-3
-6
-5
-1
-2
-2
-3
-4
-3
-2
0
0
2
0
0
0
-1
-1
2
4
4
3
1
1
2
2
2
3
3
3
3
3
1
2
4
4
4
5
4
4
5
8
8
9
8
6
6
6
5
7
6
7
7
6
7
10
8
6
7
7
8
6
8
6
6
9
6
8
8
6
6
6
5
5
4
4
2
-1
0
0
-1
-2
-2
0
2
-1
-4
-2
-4
-6
-7
-7
-6
-4
-5
-5
-6
-7
-6
-6
-6
-7
-6
-5
-5
-5
-5
-4
-5
-7
-7
-6
-3
-4
-5
-3
-5
-3
-2
-2
0
2
0
3
3
2
6
7
9
9
9
9
10
12
13
12
12
12
8
8
9
9
10
10
7
7
4
4
6
2
0
-2
0
-1
-4
-6
-10
-10
-10
-9
-9
-9
-12
-16
-16
-17
-19
-16
-16
-18
-15
-15
-15
-15
-15
-17
-14
-11
-11
-10
-10
-10
-6
-5
0
2
1
4
4
5
6
8
10
11
14
16
18
20
20
20
20
20
20
17
18
20
17
18
20
20
16
14
12
11
11
12
13
12
8
6
6
3
1
-4
-4
-4
-6
-9
-11
-14
-17
-20
-18
-19
-24
-25
-27
-30
-29
-33
-37
-38
-38
-37
-34
-35
-36
-34
-35
-31
-28
-26
-25
-21
-16
-17
-12
-8
-6
-3
-1
4
4
6
9
11
16
18
22
23
22
24
27
28
32
34
35
35
37
39
38
38
38
36
36
36
35
34
33
30
27
26
27
23
19
15
12
10
5
2
2
-2
-7
-10
-12
-14
-19
-22
-23
-25
-26
-27
-29
-32
-34
-34
-34
-34
-33
-35
-37
-34
-31
-32
-30
-28
-26
-24
-22
-20
-17
-16
-11
-8
-6
-2
1
5
8
10
16
17
21
25
27
31
32
34
35
37
38
38
40
40
39
40
38
39
35
36
35
32
32
30
27
24
21
20
17
13
11
8
4
-2
-5
-4
-10
-14
-18
-25
-29
-32
-35
-40
-44
-46
-48
-52
-57
-57
-58
-60
-61
-60
-60
-60
-57
-55
-52
-46
-43
-38
-33
-29
-22
-13
-8
-1
5
12
19
26
33
40
45
50
56
64
70
73
77
82
85
88
89
87
90
91
89
89
86
83
78
70
66
62
57
47
39
31
20
12
4
-6
-17
-28
-38
-49
-60
-69
-80
-88
-100
-108
-114
-122
-131
-135
-138
-141
-144
-145
-147
-148
-147
-143
-136
-130
-124
-114
-107
-97
-84
-72
-58
-46
-31
-16
-1
16
29
45
60
72
90
105
120
133
146
156
166
178
184
192
199
200
205
205
201
200
195
189
183
175
164
151
139
122
105
89
71
55
33
8
-10
-32
-53
-76
-98
-118
-138
-154
-172
-188
-204
-218
-231
-243
-253
-260
-265
-267
-267
-265
-260
-252
-244
-234
-224
-209
-191
-174
-155
-134
-111
-89
-65
-40
-14
13
34
60
87
110
136
162
186
206
226
244
262
276
287
301
309
315
319
321
319
313
308
300
288
274
256
239
220
198
173
146
117
88
58
26
-3
-36
-67
-99
-130
-162
-191
-219
-245
-267
-291
-313
-330
-344
-357
-365
-371
-376
-377
-375
-369
-359
-348
-333
-316
-297
-275
-250
-223
-195
-165
-131
-98
-66
-32
2
37
73
109
142
174
208
236
264
291
312
334
355
374
390
401
409
416
419
419
413
407
399
385
367
348
326
303
275
245
216
181
144
108
70
28
-12
-49
-90
-131
-169
-205
-240
-277
-308
-338
-363
-389
-411
-428
-446
-457
-465
-470
-468
-468
-461
-450
-434
-417
-398
-372
-349
-318
-286
-251
-216
-180
-142
-104
-66
-25
17
56
98
141
180
219
255
290
323
352
382
406
427
446
465
478
486
494
496
494
491
482
470
456
437
413
387
358
326
291
253
214
174
132
90
47
3
-41
-86
-127
-167
-208
-244
-283
-319
-349
-378
-404
-426
-447
-465
-478
-487
-492
-495
-493
-489
-481
-468
-455
-439
-416
-390
-364
-336
-303
-271
-235
-196
-160
-122
-76
-40
2
45
84
123
162
201
238
269
301
330
358
385
407
426
444
458
467
476
478
476
475
468
458
447
431
412
393
370
344
316
283
249
213
176
138
99
61
23
-17
-54
-89
-124
-160
-195
-227
-259
-288
-317
-342
-364
-385
-403
-417
-431
-439
-442
-446
-448
-445
-440
-432
-424
-411
-394
-379
-360
-337
-312
-284
-256
-225
-192
-159
-129
-95
-57
-22
15
50
86
121
152
184
216
248
275
300
325
346
363
381
397
409
420
429
429
429
431
426
419
410
396
383
368
350
329
306
281
256
227
196
165
132
97
64
29
-3
-39
-75
-108
-141
-172
-204
-234
-262
-289
-314
-336
-356
-376
-393
-404
-414
-423
-428
-433
-435
-432
-428
-422
-413
-400
-385
-364
-343
-321
-293
-267
-241
-208
-177
-145
-112
-77
-42
-9
30
68
102
137
171
201
233
260
287
314
337
358
375
390
401
417
426
430
435
432
429
424
415
406
395
381
364
345
322
298
272
245
216
187
156
126
94
60
29
-7
-40
-75
-111
-139
-174
-204
-230
-257
-285
-309
-331
-351
-369
-383
-399
-411
-423
-433
-435
-433
-432
-424
-415
-408
-393
-377
-359
-342
-317
-294
-272
-241
-213
-180
-146
-113
-77
-39
-6
29
62
94
126
159
188
216
247
272
294
315
335
351
364
378
386
394
401
400
399
396
390
382
374
363
350
331
313
293
274
252
226
205
179
151
124
94
66
38
7
-23
-52
-77
-108
-137
-161
-186
-208
-228
-250
-268
-285
-302
-314
-326
-335
-340
-346
-349
-350
-345
-342
-335
-325
-315
-302
-289
-271
-253
-234
-213
-191
-170
-145
-121
-93
-68
-45
-19
6
33
56
80
105
126
150
169
185
203
217
230
245
254
262
268
273
277
281
283
278
274
270
262
251
241
232
221
208
192
176
163
148
128
112
94
74
56
37
17
-3
-24
-44
-62
-78
-96
-110
-127
-143
-155
-170
-185
-198
-208
-216
-221
-226
-232
-236
-239
-240
-237
-233
-231
-225
-215
-205
-192
-181
-168
-155
-140
-125
-109
-91
-73
-54
-35
-15
4
20
38
56
70
87
101
113
127
137
147
154
162
169
174
177
181
185
185
186
185
182
179
173
168
163
155
149
138
130
123
113
105
95
82
70
58
48
35
23
11
-3
-15
-26
-41
-53
-64
-74
-84
-93
-105
-110
-118
-127
-134
-140
-145
-147
-150
-154
-153
-152
-151
-151
-151
-149
-148
-144
-139
-132
-127
-121
-114
-105
-96
-88
-78
-68
-59
-50
-38
-27
-18
-5
7
17
29
39
50
62
70
79
90
97
104
110
114
121
125
128
131
130
131
134
134
134
131
130
126
124
123
118
113
107
99
96
91
84
75
67
58
54
50
41
33
25
17
7
-1
-10
-19
-29
-38
-48
-53
-64
-72
-78
-86
-90
-97
-104
-108
-114
-117
-121
-123
-127
-129
-127
-125
-122
-118
-117
-112
-106
-100
-91
-84
-77
-69
-58
-50
-42
-31
-22
-16
-7
2
12
16
25
33
39
47
52
58
63
67
69
71
75
77
80
81
81
80
79
79
81
80
80
79
76
74
73
72
68
65
62
57
53
50
48
41
36
32
26
22
19
13
9
4
0
-2
-6
-11
-17
-21
-25
-28
-30
-35
-36
-38
-40
-40
-39
-42
-43
-46
-48
-48
-47
-48
-52
-50
-47
-47
-46
-48
-49
-47
-45
-42
-40
-40
-41
-36
-35
-35
-33
-31
-28
-26
-24
-21
-17
-16
-13
-10
-6
-3
3
6
7
11
15
19
24
26
31
34
39
42
42
47
50
54
56
59
58
57
58
60
62
60
57
55
53
52
48
46
40
36
32
30
25
21
14
10
7
-1
-6
-10
-15
-20
-28
-31
-35
-39
-42
-48
-51
-56
-57
-63
-65
-68
-71
-71
-74
-75
-76
-78
-77
-75
-76
-74
-71
-67
-64
-61
-57
-55
-51
-48
-43
-35
-28
-23
-18
-14
-6
1
8
12
19
26
31
39
44
49
56
63
67
70
72
74
75
77
80
83
83
82
83
81
78
78
76
73
68
63
60
55
52
45
38
35
31
26
23
17
8
3
-1
-7
-13
-21
-24
-30
-38
-45
-52
-56
-62
-66
-72
-77
-77
-83
-84
-86
-89
-88
-89
-88
-87
-87
-86
-83
-79
-78
-73
-68
-64
-60
-52
-47
-40
-34
-30
-22
-15
-8
-2
6
14
20
26
34
43
47
53
59
64
70
74
78
81
84
87
90
93
92
91
90
90
89
86
82
78
74
73
71
66
60
55
49
42
36
29
25
19
12
5
1
-4
-9
-14
-19
-24
-28
-30
-35
-40
-44
-48
-51
-52
-53
-57
-57
-59
-63
-63
-64
-62
-61
-61
-59
-60
-59
-59
-58
-58
-55
-54
-50
-44
-44
-39
-33
-29
-23
-20
-17
-13
-10
-8
-4
2
6
11
13
19
25
28
29
31
33
37
41
41
40
40
41
43
44
42
43
42
41
39
36
36
35
32
30
26
23
20
17
15
11
9
7
6
3
0
-5
-6
-7
-10
-11
-12
-12
-12
-13
-13
-11
-10
-7
-6
-5
-2
1
1
-2
3
3
8
11
11
12
13
15
18
18
17
17
17
17
15
10
6
5
3
3
2
-2
-3
-5
-7
-10
-12
-12
-13
-16
-16
-19
-20
-20
-21
-19
-15
-14
-15
-11
-10
-7
-7
-9
-7
-6
-3
0
-3
-4
-3
-5
-5
-5
-9
-10
-10
-9
-10
-14
-12
-10
-11
-10
-8
-7
-4
-5
-6
-6
-3
-2
0
1
2
3
6
7
6
4
3
8
8
8
8
8
11
13
17
20
21
23
22
25
30
30
32
35
33
33
36
37
35
33
33
34
32
27
22
21
17
14
9
7
4
0
-3
-6
-10
-12
-13
-13
-11
-9
-9
-7
-8
-10
-12
-12
-7
-8
-10
-10
-12
-17
-19
-25
-35
-47
-63
-77
-88
-101
-114
-133
-155
-167
-172
-171
-166
-168
-173
-175
-172
-161
-148
-132
-117
-104
-88
-65
-40
-15
5
18
34
53
73
94
109
118
121
126
137
145
150
151
148
141
139
136
130
127
117
108
102
96
92
88
80
71
59
45
39
38
34
28
20
12
10
10
9
7
3
-1
0
1
5
7
8
11
8
10
16
17
20
21
19
17
18
18
18
17
13
9
11
13
13
4
-4
-7
-11
-13
-13
-16
-21
-27
-31
-34
-37
-39
-42
-45
-44
-40
-37
-37
-38
-35
-31
-28
-21
-15
-14
-14
-15
-12
-6
-3
-1
0
-3
-4
-2
-2
-9
-23
-37
-46
-46
-38
-32
-34
-42
-47
-47
-39
-23
-15
-16
-17
-18
-11
2
14
25
28
27
27
32
40
40
34
28
21
21
27
29
26
18
12
8
8
9
10
5
0
-2
-2
1
7
6
4
3
3
7
13
13
13
14
10
10
16
18
23
22
20
21
19
19
21
18
19
18
17
19
15
11
13
14
17
16
13
9
4
3
4
4
0
-5
-7
-10
-13
-12
-12
-15
-22
-28
-28
-34
-36
-36
-40
-42
-48
-49
-46
-44
-42
-44
-44
-41
-40
-38
-29
-23
-20
-15
-10
-5
1
7
15
20
22
26
30
33
40
43
44
44
44
46
46
47
45
39
35
33
32
28
23
17
11
7
4
3
1
1
1
-1
-4
-5
-4
0
1
0
-1
0
4
7
8
9
8
8
10
9
7
5
4
-1
-1
0
-1
-2
-3
-9
-14
-14
-19
-21
-24
-26
-30
-33
-35
-36
-36
-34
-38
-42
-43
-46
-48
-49
-53
-54
-55
-56
-55
-56
-56
-55
-52
-49
-50
-51
-51
-52
-49
-47
-44
-41
-37
-37
-36
-32
-26
-17
-11
-8
-1
5
12
22
34
43
51
55
65
76
84
92
99
102
107
112
115
116
112
106
103
99
96
91
85
79
69
61
50
41
34
25
12
2
-7
-14
-18
-23
-31
-40
-45
-52
-56
-58
-63
-67
-72
-74
-74
-75
-74
-74
-75
-78
-82
-84
-83
-83
-78
-75
-75
-75
-73
-69
-64
-57
-54
-50
-45
-37
-29
-24
-14
-3
3
13
20
30
43
53
61
68
77
87
95
102
108
113
116
119
123
126
128
128
128
124
120
118
114
109
104
97
87
77
66
61
53
42
31
22
11
-1
-12
-23
-31
-42
-52
-60
-72
-80
-86
-94
-101
-110
-116
-124
-132
-133
-137
-142
-147
-150
-149
-149
-148
-147
-143
-139
-132
-124
-115
-106
-96
-82
-69
-54
-37
-24
-9
9
27
43
56
71
85
98
111
125
136
145
153
162
168
174
180
186
194
193
193
187
187
193
194
191
183
176
172
168
165
156
144
132
118
104
89
69
48
26
3
-20
-47
-73
-102
-131
-161
-191
-215
-240
-266
-292
-315
-332
-345
-355
-365
-368
-367
-364
-353
-339
-322
-303
-283
-258
-231
-200
-167
-132
-100
-67
-34
-1
31
63
89
112
134
160
186
208
224
236
249
267
285
295
304
311
319
330
337
343
346
349
352
353
352
350
347
343
335
318
305
288
269
243
211
177
139
103
60
11
-38
-90
-141
-194
-249
-305
-357
-404
-449
-491
-526
-557
-580
-596
-609
-614
-610
-602
-583
-560
-534
-497
-456
-412
-364
-314
-261
-205
-151
-103
-52
-3
49
93
137
177
209
240
268
295
322
342
361
373
384
395
406
412
421
429
434
438
441
444
446
449
448
443
437
432
420
404
383
358
329
297
259
218
168
115
61
3
-58
-122
-187
-251
-312
-371
-428
-483
-533
-581
-624
-656
-683
-697
-706
-710
-704
-689
-667
-638
-600
-558
-515
-464
-412
-356
-297
-237
-178
-119
-63
-11
43
92
142
187
225
260
292
321
347
370
390
407
425
439
452
469
482
493
503
508
515
523
530
535
537
539
533
525
513
498
482
459
429
388
343
299
250
200
141
78
16
-50
-114
-184
-253
-316
-378
-438
-498
-552
-596
-633
-668
-698
-723
-738
-746
-747
-740
-724
-700
-673
-643
-605
-565
-515
-461
-408
-351
-293
-233
-174
-116
-56
2
57
106
150
194
234
274
313
347
378
406
430
451
469
490
508
526
541
553
567
578
591
598
604
608
612
613
598
589
579
561
538
507
470
425
383
330
272
214
152
83
14
-54
-120
-187
-252
-316
-384
-448
-502
-555
-606
-652
-694
-732
-760
-784
-804
-814
-817
-812
-800
-784
-762
-734
-694
-648
-601
-547
-488
-423
-362
-300
-232
-162
-96
-35
23
80
137
193
239
279
322
360
394
425
447
475
500
522
543
556
574
593
610
626
635
646
655
660
660
658
655
647
629
601
567
528
487
442
387
326
265
200
135
65
-5
-75
-136
-200
-267
-330
-391
-447
-497
-548
-591
-632
-672
-707
-736
-759
-778
-788
-789
-788
-781
-767
-745
-711
-671
-630
-583
-529
-471
-410
-344
-281
-218
-149
-86
-25
38
95
148
199
245
284
319
352
385
412
436
462
481
499
521
538
555
578
594
610
620
634
648
651
655
651
647
638
616
588
554
518
472
423
366
305
247
183
114
43
-25
-90
-154
-215
-279
-337
-387
-439
-489
-539
-579
-611
-643
-672
-698
-719
-729
-737
-741
-737
-725
-708
-688
-660
-627
-585
-536
-488
-437
-380
-322
-258
-195
-134
-75
-14
47
97
146
197
242
284
322
354
382
411
436
458
481
500
519
537
552
565
580
599
613
620
626
629
627
623
614
597
575
548
513
471
426
376
321
263
203
139
70
5
-61
-124
-182
-241
-300
-353
-401
-447
-487
-525
-560
-590
-617
-640
-658
-673
-683
-688
-688
-686
-682
-668
-650
-628
-600
-568
-533
-488
-441
-392
-339
-285
-231
-176
-119
-64
-9
42
90
139
183
225
261
291
326
356
383
407
426
445
469
487
504
520
536
547
557
567
574
583
589
586
578
573
565
547
527
498
463
425
379
329
275
225
174
117
56
-4
-62
-115
-166
-219
-268
-309
-349
-391
-428
-455
-483
-506
-531
-558
-575
-590
-599
-607
-614
-616
-614
-605
-591
-576
-555
-527
-498
-464
-425
-386
-342
-293
-246
-202
-157
-107
-60
-16
24
66
110
149
188
222
255
287
312
334
356
376
401
422
439
452
469
487
499
513
527
537
539
540
539
538
536
524
504
481
453
422
383
337
293
247
195
142
86
31
-22
-71
-118
-163
-207
-250
-287
-320
-351
-379
-407
-431
-453
-477
-497
-511
-523
-530
-539
-545
-548
-543
-535
-527
-511
-489
-464
-435
-406
-371
-335
-297
-255
-212
-171
-125
-85
-44
3
44
85
122
154
190
221
246
271
297
323
345
363
384
400
416
433
446
457
472
482
485
489
493
495
493
484
471
454
434
407
376
340
298
258
211
163
115
65
16
-28
-69
-112
-152
-192
-234
-263
-291
-323
-350
-374
-400
-423
-445
-465
-482
-492
-508
-518
-522
-525
-520
-510
-500
-485
-467
-443
-412
-382
-347
-303
-258
-213
-173
-130
-85
-41
6
45
80
115
149
185
219
246
272
295
314
332
348
366
382
392
401
411
421
431
440
446
447
449
449
446
443
434
424
404
384
361
333
304
269
231
193
152
114
73
31
-8
-50
-85
-122
-160
-194
-229
-266
-303
-337
-366
-397
-430
-470
-516
-545
-557
-572
-585
-601
-623
-631
-615
-591
-559
-524
-497
-468
-422
-364
-304
-252
-207
-167
-126
-79
-24
21
55
86
116
147
189
235
274
307
331
352
380
417
453
481
500
512
533
556
578
598
611
615
616
615
611
605
596
575
544
505
462
420
376
325
260
193
119
55
0
-66
-134
-201
-266
-321
-366
-409
-456
-505
-553
-593
-622
-646
-666
-690
-714
-732
-739
-730
-719
-701
-684
-670
-638
-595
-546
-492
-450
-407
-355
-296
-232
-170
-111
-63
-19
29
77
126
179
226
263
296
339
390
442
494
543
586
636
695
755
810
866
920
967
1002
1020
1033
1043
1037
1008
954
879
799
718
628
515
385
252
121
0
-121
-243
-363
-475
-572
-655
-723
-778
-825
-868
-907
-936
-952
-949
-939
-941
-948
-944
-925
-893
-859
-832
-806
-774
-728
-675
-620
-560
-501
-440
-376
-306
-230
-156
-88
-26
30
88
147
206
260
305
350
394
448
506
562
619
677
738
805
880
957
1033
1106
1158
1187
1215
1245
1263
1251
1199
1119
1028
936
835
706
547
376
209
53
-95
-241
-393
-538
-662
-768
-848
-909
-961
-1005
-1041
-1065
-1070
-1058
-1040
-1023
-1009
-991
-961
-920
-879
-847
-816
-782
-737
-683
-629
-578
-532
-480
-425
-365
-298
-233
-174
-120
-67
-12
44
105
162
209
254
305
361
424
491
560
630
698
775
860
948
1047
1142
1216
1264
1300
1342
1388
1405
1376
1302
1212
1125
1031
910
750
564
378
201
39
-124
-296
-467
-628
-763
-867
-949
-1020
-1086
-1142
-1181
-1192
-1177
-1157
-1143
-1131
-1109
-1069
-1012
-954
-908
-867
-823
-768
-700
-629
-568
-509
-449
-390
-326
-253
-181
-118
-62
-7
50
112
177
235
282
329
378
435
500
567
635
702
775
851
932
1022
1121
1218
1298
1349
1384
1425
1471
1493
1466
1393
1298
1203
1109
991
831
638
437
248
66
-112
-290
-477
-655
-810
-936
-1032
-1114
-1195
-1268
-1320
-1342
-1334
-1313
-1300
-1294
-1276
-1233
-1170
-1104
-1054
-1016
-969
-907
-832
-754
-687
-627
-566
-501
-430
-351
-275
-212
-152
-94
-34
35
99
157
208
257
316
381
451
518
589
665
745
831
920
1013
1119
1229
1328
1395
1443
1494
1550
1592
1592
1540
1457
1368
1281
1175
1031
852
655
455
273
96
-87
-280
-471
-642
-782
-895
-989
-1081
-1167
-1235
-1276
-1286
-1274
-1262
-1262
-1260
-1237
-1188
-1120
-1064
-1030
-998
-948
-878
-801
-733
-677
-629
-570
-500
-425
-353
-296
-243
-188
-129
-65
-3
51
99
144
199
258
325
388
449
522
604
690
778
865
964
1080
1190
1274
1331
1382
1446
1507
1528
1497
1432
1358
1288
1207
1087
922
735
549
379
215
46
-141
-333
-509
-655
-773
-874
-966
-1060
-1144
-1200
-1220
-1221
-1218
-1223
-1232
-1224
-1181
-1119
-1067
-1036
-1018
-982
-920
-846
-778
-730
-690
-643
-579
-499
-422
-361
-313
-264
-200
-128
-58
4
56
107
169
239
313
383
454
535
627
722
818
915
1019
1136
1257
1353
1420
1480
1545
1611
1648
1629
1572
1498
1425
1343
1231
1077
892
705
524
352
172
-22
-218
-403
-566
-702
-817
-929
-1040
-1137
-1210
-1251
-1263
-1264
-1277
-1297
-1301
-1280
-1230
-1176
-1140
-1119
-1090
-1037
-962
-886
-827
-784
-732
-664
-577
-487
-412
-355
-299
-229
-151
-74
-3
57
115
179
251
322
394
469
547
636
730
821
916
1021
1136
1251
1353
1423
1478
1542
1614
1659
1651
1599
1523
1445
1370
1268
1122
939
747
568
396
220
33
-167
-359
-526
-668
-785
-893
-1001
-1099
-1179
-1230
-1251
-1255
-1261
-1278
-1291
-1278
-1233
-1180
-1143
-1123
-1103
-1066
-999
-923
-862
-821
-778
-720
-642
-555
-483
-423
-363
-298
-221
-147
-79
-19
36
99
168
237
307
377
453
539
630
721
815
915
1026
1149
1260
1345
1408
1472
1546
1609
1634
1607
1546
1477
1408
1322
1198
1040
860
680
513
348
170
-17
-203
-378
-526
-651
-764
-875
-981
-1071
-1137
-1174
-1188
-1201
-1222
-1241
-1241
-1215
-1173
-1135
-1114
-1096
-1068
-1017
-949
-880
-827
-787
-736
-670
-589
-511
-444
-386
-328
-258
-181
-110
-50
6
65
131
203
267
324
394
470
553
642
725
812
907
1018
1133
1231
1303
1362
1425
1492
1546
1556
1520
1461
1390
1316
1227
1106
949
771
598
436
276
110
-72
-254
-420
-555
-667
-777
-882
-986
-1072
-1127
-1158
-1176
-1195
-1216
-1229
-1227
-1202
-1165
-1130
-1104
-1083
-1050
-1000
-936
-872
-820
-774
-721
-651
-570
-492
-426
-370
-310
-238
-154
-77
-18
37
105
175
249
317
378
446
527
617
707
790
869
965
1074
1187
1281
1348
1398
1451
1513
1558
1562
1523
1449
1374
1305
1221
1102
940
751
576
420
269
106
-81
-270
-435
-566
-673
-781
-896
-1005
-1089
-1139
-1167
-1187
-1209
-1231
-1246
-1238
-1214
-1181
-1147
-1120
-1096
-1065
-1023
-964
-902
-847
-796
-745
-677
-599
-522
-454
-393
-330
-256
-177
-104
-41
17
81
152
223
291
354
421
495
581
672
755
841
936
1033
1141
1238
1310
1361
1408
1461
1507
1521
1485
1416
1338
1270
1193
1080
923
737
563
415
275
123
-57
-243
-400
-520
-616
-712
-819
-921
-1001
-1043
-1059
-1073
-1092
-1113
-1128
-1121
-1094
-1060
-1032
-1014
-994
-966
-925
-874
-823
-782
-741
-693
-635
-568
-506
-451
-398
-340
-276
-209
-148
-91
-35
20
85
154
220
284
352
427
515
606
699
787
876
979
1094
1202
1280
1330
1376
1429
1474
1489
1455
1382
1299
1224
1143
1036
883
702
530
382
245
93
-80
-261
-417
-535
-629
-721
-820
-916
-995
-1040
-1056
-1065
-1080
-1100
-1112
-1100
-1065
-1027
-994
-974
-953
-916
-862
-805
-754
-711
-669
-615
-551
-485
-425
-369
-316
-259
-194
-131
-76
-22
30
82
137
198
255
305
361
422
495
581
663
740
819
911
1014
1114
1188
1233
1273
1316
1359
1378
1354
1293
1213
1136
1060
960
824
660
497
346
209
68
-84
-243
-393
-514
-610
-693
-779
-861
-934
-982
-1001
-1006
-1015
-1028
-1041
-1033
-1001
-966
-936
-915
-894
-858
-811
-758
-710
-668
-623
-568
-511
-451
-395
-344
-291
-237
-178
-122
-72
-27
17
64
113
165
215
260
308
371
443
521
599
673
755
850
953
1052
1135
1193
1237
1285
1328
1355
1342
1293
1222
1142
1060
963
837
687
523
365
223
80
-70
-221
-372
-504
-605
-690
-771
-851
-923
-973
-994
-1001
-1004
-1015
-1023
-1015
-990
-956
-928
-909
-886
-853
-814
-769
-725
-683
-638
-590
-535
-481
-433
-388
-339
-285
-233
-180
-131
-87
-38
19
69
122
177
233
295
366
440
525
607
688
779
883
993
1094
1172
1234
1282
1324
1364
1381
1365
1313
1233
1143
1047
936
800
641
468
297
141
-9
-161
-320
-472
-603
-706
-788
-865
-939
-1004
-1044
-1056
-1057
-1056
-1055
-1050
-1028
-994
-953
-909
-873
-837
-789
-739
-690
-636
-584
-529
-473
-421
-370
-324
-281
-227
-174
-123
-76
-37
3
43
88
133
175
218
265
324
395
465
535
610
689
782
885
989
1083
1157
1211
1259
1297
1327
1338
1315
1258
1174
1081
978
859
722
566
398
235
80
-74
-225
-378
-522
-642
-737
-817
-892
-960
-1013
-1045
-1055
-1054
-1050
-1044
-1029
-1004
-967
-925
-882
-836
-791
-746
-696
-647
-594
-540
-486
-432
-381
-337
-292
-247
-201
-150
-104
-61
-22
11
55
99
140
183
231
288
353
427
503
579
656
746
851
959
1065
1157
1225
1274
1314
1349
1366
1364
1332
1264
1169
1060
940
803
648
480
307
140
-27
-194
-355
-510
-644
-753
-843
-919
-986
-1041
-1076
-1090
-1092
-1082
-1063
-1037
-1001
-959
-915
-865
-810
-754
-697
-644
-591
-536
-481
-426
-369
-319
-270
-222
-182
-138
-91
-49
-8
24
56
88
121
157
191
231
276
329
394
464
537
612
690
781
884
989
1085
1164
1215
1253
1281
1293
1292
1267
1211
1124
1013
887
748
591
423
252
79
-87
-244
-405
-554
-687
-801
-889
-958
-1015
-1057
-1087
-1098
-1089
-1074
-1047
-1014
-972
-924
-870
-816
-763
-708
-652
-598
-545
-489
-436
-386
-337
-291
-248
-210
-175
-144
-110
-74
-40
-7
23
48
77
107
143
187
230
285
352
426
508
593
684
782
890
1004
1113
1205
1274
1318
1340
1345
1333
1301
1241
1149
1037
900
744
578
398
213
36
-137
-304
-462
-613
-754
-873
-970
-1047
-1099
-1140
-1159
-1162
-1156
-1138
-1113
-1079
-1030
-975
-914
-847
-782
-723
-657
-598
-539
-475
-415
-356
-300
-252
-203
-167
-137
-106
-75
-42
-11
22
53
82
107
136
167
206
257
313
378
454
539
633
731
837
951
1067
1175
1267
1339
1386
1406
1400
1374
1327
1258
1160
1040
896
730
549
354
161
-30
-215
-384
-544
-690
-820
-936
-1031
-1102
-1153
-1183
-1194
-1187
-1165
-1135
-1097
-1050
-999
-935
-865
-795
-720
-650
-583
-517
-457
-398
-342
-290
-242
-196
-153
-117
-89
-70
-46
-18
8
31
55
82
109
140
175
213
263
320
391
472
564
668
780
902
1025
1140
1247
1330
1391
1427
1434
1413
1371
1308
1222
1118
988
830
654
463
263
59
-138
-323
-495
-648
-782
-901
-1001
-1084
-1145
-1185
-1206
-1210
-1200
-1178
-1146
-1104
-1051
-988
-916
-844
-771
-692
-620
-550
-483
-421
-359
-300
-241
-186
-139
-93
-49
-21
5
32
57
84
110
135
158
184
212
245
293
348
412
489
578
681
792
909
1034
1155
1267
1357
1422
1458
1462
1441
1392
1321
1234
1126
1001
852
685
497
294
88
-119
-319
-505
-671
-812
-928
-1023
-1097
-1153
-1192
-1212
-1224
-1217
-1201
-1174
-1133
-1082
-1020
-949
-875
-796
-719
-646
-580
-522
-468
-417
-366
-316
-269
-226
-185
-149
-118
-92
-67
-41
-17
14
48
83
127
169
213
267
328
399
480
571
677
796
928
1067
1203
1331
1437
1514
1563
1571
1544
1489
1406
1307
1195
1061
915
751
568
372
159
-56
-272
-477
-663
-824
-954
-1057
-1130
-1180
-1214
-1232
-1237
-1237
-1230
-1215
-1190
-1150
-1095
-1029
-951
-864
-777
-693
-617
-555
-502
-459
-421
-384
-346
-307
-263
-221
-182
-145
-112
-86
-59
-29
3
38
82
126
180
237
300
379
464
557
668
789
919
1058
1195
1326
1440
1531
1585
1599
1576
1512
1415
1299
1164
1023
874
711
539
352
156
-47
-256
-461
-654
-827
-965
-1070
-1140
-1181
-1196
-1193
-1181
-1164
-1151
-1140
-1125
-1101
-1064
-1011
-939
-855
-757
-658
-573
-494
-433
-390
-359
-338
-320
-299
-274
-239
-197
-148
-98
-55
-17
14
38
59
87
117
155
209
273
351
447
552
671
801
939
1079
1212
1331
1434
1511
1555
1568
1546
1486
1393
1272
1132
979
817
647
473
294
108
-81
-271
-459
-639
-801
-937
-1041
-1112
-1148
-1155
-1138
-1114
-1083
-1055
-1031
-1007
-988
-966
-932
-882
-810
-720
-623
-526
-437
-366
-312
-277
-260
-258
-259
-257
-250
-229
-195
-153
-101
-43
6
48
81
104
122
144
178
226
295
387
501
639
794
956
1116
1262
1383
1473
1528
1545
1526
1475
1402
1303
1188
1061
917
763
601
432
253
65
-130
-324
-510
-686
-841
-963
-1057
-1113
-1133
-1125
-1099
-1062
-1024
-991
-965
-946
-929
-907
-876
-833
-767
-686
-591
-489
-395
-312
-246
-211
-197
-198
-218
-233
-240
-236
-213
-173
-123
-63
-3
51
98
131
157
177
199
237
294
377
491
633
798
976
1153
1314
1443
1534
1576
1569
1517
1428
1313
1179
1041
898
755
613
467
314
154
-16
-200
-388
-574
-752
-907
-1034
-1125
-1174
-1187
-1163
-1117
-1058
-1000
-950
-910
-883
-867
-851
-829
-797
-742
-668
-580
-476
-367
-264
-176
-114
-79
-75
-88
-115
-144
-158
-156
-131
-82
-20
51
124
187
240
282
312
339
371
419
488
586
715
871
1043
1215
1371
1497
1577
1603
1572
1486
1355
1193
1014
833
655
496
347
203
69
-67
-210
-362
-524
-685
-844
-982
-1094
-1176
-1219
-1225
-1202
-1149
-1079
-1007
-936
-873
-822
-780
-746
-713
-679
-637
-580
-514
-436
-352
-270
-196
-138
-95
-70
-65
-70
-80
-89
-90
-75
-44
0
61
125
191
257
320
377
437
503
580
674
787
912
1050
1185
1309
1410
1479
1505
1486
1422
1311
1166
996
811
622
439
265
104
-45
-187
-320
-451
-581
-709
-830
-942
-1037
-1116
-1168
-1196
-1197
-1177
-1139
-1087
-1029
-970
-908
-849
-792
-734
-675
-612
-548
-486
-418
-357
-296
-241
-193
-151
-115
-83
-55
-27
0
27
57
89
124
161
206
251
304
358
419
491
572
670
783
907
1035
1161
1276
1369
1432
1458
1443
1386
1290
1164
1015
849
682
512
346
189
42
-95
-227
-356
-480
-603
-717
-822
-917
-997
-1057
-1098
-1119
-1120
-1104
-1073
-1033
-985
-933
-876
-817
-761
-703
-643
-578
-509
-440
-374
-312
-255
-205
-163
-131
-102
-73
-46
-14
20
52
88
128
167
208
248
289
338
389
455
533
628
743
868
998
1126
1241
1333
1392
1416
1398
1339
1244
1114
963
794
622
450
288
137
-5
-137
-260
-374
-478
-580
-678
-766
-847
-920
-977
-1020
-1047
-1061
-1061
-1046
-1016
-974
-921
-858
-792
-724
-648
-576
-505
-437
-379
-327
-281
-241
-205
-173
-141
-106
-70
-27
20
71
119
166
213
250
282
313
341
379
427
490
569
668
782
908
1039
1160
1260
1334
1370
1361
1314
1225
1100
951
783
609
437
269
115
-25
-146
-256
-356
-447
-533
-615
-693
-765
-829
-886
-932
-966
-987
-998
-1001
-992
-971
-938
-893
-834
-765
-691
-611
-530
-455
-386
-324
-276
-237
-207
-184
-163
-140
-115
-79
-33
19
78
139
201
263
317
365
409
450
493
541
601
676
768
874
987
1098
1199
1275
1320
1329
1292
1217
1101
952
783
595
405
224
51
-102
-233
-343
-434
-507
-568
-622
-669
-716
-761
-801
-843
-878
-904
-929
-940
-938
-925
-898
-855
-801
-737
-663
-585
-503
-425
-355
-295
-248
-215
-193
-180
-172
-164
-152
-133
-97
-49
12
83
155
232
307
375
438
498
557
613
681
755
832
922
1013
1100
1179
1235
1268
1271
1236
1161
1048
904
736
553
361
171
-8
-173
-317
-436
-533
-609
-664
-701
-730
-749
-768
-788
-805
-829
-855
-879
-903
-919
-927
-918
-889
-840
-774
-694
-605
-516
-428
-350
-283
-233
-198
-176
-162
-153
-144
-130
-107
-73
-26
33
104
187
271
356
441
516
592
663
730
801
871
939
1010
1073
1129
1169
1192
1193
1165
1110
1025
910
771
614
446
271
95
-77
-235
-377
-498
-595
-672
-727
-763
-783
-797
-805
-811
-824
-834
-850
-864
-871
-877
-875
-858
-826
-776
-707
-629
-537
-439
-347
-264
-193
-138
-99
-78
-70
-64
-57
-45
-28
1
45
101
169
246
331
423
518
612
706
800
888
971
1047
1110
1164
1207
1226
1222
1195
1141
1067
972
858
723
574
422
262
101
-49
-196
-333
-456
-561
-648
-717
-775
-818
-851
-874
-889
-906
-917
-925
-929
-927
-916
-891
-855
-803
-738
-659
-572
-486
-402
-324
-256
-196
-152
-116
-88
-69
-52
-38
-19
10
46
90
143
204
274
353
437
525
616
714
811
902
993
1072
1138
1181
1199
1197
1168
1114
1034
932
820
692
557
417
273
135
4
-119
-236
-343
-439
-522
-596
-663
-715
-765
-812
-850
-887
-923
-953
-976
-988
-984
-965
-926
-868
-794
-707
-613
-517
-421
-330
-250
-184
-134
-97
-70
-50
-33
-17
2
29
63
106
160
219
288
361
434
514
598
679
761
838
906
965
1011
1035
1041
1031
1000
946
871
786
685
572
459
338
215
100
-14
-117
-214
-299
-370
-436
-492
-542
-589
-632
-676
-724
-771
-815
-856
-888
-908
-914
-904
-876
-830
-767
-697
-616
-532
-451
-375
-309
-256
-213
-181
-150
-123
-98
-66
-32
10
59
114
177
247
323
400
482
570
659
746
828
900
958
1003
1025
1029
1012
971
911
829
733
628
516
407
292
186
87
-7
-93
-172
-241
-300
-352
-403
-454
-500
-544
-590
-634
-679
-716
-748
-777
-787
-787
-773
-740
-694
-638
-569
-499
-428
-363
-308
-261
-223
-194
-173
-153
-134
-113
-87
-56
-15
39
97
162
238
317
401
482
564
649
726
794
850
891
917
923
907
871
819
747
660
562
457
350
244
141
42
-50
-132
-205
-268
-325
-373
-413
-449
-480
-513
-546
-576
-607
-641
-668
-686
-700
-702
-687
-657
-611
-556
-493
-421
-348
-278
-218
-169
-128
-101
-81
-65
-51
-37
-15
13
42
85
133
192
260
330
409
490
571
652
728
796
850
887
900
896
869
815
746
659
558
449
335
223
112
8
-83
-165
-238
-299
-350
-396
-434
-468
-501
-531
-561
-590
-616
-639
-659
-670
-674
-669
-650
-618
-568
-507
-442
-365
-286
-211
-138
-73
-17
26
55
78
93
104
114
129
149
176
213
254
307
370
436
504
575
641
700
749
788
816
825
816
789
744
681
603
512
410
301
188
76
-34
-137
-230
-313
-386
-447
-499
-544
-578
-606
-631
-655
-678
-698
-714
-726
-734
-730
-716
-695
-654
-599
-533
-455
-367
-278
-188
-106
-32
34
84
122
153
171
188
202
218
241
269
304
352
408
471
539
608
678
747
809
863
909
941
959
957
933
894
830
747
651
540
415
289
158
32
-83
-192
-288
-372
-448
-515
-574
-631
-688
-740
-795
-848
-895
-939
-974
-992
-998
-978
-942
-887
-808
-721
-622
-512
-401
-297
-198
-108
-29
33
82
120
155
180
204
232
262
298
346
401
462
528
602
677
752
824
888
944
985
1014
1023
1012
980
929
862
777
676
562
443
321
201
84
-25
-126
-221
-308
-388
-465
-541
-617
-692
-767
-842
-911
-973
-1023
-1062
-1085
-1090
-1074
-1039
-988
-918
-835
-742
-642
-540
-435
-341
-248
-166
-96
-34
17
63
105
142
186
231
286
350
419
500
585
669
759
842
914
980
1028
1058
1066
1058
1030
979
914
832
741
641
530
421
310
198
94
-3
-92
-179
-258
-331
-404
-477
-550
-626
-701
-775
-846
-909
-964
-1003
-1026
-1032
-1013
-978
-925
-855
-774
-683
-595
-508
-424
-347
-280
-218
-162
-114
-67
-21
28
88
151
219
298
383
470
563
654
744
830
903
966
1012
1037
1048
1035
1000
944
873
785
687
583
475
373
274
182
103
24
-44
-105
-166
-226
-289
-354
-420
-489
-558
-624
-686
-743
-789
-818
-832
-830
-811
-776
-726
-668
-605
-538
-474
-413
-362
-319
-282
-255
-232
-211
-185
-154
-116
-63
1
78
166
263
367
473
575
674
763
838
894
936
959
956
936
898
838
768
682
589
499
405
317
234
156
85
22
-40
-102
-160
-222
-287
-354
-423
-495
-562
-625
-677
-712
-735
-738
-719
-687
-639
-581
-516
-450
-386
-327
-277
-238
-211
-191
-182
-180
-179
-177
-170
-155
-129
-90
-35
34
108
197
288
381
473
555
628
690
732
756
763
751
722
678
621
558
493
424
357
293
228
168
110
51
-9
-73
-137
-204
-275
-344
-412
-472
-528
-574
-606
-622
-619
-604
-576
-534
-483
-424
-362
-301
-248
-201
-163
-130
-107
-96
-90
-91
-92
-89
-82
-65
-38
-1
45
104
169
233
300
365
421
474
513
539
553
552
539
513
477
429
376
321
265
214
159
110
63
17
-23
-66
-110
-154
-199
-243
-291
-334
-374
-412
-440
-457
-463
-457
-439
-409
-368
-319
-269
-216
-169
-130
-94
-69
-50
-40
-40
-41
-40
-40
-36
-24
-10
14
48
84
131
178
226
280
330
374
412
438
452
456
447
424
389
343
286
224
159
94
30
-28
-83
-130
-167
-198
-223
-247
-266
-281
-292
-300
-310
-316
-317
-315
-309
-293
-273
-251
-223
-186
-147
-105
-65
-31
3
31
53
69
76
82
79
74
69
65
65
67
77
95
116
144
174
210
245
277
307
329
340
339
329
307
274
233
182
126
70
13
-46
-99
-149
-192
-225
-252
-269
-278
-284
-286
-281
-274
-268
-258
-248
-236
-220
-204
-182
-157
-130
-96
-59
-25
11
42
72
97
115
131
137
138
134
127
119
111
105
99
99
108
119
139
159
181
199
211
222
224
217
200
173
141
98
48
-4
-56
-109
-158
-200
-233
-258
-270
-272
-267
-251
-229
-206
-183
-160
-141
-121
-103
-89
-74
-59
-42
-22
-1
24
54
84
115
144
174
195
211
224
227
223
218
206
190
175
158
142
128
115
109
103
98
96
94
87
79
69
50
25
-3
-36
-77
-122
-170
-210
-249
-287
-313
-333
-348
-349
-341
-328
-306
-280
-250
-218
-186
-151
-116
-87
-55
-25
3
32
65
93
118
146
171
195
214
233
252
264
271
276
277
273
266
255
242
225
206
190
174
156
145
134
118
106
88
64
42
15
-17
-50
-86
-125
-164
-201
-232
-258
-281
-297
-305
-311
-307
-299
-285
-270
-256
-237
-218
-195
-174
-151
-126
-104
-76
-48
-21
8
37
65
90
115
141
160
178
195
205
210
215
213
207
200
189
181
172
160
151
143
134
125
118
112
102
92
78
62
47
28
4
-23
-49
-74
-102
-126
-148
-167
-182
-192
-197
-199
-194
-191
-182
-172
-165
-153
-143
-131
-118
-110
-99
-88
-77
-60
-43
-24
-3
19
41
63
84
101
120
137
150
161
165
169
169
164
160
152
140
126
112
97
80
62
45
32
16
3
-9
-19
-30
-42
-54
-68
-82
-93
-105
-116
-122
-128
-134
-134
-130
-126
-122
-112
-101
-91
-79
-72
-63
-53
-45
-31
-18
-7
6
19
31
42
55
67
75
84
93
98
103
103
105
103
103
104
104
102
100
95
93
85
75
65
48
35
19
2
-13
-30
-42
-54
-65
-71
-76
-84
-91
-92
-95
-96
-97
-93
-89
-85
-80
-74
-67
-58
-51
-47
-39
-34
-29
-24
-18
-12
-7
1
10
22
34
43
54
67
76
81
87
90
91
91
87
81
78
72
64
60
57
55
55
53
49
45
39
33
24
17
7
-6
-18
-28
-39
-53
-64
-71
-78
-81
-84
-90
-88
-84
-81
-76
-70
-63
-56
-49
-44
-37
-31
-26
-18
-15
-8
-2
4
13
18
21
26
32
38
46
51
54
57
58
57
52
47
43
37
34
32
26
24
22
22
23
23
24
22
16
12
6
-1
-5
-12
-18
-24
-28
-32
-36
-39
-41
-43
-41
-42
-43
-40
-41
-41
-40
-41
-38
-37
-33
-27
-23
-16
-9
0
9
17
26
35
39
45
50
50
51
51
47
48
47
40
38
31
25
21
18
13
9
6
3
1
-4
-8
-14
-20
-26
-35
-43
-48
-55
-60
-63
-66
-67
-66
-64
-60
-51
-45
-37
-26
-20
-8
-1
6
16
18
22
25
29
34
37
46
53
62
67
70
73
75
74
73
70
63
55
49
38
28
20
9
0
-9
-15
-21
-27
-28
-30
-30
-30
-31
-30
-32
-36
-38
-42
-42
-42
-45
-46
-44
-43
-41
-40
-39
-37
-31
-28
-27
-21
-19
-12
-5
1
10
18
25
33
38
48
55
56
63
68
70
74
74
77
79
79
79
77
74
71
66
55
44
33
20
5
-10
-24
-34
-45
-55
-61
-70
-78
-86
-94
-98
-105
-108
-109
-109
-108
-101
-98
-92
-81
-76
-71
-62
-57
-50
-45
-37
-31
-22
-12
-5
9
22
33
48
60
69
80
84
89
94
95
96
97
97
97
95
96
101
102
103
104
102
101
101
96
91
83
73
64
53
42
30
16
1
-13
-27
-43
-57
-74
-87
-98
-110
-121
-128
-136
-138
-141
-145
-143
-138
-135
-129
-120
-109
-97
-88
-73
-59
-42
-29
-15
3
17
30
43
52
61
69
74
80
84
85
89
92
92
96
100
102
104
105
106
104
98
93
88
81
75
67
58
52
42
32
25
14
4
-8
-21
-30
-43
-60
-72
-85
-97
-104
-111
-118
-119
-118
-117
-112
-110
-103
-90
-83
-72
-59
-46
-33
-24
-15
-3
5
12
18
23
28
34
38
44
49
51
57
58
63
69
69
71
73
71
69
69
63
56
55
50
45
45
41
35
31
28
22
16
11
5
-3
-9
-16
-22
-28
-33
-36
-39
-39
-41
-42
-42
-42
-43
-41
-41
-39
-39
-39
-37
-38
-41
-40
-42
-44
-46
-50
-48
-49
-48
-45
-43
-37
-31
-28
-22
-18
-15
-14
-7
-4
0
5
7
15
21
26
33
38
41
49
52
52
58
60
59
58
56
55
53
51
50
46
43
40
36
33
30
26
22
16
11
7
1
-3
-8
-12
-17
-23
-29
-31
-33
-37
-39
-38
-40
-40
-41
-42
-42
-41
-36
-34
-34
-32
-30
-28
-24
-20
-17
-14
-10
-5
-4
-1
1
2
3
5
6
4
4
3
4
6
9
12
14
16
22
24
26
29
28
28
30
29
28
25
24
20
15
11
7
3
2
2
1
-3
-3
0
1
1
1
-1
-3
-3
-4
-9
-11
-11
-11
-11
-12
-11
-9
-8
-6
-4
-7
-7
-8
-12
-15
-15
-19
-25
-26
-27
-32
-32
-34
-35
-32
-33
-33
-33
-31
-27
-24
-21
-18
-12
-9
-6
-1
3
6
12
15
18
23
27
28
32
38
41
41
43
44
42
45
42
37
36
33
28
24
21
20
17
9
7
4
-2
-5
-9
-14
-20
-26
-31
-33
-37
-40
-42
-47
-48
-46
-48
-47
-50
-49
-50
-51
-50
-50
-49
-47
-43
-41
-38
-34
-32
-27
-24
-22
-17
-14
-12
-8
-5
0
3
9
14
19
24
28
32
35
37
41
41
42
41
40
41
42
41
42
44
45
46
46
44
47
45
43
42
42
37
36
37
31
24
22
19
12
9
4
1
-2
-8
-13
-14
-16
-18
-17
-18
-20
-21
-20
-20
-18
-20
-20
-20
-18
-18
-20
-20
-20
-20
-16
-12
-10
-7
-5
-4
-2
-3
-1
0
-2
-1
-1
-1
-2
-4
-4
-4
-6
-6
-7
-6
-3
-1
1
4
5
5
7
9
10
13
13
13
15
16
17
17
20
19
18
19
20
22
26
30
32
32
31
31
30
26
24
19
14
13
10
5
5
-1
-5
-5
-9
-9
-10
-14
-15
-14
-16
-21
-21
-24
-29
-27
-31
-33
-33
-37
-39
-38
-39
-40
-40
-39
-39
-37
-34
-31
-29
-25
-25
-22
-19
-19
-18
-15
-12
-9
-3
0
4
10
13
17
23
27
30
37
38
41
45
44
45
43
39
38
37
33
34
31
23
20
16
12
10
7
6
5
0
-4
-8
-12
-14
-20
-22
-23
-28
-29
-30
-33
-33
-33
-31
-29
-33
-30
-27
-27
-22
-17
-17
-13
-12
-12
-11
-11
-10
-8
-8
-7
-3
0
2
2
2
7
9
11
15
20
24
27
30
34
36
37
38
37
35
34
32
29
30
28
25
23
21
20
16
14
13
7
4
3
-2
-9
-12
-19
-24
-24
-27
-29
-28
-28
-28
-26
-24
-23
-24
-23
-21
-18
-17
-16
-17
-15
-11
-10
-7
-6
-6
-3
-5
-5
-2
0
1
3
5
11
13
11
13
14
12
13
14
9
7
6
5
7
8
8
10
11
10
11
13
12
8
6
6
1
2
1
2
3
2
1
2
5
3
3
4
3
3
2
1
0
-2
-2
0
1
-2
-3
-6
-7
-8
-11
-16
-16
-19
-22
-22
-22
-24
-23
-19
-20
-18
-15
-16
-17
-12
-13
-13
-13
-15
-13
-11
-11
-8
-3
-1
-2
3
6
8
10
13
12
15
16
18
22
25
28
30
30
31
31
32
32
30
31
30
31
31
28
27
24
23
24
20
14
10
5
-1
-6
-10
-14
-19
-24
-28
-28
-29
-30
-28
-28
-28
-28
-29
-28
-26
-27
-29
-29
-24
-25
-22
-20
-18
-14
-13
-9
-6
-4
0
4
9
13
18
23
27
32
36
37
42
42
42
41
41
40
36
33
31
27
26
25
24
23
19
17
14
12
9
4
-2
-4
-9
-13
-18
-21
-22
-28
-29
-30
-30
-32
-34
-34
-35
-32
-32
-34
-33
-34
-34
-33
-30
-29
-28
-28
-25
-24
-22
-20
-20
-18
-15
-9
-4
2
7
10
13
17
21
24
25
25
24
27
28
29
28
29
29
27
29
28
27
27
26
26
24
22
17
14
12
8
6
3
2
1
-2
-5
-7
-9
-9
-11
-13
-13
-13
-12
-15
-16
-12
-14
-15
-15
-14
-11
-14
-14
-16
-15
-14
-14
-15
-13
-15
-11
-9
-9
-4
-4
-6
-5
-5
-4
-4
-6
-6
-2
0
2
4
3
3
4
3
5
6
6
7
7
8
8
10
10
8
5
5
4
2
1
0
-1
-1
2
3
5
7
10
11
11
15
16
14
15
17
17
14
14
12
10
9
5
4
2
-2
-6
-8
-8
-11
-13
-17
-20
-20
-21
-22
-25
-26
-27
-30
-30
-30
-31
-32
-31
-30
-28
-25
-21
-16
-14
-10
-7
-7
-5
-4
-3
1
4
4
6
8
12
14
15
18
22
22
28
33
33
40
42
42
46
47
49
46
46
47
45
47
41
40
39
34
32
30
26
21
17
12
5
1
-4
-8
-13
-20
-25
-28
-36
-39
-41
-46
-46
-47
-48
-47
-47
-47
-46
-45
-41
-39
-36
-33
-31
-28
-27
-26
-26
-24
-19
-14
-10
-6
-4
-1
2
5
10
12
17
19
19
28
32
33
38
40
41
43
43
44
43
44
43
39
39
38
37
36
32
28
26
23
15
12
7
-3
-6
-14
-20
-23
-31
-35
-39
-43
-47
-52
-53
-52
-54
-55
-54
-53
-53
-48
-43
-40
-36
-33
-31
-27
-25
-21
-17
-13
-6
1
6
14
18
21
25
29
33
36
36
37
37
35
39
38
38
40
41
42
39
38
36
34
30
28
29
26
23
23
20
19
15
10
5
-1
-5
-10
-14
-19
-24
-28
-29
-31
-32
-31
-33
-34
-35
-37
-36
-36
-38
-37
-32
-29
-23
-18
-16
-10
-6
-6
-1
1
4
7
9
14
16
20
25
27
27
27
24
24
21
21
20
17
13
10
9
6
2
0
1
0
-2
-2
-3
-7
-6
-4
-7
-7
-5
-6
-6
-8
-10
-9
-12
-12
-11
-13
-13
-10
-10
-9
-8
-7
-6
-6
-6
-3
-2
-2
-2
-1
-1
3
4
7
11
12
15
22
25
28
32
33
39
39
41
41
38
37
36
32
30
26
23
21
18
17
13
6
4
1
-3
-5
-7
-11
-14
-19
-24
-25
-27
-28
-30
-31
-34
-34
-34
-36
-33
-33
-33
-30
-29
-28
-27
-28
-27
-25
-25
-25
-28
-28
-24
-25
-24
-20
-18
-13
-11
-9
0
1
3
5
7
11
12
14
16
19
19
20
22
23
23
22
17
15
16
16
14
10
8
7
1
0
-5
-12
-17
-20
-23
-23
-26
-28
-27
-28
-27
-26
-24
-22
-20
-18
-14
-13
-10
-7
-4
1
3
6
10
12
13
16
17
16
20
24
26
30
30
30
30
30
30
33
31
30
32
33
30
28
29
29
29
26
26
25
25
25
22
23
22
21
22
17
15
16
12
9
5
-2
-2
-4
-9
-13
-16
-19
-21
-20
-23
-24
-24
-29
-28
-30
-30
-30
-31
-28
-27
-26
-24
-21
-18
-17
-14
-13
-8
-7
-5
-1
1
2
4
4
5
5
3
1
5
4
2
0
0
2
3
2
2
3
1
2
5
7
11
11
9
10
14
14
14
14
12
12
14
13
7
6
5
2
2
-1
-6
-8
-12
-17
-19
-23
-26
-26
-28
-29
-30
-30
-28
-30
-29
-30
-28
-24
-22
-18
-16
-14
-8
-5
-5
-1
1
4
6
8
11
9
11
12
12
12
13
16
17
18
17
18
20
19
18
17
20
19
19
19
19
20
18
17
15
14
14
12
9
7
7
2
0
-4
-10
-11
-12
-16
-19
-20
-22
-25
-24
-24
-23
-25
-24
-21
-22
-21
-18
-17
-17
-14
-12
-8
-5
-3
-3
1
5
6
10
13
14
14
18
19
19
23
20
19
21
22
22
23
21
20
20
19
18
17
16
15
12
10
6
3
4
5
4
3
0
-3
-1
-4
-6
-5
-6
-5
-7
-6
-11
-12
-11
-11
-11
-15
-15
-14
-14
-14
-15
-16
-20
-18
-15
-17
-16
-12
-13
-14
-11
-8
-8
-7
-6
-3
0
-1
0
3
3
5
8
11
10
11
8
8
8
7
11
11
11
13
15
18
20
19
19
18
17
18
16
14
16
16
16
19
17
17
15
12
9
10
6
3
-1
-3
-3
-6
-8
-9
-11
-12
-12
-12
-12
-14
-16
-17
-18
-19
-16
-16
-14
-12
-13
-13
-15
-18
-18
-17
-18
-15
-9
-8
-7
-5
-1
2
2
5
6
6
7
9
12
13
14
18
20
23
23
25
24
22
24
24
26
24
23
23
23
23
19
16
10
8
6
5
6
5
3
0
0
-2
-3
-6
-6
-8
-11
-12
-13
-18
-19
-22
-24
-25
-27
-29
-28
-29
-28
-26
-26
-27
-27
-30
-31
-30
-29
-27
-25
-22
-21
-17
-14
-12
-10
-7
-6
-3
2
3
3
7
11
12
17
20
21
26
28
31
34
36
39
39
37
38
39
36
36
36
33
29
27
28
21
16
13
10
6
5
0
-6
-9
-11
-14
-17
-21
-26
-31
-35
-38
-42
-45
-44
-46
-44
-42
-45
-45
-46
-47
-43
-41
-42
-41
-38
-35
-32
-29
-23
-16
-10
-5
1
6
9
13
19
25
30
35
38
40
43
45
45
48
50
49
49
47
43
41
39
38
34
32
27
23
19
16
14
10
4
1
-2
-5
-8
-10
-16
-18
-19
-22
-25
-28
-28
-29
-30
-33
-32
-33
-36
-39
-39
-37
-37
-34
-31
-32
-28
-27
-25
-23
-22
-18
-13
-9
-6
-4
-1
1
3
8
10
11
14
14
15
15
17
20
19
24
26
27
28
29
32
33
32
33
33
35
34
31
30
32
30
28
25
21
18
18
16
15
14
10
7
5
3
0
-8
-9
-12
-16
-16
-18
-21
-24
-25
-26
-28
-30
-31
-28
-26
-26
-22
-23
-23
-23
-20
-16
-15
-14
-13
-12
-6
-5
-3
0
-1
-1
2
5
9
12
15
19
18
18
20
22
22
24
23
21
21
21
18
18
16
15
13
11
10
8
6
2
-1
-3
-5
-6
-9
-9
-10
-14
-15
-17
-18
-19
-21
-20
-20
-20
-19
-20
-18
-15
-12
-10
-10
-9
-8
-6
-4
-3
-3
-2
0
-1
-1
3
4
4
7
7
9
11
8
9
8
9
9
7
9
11
11
11
8
6
5
4
4
6
6
5
6
5
6
6
4
6
3
2
2
0
0
-2
-3
-5
-7
-8
-10
-10
-11
-12
-16
-17
-16
-17
-18
-17
-18
-19
-16
-15
-16
-15
-14
-12
-15
-14
-14
-14
-13
-9
-4
-4
-4
-5
-3
-1
2
6
6
8
11
12
14
15
16
18
19
18
20
21
24
24
22
22
23
27
29
27
28
27
26
24
18
17
13
12
6
5
4
1
-1
-3
-5
-7
-10
-10
-11
-12
-11
-12
-11
-12
-12
-12
-13
-11
-13
-12
-10
-11
-9
-7
-7
-6
-5
-4
-5
-4
-3
-2
-3
-2
-4
-6
-7
-8
-7
-10
-11
-13
-12
-10
-15
-16
-13
-15
-13
-12
-13
-12
-10
-9
-9
-10
-12
-10
-10
-8
-8
-8
-7
-7
-7
-5
-2
-2
-2
1
0
5
7
7
10
12
11
15
17
15
17
15
12
14
13
13
13
12
12
13
14
15
16
11
9
11
7
5
6
4
3
3
2
2
-1
-5
-3
-5
-5
-3
-5
-6
-4
-5
-5
0
1
1
4
3
1
0
-3
-5
-1
0
0
3
2
4
7
6
7
7
5
6
6
3
4
3
1
3
0
-4
-3
-6
-8
-7
-8
-8
-9
-13
-13
-11
-11
-12
-8
-6
-7
-5
-7
-6
-4
-7
-7
-5
-5
-3
-2
-3
-4
-1
2
4
6
7
10
12
11
10
10
9
11
9
8
13
13
13
14
12
8
7
7
6
7
6
7
7
4
3
3
2
1
-4
-8
-9
-13
-15
-15
-17
-17
-17
-17
-17
-15
-12
-12
-13
-14
-14
-14
-14
-13
-13
-12
-9
-8
-8
-5
-3
-2
2
3
6
6
7
9
10
13
14
15
16
18
20
22
21
20
21
21
22
22
19
16
17
18
18
16
15
13
12
7
6
6
4
1
-2
-1
-2
-7
-10
-12
-13
-14
-13
-14
-19
-20
-18
-19
-16
-15
-16
-16
-14
-16
-16
-17
-15
-14
-16
-13
-10
-10
-10
-6
-7
-7
-6
-8
-6
-2
-1
-1
1
3
4
6
5
4
3
4
5
7
9
7
8
9
9
9
10
12
12
11
9
5
3
4
3
0
-2
-2
-2
-3
-5
-5
-6
-7
-8
-10
-12
-11
-12
-12
-8
-8
-8
-5
-3
-2
-3
-3
-4
-3
-3
-3
-1
-3
-4
-1
-2
-2
-3
-1
1
-1
-1
-2
-1
0
-1
0
0
2
3
4
4
5
3
5
7
6
7
6
8
8
10
10
9
8
8
7
7
5
4
2
1
0
-4
-5
-6
-5
-5
-3
-2
-2
-1
-1
-2
-2
0
0
0
2
1
2
3
2
3
5
6
7
6
7
7
6
6
6
7
7
7
6
8
7
6
7
7
7
6
4
2
1
-1
2
1
-1
0
-3
-6
-6
-6
-9
-9
-9
-12
-11
-11
-16
-16
-14
-14
-13
-13
-13
-14
-17
-16
-15
-14
-15
-11
-7
-7
-6
-4
-1
3
6
6
7
9
9
12
14
15
18
18
19
19
17
20
19
19
19
18
16
16
13
10
10
9
10
9
7
5
1
-4
-6
-4
-6
-6
-6
-8
-7
-6
-8
-12
-12
-10
-10
-9
-10
-10
-9
-9
-9
-9
-5
-4
-3
-4
-4
-2
-3
-3
-4
-4
1
2
2
5
5
5
7
10
11
11
10
9
11
15
15
15
16
13
13
12
10
9
10
8
4
4
3
0
-2
-5
-8
-8
-7
-9
-9
-11
-12
-13
-14
-13
-14
-16
-17
-19
-17
-15
-14
-17
-17
-15
-14
-14
-12
-13
-11
-10
-10
-8
-5
-1
1
3
9
13
13
13
13
15
16
20
23
23
24
24
25
25
24
23
20
18
17
14
14
11
8
8
7
5
4
1
-2
-5
-8
-10
-13
-16
-13
-14
-17
-16
-16
-16
-15
-17
-19
-20
-20
-21
-18
-18
-18
-15
-13
-13
-14
-16
-16
-13
-9
-9
-8
-5
-5
-3
-1
0
3
5
4
6
7
10
13
13
12
12
8
7
10
11
10
12
8
10
14
9
7
5
5
6
5
5
5
3
1
0
3
1
2
6
2
3
3
1
-1
-2
-4
-5
-5
-7
-7
-8
-10
-9
-10
-9
-8
-8
-8
-4
-4
-3
-1
-1
-1
1
4
2
4
3
1
5
5
6
8
8
9
10
12
13
13
13
12
10
7
5
7
6
4
2
0
-3
-2
-2
-4
-5
-6
-9
-9
-13
-15
-15
-14
-14
-14
-12
-13
-16
-15
-16
-15
-14
-17
-15
-12
-12
-11
-9
-9
-8
-5
-2
0
0
0
0
0
2
3
4
7
8
9
8
9
9
10
12
11
9
10
11
12
13
13
18
15
14
17
15
15
16
15
16
14
15
12
11
11
7
8
9
8
9
7
8
4
3
2
-1
1
3
5
1
0
0
-2
-4
-5
-5
-7
-9
-7
-5
-8
-5
-6
-9
-7
-7
-8
-8
-8
-7
-8
-10
-6
-8
-11
-7
-9
-10
-8
-7
-5
-6
-4
-2
-3
-5
-1
-2
-3
-2
-1
1
0
0
0
-2
-1
1
2
3
1
2
3
2
4
5
3
4
4
7
6
4
5
4
1
2
5
5
3
2
1
-3
-2
-2
-2
-4
-4
-4
-5
-6
-6
-5
-7
-5
-4
-6
-5
-5
-9
-9
-8
-7
-8
-9
-8
-4
-2
-5
-7
-6
-8
-7
-4
-4
-2
-4
-5
-2
-4
-2
0
-1
-3
-5
-6
-7
-5
-3
-3
-2
-3
1
2
2
1
0
-1
-1
-2
-4
-5
-3
-4
-7
-3
-1
-1
1
-2
-3
-2
-3
-4
-3
-2
-1
-2
-4
-5
-4
-4
-5
-6
-5
-6
-6
-7
-8
-6
-7
-5
-7
-10
-8
-7
-8
-9
-10
-11
-10
-9
-9
-8
-8
-5
-3
-5
-5
-3
-1
0
3
4
5
6
7
8
7
8
11
13
13
15
17
17
20
22
22
25
24
25
25
25
24
22
21
21
23
22
19
20
17
16
17
17
14
12
11
10
9
9
10
7
6
6
3
3
4
3
5
2
2
2
3
4
1
1
2
2
1
1
2
1
4
6
7
6
5
8
10
8
10
10
12
12
11
11
11
11
13
13
12
12
12
11
10
8
10
9
7
9
8
7
7
6
7
7
8
8
8
6
5
7
4
4
6
6
7
6
4
2
2
4
1
-2
-1
-2
-4
-4
-2
-7
-8
-5
-7
-8
-7
-6
-6
-8
-8
-8
-8
-7
-7
-9
-9
-7
-7
-7
-7
-8
-11
-12
-10
-9
-8
-8
-7
-7
-8
-8
-7
-8
-8
-7
-5
-4
-4
-4
-4
-6
-5
-1
-1
-2
0
1
1
3
0
1
1
-1
-1
-1
-2
-1
-3
-7
-8
-8
-9
-12
-12
-12
-12
-13
-14
-15
-13
-14
-15
-13
-12
-13
-14
-13
-12
-12
-11
-12
-10
-9
-9
-8
-5
-7
-6
-6
-5
-4
-5
-3
-2
-2
-2
-4
-2
-3
-5
-3
-2
-5
-2
-1
-5
-6
-5
-5
-5
-5
-6
-8
-10
-10
-8
-8
-10
-9
-13
-12
-9
-8
-9
-11
-10
-9
-11
-14
-13
-10
-10
-6
-4
-4
-4
-5
-4
-1
-2
-3
-2
-1
0
1
2
4
4
4
4
4
4
3
2
5
6
5
5
4
6
5
3
6
6
5
7
5
4
3
4
4
4
3
5
5
4
4
2
2
0
-2
-2
-2
3
2
1
3
1
1
1
3
2
2
3
1
3
7
5
6
7
9
10
10
11
12
10
10
11
10
8
10
8
7
7
6
7
8
8
8
6
7
7
6
3
3
5
5
5
4
2
4
6
6
4
6
8
6
6
6
4
3
5
6
5
4
2
2
2
0
4
5
3
6
4
2
4
3
2
3
5
3
2
3
0
-1
1
0
-1
4
4
3
6
6
6
6
4
2
0
0
1
1
3
3
3
3
3
5
3
1
3
4
4
4
4
3
4
6
5
4
5
3
4
4
1
0
1
0
0
2
-1
0
0
-3
-4
-2
-3
-3
-2
-2
-5
-4
-4
-4
-2
-1
-3
-4
-5
-7
-5
-3
-1
-1
-3
-1
-2
-4
-3
-1
-3
-5
-3
-4
-7
-5
-5
-3
-3
-4
-4
-6
-4
-4
-5
-4
-6
-9
-9
-8
-7
-8
-7
-3
-4
-6
-3
-3
-4
-3
-1
0
1
3
3
4
6
5
3
3
4
0
-2
0
1
2
4
1
0
0
1
2
0
-1
-1
-1
0
1
2
4
5
6
3
4
7
6
6
7
6
6
7
5
3
4
4
3
1
1
0
1
2
1
3
2
-1
1
0
-1
2
2
1
1
-3
-3
0
-1
-2
0
-1
-4
-4
-8
-6
-6
-7
-6
-6
-7
-6
-5
-5
-7
-8
-9
-8
-9
-9
-6
-2
2
1
-2
-3
-4
-4
-5
-4
-3
-4
0
-1
-2
0
-2
-1
-2
-2
-2
-3
-1
-1
-2
-1
0
0
-3
-2
-2
-4
-3
-3
-5
-6
-4
-4
-7
-4
-5
-7
-8
-10
-7
-4
-3
-4
-5
-5
-3
