2
0
3
3
5
4
5
5
6
8
6
7
6
6
9
8
9
8
8
5
3
7
7
8
8
9
10
8
7
8
7
6
3
3
3
1
1
2
1
1
0
0
-3
-3
-2
-3
-2
-3
-3
-2
-2
-2
-3
-3
-3
-4
-1
-1
0
1
1
4
4
3
4
7
6
5
6
6
6
5
4
4
3
3
3
1
-2
0
-1
-2
-3
-2
0
-4
-2
-1
-7
-6
-7
-7
-6
-7
-6
-7
-7
-6
-5
-7
-3
1
1
-1
0
1
0
1
0
-1
0
1
0
0
-1
-1
-1
-3
-4
-2
-1
-2
-3
-4
-5
-4
-3
-5
-3
-3
-4
-1
-2
-3
-1
-2
-3
3
3
0
0
1
-1
2
4
3
5
5
3
4
2
3
3
2
1
1
1
-1
-1
-3
-3
-2
-4
-5
-4
-6
-7
-6
-5
-6
-5
-3
-4
-2
-1
1
1
0
1
2
2
3
3
2
5
5
6
6
8
7
6
7
6
7
7
6
6
6
4
4
5
6
6
4
8
8
8
9
8
7
8
11
10
8
10
10
10
12
12
13
12
11
14
14
13
14
13
10
10
12
11
9
8
8
5
7
5
1
2
3
1
2
2
-1
2
5
4
5
4
4
3
4
5
4
5
3
4
2
3
3
2
2
4
3
1
2
0
0
2
0
-2
-2
-2
-4
-6
-4
-5
-7
-6
-6
-8
-7
-6
-5
-6
-7
-8
-7
-8
-7
-9
-9
-8
-5
-6
-5
-5
-7
-6
-6
-6
-7
-4
-4
-3
-3
-2
-3
-4
-5
-7
-7
-10
-11
-8
-10
-11
-10
-10
-9
-11
-10
-12
-14
-15
-16
-14
-17
-15
-12
-13
-16
-13
-11
-11
-12
-11
-10
-10
-9
-9
-8
-4
-4
-5
-1
-1
-4
-1
-3
-1
2
0
-1
-1
-1
-2
-4
-4
-5
-1
0
-4
-4
-6
-8
-7
-10
-7
-8
-6
-5
-3
-1
-5
-7
-8
-10
-7
-5
-5
-4
-3
-1
-3
-4
-2
-2
-1
-1
-2
0
1
-2
-3
-1
2
3
3
1
2
2
3
5
7
5
6
9
6
6
8
10
14
15
15
15
17
15
14
19
16
16
18
21
22
21
21
18
16
15
16
16
13
13
13
12
12
13
13
7
8
10
6
3
6
3
5
3
-2
0
-2
-7
-7
-4
-6
-4
-4
-4
-2
-3
-2
-5
-6
-2
-4
-3
-2
-2
0
0
-1
-1
0
-1
0
3
0
0
2
4
3
2
2
1
0
-1
-2
1
0
-1
-2
-4
-3
-3
-5
-6
-6
-3
-4
-3
-1
-2
-4
-5
-3
-3
-3
-2
-1
2
1
1
3
1
-2
-1
1
0
1
1
1
2
1
1
-1
-3
0
0
0
-3
-3
1
1
2
3
1
0
0
-1
2
4
2
5
7
6
5
4
2
3
1
2
2
3
4
4
3
1
-1
-2
0
-3
-3
-2
-5
-6
-6
-9
-9
-9
-13
-12
-13
-14
-15
-14
-13
-15
-14
-12
-10
-12
-10
-8
-8
-5
-8
-6
-2
-5
-1
1
3
4
6
5
7
8
8
10
7
7
9
11
11
9
9
7
2
3
5
1
1
1
0
-3
-5
-6
-7
-9
-10
-11
-13
-14
-13
-11
-10
-12
-15
-14
-17
-14
-14
-13
-11
-9
-8
-7
-3
-7
-7
-3
-5
-1
1
2
1
-1
1
0
-1
-1
-2
-1
-2
-2
-2
0
-1
-2
-2
-3
-5
-3
-1
1
1
2
1
2
3
3
3
7
9
9
10
10
9
14
13
12
16
16
15
17
18
17
15
14
16
14
13
14
16
14
12
13
14
12
10
12
11
12
12
12
12
13
14
12
9
9
10
9
10
12
10
10
10
11
10
9
10
10
10
14
14
13
13
12
12
11
7
11
13
10
10
10
9
8
7
7
6
5
2
2
2
4
4
3
4
0
-1
0
-2
2
0
-1
1
0
0
0
-2
0
-1
-1
0
1
2
2
0
-1
-2
-3
-5
-3
-5
-4
-4
-7
-6
-7
-7
-7
-8
-8
-7
-4
-3
-6
-5
-5
-5
-2
-3
-5
-5
-5
-6
-5
-5
-6
-2
2
0
-3
0
1
1
-1
1
2
-1
1
1
-1
-1
-1
1
0
-2
-3
-4
-4
-5
-9
-8
-9
-10
-9
-10
-9
-7
-9
-12
-11
-9
-10
-13
-11
-11
-10
-7
-8
-9
-10
-9
-8
-8
-9
-10
-9
-8
-10
-10
-8
-10
-10
-9
-9
-8
-8
-6
-6
-6
-7
-8
-6
-5
-3
-1
-1
-1
0
2
2
2
1
-2
-2
-2
-4
-5
-7
-6
-7
-12
-12
-11
-14
-15
-15
-13
-12
-17
-19
-18
-20
-24
-24
-22
-20
-20
-19
-16
-16
-18
-20
-17
-15
-15
-13
-12
-9
-11
-11
-9
-7
-5
-3
0
2
3
2
4
6
8
6
8
9
10
11
11
11
13
12
9
12
12
8
11
9
12
12
8
9
8
4
3
6
6
6
5
6
6
5
4
2
1
2
0
0
-2
-4
-4
-3
-1
-1
-4
-5
-4
-4
-4
-2
-1
-2
-3
-2
0
0
-1
-4
2
5
2
3
6
6
6
6
12
14
11
9
12
16
16
15
16
16
18
18
18
17
16
15
14
17
16
15
15
14
12
10
10
10
8
8
7
5
7
5
4
4
2
2
1
1
1
3
3
3
1
1
3
2
2
2
2
4
7
6
6
4
3
4
2
0
-2
-2
-2
3
5
2
3
1
2
2
2
5
6
7
10
10
13
11
7
6
10
15
15
17
19
20
20
20
19
19
18
15
17
18
16
15
14
12
11
8
5
6
5
4
3
2
-1
-1
-5
-6
-6
-9
-11
-10
-10
-8
-12
-13
-11
-14
-13
-12
-15
-13
-10
-8
-6
-9
-8
-7
-7
-6
-4
-2
-2
-1
-3
-1
-4
-5
-1
-1
2
2
0
0
-6
-10
-10
-13
-13
-10
-14
-13
-13
-13
-13
-13
-11
-11
-11
-8
-6
-7
-7
-10
-7
-6
-9
-7
-7
-8
-5
-3
-3
-4
-3
-4
-2
-2
-4
-4
-5
-4
-2
-4
-5
-7
-7
-6
-5
-2
-3
-5
-3
-3
-1
0
0
1
-4
-5
-5
-3
-3
-2
-1
0
0
-1
-1
-1
0
0
2
-2
-2
-1
0
-2
-2
-2
-2
-3
-3
-2
-1
0
2
5
5
4
6
3
3
4
4
5
4
5
7
8
9
7
8
9
10
12
14
15
15
11
11
11
9
8
8
8
8
8
8
8
8
5
3
4
6
6
5
5
5
5
6
6
6
7
5
6
7
6
5
4
5
5
4
5
2
2
2
0
2
1
-3
-4
-4
-4
-6
-8
-9
-11
-11
-10
-9
-8
-8
-9
-9
-8
-9
-8
-6
-8
-7
-5
-6
-5
-8
-8
-2
-4
0
1
0
4
2
1
4
3
3
3
4
3
2
1
4
6
3
5
3
1
0
-2
-1
-1
-5
-5
-5
-6
-6
-8
-9
-7
-6
-4
-5
-4
-4
-2
0
0
2
0
-4
-1
0
-4
-3
-2
-2
-1
-2
-1
-2
-3
-1
-2
-3
-3
-5
-4
-5
-5
-4
-6
-8
-8
-7
-5
-6
-8
-5
-4
-6
-7
-6
-4
-3
-1
0
-1
0
1
1
2
3
5
6
9
10
13
12
9
12
12
13
14
13
12
11
10
10
11
9
8
8
8
7
7
4
1
0
0
1
-2
-4
-2
-3
-3
-5
-4
-3
-5
-3
-1
-1
-1
-2
-1
-2
-1
-1
0
0
-1
-1
-1
-2
-3
-3
-4
-4
-4
-2
-2
-3
-1
1
0
0
-1
-1
1
0
1
2
3
5
3
2
2
1
2
3
4
2
3
5
2
2
2
3
5
3
3
3
2
1
0
1
0
-1
0
-2
-1
-3
-5
-4
-7
-7
-8
-10
-9
-12
-14
-15
-15
-16
-16
-16
-16
-16
-16
-17
-18
-18
-18
-16
-15
-14
-14
-13
-11
-12
-11
-7
-9
-8
-7
-7
-3
-2
-5
-5
-3
-2
-1
1
4
6
7
7
9
9
8
9
11
10
10
10
10
12
12
13
13
10
10
10
8
8
8
6
6
6
4
5
3
3
0
-2
-2
0
-4
-5
-5
-3
-4
-5
-4
-4
-3
-4
-6
-5
-5
-4
-3
-3
0
0
-3
-3
-3
1
3
2
4
6
5
4
4
7
7
9
9
8
10
11
9
9
11
10
9
8
9
10
9
7
4
4
4
4
7
7
6
7
6
3
2
1
1
5
5
3
3
-2
0
1
-1
-2
-4
-5
-2
-4
-4
-5
-6
-7
-7
-7
-8
-8
-10
-11
-9
-10
-8
-7
-6
-6
-8
-10
-10
-8
-9
-9
-10
-9
-11
-10
-10
-12
-13
-13
-13
-13
-12
-12
-11
-10
-9
-11
-13
-12
-11
-11
-9
-9
-6
-7
-6
-4
-5
-3
-3
-3
-3
-2
-3
-1
1
-2
0
0
0
2
3
2
1
2
4
5
8
7
6
7
8
8
7
8
6
5
5
7
5
3
3
4
3
3
2
-1
2
2
-2
0
2
2
0
1
2
0
1
2
2
6
4
4
4
4
5
4
5
6
6
8
7
6
6
5
3
3
4
4
5
6
9
8
6
6
5
8
8
8
5
3
6
5
7
9
6
7
7
6
9
9
9
7
8
10
9
9
11
12
10
12
10
9
11
11
11
10
10
12
12
12
13
11
11
12
12
11
10
9
7
10
10
8
7
8
7
8
9
6
4
3
4
3
1
2
-1
0
1
-3
-3
-4
-4
-3
-3
-2
-3
-3
-5
-8
-4
-4
-7
-6
-4
-1
-5
-4
-3
-6
-5
-5
-6
-5
-6
-5
-3
-4
-3
-3
-5
-3
-4
-5
-6
-5
-5
-7
-5
-7
-9
-5
-6
-6
-4
-2
-3
-2
-1
-3
-2
-1
-3
-5
-2
-2
-2
-3
-4
-3
-2
-5
-3
1
0
-1
-1
-1
1
2
2
2
0
0
1
3
3
3
5
5
5
4
4
3
4
3
3
3
-1
-2
-4
-5
-7
-9
-9
-9
-8
-10
-11
-14
-15
-14
-13
-14
-15
-16
-16
-14
-13
-14
-17
-17
-17
-18
-14
-15
-14
-12
-13
-12
-13
-15
-15
-13
-8
-7
-7
-7
-6
-5
-5
-5
-5
-3
-1
1
2
5
6
7
6
4
4
2
7
9
9
11
10
6
6
6
6
6
6
7
9
7
6
7
5
5
5
3
4
3
3
6
4
4
2
0
2
2
0
-1
-2
0
-2
-1
1
0
2
0
0
0
-2
0
1
-1
-1
0
1
0
2
3
4
4
2
5
5
5
7
8
9
9
10
11
10
10
11
12
13
13
13
13
11
12
12
12
11
13
12
11
12
11
9
7
6
5
5
4
3
6
6
6
5
5
8
6
4
7
7
8
9
10
13
10
10
13
12
11
13
9
11
12
8
8
7
6
5
5
1
-1
0
-2
-4
-6
-11
-13
-12
-11
-13
-11
-11
-13
-11
-11
-13
-12
-11
-12
-10
-8
-8
-7
-5
-8
-8
-6
-7
-6
-4
-3
-1
-3
-3
-3
-2
0
-1
0
-2
-1
0
0
3
2
2
3
0
1
0
0
1
-1
-1
-4
-5
-3
-3
-3
-1
-2
-4
-6
-7
-8
-5
-7
-8
-5
-5
-4
-8
-8
-6
-9
-6
-7
-7
-5
-9
-6
-7
-8
-8
-7
-5
-6
-7
-4
-7
-6
-6
-6
-6
-5
-5
-6
-5
-4
-4
-6
-6
-6
-7
-6
-3
-4
-4
-3
-4
-2
-2
-4
-4
-3
-4
-4
-3
-2
-2
-1
-2
-4
-4
-3
-5
-3
-1
-1
1
-3
-3
-2
0
2
1
5
5
3
2
2
4
1
2
5
4
4
6
7
5
5
4
4
4
2
2
6
5
5
7
1
3
5
0
3
1
0
3
4
2
0
0
-1
0
0
0
3
4
3
2
-1
0
-1
-3
-2
2
1
0
3
3
2
4
2
3
5
1
3
5
5
7
6
3
4
6
4
5
8
6
10
7
5
7
8
11
10
10
11
8
9
7
7
10
7
9
11
9
10
8
8
8
9
8
5
5
5
5
6
4
4
2
1
1
1
1
1
3
2
0
2
-2
-1
1
1
3
4
2
1
3
3
0
0
2
0
1
1
1
1
1
2
-2
2
0
-1
-1
-1
-2
-4
-2
-3
-3
-2
-3
-4
-5
-5
-4
-5
-7
-7
-7
-8
-8
-8
-8
-7
-8
-6
-5
-6
-8
-7
-7
-6
-7
-8
-8
-6
-7
-5
-3
-7
-7
-2
0
2
3
1
3
5
3
4
7
6
7
9
9
7
8
8
8
9
10
8
6
5
8
8
4
4
3
0
3
1
0
1
0
0
2
0
-3
-1
-1
-1
1
1
-1
0
-5
-1
0
-2
-2
-1
-3
-4
-5
-4
-5
-8
-6
-7
-5
-4
-5
-4
-5
-5
-4
-3
-4
-1
-1
0
2
1
2
3
1
3
1
1
5
5
4
4
5
6
4
2
5
3
5
7
5
5
6
3
5
4
3
3
2
6
5
3
6
3
1
5
2
6
6
4
6
6
7
8
4
4
6
6
4
4
4
4
3
3
2
-1
1
2
-1
0
-2
-3
-3
-7
-8
-8
-7
-8
-8
-9
-10
-10
-11
-11
-12
-10
-8
-7
-5
-3
-5
-5
-3
-2
-2
1
3
0
1
3
3
3
4
4
5
5
5
5
4
3
3
1
2
3
-2
-2
-2
-3
-2
-4
-5
-3
-4
-4
-4
-5
-8
-8
-8
-8
-7
-10
-11
-10
-10
-8
-7
-10
-9
-8
-7
-7
-4
-2
-2
-1
-1
0
1
0
2
3
6
6
5
8
8
7
8
8
8
8
9
7
7
8
7
6
7
7
7
8
5
2
2
4
2
0
-3
-6
-5
-5
-7
-8
-11
-11
-9
-9
-9
-10
-10
-10
-10
-11
-11
-9
-10
-10
-8
-8
-5
-7
-5
-4
-5
-3
-2
0
-2
0
1
-1
2
3
-2
2
6
4
7
8
6
8
7
10
9
9
12
9
9
8
7
8
9
8
6
5
3
3
0
1
2
1
0
-2
-2
-1
-5
-3
-4
-6
-6
-6
-5
-4
-6
-6
-3
-5
-5
-6
-11
-10
-9
-11
-11
-12
-11
-9
-8
-5
-9
-11
-11
-10
-8
-7
-10
-9
-8
-10
-9
-7
-5
-5
-5
-4
-3
-1
-1
0
-1
2
6
7
7
7
10
11
11
14
13
14
15
14
16
16
19
20
17
19
17
15
16
13
10
8
8
10
7
7
6
4
5
2
0
2
0
-2
-3
-5
-4
-7
-8
-7
-9
-10
-12
-13
-12
-13
-12
-9
-10
-13
-12
-13
-12
-12
-12
-11
-8
-9
-7
-6
-6
-5
-1
4
6
5
6
5
6
9
9
15
18
17
19
20
19
21
19
20
20
19
21
19
19
20
20
20
20
20
16
14
12
10
9
7
5
2
3
3
0
-1
-4
-8
-10
-11
-12
-12
-15
-17
-18
-18
-18
-21
-21
-20
-23
-26
-23
-23
-25
-22
-23
-23
-22
-23
-24
-23
-23
-22
-20
-19
-18
-17
-15
-14
-11
-11
-12
-7
-7
-6
-1
-1
0
4
7
9
10
11
11
14
16
13
13
17
18
20
21
22
20
23
26
24
24
26
25
23
25
25
23
23
21
20
18
16
14
11
7
5
3
1
-1
-5
-9
-12
-15
-17
-21
-23
-25
-26
-28
-33
-32
-31
-37
-40
-41
-41
-39
-40
-43
-43
-42
-41
-39
-36
-34
-33
-31
-28
-26
-21
-16
-13
-6
-1
6
9
10
15
25
30
34
42
44
50
57
60
65
69
69
72
75
75
78
80
77
76
75
73
70
66
64
58
53
46
38
33
27
21
13
2
-6
-15
-21
-32
-40
-46
-55
-62
-69
-76
-81
-86
-91
-96
-99
-102
-105
-108
-107
-105
-102
-99
-96
-93
-88
-84
-77
-68
-63
-54
-41
-34
-21
-9
-2
11
21
31
44
54
65
76
85
94
104
113
118
127
134
135
141
143
144
144
143
141
138
135
128
121
115
106
97
87
75
65
52
39
28
14
1
-15
-28
-40
-54
-67
-81
-91
-102
-116
-127
-140
-147
-153
-162
-166
-171
-173
-175
-177
-175
-172
-170
-164
-157
-148
-140
-132
-118
-104
-92
-77
-65
-49
-30
-12
5
23
40
58
75
92
108
124
138
151
165
177
188
196
206
214
219
221
221
223
222
217
211
204
194
181
168
156
138
121
105
86
64
43
19
-5
-30
-56
-80
-102
-126
-148
-168
-188
-207
-225
-244
-260
-274
-285
-296
-301
-303
-303
-300
-298
-292
-286
-274
-262
-247
-230
-211
-187
-165
-138
-110
-85
-58
-28
2
30
60
88
117
146
172
199
225
246
268
288
307
322
334
345
355
361
364
362
358
350
343
330
312
296
275
251
227
202
173
143
111
79
44
9
-25
-61
-93
-127
-160
-189
-221
-251
-275
-304
-328
-349
-370
-384
-398
-408
-412
-416
-416
-412
-407
-399
-384
-369
-351
-328
-307
-278
-249
-220
-185
-151
-117
-80
-45
-7
31
69
106
144
181
214
246
277
307
336
362
387
408
424
441
452
459
467
470
470
465
455
444
426
408
385
358
331
299
266
231
194
156
116
75
33
-9
-50
-89
-128
-167
-204
-237
-274
-307
-338
-366
-390
-413
-432
-447
-463
-471
-477
-478
-477
-472
-464
-454
-439
-421
-399
-378
-352
-318
-284
-250
-217
-181
-141
-102
-61
-20
22
63
106
146
183
219
256
289
320
351
380
403
424
439
456
468
478
488
491
489
485
478
463
447
428
406
383
353
323
291
251
212
176
130
87
49
4
-40
-79
-121
-159
-198
-235
-268
-304
-335
-360
-386
-410
-430
-447
-461
-473
-481
-485
-487
-486
-482
-473
-463
-451
-432
-411
-388
-363
-332
-300
-271
-231
-195
-159
-118
-78
-37
4
41
79
117
152
189
223
253
285
311
337
363
383
404
422
435
451
459
465
470
472
470
465
457
446
432
414
392
371
344
317
286
248
213
174
135
97
55
15
-23
-63
-102
-139
-177
-213
-245
-273
-304
-333
-355
-377
-397
-415
-429
-441
-452
-459
-465
-470
-470
-466
-459
-449
-435
-417
-400
-380
-353
-324
-295
-265
-230
-196
-160
-124
-83
-44
-9
29
67
105
143
177
211
242
274
302
330
353
375
398
415
430
445
459
466
475
483
483
482
481
474
461
445
429
408
386
360
333
300
266
231
192
152
111
71
30
-10
-49
-88
-126
-163
-200
-232
-264
-297
-327
-356
-381
-405
-423
-441
-456
-467
-478
-486
-489
-492
-491
-488
-479
-466
-450
-435
-416
-391
-365
-335
-302
-269
-233
-198
-160
-121
-82
-42
-3
36
72
108
144
177
213
248
279
308
334
358
382
402
421
438
451
462
472
480
482
483
480
473
464
450
435
414
388
362
329
299
263
224
188
145
106
67
21
-19
-58
-97
-133
-171
-207
-244
-277
-308
-334
-359
-385
-403
-421
-438
-452
-461
-471
-480
-481
-480
-477
-469
-459
-445
-428
-409
-389
-362
-336
-308
-273
-239
-206
-166
-126
-90
-49
-10
29
69
105
141
175
207
241
269
299
324
348
370
389
409
423
438
450
457
467
470
470
467
463
454
442
429
409
388
368
342
314
284
249
215
180
140
104
66
27
-8
-43
-81
-116
-149
-185
-215
-243
-270
-293
-318
-339
-356
-374
-390
-404
-415
-426
-432
-436
-438
-436
-432
-427
-420
-408
-396
-380
-361
-339
-312
-286
-258
-226
-194
-161
-127
-95
-58
-22
12
48
84
114
143
175
205
231
259
284
308
327
345
362
376
390
400
409
417
421
424
426
422
417
408
399
383
364
345
323
299
275
245
215
185
151
117
83
48
12
-22
-55
-89
-120
-150
-178
-206
-234
-258
-282
-306
-327
-345
-363
-377
-390
-401
-410
-418
-421
-424
-425
-420
-416
-407
-396
-381
-364
-345
-323
-301
-276
-248
-221
-191
-160
-129
-96
-62
-32
2
36
67
99
131
162
190
213
238
265
286
304
324
344
359
371
381
391
401
406
408
408
407
401
393
384
374
358
344
328
302
279
255
227
199
168
137
107
74
41
8
-24
-54
-86
-113
-142
-169
-194
-217
-240
-261
-278
-295
-314
-331
-342
-356
-366
-371
-377
-378
-379
-380
-376
-371
-364
-354
-341
-326
-306
-283
-264
-240
-218
-191
-166
-141
-112
-86
-58
-30
-4
22
48
76
102
124
145
170
190
212
232
249
269
285
298
310
320
328
337
343
346
350
350
349
348
342
338
328
314
301
283
267
249
226
205
183
157
131
107
81
53
26
-2
-31
-57
-82
-108
-131
-155
-179
-199
-221
-241
-257
-274
-291
-305
-320
-328
-338
-346
-351
-355
-355
-354
-351
-345
-337
-326
-315
-303
-286
-267
-247
-225
-203
-179
-156
-131
-105
-79
-51
-24
3
27
53
80
103
127
152
175
197
218
239
255
270
287
300
309
316
324
331
333
337
337
333
330
323
318
309
298
284
267
253
236
216
196
173
149
126
101
76
50
24
-3
-27
-52
-79
-100
-124
-149
-170
-191
-209
-227
-243
-259
-272
-282
-295
-304
-309
-314
-318
-318
-318
-313
-308
-300
-288
-278
-266
-251
-233
-217
-197
-174
-153
-129
-104
-81
-56
-33
-11
13
36
58
83
105
126
146
166
183
196
210
223
235
244
253
259
263
269
273
273
274
272
267
262
256
247
238
229
217
202
188
173
156
140
122
105
84
64
46
26
3
-17
-36
-59
-76
-90
-111
-126
-143
-159
-171
-184
-196
-204
-213
-219
-225
-228
-231
-233
-231
-231
-229
-223
-218
-211
-204
-194
-185
-174
-159
-145
-131
-118
-104
-87
-70
-56
-38
-24
-10
8
23
37
50
64
76
89
100
111
123
129
137
147
154
159
164
167
172
174
176
174
176
178
172
171
170
163
159
153
145
137
128
118
107
94
83
68
55
44
28
15
2
-12
-25
-41
-54
-66
-79
-90
-100
-110
-119
-128
-137
-143
-149
-156
-160
-164
-166
-167
-169
-170
-168
-166
-163
-158
-153
-147
-140
-130
-123
-114
-107
-97
-84
-74
-59
-49
-36
-23
-10
3
13
25
37
47
60
67
77
86
91
98
104
109
113
119
123
126
130
130
129
129
131
129
128
128
124
122
118
109
106
99
93
88
79
71
64
53
43
35
26
14
4
-5
-14
-24
-38
-47
-55
-66
-74
-80
-88
-97
-103
-110
-114
-120
-126
-128
-130
-131
-132
-134
-136
-135
-131
-128
-124
-119
-113
-104
-100
-92
-84
-75
-66
-57
-45
-37
-28
-17
-7
3
13
19
28
40
45
54
61
69
77
81
85
92
94
99
105
108
112
111
114
116
116
116
116
116
113
114
110
105
103
97
92
85
81
75
67
61
53
44
35
28
20
8
0
-9
-18
-27
-34
-43
-50
-55
-64
-71
-75
-81
-86
-90
-94
-94
-99
-98
-100
-101
-97
-98
-95
-93
-92
-86
-80
-75
-68
-60
-56
-50
-43
-38
-32
-27
-19
-13
-6
3
10
15
23
29
33
39
44
49
54
58
60
60
63
63
65
68
67
67
68
67
67
68
65
65
63
62
59
56
51
47
46
43
38
36
33
26
21
17
11
7
1
-3
-6
-10
-11
-14
-18
-22
-28
-31
-35
-38
-41
-44
-43
-43
-45
-45
-42
-42
-43
-41
-42
-39
-38
-37
-31
-30
-29
-27
-26
-21
-18
-17
-17
-17
-12
-12
-10
-5
-3
0
1
3
8
11
10
13
12
16
21
22
22
25
25
24
25
22
21
22
21
20
21
20
18
17
15
13
10
10
5
4
4
2
3
1
-3
-3
-2
-3
-4
-6
-8
-6
-8
-9
-7
-9
-9
-10
-13
-13
-11
-11
-13
-12
-14
-13
-13
-14
-11
-10
-8
-9
-10
-9
-8
-7
-8
-6
-5
-4
-3
-3
-2
-4
-2
1
1
2
3
6
5
2
3
4
4
6
6
8
11
10
10
9
9
10
11
7
9
9
8
8
4
3
3
1
-3
-6
-4
-6
-8
-8
-10
-11
-11
-13
-16
-17
-18
-22
-24
-24
-22
-21
-21
-18
-15
-15
-12
-12
-12
-7
-4
-3
-1
0
-1
1
2
2
4
5
4
3
4
4
5
7
8
6
8
8
6
6
5
3
5
3
1
4
3
4
4
7
6
7
7
4
5
5
3
3
4
4
6
4
2
5
3
2
5
2
1
4
1
3
5
4
5
4
0
-1
-2
-1
-3
-2
0
2
6
11
13
16
21
21
26
31
33
37
40
44
45
44
44
43
40
37
35
31
28
28
24
21
17
10
8
3
0
-4
-8
-12
-13
-12
-14
-17
-13
-15
-20
-22
-24
-25
-25
-28
-28
-28
-33
-34
-35
-36
-35
-37
-37
-36
-35
-33
-29
-28
-25
-22
-16
-14
-10
-4
-1
4
8
12
16
21
24
25
28
34
39
46
50
53
56
59
63
65
70
75
76
77
78
78
76
74
72
74
73
66
64
58
50
47
39
32
27
22
14
4
-3
-12
-20
-26
-34
-38
-43
-48
-52
-60
-67
-71
-73
-74
-73
-75
-79
-79
-83
-89
-90
-90
-93
-89
-86
-84
-83
-83
-82
-81
-76
-71
-66
-62
-57
-50
-44
-39
-30
-23
-21
-11
1
7
16
23
27
38
44
49
57
62
67
70
71
75
77
79
76
76
77
77
77
76
78
78
76
73
72
70
66
63
58
53
45
37
31
20
15
10
1
-4
-13
-19
-26
-33
-38
-45
-49
-51
-55
-55
-61
-66
-71
-75
-75
-78
-77
-75
-77
-74
-75
-78
-78
-78
-82
-81
-81
-83
-82
-85
-87
-85
-86
-83
-79
-74
-65
-58
-49
-39
-32
-25
-18
-9
0
8
18
24
33
37
37
40
41
42
45
46
46
46
47
51
56
56
57
58
59
60
59
58
57
57
56
56
55
49
48
45
37
34
29
23
20
14
9
3
-4
-10
-16
-21
-29
-35
-40
-46
-50
-53
-60
-63
-66
-73
-74
-78
-83
-85
-84
-86
-89
-90
-93
-93
-91
-90
-86
-82
-78
-70
-66
-62
-58
-53
-43
-36
-27
-17
-11
-3
9
16
22
31
37
46
50
53
61
66
72
77
79
84
90
98
103
105
110
113
116
119
120
119
119
117
112
111
107
103
98
92
86
75
69
59
46
37
24
12
1
-12
-24
-39
-56
-67
-79
-94
-103
-111
-122
-129
-135
-143
-148
-149
-153
-154
-148
-145
-139
-132
-126
-118
-109
-101
-90
-80
-73
-62
-54
-47
-34
-24
-8
5
14
24
35
47
63
78
93
107
123
141
157
170
180
190
199
207
215
223
225
225
226
220
214
209
197
188
176
162
148
134
114
93
72
49
28
9
-12
-35
-57
-78
-102
-125
-148
-168
-186
-205
-221
-234
-248
-261
-266
-271
-273
-273
-268
-261
-251
-237
-225
-213
-201
-180
-159
-131
-103
-79
-58
-35
-10
14
36
60
85
115
145
171
196
217
238
264
289
316
341
354
362
365
363
367
367
363
355
341
326
308
287
261
231
198
175
147
118
85
43
2
-44
-88
-130
-173
-212
-249
-283
-315
-345
-373
-398
-417
-428
-434
-429
-421
-416
-409
-400
-388
-368
-343
-315
-287
-259
-232
-207
-180
-151
-121
-91
-59
-26
3
31
58
81
108
136
166
196
231
266
297
335
374
412
453
491
531
565
598
621
629
620
596
557
511
461
406
340
261
173
79
-14
-102
-183
-256
-318
-366
-405
-435
-458
-472
-475
-462
-438
-401
-364
-329
-301
-281
-264
-249
-230
-211
-197
-189
-194
-206
-231
-259
-287
-310
-327
-334
-335
-335
-336
-333
-319
-295
-255
-203
-149
-91
-34
17
68
124
182
245
313
375
430
477
514
548
586
629
676
718
752
766
759
733
691
641
591
537
471
387
285
176
65
-43
-149
-243
-325
-395
-454
-501
-535
-553
-556
-540
-506
-461
-408
-349
-294
-238
-186
-140
-96
-69
-51
-49
-64
-89
-123
-161
-209
-267
-325
-379
-426
-464
-492
-514
-524
-521
-505
-475
-428
-364
-290
-208
-125
-48
27
96
165
237
309
379
446
504
555
597
630
661
694
731
773
812
831
823
786
727
661
595
535
469
388
286
169
44
-78
-189
-283
-361
-417
-460
-496
-525
-548
-552
-531
-489
-428
-362
-295
-235
-185
-147
-111
-74
-35
2
22
14
-25
-86
-148
-207
-265
-322
-374
-425
-471
-511
-544
-562
-560
-540
-501
-449
-387
-317
-246
-171
-94
-18
60
135
207
273
333
380
424
466
506
548
586
620
655
686
723
761
790
802
791
749
689
624
557
494
420
328
214
90
-31
-148
-248
-335
-410
-462
-504
-538
-560
-565
-551
-511
-454
-387
-318
-250
-193
-145
-103
-63
-18
34
78
93
73
15
-61
-136
-205
-263
-319
-379
-444
-509
-563
-601
-617
-607
-571
-517
-452
-379
-307
-234
-156
-70
22
111
195
270
324
369
406
439
479
517
555
595
626
658
692
733
782
832
855
839
780
703
627
556
484
394
283
156
21
-109
-228
-340
-437
-515
-574
-608
-629
-637
-624
-589
-533
-456
-371
-281
-197
-128
-71
-21
35
99
161
206
210
171
92
-6
-97
-182
-265
-348
-436
-527
-609
-673
-715
-726
-708
-660
-588
-504
-410
-316
-220
-119
-13
101
210
305
382
435
479
514
547
588
624
659
690
716
749
799
868
936
974
956
881
775
665
576
495
398
280
137
-18
-168
-308
-436
-547
-625
-670
-688
-690
-686
-665
-622
-550
-450
-337
-224
-119
-38
22
65
104
155
211
254
255
200
90
-50
-188
-316
-431
-535
-635
-727
-805
-864
-894
-895
-862
-788
-682
-552
-419
-290
-166
-45
84
211
330
435
521
590
641
679
713
743
769
796
822
849
887
945
1014
1075
1094
1044
925
773
628
505
396
270
115
-58
-232
-392
-537
-661
-752
-800
-806
-782
-752
-719
-669
-592
-479
-344
-206
-82
16
76
106
117
127
141
157
161
125
34
-108
-280
-446
-584
-689
-771
-838
-882
-902
-897
-866
-810
-720
-593
-436
-266
-106
33
146
247
341
428
501
556
595
614
627
625
618
614
612
629
668
729
813
914
1019
1092
1097
1019
878
720
578
458
332
175
-12
-209
-391
-556
-699
-810
-875
-885
-859
-811
-758
-692
-598
-471
-315
-152
-5
112
181
210
209
193
172
153
136
96
7
-135
-320
-514
-682
-803
-884
-935
-955
-944
-901
-831
-743
-633
-486
-313
-133
36
175
281
361
417
458
491
510
511
504
487
459
431
415
420
448
510
600
720
873
1041
1188
1257
1213
1075
901
742
604
454
264
41
-182
-375
-552
-714
-850
-931
-943
-904
-838
-767
-686
-575
-426
-247
-66
92
203
264
286
272
233
175
109
53
-3
-91
-234
-431
-643
-827
-957
-1035
-1078
-1082
-1039
-956
-847
-722
-581
-418
-232
-41
130
267
364
423
455
463
451
424
384
341
307
278
253
240
259
315
417
555
720
918
1145
1372
1535
1564
1452
1250
1039
854
671
443
164
-126
-384
-597
-776
-918
-1009
-1029
-977
-875
-762
-642
-502
-327
-120
91
271
388
437
433
387
300
176
35
-96
-207
-319
-462
-648
-853
-1030
-1149
-1207
-1211
-1171
-1080
-943
-776
-600
-428
-257
-82
90
239
345
398
406
382
339
281
208
129
62
26
20
33
64
122
223
372
563
774
998
1245
1506
1733
1843
1784
1573
1291
1014
751
471
146
-200
-518
-764
-938
-1055
-1121
-1120
-1036
-879
-684
-487
-298
-95
125
345
526
625
634
575
470
322
124
-105
-328
-514
-651
-762
-877
-1006
-1124
-1196
-1200
-1142
-1044
-905
-734
-539
-335
-152
-4
111
211
293
336
327
262
158
47
-58
-151
-237
-303
-331
-306
-229
-117
25
194
395
626
866
1102
1340
1581
1818
1997
2038
1896
1588
1197
803
439
82
-283
-630
-913
-1090
-1158
-1152
-1090
-965
-764
-500
-219
38
254
442
613
747
808
770
639
445
216
-43
-333
-629
-890
-1067
-1142
-1142
-1101
-1060
-1016
-951
-845
-707
-557
-405
-255
-111
13
91
115
95
58
16
-43
-125
-234
-356
-456
-520
-544
-532
-485
-404
-280
-107
91
296
506
718
938
1150
1338
1498
1650
1803
1931
1966
1836
1527
1105
667
272
-78
-405
-698
-907
-999
-976
-882
-749
-578
-364
-109
153
377
541
644
707
729
682
545
319
45
-228
-493
-747
-988
-1189
-1298
-1289
-1173
-994
-815
-659
-529
-414
-308
-225
-166
-131
-108
-99
-123
-182
-263
-345
-408
-451
-482
-515
-543
-543
-512
-442
-344
-236
-117
19
172
335
495
642
785
916
1033
1125
1195
1260
1338
1432
1510
1500
1350
1067
716
370
66
-199
-421
-576
-640
-602
-488
-348
-204
-65
76
220
344
426
451
429
370
271
128
-60
-275
-478
-654
-797
-913
-992
-1013
-953
-798
-581
-362
-182
-71
-34
-51
-109
-197
-300
-396
-476
-534
-573
-593
-598
-578
-530
-464
-389
-321
-257
-198
-136
-68
-8
36
75
119
181
252
325
394
462
542
631
720
817
926
1064
1225
1371
1448
1395
1203
902
551
218
-80
-326
-496
-570
-540
-428
-280
-140
-17
100
212
318
391
413
388
313
210
78
-86
-267
-445
-594
-716
-810
-864
-869
-804
-663
-471
-265
-92
6
12
-59
-174
-311
-450
-569
-652
-686
-671
-629
-565
-496
-427
-351
-271
-197
-133
-85
-46
-22
-8
-4
-4
13
59
137
218
291
359
430
520
628
747
868
996
1144
1299
1417
1433
1297
1023
675
320
0
-264
-458
-556
-538
-411
-229
-48
107
225
321
398
441
433
372
279
166
32
-119
-290
-467
-618
-739
-832
-894
-908
-855
-726
-540
-329
-148
-26
17
-32
-152
-315
-484
-629
-725
-759
-738
-673
-582
-478
-377
-289
-215
-151
-98
-56
-37
-41
-57
-77
-83
-67
-22
44
123
210
298
388
490
602
724
848
972
1098
1224
1343
1429
1434
1316
1070
734
369
31
-252
-458
-557
-530
-384
-173
37
201
306
362
394
395
350
262
144
19
-104
-237
-379
-530
-675
-797
-889
-944
-947
-878
-734
-542
-332
-141
-11
37
-5
-127
-290
-461
-599
-687
-714
-679
-596
-485
-372
-280
-216
-178
-149
-123
-101
-95
-105
-117
-117
-93
-42
20
94
180
275
373
462
542
622
709
801
889
970
1049
1133
1210
1244
1180
991
708
395
92
-169
-365
-473
-462
-337
-142
55
206
293
335
345
323
264
165
50
-55
-143
-228
-326
-443
-564
-669
-749
-795
-794
-736
-614
-446
-263
-101
12
50
7
-114
-282
-458
-615
-712
-738
-699
-608
-498
-389
-300
-237
-197
-170
-140
-109
-85
-76
-72
-59
-28
17
64
111
159
217
285
358
430
495
564
633
704
769
832
903
986
1067
1113
1073
926
687
397
107
-143
-322
-407
-376
-243
-53
131
269
343
362
339
280
186
69
-44
-137
-205
-260
-329
-417
-508
-590
-654
-693
-697
-647
-541
-393
-231
-92
-7
2
-78
-230
-419
-599
-734
-798
-791
-718
-601
-468
-344
-253
-195
-155
-123
-95
-70
-58
-54
-47
-30
-1
35
69
111
165
226
287
338
383
424
476
546
621
696
783
886
1008
1128
1205
1192
1065
838
556
254
-26
-250
-377
-379
-266
-86
94
228
304
321
288
216
118
14
-71
-131
-169
-202
-252
-324
-413
-508
-603
-679
-714
-696
-617
-491
-345
-210
-119
-101
-163
-292
-455
-612
-725
-775
-755
-672
-543
-398
-265
-167
-110
-77
-57
-45
-42
-48
-56
-60
-56
-44
-26
1
38
82
124
162
202
245
303
378
467
565
661
758
858
971
1087
1180
1210
1134
953
695
385
70
-201
-389
-456
-390
-229
-28
155
290
364
382
351
271
167
58
-30
-85
-122
-160
-218
-297
-391
-496
-596
-672
-703
-675
-582
-442
-296
-173
-106
-117
-203
-343
-505
-649
-739
-755
-693
-573
-426
-284
-174
-108
-83
-89
-110
-136
-164
-182
-184
-170
-135
-87
-31
22
67
101
132
173
225
292
376
468
560
647
725
808
899
1001
1100
1162
1142
1016
788
493
172
-124
-346
-461
-441
-305
-98
119
302
426
476
455
370
235
86
-43
-137
-198
-244
-287
-339
-404
-484
-576
-663
-716
-709
-638
-512
-358
-203
-78
-21
-53
-170
-347
-526
-665
-734
-721
-635
-491
-324
-171
-67
-23
-22
-53
-98
-142
-180
-193
-173
-124
-59
8
67
111
141
157
165
175
205
260
334
418
504
590
677
770
867
968
1055
1090
1038
879
632
342
53
-200
-372
-427
-352
-176
43
246
394
475
484
419
295
135
-27
-157
-240
-284
-305
-323
-347
-391
-463
-558
-646
-695
-683
-604
-473
-314
-158
-43
-8
-73
-220
-407
-582
-704
-751
-710
-588
-412
-221
-60
35
65
50
4
-52
-108
-148
-155
-126
-72
-7
53
101
131
137
123
101
96
120
179
268
376
492
605
708
807
899
981
1033
1026
931
751
512
247
-5
-214
-340
-355
-266
-103
86
254
383
452
456
386
250
86
-71
-193
-269
-307
-321
-326
-342
-386
-460
-553
-636
-681
-669
-593
-474
-328
-181
-75
-39
-85
-201
-348
-484
-584
-618
-576
-462
-299
-135
-5
70
90
70
17
-54
-132
-189
-209
-193
-144
-75
0
69
115
127
110
82
70
88
142
222
325
439
555
662
760
856
939
992
989
896
722
497
244
-8
-215
-338
-354
-258
-90
100
277
415
501
513
438
299
131
-28
-154
-240
-293
-323
-336
-349
-382
-449
-530
-603
-647
-636
-578
-474
-329
-172
-42
20
-5
-101
-239
-386
-510
-582
-578
-495
-361
-215
-88
-8
31
26
-23
-100
-183
-244
-267
-250
-196
-114
-19
69
132
159
154
131
110
104
127
186
280
402
537
677
808
924
1019
1061
1025
898
699
460
210
-22
-201
-291
-279
-171
-14
146
283
383
429
409
324
191
44
-89
-195
-270
-315
-340
-349
-356
-382
-433
-498
-553
-581
-565
-503
-398
-262
-126
-30
2
-45
-156
-296
-444
-565
-631
-626
-554
-431
-290
-165
-70
-19
-14
-47
-107
-171
-218
-232
-215
-164
-85
-1
78
141
168
167
153
138
140
173
241
340
465
602
737
871
993
1083
1116
1063
919
707
449
172
-73
-255
-339
-305
-185
-19
153
298
398
438
405
309
176
30
-97
-193
-258
-288
-295
-289
-290
-323
-384
-458
-529
-570
-566
-511
-409
-282
-160
-75
-60
-120
-236
-388
-539
-650
-702
-673
-573
-432
-281
-144
-48
-1
1
-43
-116
-191
-251
-279
-262
-205
-115
-8
93
166
203
212
203
195
210
254
327
434
563
693
825
949
1043
1092
1061
942
748
499
227
-38
-246
-360
-362
-263
-101
85
257
391
464
463
396
273
128
-16
-146
-242
-299
-321
-316
-308
-316
-352
-405
-466
-515
-533
-506
-430
-319
-196
-98
-55
-76
-160
-285
-424
-551
-628
-637
-578
-470
-343
-214
-106
-32
3
-8
-60
-133
-203
-254
-266
-234
-161
-56
59
158
226
267
280
270
264
264
290
350
431
535
657
788
916
1002
1016
941
777
547
280
14
-213
-349
-375
-293
-131
63
251
405
495
507
434
293
129
-34
-173
-267
-311
-302
-267
-234
-226
-255
-317
-396
-473
-527
-533
-491
-401
-285
-183
-120
-116
-171
-279
-413
-539
-631
-658
-618
-524
-388
-249
-119
-20
29
32
-8
-82
-162
-223
-254
-237
-168
-67
50
158
241
294
306
293
266
248
255
295
370
468
593
740
884
996
1039
987
848
635
373
106
-127
-282
-328
-261
-108
84
275
442
549
574
514
381
205
25
-132
-243
-295
-296
-263
-224
-213
-241
-306
-395
-488
-555
-586
-564
-486
-382
-283
-213
-195
-229
-311
-431
-551
-641
-678
-646
-557
-427
-275
-133
-18
47
52
7
-70
-159
-235
-276
-267
-207
-106
11
124
210
263
287
278
255
235
235
269
338
440
568
721
879
1001
1050
1001
854
631
360
85
-150
-302
-335
-259
-102
101
304
475
580
591
514
370
186
-1
-155
-260
-300
-284
-240
-190
-172
-202
-273
-370
-473
-555
-594
-575
-504
-399
-299
-226
-199
-225
-297
-400
-503
-578
-612
-576
-486
-362
-217
-84
17
71
67
5
-91
-194
-282
-327
-318
-254
-154
-36
88
187
252
285
284
270
257
259
286
353
462
604
771
928
1040
1060
971
788
531
237
-44
-258
-362
-350
-230
-35
185
396
555
629
604
488
311
106
-83
-228
-312
-327
-292
-236
-195
-196
-246
-332
-437
-537
-600
-614
-574
-488
-382
-285
-220
-206
-235
-304
-392
-472
-523
-527
-480
-389
-266
-136
-25
42
61
25
-53
-147
-244
-313
-331
-294
-203
-74
65
194
293
358
386
387
373
362
373
425
518
650
806
955
1054
1071
986
798
529
226
-60
-272
-370
-337
-187
35
285
508
664
725
673
521
305
64
-162
-327
-418
-435
-389
-316
-256
-234
-270
-351
-458
-558
-622
-632
-580
-481
-363
-256
-186
-169
-208
-290
-399
-502
-571
-598
-567
-483
-364
-229
-106
-21
16
-3
-72
-164
-255
-322
-348
-320
-243
-123
19
161
282
362
406
419
410
404
409
448
537
664
811
946
1030
1030
934
741
473
173
-111
-319
-400
-354
-194
44
309
554
719
776
715
549
317
65
-166
-331
-414
-419
-364
-282
-212
-183
-208
-280
-378
-475
-542
-560
-520
-437
-332
-237
-174
-157
-194
-275
-375
-478
-554
-585
-566
-499
-400
-284
-174
-88
-44
-49
-94
-164
-240
-295
-316
-291
-221
-117
14
150
275
368
424
454
456
456
467
506
582
688
796
880
913
864
727
518
259
-10
-231
-363
-385
-293
-106
140
393
605
728
735
632
438
190
-60
-268
-404
-454
-427
-353
-262
-189
-159
-173
-231
-309
-383
-432
-440
-406
-345
-275
-216
-190
-197
-244
-320
-406
-483
-526
-531
-496
-427
-336
-236
-150
-94
-74
-91
-133
-185
-234
-266
-264
-222
-140
-30
96
216
325
413
472
508
525
544
576
631
703
778
832
845
799
686
507
284
49
-153
-284
-326
-272
-135
64
285
481
610
646
584
431
224
-7
-221
-378
-464
-479
-438
-368
-298
-247
-232
-252
-300
-358
-405
-431
-436
-417
-380
-342
-310
-298
-308
-341
-385
-430
-465
-476
-460
-413
-348
-274
-201
-143
-104
-91
-103
-121
-141
-155
-145
-106
-36
63
179
300
418
522
605
670
717
757
798
837
870
885
865
803
692
536
343
139
-46
-181
-247
-240
-158
-16
164
344
485
563
564
483
337
146
-64
-256
-402
-494
-532
-522
-487
-437
-390
-358
-348
-355
-366
-379
-390
-396
-398
-403
-406
-407
-419
-434
-452
-470
-481
-488
-481
-459
-417
-355
-286
-219
-162
-125
-103
-91
-91
-91
-78
-49
3
77
162
260
367
470
567
649
716
773
818
857
884
891
869
810
707
561
384
194
13
-129
-215
-234
-181
-66
88
252
396
494
527
486
377
221
36
-146
-300
-418
-492
-524
-526
-504
-476
-446
-420
-401
-385
-373
-366
-362
-362
-366
-379
-397
-419
-439
-455
-463
-459
-447
-423
-396
-365
-329
-291
-247
-203
-164
-129
-102
-76
-56
-30
7
56
119
190
271
356
444
536
622
701
775
839
895
933
940
912
844
732
574
383
184
0
-139
-218
-224
-166
-50
106
268
409
501
531
498
402
256
82
-95
-256
-384
-473
-528
-553
-555
-541
-521
-499
-478
-457
-434
-415
-406
-404
-411
-423
-438
-452
-462
-473
-473
-463
-450
-428
-403
-379
-352
-325
-297
-266
-235
-198
-157
-109
-57
-3
53
114
179
251
327
410
501
592
685
781
875
962
1031
1072
1073
1029
932
782
593
376
162
-21
-155
-224
-221
-147
-14
148
311
450
540
561
513
401
239
57
-130
-302
-443
-550
-617
-648
-651
-640
-617
-584
-552
-523
-505
-493
-487
-493
-501
-510
-516
-519
-517
-503
-486
-468
-445
-421
-397
-375
-357
-339
-314
-286
-255
-214
-162
-104
-36
37
115
195
278
366
453
540
626
714
805
895
978
1048
1098
1113
1086
1016
894
728
527
315
115
-58
-182
-234
-221
-141
-12
144
300
430
514
535
492
384
226
44
-150
-333
-489
-608
-684
-718
-719
-691
-646
-595
-545
-502
-476
-469
-479
-499
-525
-544
-557
-553
-529
-492
-447
-396
-349
-307
-278
-263
-257
-257
-255
-247
-231
-203
-162
-105
-37
44
133
223
321
423
521
622
720
811
894
970
1033
1078
1094
1076
1014
902
745
555
349
146
-31
-167
-249
-269
-225
-132
-3
143
283
397
466
476
422
312
156
-22
-216
-406
-576
-712
-804
-853
-856
-827
-773
-704
-636
-577
-534
-513
-507
-511
-526
-539
-540
-526
-495
-447
-394
-337
-284
-240
-207
-185
-175
-166
-156
-140
-115
-78
-29
35
109
194
290
390
499
615
730
845
957
1056
1132
1183
1202
1182
1116
1004
852
672
475
282
100
-56
-168
-229
-240
-201
-123
-17
100
212
302
353
357
315
229
98
-58
-232
-413
-580
-719
-828
-899
-928
-918
-878
-821
-755
-687
-626
-577
-542
-523
-514
-503
-491
-473
-448
-411
-367
-324
-278
-245
-220
-201
-186
-167
-142
-110
-67
-12
54
128
211
300
400
507
619
736
852
970
1087
1180
1252
1293
1287
1232
1128
979
789
580
370
172
1
-131
-216
-252
-242
-190
-110
-10
89
176
240
271
264
216
130
7
-141
-302
-467
-619
-756
-866
-937
-977
-986
-965
-926
-872
-806
-741
-676
-617
-565
-513
-465
-424
-380
-336
-296
-261
-228
-207
-192
-181
-171
-163
-152
-131
-94
-49
10
86
169
265
378
497
621
752
883
1009
1129
1233
1306
1347
1344
1289
1186
1033
843
632
407
194
8
-140
-237
-288
-292
-252
-181
-87
12
101
173
215
222
192
120
15
-116
-265
-423
-584
-732
-860
-961
-1034
-1078
-1089
-1071
-1028
-958
-880
-796
-706
-617
-528
-444
-369
-305
-253
-209
-178
-160
-149
-145
-138
-127
-114
-96
-68
-30
17
71
140
220
311
417
538
669
809
953
1096
1228
1338
1416
1447
1425
1348
1221
1050
847
630
408
197
13
-139
-248
-307
-321
-291
-228
-144
-51
37
110
161
178
157
98
5
-118
-264
-423
-592
-752
-893
-1014
-1102
-1164
-1193
-1186
-1151
-1083
-999
-899
-784
-663
-550
-449
-359
-293
-243
-205
-181
-168
-158
-146
-131
-113
-90
-58
-14
35
93
157
229
311
403
506
625
756
898
1044
1183
1306
1403
1463
1476
1434
1335
1196
1018
814
600
386
191
27
-100
-187
-235
-248
-226
-183
-124
-57
0
49
82
85
57
-8
-102
-222
-365
-516
-670
-813
-940
-1043
-1120
-1172
-1200
-1196
-1166
-1112
-1032
-939
-833
-716
-602
-494
-399
-320
-256
-208
-171
-144
-126
-107
-84
-56
-24
15
65
115
174
245
322
414
518
637
768
903
1042
1167
1272
1349
1390
1389
1346
1262
1142
995
834
660
484
316
165
37
-65
-136
-175
-187
-174
-138
-93
-49
-10
13
17
-5
-54
-132
-235
-352
-480
-618
-753
-881
-993
-1085
-1149
-1183
-1190
-1163
-1105
-1027
-937
-833
-728
-628
-530
-441
-362
-298
-240
-191
-151
-114
-82
-49
-16
20
60
103
151
207
271
346
434
538
652
779
912
1043
1159
1254
1320
1345
1328
1273
1175
1048
901
741
581
428
291
172
79
9
-39
-68
-81
-79
-72
-53
-35
-26
-28
-43
-76
-134
-211
-307
-423
-546
-673
-795
-904
-999
-1071
-1120
-1142
-1136
-1108
-1058
-984
-896
-798
-699
-597
-499
-417
-345
-284
-240
-201
-166
-129
-91
-48
3
56
114
176
243
312
384
468
556
653
761
869
972
1063
1135
1178
1188
1167
1116
1038
941
828
710
586
461
344
237
147
67
8
-29
-46
-45
-30
-11
9
20
17
-9
-59
-133
-228
-334
-453
-574
-686
-789
-880
-949
-1000
-1032
-1041
-1030
-997
-949
-885
-806
-722
-637
-557
-483
-415
-357
-304
-256
-210
-162
-111
-63
-10
43
96
148
207
269
339
421
511
608
711
815
913
999
1066
1107
1120
1103
1062
994
906
801
687
570
453
341
240
153
85
36
2
-19
-23
-20
-15
-10
-10
-20
-43
-86
-145
-222
-316
-420
-529
-643
-750
-845
-920
-972
-1001
-1001
-977
-936
-878
-807
-727
-648
-570
-496
-429
-367
-314
-267
-224
-187
-151
-110
-68
-21
33
97
165
240
321
408
499
590
688
786
876
956
1022
1071
1090
1086
1059
1007
932
842
737
624
508
396
287
190
104
29
-29
-79
-113
-133
-142
-140
-136
-130
-134
-147
-181
-236
-311
-406
-508
-616
-723
-818
-897
-958
-995
-1011
-1003
-975
-926
-861
-784
-699
-616
-532
-452
-375
-305
-242
-186
-138
-91
-50
-8
36
82
136
194
259
328
402
484
571
662
758
853
945
1023
1082
1119
1130
1112
1063
988
895
786
669
549
429
320
220
130
55
-10
-61
-102
-133
-150
-161
-174
-185
-204
-234
-277
-334
-402
-483
-569
-655
-737
-808
-870
-914
-942
-956
-951
-930
-896
-848
-788
-720
-647
-571
-495
-422
-352
-285
-223
-163
-108
-50
13
76
145
218
290
367
440
517
591
669
750
825
901
966
1018
1057
1074
1073
1048
1006
945
870
783
685
582
481
381
283
192
105
25
-45
-105
-155
-190
-216
-237
-259
-282
-314
-359
-418
-489
-570
-657
-742
-824
-897
-953
-992
-1013
-1013
-995
-961
-907
-845
-774
-696
-617
-538
-462
-387
-315
-247
-183
-119
-54
16
90
170
257
342
427
516
597
676
751
825
897
962
1020
1067
1096
1104
1090
1055
1006
935
855
769
675
580
487
395
306
221
142
66
-2
-60
-112
-156
-196
-237
-278
-333
-398
-477
-565
-659
-753
-836
-906
-962
-998
-1016
-1020
-1008
-985
-951
-914
-864
-810
-754
-691
-631
-570
-508
-446
-381
-310
-233
-145
-47
62
175
288
400
503
599
683
756
821
882
938
992
1039
1077
1104
1113
1104
1074
1026
964
892
811
725
637
547
457
366
276
190
109
36
-26
-81
-131
-175
-223
-277
-340
-414
-503
-601
-704
-801
-894
-965
-1016
-1048
-1058
-1048
-1028
-997
-958
-917
-871
-820
-769
-715
-659
-602
-541
-481
-413
-343
-268
-181
-86
19
127
237
343
448
547
645
737
821
906
988
1061
1123
1169
1197
1200
1181
1139
1073
989
897
793
691
593
493
397
310
228
156
96
40
-6
-42
-83
-125
-176
-243
-328
-427
-536
-648
-753
-855
-939
-997
-1035
-1048
-1044
-1028
-1000
-965
-921
-878
-829
-775
-718
-657
-594
-530
-466
-397
-325
-251
-172
-88
-2
89
178
268
355
439
526
615
704
800
892
977
1052
1110
1148
1156
1139
1091
1030
951
859
764
665
570
481
395
313
238
172
113
60
12
-36
-88
-144
-210
-287
-374
-468
-567
-661
-746
-816
-869
-904
-923
-928
-924
-914
-903
-890
-868
-845
-813
-769
-716
-650
-576
-495
-405
-312
-215
-117
-21
73
164
251
331
410
488
561
633
712
789
862
933
996
1040
1065
1070
1047
1004
946
871
791
709
631
554
484
418
351
287
216
143
67
-15
-95
-174
-258
-343
-431
-521
-605
-686
-763
-831
-880
-913
-935
-939
-929
-910
-885
-860
-829
-798
-764
-723
-678
-623
-557
-489
-411
-329
-244
-156
-67
24
115
207
302
400
500
595
692
789
876
956
1023
1068
1097
1104
1086
1052
998
927
845
760
675
588
506
434
362
299
237
175
112
41
-33
-113
-199
-287
-376
-469
-560
-649
-740
-824
-897
-962
-1015
-1054
-1079
-1084
-1075
-1051
-1014
-968
-913
-853
-789
-721
-650
-572
-490
-401
-308
-213
-113
-12
83
178
273
365
456
546
641
740
842
936
1022
1099
1156
1193
1205
1195
1166
1119
1056
985
907
822
733
640
548
456
363
273
182
97
15
-67
-150
-234
-321
-407
-495
-585
-673
-754
-828
-890
-945
-989
-1019
-1037
-1042
-1040
-1029
-1005
-975
-933
-885
-832
-771
-707
-635
-556
-475
-383
-288
-185
-70
43
153
256
355
454
549
641
731
822
908
985
1054
1102
1130
1141
1130
1101
1056
1001
939
875
814
749
685
618
543
468
386
293
201
105
9
-87
-187
-288
-388
-492
-594
-689
-777
-856
-919
-967
-995
-1005
-1001
-985
-961
-929
-893
-856
-816
-776
-738
-697
-656
-613
-562
-508
-449
-378
-295
-203
-102
9
119
231
339
440
535
623
705
781
851
918
973
1017
1047
1059
1057
1039
1005
963
914
859
801
746
686
625
563
494
417
333
244
149
54
-45
-145
-243
-342
-439
-535
-626
-713
-792
-860
-918
-961
-997
-1018
-1027
-1027
-1020
-1008
-980
-948
-906
-853
-794
-729
-657
-583
-504
-418
-331
-234
-130
-21
92
211
327
438
546
648
737
818
884
939
986
1023
1047
1066
1072
1060
1038
1006
958
897
830
760
687
612
537
458
377
290
200
106
4
-99
-201
-306
-411
-510
-607
-694
-774
-849
-911
-963
-1008
-1041
-1064
-1075
-1075
-1064
-1043
-1010
-965
-909
-844
-772
-692
-607
-513
-415
-314
-209
-106
5
117
229
348
461
574
679
775
861
934
996
1046
1084
1112
1124
1125
1117
1096
1061
1013
952
877
793
702
604
504
400
297
193
85
-21
-129
-242
-351
-455
-558
-651
-736
-807
-866
-915
-955
-986
-1008
-1026
-1034
-1030
-1023
-1004
-973
-936
-888
-830
-761
-686
-602
-509
-410
-307
-199
-87
29
148
265
381
496
606
706
800
881
947
1001
1040
1065
1076
1078
1068
1048
1024
989
949
902
842
776
702
620
532
434
336
233
126
19
-95
-209
-325
-441
-553
-668
-777
-876
-963
-1033
-1087
-1127
-1149
-1154
-1148
-1132
-1103
-1065
-1017
-959
-893
-817
-731
-639
-537
-434
-326
-216
-103
14
131
249
372
486
595
699
795
882
955
1019
1069
1109
1139
1157
1162
1156
1137
1109
1070
1015
949
874
791
697
592
483
370
250
129
9
-112
-227
-341
-452
-554
-647
-734
-814
-891
-957
-1016
-1069
-1109
-1138
-1153
-1160
-1154
-1137
-1107
-1064
-1010
-943
-867
-781
-684
-575
-460
-334
-200
-66
72
209
342
464
579
683
776
857
925
981
1025
1056
1076
1084
1081
1068
1046
1018
983
938
888
829
764
690
607
516
418
317
212
105
-1
-109
-217
-321
-424
-521
-611
-695
-768
-837
-897
-944
-982
-1011
-1028
-1035
-1028
-1011
-981
-939
-884
-821
-750
-670
-586
-494
-401
-304
-202
-100
7
115
221
326
424
516
600
676
743
799
847
886
914
937
949
952
945
927
895
851
796
730
655
575
490
399
307
216
121
29
-61
-149
-233
-317
-393
-465
-533
-596
-653
-703
-746
-783
-814
-835
-849
-851
-843
-826
-797
-760
-712
-654
-588
-514
-428
-339
-246
-147
-49
48
140
228
310
385
454
515
569
619
661
692
714
728
732
727
710
687
659
623
579
534
483
428
365
301
233
162
92
23
-47
-113
-178
-239
-295
-351
-407
-457
-501
-544
-577
-603
-621
-626
-623
-612
-592
-564
-529
-487
-439
-383
-323
-258
-189
-119
-49
25
93
158
221
278
330
376
416
449
472
491
501
500
497
485
466
444
418
389
353
313
268
221
170
117
63
7
-45
-94
-144
-192
-234
-274
-311
-344
-376
-403
-423
-437
-448
-451
-447
-437
-415
-393
-362
-324
-279
-227
-175
-118
-59
3
66
127
184
239
290
334
372
404
429
447
463
470
471
464
454
437
413
381
341
299
255
203
152
98
43
-8
-60
-113
-164
-210
-251
-291
-325
-361
-392
-417
-439
-459
-473
-482
-484
-479
-467
-451
-427
-393
-357
-313
-267
-219
-166
-110
-51
8
68
132
197
259
321
379
429
474
512
540
563
580
585
582
571
550
523
487
444
397
343
287
226
161
94
27
-40
-102
-165
-224
-279
-329
-372
-413
-449
-479
-504
-519
-532
-541
-544
-541
-532
-519
-500
-476
-446
-408
-363
-312
-257
-193
-124
-50
24
96
170
241
309
373
426
479
524
558
584
599
606
602
591
570
544
510
470
423
372
317
258
197
133
72
10
-52
-106
-162
-214
-266
-310
-350
-393
-429
-461
-490
-512
-531
-541
-548
-547
-534
-517
-493
-461
-420
-370
-315
-255
-191
-128
-62
3
66
130
192
254
315
370
416
458
493
520
538
550
554
550
540
521
495
463
421
378
326
270
213
151
89
28
-35
-96
-155
-213
-268
-322
-372
-415
-454
-489
-516
-537
-550
-559
-563
-555
-546
-525
-498
-464
-423
-375
-320
-264
-202
-134
-66
6
77
150
219
288
351
408
457
499
533
558
578
587
590
587
574
553
527
495
458
416
368
317
263
205
148
85
23
-37
-96
-154
-208
-258
-306
-351
-387
-423
-457
-482
-504
-521
-533
-538
-536
-532
-517
-495
-468
-430
-391
-346
-294
-235
-174
-109
-46
17
81
140
198
251
299
344
380
411
435
453
466
474
476
473
465
452
432
410
380
344
306
267
226
183
139
90
41
-4
-53
-100
-144
-184
-225
-260
-291
-316
-337
-354
-362
-369
-373
-370
-367
-354
-334
-312
-284
-252
-217
-179
-143
-106
-70
-30
8
44
79
115
146
174
200
218
235
246
253
257
258
258
254
248
237
225
211
190
172
150
121
96
70
41
13
-13
-42
-67
-91
-117
-140
-156
-172
-182
-189
-197
-202
-203
-204
-202
-198
-189
-180
-168
-151
-137
-119
-99
-80
-56
-32
-7
20
43
69
94
116
138
157
173
183
192
201
208
209
205
202
194
185
170
151
133
113
88
62
35
7
-18
-42
-66
-87
-109
-128
-146
-166
-179
-193
-201
-207
-211
-213
-213
-209
-201
-193
-183
-167
-148
-129
-108
-80
-51
-23
10
38
65
90
113
137
158
175
192
206
215
221
223
219
212
202
192
180
162
147
131
110
91
74
54
35
17
0
-19
-39
-57
-75
-94
-110
-127
-142
-152
-163
-171
-176
-181
-186
-187
-187
-184
-180
-172
-163
-156
-144
-129
-116
-96
-76
-56
-34
-14
11
34
55
78
100
119
136
150
165
178
187
195
200
205
206
202
198
188
174
160
142
124
105
86
66
47
25
4
-19
-42
-62
-80
-96
-110
-124
-135
-144
-150
-153
-159
-163
-165
-163
-162
-157
-150
-143
-132
-121
-110
-96
-83
-68
-52
-37
-20
0
20
40
59
76
92
106
117
128
133
134
139
140
138
139
135
127
121
113
105
99
88
83
74
64
56
46
38
23
13
3
-10
-24
-39
-50
-63
-74
-83
-93
-104
-110
-114
-118
-122
-122
-121
-118
-116
-112
-107
-104
-98
-87
-75
-67
-56
-41
-29
-18
-6
5
14
26
36
47
56
63
76
81
86
93
94
97
98
102
105
107
109
107
106
103
99
90
79
68
54
42
30
15
0
-11
-25
-40
-51
-63
-73
-80
-86
-90
-95
-99
-101
-103
-104
-103
-99
-98
-93
-89
-87
-82
-79
-74
-68
-60
-52
-45
-36
-29
-15
-6
6
16
26
37
44
53
59
66
75
77
84
85
89
95
96
99
99
97
93
86
81
74
68
59
48
38
26
16
6
-4
-16
-26
-33
-44
-52
-61
-69
-76
-80
-87
-95
-97
-103
-104
-105
-106
-101
-99
-94
-85
-78
-68
-58
-46
-37
-28
-17
-4
8
19
33
42
51
58
64
72
79
83
89
94
99
103
105
107
110
111
111
108
105
100
96
87
78
69
56
44
29
16
3
-7
-18
-30
-42
-51
-61
-71
-79
-84
-90
-98
-101
-104
-106
-108
-109
-105
-101
-97
-92
-85
-80
-74
-66
-57
-50
-42
-33
-22
-12
-4
6
15
26
35
43
53
63
74
83
90
97
104
111
114
118
118
118
116
112
105
95
89
80
69
62
55
47
43
35
27
23
19
12
5
0
-9
-19
-26
-32
-38
-47
-56
-63
-70
-77
-82
-84
-85
-85
-85
-87
-82
-80
-77
-72
-70
-68
-64
-59
-56
-54
-46
-39
-31
-21
-14
-7
2
8
13
18
24
26
31
35
35
38
43
45
49
52
54
60
65
68
72
75
75
76
78
78
76
72
65
58
50
42
33
29
23
17
15
13
10
4
-2
-9
-16
-22
-31
-37
-44
-52
-58
-64
-69
-75
-81
-82
-85
-83
-82
-80
-76
-74
-73
-69
-66
-62
-61
-58
-51
-48
-44
-37
-35
-30
-24
-18
-12
-7
1
7
11
20
24
29
36
36
40
44
45
48
50
54
60
64
67
67
69
72
67
63
61
53
49
44
35
29
21
17
10
5
-2
-11
-12
-16
-20
-21
-26
-31
-35
-41
-45
-50
-58
-59
-61
-64
-64
-65
-66
-64
-63
-62
-57
-50
-46
-42
-33
-27
-19
-9
-2
0
7
13
17
24
27
31
38
40
43
49
52
54
59
61
62
62
63
60
59
59
57
55
53
50
45
41
36
31
27
22
15
8
3
-2
-6
-12
-17
-22
-30
-35
-40
-46
-51
-55
-57
-57
-57
-57
-55
-53
-50
-49
-47
-44
-41
-38
-33
-29
-26
-20
-15
-8
0
5
11
16
21
26
30
34
37
42
47
49
49
49
50
52
53
51
52
51
46
46
43
39
36
33
29
25
20
18
14
10
5
2
-2
-6
-10
-12
-14
-17
-19
-20
-24
-27
-30
-35
-35
-38
-42
-44
-48
-49
-49
-51
-49
-47
-44
-39
-39
-34
-30
-25
-19
-12
-8
-6
-3
-4
-2
0
2
4
5
7
11
15
19
22
22
25
30
32
30
30
31
30
30
26
26
22
19
17
10
6
1
-3
-5
-6
-5
-9
-10
-12
-15
-15
-16
-19
-20
-21
-23
-24
-22
-27
-27
-27
-30
-30
-30
-32
-32
-32
-30
-31
-29
-27
-28
-24
-20
-17
-11
-7
-5
-1
3
5
11
19
22
29
34
36
40
40
41
42
42
40
38
37
35
37
35
31
32
30
29
29
28
25
20
16
11
7
0
-6
-12
-21
-26
-29
-33
-37
-39
-40
-42
-39
-41
-39
-37
-36
-32
-30
-28
-27
-27
-23
-21
-19
-18
-14
-10
-4
3
6
11
17
23
30
36
41
44
49
54
55
56
59
60
61
60
59
58
54
52
49
48
45
41
35
27
22
16
7
0
-6
-13
-18
-20
-26
-29
-31
-33
-35
-35
-37
-38
-42
-45
-46
-48
-49
-50
-53
-53
-50
-49
-48
-43
-38
-30
-19
-11
-3
5
13
18
26
32
36
39
41
45
48
47
49
49
49
50
49
50
49
48
49
46
40
36
32
29
25
18
12
7
4
-3
-8
-15
-22
-26
-31
-36
-39
-42
-46
-49
-52
-56
-55
-58
-59
-57
-58
-57
-54
-52
-48
-43
-36
-31
-25
-20
-15
-10
-5
-1
2
4
9
12
14
17
21
22
23
24
27
27
29
29
27
27
29
29
25
22
19
15
12
7
5
2
0
-4
-10
-13
-17
-20
-21
-24
-26
-26
-25
-24
-24
-22
-23
-22
-20
-19
-17
-17
-18
-20
-18
-17
-16
-12
-11
-7
-5
-5
-4
-5
-5
-5
-6
-2
-2
-1
2
2
1
3
4
3
5
6
8
10
13
13
12
14
12
13
12
11
11
13
12
9
9
9
10
10
8
8
8
8
6
6
5
2
2
1
0
-2
-2
-4
-3
-3
-4
-4
-5
-5
-4
-4
-2
-2
-1
-2
-1
-4
-5
-4
-8
-7
-7
-12
-10
-10
-11
-9
-10
-9
-10
-10
-7
-7
-5
-5
-4
-4
-4
-4
-3
1
3
6
10
9
10
9
10
10
12
11
11
13
14
19
21
22
23
21
23
24
22
22
22
23
25
24
21
19
19
17
15
14
13
10
6
5
3
0
-3
-5
-3
-3
-3
0
-2
-2
-1
-3
-1
0
2
2
1
2
0
0
0
0
1
1
1
3
4
4
5
3
4
4
4
4
4
3
3
5
4
3
7
6
5
6
5
2
-2
-5
-8
-10
-13
-17
-15
-13
-16
-13
-13
-13
-13
-12
-10
-11
-10
-8
-5
0
0
0
2
3
5
6
7
7
9
8
8
14
13
11
12
10
10
6
3
0
1
-1
-3
-5
-7
-8
-10
-14
-16
-18
-19
-21
-26
-28
-33
-37
-39
-39
-38
-40
-38
-36
-34
-33
-30
-26
-23
-17
-13
-8
-3
-2
2
5
7
11
9
12
16
17
21
23
23
25
27
28
29
31
32
31
29
29
26
20
19
18
16
15
13
10
10
8
2
-2
-5
-8
-12
-14
-14
-16
-19
-20
-25
-26
-26
-30
-29
-28
-25
-24
-24
-24
-22
-23
-24
-22
-21
-21
-18
-15
-12
-9
-9
-7
-2
0
1
4
11
16
22
25
29
33
37
38
36
40
40
40
40
39
37
37
35
32
31
31
29
28
28
29
29
25
25
20
15
11
5
5
4
-2
-4
-9
-13
-16
-22
-22
-22
-25
-28
-28
-30
-33
-36
-40
-41
-42
-43
-42
-41
-39
-37
-35
-33
-30
-29
-27
-21
-16
-12
-7
-3
2
7
11
15
18
22
27
32
38
45
49
53
58
62
62
61
60
60
59
58
59
55
53
47
40
36
29
24
20
13
5
-2
-8
-14
-21
-30
-37
-44
-51
-56
-61
-66
-69
-71
-73
-75
-75
-74
-71
-70
-66
-62
-59
-54
-51
-46
-40
-35
-27
-18
-10
-3
3
10
18
25
31
38
44
48
54
58
63
67
67
69
69
67
70
68
66
64
58
53
49
45
40
35
30
25
17
7
2
-7
-14
-21
-29
-37
-44
-49
-50
-56
-59
-62
-63
-64
-68
-71
-70
-69
-68
-64
-61
-58
-53
-50
-46
-39
-32
-23
-18
-11
-4
3
12
20
25
30
35
44
50
53
56
59
61
63
63
61
62
59
55
56
50
45
44
40
35
30
25
16
8
2
-3
-8
-15
-19
-21
-25
-28
-33
-38
-40
-42
-45
-46
-48
-52
-51
-50
-49
-46
-46
-42
-42
-41
-36
-34
-28
-23
-18
-13
-11
-7
-5
1
5
6
12
16
19
24
24
25
27
27
29
26
30
31
29
31
31
30
30
27
27
26
22
23
23
23
23
22
21
17
14
13
9
5
1
-1
-3
-6
-11
-12
-14
-17
-18
-18
-18
-19
-19
-20
-20
-21
-21
-20
-21
-19
-17
-19
-18
-16
-15
-14
-11
-9
-7
-8
-7
-2
-1
1
4
7
9
11
11
13
14
14
12
12
17
16
17
22
22
25
28
27
27
27
27
29
26
24
23
22
21
20
20
20
20
17
13
10
8
6
2
-1
-2
-8
-10
-13
-19
-20
-22
-28
-29
-32
-33
-36
-40
-40
-40
-39
-37
-37
-35
-34
-34
-32
-31
-28
-24
-25
-21
-19
-14
-8
-2
6
10
15
21
23
28
31
33
36
37
38
38
39
40
37
36
34
31
30
28
24
24
22
16
13
11
7
3
-3
-6
-10
-14
-18
-22
-24
-27
-30
-30
-32
-34
-35
-34
-32
-30
-29
-29
-29
-28
-25
-25
-21
-19
-14
-7
-5
0
5
9
13
16
19
23
21
23
26
28
28
27
28
27
28
25
23
23
22
22
19
18
15
10
7
3
-3
-7
-11
-13
-17
-21
-24
-26
-28
-29
-35
-36
-35
-36
-35
-34
-32
-32
-33
-32
-29
-25
-22
-21
-17
-13
-8
-3
3
8
10
16
21
25
28
28
32
36
37
38
38
37
37
36
34
33
33
31
30
26
23
18
15
12
5
1
0
-5
-6
-10
-15
-17
-25
-31
-32
-34
-35
-36
-37
-37
-36
-36
-36
-36
-34
-33
-34
-30
-28
-24
-19
-15
-10
-6
-2
1
8
14
18
21
24
29
32
34
34
38
37
35
36
35
36
34
32
32
29
26
22
20
13
12
9
5
3
-1
-7
-10
-12
-16
-19
-24
-27
-28
-31
-33
-30
-27
-30
-31
-30
-28
-26
-24
-22
-18
-14
-11
-6
-3
0
4
8
12
18
20
22
26
27
29
28
28
30
30
29
29
29
28
25
25
22
18
15
12
10
8
5
0
-3
-5
-8
-13
-15
-19
-22
-23
-28
-28
-32
-34
-35
-34
-33
-35
-34
-31
-29
-26
-25
-24
-22
-20
-19
-15
-10
-6
-3
-2
2
7
9
12
15
19
20
21
24
25
27
27
26
27
24
20
20
17
15
14
11
8
6
4
-1
-5
-8
-11
-11
-13
-16
-18
-22
-23
-23
-25
-25
-25
-25
-24
-22
-20
-18
-16
-13
-10
-6
-2
-1
1
7
9
9
11
14
17
19
20
25
28
30
30
31
34
35
32
32
31
27
25
24
22
20
17
14
11
6
1
-2
-3
-5
-8
-10
-15
-18
-17
-21
-23
-24
-26
-29
-30
-30
-31
-29
-30
-31
-27
-24
-26
-23
-20
-18
-13
-10
-9
-4
-4
-1
2
5
8
12
14
19
22
25
27
29
33
33
34
34
35
33
33
31
28
28
23
24
24
18
18
13
9
7
2
-2
-4
-7
-11
-11
-12
-19
-19
-26
-28
-28
-34
-34
-34
-35
-35
-35
-33
-33
-31
-32
-32
-30
-29
-27
-26
-20
-17
-16
-10
-12
-8
-5
-3
4
6
11
15
16
19
20
24
27
28
27
27
29
27
30
32
31
32
31
32
32
31
32
30
30
28
24
25
21
16
15
12
9
5
2
2
0
-4
-7
-8
-11
-14
-15
-20
-20
-22
-24
-28
-27
-32
-36
-34
-37
-39
-39
-39
-38
-37
-37
-35
-31
-32
-31
-26
-27
-25
-21
-19
-17
-15
-13
-13
-7
-4
1
8
11
17
22
25
27
31
36
37
40
45
42
44
46
44
43
43
44
45
42
38
38
35
33
28
21
18
13
7
-1
-4
-9
-16
-19
-23
-29
-32
-36
-39
-43
-44
-47
-49
-50
-51
-50
-51
-51
-52
-53
-52
-50
-49
-46
-41
-34
-35
-29
-22
-15
-8
-5
2
5
11
17
19
23
27
32
36
38
40
42
47
49
50
52
54
54
48
45
42
40
40
35
29
25
24
20
13
10
3
-2
-3
-7
-12
-16
-21
-22
-27
-31
-34
-36
-39
-39
-41
-42
-43
-46
-46
-44
-41
-38
-36
-31
-27
-26
-21
-16
-13
-10
-8
-3
0
4
10
14
17
20
24
28
33
34
36
40
40
44
46
46
45
43
42
44
43
41
40
37
35
33
30
26
21
22
20
20
19
13
9
6
2
-4
-10
-13
-17
-21
-23
-24
-26
-25
-26
-29
-27
-24
-22
-20
-20
-18
-18
-17
-13
-12
-11
-9
-5
-4
-5
-1
2
5
11
11
13
14
15
16
13
17
19
17
19
18
17
17
15
11
10
13
12
13
15
12
12
12
10
7
5
3
0
-4
-6
-9
-10
-9
-8
-8
-10
-12
-9
-10
-11
-14
-14
-12
-14
-14
-15
-15
-14
-14
-13
-12
-11
-12
-10
-8
-8
-10
-10
-8
-8
-6
-3
-2
-4
-5
-4
-2
-4
-3
-2
-4
-2
-2
-3
-4
-4
-3
-3
-1
-2
-2
-4
-7
-7
-9
-8
-9
-10
-9
-10
-7
-6
-7
-6
-7
-8
-12
-10
-7
-7
-5
-6
-5
-1
-1
-3
-5
-5
-3
-4
-3
0
-1
0
2
3
3
4
3
2
3
2
1
0
0
-2
-4
-6
-6
-6
-9
-8
-9
-9
-9
-10
-10
-9
-10
-9
-11
-13
-14
-15
-15
-13
-11
-10
-6
-5
-3
-2
-1
2
3
8
9
12
14
16
18
19
21
22
24
24
27
31
32
35
34
36
36
34
33
33
31
29
28
26
23
21
19
15
13
14
10
4
3
-2
-5
-9
-15
-16
-19
-24
-28
-32
-30
-31
-34
-35
-34
-36
-40
-40
-38
-33
-31
-29
-26
-23
-21
-18
-14
-12
-11
-5
-1
5
10
15
19
25
28
29
32
36
37
38
41
43
43
43
43
41
39
37
36
34
33
29
24
19
14
10
4
2
-2
-9
-14
-19
-23
-27
-29
-33
-37
-39
-39
-43
-43
-44
-47
-46
-45
-45
-41
-40
-38
-32
-31
-28
-27
-23
-17
-15
-11
-4
2
4
8
12
17
23
27
30
32
35
37
41
42
43
44
45
44
43
40
38
39
35
33
29
25
21
16
13
8
4
0
-6
-11
-17
-20
-23
-25
-26
-28
-32
-33
-34
-34
-37
-37
-34
-37
-36
-31
-31
-27
-25
-21
-20
-16
-12
-8
-2
2
5
8
11
15
18
20
24
28
29
31
31
31
31
33
33
33
33
33
30
28
26
24
22
17
14
11
9
7
2
1
-2
-5
-8
-9
-12
-15
-16
-17
-19
-20
-20
-23
-22
-22
-23
-23
-20
-17
-16
-15
-14
-13
-11
-10
-9
-10
-6
-4
-1
5
7
8
9
11
13
14
15
14
13
15
16
15
14
13
15
16
13
13
8
5
2
-2
-6
-9
-11
-11
-14
-15
-14
-15
-16
-19
-22
-21
-21
-25
-22
-23
-22
-22
-21
-19
-16
-14
-12
-8
-8
-6
-4
-4
-1
1
4
6
10
10
10
15
16
16
17
15
14
13
12
15
16
14
16
17
17
18
17
15
14
13
10
9
7
2
2
3
2
2
5
3
1
1
-1
-6
-4
-6
-12
-14
-13
-14
-14
-12
-13
-13
-10
-9
-10
-9
-9
-11
-11
-11
-11
-10
-11
-6
-6
-5
-2
-3
-1
1
2
2
4
4
5
9
10
11
12
10
8
10
11
9
9
7
8
9
8
8
10
8
9
8
6
4
3
0
0
-1
-5
-4
-4
-6
-4
-5
-5
-3
-2
-3
-5
-7
-8
-9
-11
-11
-12
-11
-10
-11
-10
-8
-6
-5
-6
-3
-3
-3
-2
0
1
1
1
4
6
6
7
9
11
13
14
17
21
23
24
25
25
27
30
30
31
29
27
26
26
27
25
23
20
19
18
15
12
8
5
1
-2
-7
-10
-14
-18
-20
-25
-25
-29
-34
-31
-34
-38
-35
-36
-37
-35
-35
-37
-36
-34
-33
-32
-30
-26
-24
-21
-14
-12
-6
-2
-1
4
9
11
14
16
20
23
24
31
33
33
36
35
36
37
38
41
39
39
38
34
34
32
28
26
22
15
14
9
1
-1
-5
-10
-13
-17
-20
-23
-28
-31
-32
-37
-39
-38
-39
-38
-39
-38
-36
-34
-31
-30
-27
-22
-19
-16
-15
-12
-7
-4
0
5
7
13
17
17
23
24
24
28
30
33
33
35
33
30
32
33
33
30
26
28
25
21
18
13
10
6
2
1
-2
-10
-12
-14
-19
-24
-27
-29
-32
-35
-36
-39
-41
-39
-39
-40
-39
-42
-39
-36
-36
-32
-29
-28
-22
-17
-15
-12
-8
-3
5
8
11
15
17
22
28
31
32
35
39
40
39
38
40
41
43
41
38
36
32
31
29
24
22
15
12
11
6
2
-3
-6
-11
-11
-14
-16
-21
-23
-25
-28
-28
-31
-34
-33
-31
-31
-33
-31
-28
-28
-26
-24
-23
-19
-17
-15
-9
-7
-6
-4
-2
3
5
8
10
10
13
15
17
17
17
19
18
18
20
22
20
19
18
16
16
11
8
8
5
6
0
-2
-1
-4
-5
-6
-9
-8
-11
-12
-11
-15
-14
-16
-16
-16
-18
-17
-19
-18
-17
-21
-19
-18
-14
-15
-15
-13
-13
-15
-14
-12
-10
-7
-6
-8
-4
-4
0
2
2
7
7
11
13
10
13
18
19
18
17
20
23
23
25
26
24
23
22
21
20
19
19
17
14
11
10
6
4
2
-1
-5
-8
-7
-11
-14
-16
-17
-19
-22
-21
-21
-21
-22
-23
-21
-20
-20
-17
-15
-15
-13
-12
-11
-7
-4
-2
-1
0
2
4
6
10
13
10
13
16
16
17
19
17
16
16
17
18
15
16
16
15
14
10
11
8
7
5
3
-1
-3
-3
-5
-6
-6
-10
-13
-14
-13
-16
-17
-16
-17
-19
-18
-17
-16
-16
-15
-12
-15
-15
-10
-10
-8
-6
-3
-3
-2
2
3
5
5
8
10
12
15
17
17
20
21
22
20
20
23
23
25
24
24
21
21
22
20
19
20
16
13
11
9
8
4
3
0
-3
-4
-6
-10
-13
-13
-13
-15
-16
-15
-16
-18
-19
-20
-20
-18
-19
-20
-18
-15
-14
-14
-10
-5
-4
-2
1
2
5
6
10
13
14
18
20
21
20
23
23
24
27
28
26
26
26
24
21
18
14
14
10
8
7
1
-2
-5
-9
-14
-17
-20
-21
-24
-27
-27
-31
-33
-33
-34
-34
-36
-36
-35
-34
-34
-33
-32
-30
-27
-24
-25
-25
-24
-22
-18
-15
-14
-10
-8
-4
-1
2
5
7
13
15
16
18
21
24
25
25
28
28
27
29
28
31
31
28
29
27
26
25
25
24
21
17
15
14
10
8
4
3
-1
-6
-7
-8
-12
-13
-16
-21
-21
-23
-25
-24
-26
-26
-26
-25
-24
-22
-21
-18
-17
-17
-14
-10
-8
-5
-1
2
5
6
8
10
12
15
19
19
19
23
27
31
33
35
34
33
32
32
33
33
31
31
29
26
24
20
19
18
14
10
5
0
-5
-7
-7
-8
-12
-17
-21
-23
-25
-30
-32
-33
-37
-39
-40
-41
-39
-40
-40
-38
-37
-36
-34
-29
-28
-27
-20
-17
-15
-10
-9
-4
0
3
5
7
11
12
14
17
18
19
19
22
28
30
30
33
32
32
31
29
30
29
28
27
26
24
21
17
17
15
11
9
7
3
-1
-5
-7
-10
-15
-20
-24
-25
-25
-29
-31
-34
-34
-36
-39
-37
-38
-40
-39
-37
-37
-34
-29
-27
-25
-21
-19
-13
-9
-5
-3
1
9
14
16
20
25
29
31
33
34
35
36
37
39
38
38
37
35
36
35
34
30
29
29
27
23
20
16
14
10
9
6
1
0
-1
-3
-7
-10
-12
-16
-17
-21
-20
-21
-23
-21
-25
-25
-24
-27
-28
-28
-28
-34
-34
-32
-32
-29
-28
-29
-27
-28
-26
-23
-23
-21
-18
-17
-12
-9
-6
-4
-2
2
4
6
10
13
16
20
20
19
20
20
22
23
24
27
22
21
22
20
17
17
18
15
9
10
6
5
4
1
-3
-5
-6
-11
-14
-15
-14
-15
-16
-15
-15
-17
-20
-17
-17
-19
-16
-14
-15
-15
-13
-9
-9
-6
-5
-5
-2
0
1
3
4
7
10
9
11
12
9
11
10
14
15
16
19
19
18
17
18
15
15
15
13
14
13
13
10
9
9
9
8
7
7
5
5
3
3
4
1
1
-2
-3
-6
-5
-4
-5
-6
-8
-7
-7
-8
-9
-8
-8
-10
-10
-9
-9
-8
-8
-8
-9
-9
-8
-7
-6
-6
-5
-5
-5
-4
-3
-1
1
0
1
0
2
3
1
0
0
1
2
3
4
3
4
1
0
0
0
-1
-1
-2
-2
-1
-2
0
1
0
2
4
5
4
5
3
6
8
11
12
11
12
12
13
14
16
16
15
16
16
14
13
14
12
12
11
10
6
4
6
3
3
0
-3
-5
-5
-7
-8
-10
-13
-12
-14
-14
-17
-18
-17
-16
-18
-20
-19
-16
-16
-18
-18
-19
-16
-14
-16
-14
-13
-12
-10
-8
-6
-6
-4
-2
-3
0
3
5
3
7
10
9
8
9
6
7
12
14
13
15
15
15
15
14
13
15
15
14
15
14
13
12
11
10
8
6
5
3
5
4
0
-2
-5
-5
-8
-10
-11
-13
-14
-14
-13
-15
-13
-15
-15
-12
-14
-14
-12
-13
-13
-12
-13
-11
-9
-9
-7
-5
-7
-3
-2
0
1
2
3
4
6
10
13
12
13
14
15
15
16
17
16
16
15
13
12
10
10
9
8
8
6
5
4
2
-1
0
-1
-3
1
-1
-3
-2
-3
-5
-3
-4
-4
-5
-5
-4
-1
-2
0
0
-3
-4
-5
-8
-9
-10
-10
-10
-11
-9
-11
-9
-10
-12
-12
-14
-12
-10
-10
-9
-11
-10
-7
-6
-6
-2
-2
-1
2
4
7
7
7
12
11
12
14
14
12
13
18
14
14
14
11
13
15
14
11
10
10
10
9
8
5
3
4
3
1
1
0
0
2
1
0
1
0
-1
-2
0
0
-1
-2
-4
-3
-1
-4
-6
-6
-7
-6
-5
-6
-7
-8
-7
-9
-9
-9
-12
-15
-14
-14
-14
-12
-12
-11
-10
-8
-8
-7
-7
-6
-3
-4
-4
0
1
2
6
7
8
9
6
7
8
7
6
5
5
3
3
4
-1
0
1
-2
-1
-1
-4
0
0
-1
1
0
3
3
2
3
4
5
3
2
5
2
4
4
3
6
6
8
7
3
2
1
-2
-2
-4
-4
-1
0
-1
-2
-2
-1
-5
-5
-3
-4
-3
-2
-2
-3
-3
-4
-8
-7
-4
-3
-3
-1
3
0
1
2
2
0
-1
1
1
3
3
4
4
4
6
4
3
4
5
7
6
5
5
2
2
1
-3
-5
-3
-5
-3
-4
-4
-4
-6
-6
-8
-9
-8
-8
-8
-9
-10
-12
-12
-12
-13
-11
-9
-9
-8
-8
-7
-10
-9
-8
-5
-3
-2
0
-2
0
1
-1
-1
-1
2
3
5
6
7
9
10
8
6
7
9
9
7
8
10
10
11
12
11
9
9
8
8
8
8
7
5
5
4
3
3
0
-1
0
2
0
-4
-3
-3
-1
-3
-3
-3
-4
-3
-2
-2
-2
-3
-2
1
3
3
4
6
6
6
7
10
10
8
11
12
12
12
13
12
12
14
16
13
12
11
10
10
9
8
7
4
5
6
3
1
-1
-2
-4
-3
-4
-5
-6
-5
-7
-8
-8
-11
-11
-11
-13
-13
-13
-14
-12
-13
-14
-13
-12
-13
-12
-10
-8
-8
-9
-7
-8
-10
-8
-7
-6
-5
-5
-4
-2
-2
-1
-3
-3
-1
-3
-2
0
-1
0
1
1
2
0
2
4
4
3
4
5
4
4
3
3
3
6
5
6
6
2
2
1
2
5
5
7
5
5
6
0
0
2
1
1
2
3
5
5
5
2
4
4
1
0
2
-1
1
2
1
0
1
2
-2
-2
0
-3
-3
-2
-4
-6
-4
-5
-4
-5
-4
-3
-3
-2
-2
-3
0
1
-2
-1
1
2
3
2
3
1
1
2
1
2
2
1
1
0
0
1
0
1
1
1
-1
-4
-6
-4
-5
-2
-2
-2
2
2
4
1
0
3
1
0
0
-2
1
-1
-2
0
-1
-1
-2
-1
4
5
4
4
1
2
0
-2
-1
-4
-3
0
-1
1
1
0
-1
-2
0
0
-1
0
-1
0
2
3
0
0
2
2
-1
1
2
3
4
4
4
6
4
1
1
-2
-4
-4
-6
-5
-6
-7
-7
-9
-9
-9
-10
-10
-10
-7
-5
-4
-2
-3
-5
-6
-6
-5
-2
-3
-3
-2
0
2
1
0
0
-1
1
2
3
4
3
2
2
2
-1
-2
-1
-1
0
2
1
-2
0
3
1
-1
0
0
-2
-4
-5
-5
-5
-5
-5
-6
-5
-4
-1
0
0
1
1
2
3
1
0
-1
0
1
3
4
5
4
2
3
1
-1
0
0
0
1
3
5
2
4
5
4
4
5
5
5
7
8
7
8
10
9
9
8
8
8
6
3
3
1
2
-1
-6
-4
-4
-4
-3
-6
-5
-6
-6
-5
-5
-5
-4
-4
-5
-4
0
0
-3
-1
0
-2
-1
0
1
1
1
-1
-1
0
-1
1
0
2
2
4
5
0
0
1
-3
0
1
2
3
3
3
0
0
2
1
3
1
3
5
4
6
5
4
5
3
3
7
5
7
9
6
4
4
6
5
5
9
9
5
4
1
3
2
0
0
-3
-4
-4
-5
-7
-7
-6
-9
-8
-8
-10
-9
-9
-7
-6
-5
-8
-8
-7
-6
-5
-4
-4
-2
-5
-4
0
-1
-2
-3
-4
-1
0
1
1
1
6
6
4
4
1
4
6
6
10
10
10
12
13
13
10
9
10
10
9
9
7
7
5
5
7
5
3
3
0
-3
0
-2
-4
-3
-4
-5
-3
-4
-3
-6
-10
-10
-9
-11
-10
-10
-10
-7
-4
-5
-4
-5
-6
-7
-4
-3
-3
-1
-1
1
5
6
5
7
9
9
7
9
7
6
7
7
8
6
2
3
5
4
3
4
5
4
3
0
0
-2
-2
-2
-1
-3
-6
-5
-7
-7
-8
-11
-13
-12
-11
-9
-9
-9
-9
-12
-13
-14
-13
-11
-12
-10
-9
-12
-10
-11
-12
-8
-8
-6
-3
-1
-1
0
2
1
3
2
1
4
3
4
6
7
5
7
7
5
6
3
2
7
7
4
6
5
0
0
-1
-2
-2
-5
-2
-1
-2
-1
-3
-4
-4
-3
-3
-5
-5
-6
-6
-4
-5
-6
-6
-8
-6
-6
-5
-4
-8
-9
-5
-5
-5
-6
-5
-4
-5
-4
-5
-9
-9
-5
-7
-5
-3
-6
-6
-4
-3
-3
-4
-1
1
2
3
2
2
2
3
6
8
7
9
9
9
9
11
11
10
11
12
12
13
12
12
10
9
7
9
11
12
11
8
8
8
8
7
6
4
1
0
1
1
1
1
5
4
7
8
5
4
6
5
4
6
8
6
8
9
8
8
8
8
7
8
10
11
11
12
14
12
11
13
14
13
13
13
12
11
14
11
10
9
10
9
8
9
4
3
2
2
3
2
-1
-2
-3
-1
-1
-3
-6
-8
-6
-5
-5
-5
-7
-4
-5
-4
-3
-2
-1
-5
-5
-4
-6
-5
-5
-5
-3
-2
0
-1
2
2
1
5
3
3
5
4
3
1
2
0
-3
0
0
-3
-2
-2
0
1
1
1
1
1
3
4
4
2
2
2
1
-1
-2
-4
-5
-5
-5
-4
-3
-5
-5
-3
-8
-8
-7
-12
-16
-16
-17
-19
-18
-16
-15
-15
-14
-15
-16
-14
-15
-14
-11
-14
-14
-12
-14
-14
-9
-7
-9
-7
-5
-6
-5
-4
-4
-6
-2
-3
-3
-1
-2
-2
-2
-2
-4
-4
-2
-2
-2
-1
-4
-6
-3
-4
-4
-3
-7
-10
-9
-9
-11
-13
-13
-13
-11
-9
-10
-9
-10
-10
-7
-5
-4
-3
-3
-5
-4
-2
-4
-3
0
2
5
7
8
8
6
7
7
7
6
4
6
5
2
3
4
3
1
3
4
4
3
3
1
1
1
1
1
-1
-2
-1
0
-3
-1
-1
0
2
2
1
0
3
4
5
7
7
7
7
9
11
12
12
15
16
17
16
16
16
15
16
15
15
14
16
16
13
13
11
9
8
7
5
2
1
0
0
0
-1
1
1
-1
-3
-4
-3
-3
-1
-2
1
5
5
4
5
4
5
5
6
8
9
9
6
10
13
10
13
12
10
12
12
11
11
10
10
9
10
9
5
6
6
5
6
7
5
6
4
2
3
3
0
-1
-1
0
0
1
3
2
5
5
4
5
4
4
5
3
2
3
2
2
3
3
4
3
3
4
3
3
4
4
7
7
4
3
4
5
4
4
3
1
0
0
-1
1
-1
-1
-2
-5
-6
-5
-8
-8
-6
-7
-9
-11
-12
-14
-13
-13
-11
-10
-11
-11
-10
-10
-13
-12
-11
-13
-13
-15
-16
-16
-16
-15
-17
-16
-14
-15
-13
-13
-13
-14
-13
-13
-12
-12
-12
-11
-10
-11
-9
-9
-7
-8
-8
-5
-6
-6
-6
-5
-5
-3
-3
-2
-1
-2
-2
-4
-2
0
-3
1
0
0
4
3
2
4
3
2
2
1
-1
-1
-1
-1
1
0
1
0
-2
0
2
1
-2
-4
-2
-5
-5
-3
-4
-6
-5
-5
-4
-3
-1
0
0
1
0
2
1
3
4
4
7
6
7
8
10
11
12
15
16
17
18
18
20
19
17
18
19
17
15
15
14
11
8
5
4
2
-1
-1
-3
-3
-5
-7
-8
-7
-10
-13
-12
-13
-14
-15
-14
-14
-14
-14
-12
-9
-11
-11
-11
-8
-6
-6
-4
-3
-2
-4
-2
0
0
1
0
3
5
4
6
8
6
8
8
9
9
6
6
6
6
6
4
5
5
4
3
2
2
1
-1
-1
-2
-6
-5
-6
-4
-6
-8
-4
-4
-6
-6
-6
-4
-4
-3
-4
-4
-4
-3
-2
-4
-4
-3
-4
-5
-3
-5
-5
-2
-6
-9
-4
-2
-2
-1
-2
-2
-2
-2
0
-2
-3
-2
0
2
4
5
4
4
5
3
4
6
5
3
3
4
5
3
3
5
5
1
3
4
1
0
-1
-1
1
-1
-2
0
-3
-4
-2
-3
-1
-4
-6
-5
-7
-10
-13
-14
-14
-14
-11
-10
-9
-9
-11
-9
-8
-7
-5
-6
-4
-2
0
1
3
4
4
6
8
9
9
8
7
8
8
9
8
7
7
8
7
4
1
-1
-2
-1
-3
-7
-7
-10
-13
-13
-10
-10
-7
-8
-7
-7
-9
-8
-8
-8
-6
-4
-5
-3
-3
-2
2
1
1
2
4
5
4
6
7
5
6
5
4
2
3
6
5
3
2
1
2
3
3
0
0
0
2
4
0
1
0
-2
1
-3
-4
-2
-3
-1
1
1
2
3
2
0
2
3
3
3
2
2
3
4
6
9
8
6
5
4
5
5
4
4
2
1
0
0
2
0
-1
2
2
2
-1
-2
-2
-3
-2
1
-1
-1
1
-2
-3
-3
-4
-2
-3
-3
1
1
0
3
4
5
6
4
7
4
5
7
5
7
7
5
7
7
7
8
6
5
9
7
5
5
5
5
3
0
0
1
3
6
4
2
-3
-1
3
-1
0
2
3
5
5
4
3
1
2
2
2
2
2
0
0
1
2
5
5
2
3
2
2
4
1
-2
0
1
-1
-1
3
2
3
1
1
2
0
1
2
1
3
2
1
2
-1
-2
-2
1
1
-1
-1
-2
-2
-3
-3
-2
0
-1
-2
-1
-3
-6
-4
-7
-5
-5
-6
0
0
-3
-1
0
-3
-1
2
-1
0
1
2
0
-3
-1
0
2
1
-1
-1
-1
-4
-6
-4
-2
-2
-1
-1
-6
-6
-6
-7
-6
-4
-3
-1
1
2
2
1
2
3
4
4
5
2
0
1
3
1
1
1
-1
0
0
-1
-4
-5
-6
-6
-6
-7
-5
-9
-8
-9
-10
-7
-6
-5
-4
-4
-3
-2
0
1
2
4
5
5
7
11
9
7
9
8
10
9
9
9
7
10
9
8
8
7
7
6
4
3
5
5
5
6
6
7
7
6
4
5
5
4
4
2
5
5
3
4
4
4
4
4
6
5
4
1
1
4
3
4
1
0
1
-1
1
1
0
1
3
2
1
5
3
3
4
2
3
1
-1
-1
-3
0
-1
2
0
-2
-1
0
1
-1
-2
1
0
-1
1
2
2
2
4
6
3
1
3
0
-4
-5
-4
-2
-2
-2
-5
-6
-6
-8
-9
-7
-6
-7
-6
-7
-9
-7
-6
-4
-3
-3
-1
-1
0
1
0
0
2
4
1
0
1
0
1
1
0
0
1
3
0
-2
-1
-3
-2
-3
-3
-2
2
2
-1
-1
4
2
2
4
7
6
6
9
10
9
6
11
10
8
10
10
12
10
9
10
8
7
5
4
2
-1
-1
-1
-4
-3
-2
-3
-6
-10
-10
-11
-14
-9
-10
-11
-11
-11
-12
-10
-10
-10
-7
-8
-10
-10
-10
-12
-10
-10
-10
-11
-10
-9
-9
-8
-8
-7
-7
-9
-11
-10
-11
-9
-8
-6
-7
-10
-7
-7
-9
-9
-10
-10
-9
-10
-7
-7
-7
-7
-6
-5
-6
-4
-3
-7
-8
-4
-4
-4
-4
-2
1
-1
-2
0
1
0
-1
0
1
-1
-1
1
0
-3
-1
-2
-3
-1
-2
-2
-3
-2
1
0
2
4
4
4
4
4
8
7
9
11
11
9
10
13
11
11
11
11
11
10
10
12
8
8
8
8
7
5
6
4
4
4
3
3
2
2
0
2
4
3
4
4
4
3
5
5
3
3
6
7
7
7
8
9
7
5
5
6
6
5
8
8
9
8
5
0
-2
0
1
-1
-2
-2
-2
-5
-5
-7
-7
-9
-9
-9
-7
-6
-4
-3
-4
-4
-3
-4
-4
-2
0
0
0
2
3
0
1
1
-2
-2
-1
-2
-2
-6
-5
-3
-6
-6
-9
-10
-11
-10
-8
-9
-8
-6
-7
-7
-9
-7
-6
-7
-4
-2
0
1
2
5
4
5
4
4
3
5
7
7
8
9
7
7
7
7
7
4
5
6
6
6
7
7
3
4
4
5
6
5
7
6
5
6
6
6
7
7
5
