6
6
6
4
3
6
4
2
6
6
4
7
6
5
7
3
3
4
4
6
8
8
11
11
10
11
13
11
10
13
12
13
12
10
11
10
8
7
6
9
9
6
5
5
5
4
5
4
4
2
2
2
1
1
3
3
2
0
1
2
3
3
0
-1
0
1
0
-2
-3
-4
-4
-3
-5
-6
-5
-4
-7
-12
-11
-13
-12
-10
-11
-10
-10
-10
-10
-8
-6
-5
-3
-2
0
1
0
0
2
5
5
7
7
7
8
10
13
13
13
13
11
13
13
13
12
12
12
13
13
11
10
9
5
6
5
5
5
3
1
0
1
2
5
4
2
3
4
7
6
6
4
5
7
3
3
2
2
5
3
7
9
5
5
7
6
6
4
3
2
1
4
4
4
2
1
0
-4
-3
-2
-5
-6
-7
-7
-7
-6
-6
-7
-5
-5
-2
-2
0
-1
-1
0
1
1
2
-1
2
3
4
5
6
5
4
6
6
3
2
-1
-2
-2
0
1
-2
-1
0
-1
-2
-3
-3
-4
-8
-9
-10
-9
-10
-10
-10
-10
-10
-11
-10
-12
-11
-11
-12
-12
-11
-10
-11
-13
-11
-10
-9
-9
-10
-12
-8
-8
-10
-10
-12
-15
-13
-11
-9
-8
-10
-10
-8
-9
-9
-7
-9
-10
-9
-7
-6
-9
-9
-8
-7
-7
-6
-7
-7
-7
-7
-7
-9
-8
-6
-7
-8
-6
-3
-1
-2
-2
-1
-1
2
1
1
1
-1
0
-1
0
1
-1
-2
-2
-2
-4
-5
-8
-5
-5
-6
-8
-6
-7
-5
-4
-3
-1
-5
-4
-5
-3
-1
-3
-3
-3
-2
0
2
3
4
5
5
4
6
7
6
5
8
6
7
8
7
8
10
8
10
11
12
12
11
11
11
11
12
11
9
7
7
8
7
7
6
5
5
5
3
3
3
3
4
3
1
1
2
3
2
3
4
5
5
7
3
4
3
4
8
8
7
6
7
6
3
1
0
0
1
1
2
1
1
1
2
2
0
-1
0
0
-1
-1
-2
-3
-2
-1
-1
1
4
4
5
5
5
3
4
5
7
8
8
8
7
7
8
8
8
8
10
11
9
8
7
8
5
7
5
4
7
5
4
5
3
4
3
4
4
2
2
3
3
1
2
-1
-2
-4
-4
-1
-1
-3
-2
-3
-5
-2
-1
-1
-1
0
1
-2
-2
-1
-1
-1
-3
-3
-4
-4
-4
-7
-7
-7
-8
-8
-7
-9
-9
-8
-7
-5
-5
-6
-5
-3
-2
-3
0
-2
-1
2
2
3
2
3
5
4
4
5
5
5
5
5
2
0
-1
1
1
1
3
1
0
-1
0
-1
-2
-2
-4
-5
-2
-1
-2
-1
0
-1
-2
-4
-1
-2
-3
-1
-4
-3
-3
-4
-5
-4
-4
-3
-5
-5
-3
-4
-5
-6
-5
-4
-7
-5
-4
-5
-6
-8
-8
-9
-8
-9
-8
-6
-7
-4
-6
-6
-5
-6
-6
-5
-5
-6
-4
-4
-4
-1
-2
-1
1
0
2
3
4
5
5
4
4
5
4
5
4
6
7
8
7
4
4
4
1
2
-1
-1
0
0
1
0
0
1
2
3
4
3
2
4
5
0
-2
-2
-1
-2
-3
-2
-2
-3
-2
-3
-7
-7
-9
-8
-6
-7
-9
-9
-8
-8
-8
-8
-6
-8
-7
-5
-3
-1
-2
-3
-2
-3
0
0
1
2
2
6
7
6
4
5
6
8
9
10
10
9
8
7
7
7
8
7
7
5
3
1
2
1
-1
-1
0
2
-1
-2
1
0
1
0
2
6
7
5
7
9
9
9
10
9
8
10
11
11
13
12
11
13
12
10
12
12
11
11
11
11
13
13
12
9
8
9
9
9
10
8
6
7
8
7
5
3
6
6
4
3
1
1
2
2
4
3
1
1
2
7
7
4
5
4
4
6
4
3
2
3
4
3
0
-1
0
0
0
-1
-5
-5
-6
-8
-8
-8
-9
-10
-12
-12
-13
-18
-17
-14
-12
-12
-13
-15
-17
-16
-15
-15
-14
-17
-18
-14
-13
-13
-15
-15
-13
-13
-12
-11
-10
-11
-8
-5
-7
-8
-8
-9
-7
-6
-8
-7
-6
-6
-6
-7
-8
-8
-8
-8
-6
-7
-7
-8
-8
-11
-11
-10
-10
-9
-9
-7
-6
-8
-8
-7
-5
-3
-7
-8
-6
-3
-1
-4
-5
-4
-2
-1
0
0
-2
-1
0
3
2
0
2
-1
0
1
1
0
-1
1
0
-3
-1
-1
-4
0
0
-1
0
0
4
3
3
5
4
2
3
2
3
3
3
5
7
6
7
6
8
9
9
11
8
8
9
7
6
4
3
3
3
2
1
2
0
1
2
1
-1
1
1
-2
-1
1
1
2
3
2
3
5
4
8
10
9
9
9
8
9
8
6
8
5
5
4
5
5
1
2
2
3
2
0
0
2
2
2
-1
-1
-2
-1
1
-1
-1
0
-2
-2
-2
-3
0
-2
-4
0
-3
-1
2
-1
-2
-2
-1
1
-1
-3
-1
1
0
-2
-2
-1
2
4
4
2
1
3
1
0
-2
-3
-1
-5
-5
-5
-6
-4
-5
-6
-5
-7
-8
-9
-9
-6
-7
-7
-6
-6
-5
-3
-4
-2
-1
-3
-4
-3
-3
-2
-1
-1
0
1
3
5
6
6
6
6
3
6
5
2
3
5
4
2
1
3
3
3
5
7
7
7
7
4
6
6
7
8
7
7
9
12
14
14
16
17
17
16
17
18
18
17
16
12
12
9
9
9
8
8
7
9
10
7
5
6
5
4
3
7
6
4
6
5
4
2
2
4
3
2
4
1
2
5
5
2
2
1
-1
-1
0
-1
0
0
-2
0
0
-3
-3
-4
-2
-1
-4
-4
-4
-4
-6
-7
-7
-8
-8
-7
-8
-10
-7
-7
-7
-7
-6
-5
-6
-5
-5
-5
-6
-3
-4
-5
-3
-3
-4
-4
-4
-3
-6
-6
-4
-5
-7
-7
-9
-10
-12
-14
-14
-14
-15
-14
-14
-15
-14
-15
-16
-14
-11
-9
-12
-11
-12
-12
-13
-12
-7
-7
-9
-8
-7
-9
-11
-7
-7
-7
-4
-3
-3
-5
-4
-4
-6
-4
-3
-7
-7
-7
-7
-6
-6
-4
-3
-4
-3
-4
-2
-3
-2
2
1
0
4
5
4
6
5
5
7
7
7
8
9
7
6
6
4
5
4
5
6
2
1
0
2
2
2
4
4
3
6
5
8
10
8
10
10
9
10
10
8
10
10
11
13
14
15
13
10
10
10
12
10
11
10
10
8
4
5
7
8
9
8
9
9
6
6
6
5
5
3
1
3
-2
-1
-1
-1
0
0
0
-3
-3
-2
-3
-4
-5
-6
-6
-6
-6
-8
-9
-9
-8
-9
-12
-13
-8
-7
-8
-7
-7
-6
-6
-3
-4
-6
-8
-8
-8
-8
-7
-8
-9
-9
-8
-10
-10
-8
-9
-10
-9
-8
-8
-11
-13
-11
-12
-14
-14
-12
-10
-11
-10
-8
-11
-10
-8
-8
-9
-7
-6
-8
-8
-7
-9
-9
-7
-4
-6
-5
-3
-3
-2
-2
-1
2
1
1
1
-2
-4
-5
-4
-3
-3
-2
-2
-4
-5
-2
-2
-2
3
2
1
2
3
2
3
5
5
4
3
4
6
8
9
9
11
11
13
13
11
10
13
14
13
14
13
13
12
11
9
6
5
7
6
5
8
10
9
7
8
8
6
4
7
8
6
5
6
8
9
8
10
10
12
11
9
10
9
8
8
7
5
4
4
4
5
5
5
6
6
7
8
9
8
9
10
11
9
8
6
3
5
6
6
5
5
8
5
5
5
1
0
-1
-1
0
0
-1
0
-2
-3
-2
-1
0
-2
1
1
1
-1
1
2
1
2
1
-1
-1
-3
-2
-3
-3
-5
-3
-2
-6
-5
-5
-5
-4
-7
-8
-7
-5
-4
-6
-4
-4
-8
-7
-7
-7
-8
-7
-5
-3
-2
-3
-3
-4
-5
-5
-8
-4
-2
-1
-2
-1
3
-1
-2
-2
-3
-2
-3
-4
-2
0
0
2
2
2
-1
-1
1
1
2
2
3
6
5
4
4
3
4
2
1
2
2
2
3
3
5
3
3
1
1
3
1
0
2
3
2
2
4
5
3
3
2
1
0
0
2
6
3
4
5
4
4
4
3
1
1
2
0
1
1
2
3
1
0
1
-1
1
2
3
3
3
4
1
-1
-1
-3
-4
-3
-2
-3
-1
0
-1
-3
-4
-5
-4
-6
-3
-3
-5
-3
-5
-6
-7
-8
-6
-5
-3
-2
0
-3
-2
1
-2
-4
-2
-1
0
-3
-4
0
0
-1
0
0
-1
-3
-1
0
-3
-3
-2
-2
-3
-4
-8
-8
-10
-12
-10
-11
-10
-8
-12
-13
-11
-12
-13
-13
-12
-12
-11
-11
-8
-8
-11
-13
-12
-12
-10
-10
-11
-9
-8
-7
-6
-4
-5
-7
-4
-6
-5
-2
-3
1
2
1
3
4
3
2
2
4
6
6
6
5
5
6
6
5
6
7
7
7
7
7
4
5
7
8
8
5
7
10
7
5
7
7
6
6
6
5
4
3
6
7
6
5
5
4
3
2
-1
0
1
2
1
1
1
1
1
0
-1
0
1
1
1
0
1
0
0
0
0
-1
-2
3
3
4
4
2
3
1
3
7
6
6
5
5
5
5
4
4
3
2
4
5
4
5
8
8
5
6
6
4
4
3
4
4
2
0
1
-1
-1
-2
-3
-1
-1
-5
-5
-4
-3
-6
-6
-4
-8
-5
-4
-5
-6
-6
-6
-8
-7
-6
-9
-8
-7
-7
-5
-5
-6
-7
-8
-7
-4
-5
-7
-6
-6
-6
-8
-8
-9
-8
-8
-8
-8
-6
-6
-6
-5
-3
-7
-8
-9
-10
-9
-6
-5
-5
-2
1
2
-1
2
3
4
6
4
6
7
4
7
7
9
9
7
9
10
11
13
13
14
14
12
12
13
13
11
9
7
6
8
10
9
8
8
7
6
8
7
4
1
4
4
1
-2
-3
-2
-2
-2
-1
-3
-3
-1
-2
2
0
-2
1
1
2
1
-1
-1
-1
0
0
0
3
3
3
2
2
3
4
4
3
4
4
3
1
0
0
0
-1
-2
-4
-3
-3
-4
-6
-6
-7
-7
-7
-10
-12
-13
-13
-13
-13
-12
-12
-13
-9
-8
-8
-6
-8
-7
-3
-3
0
-1
-1
0
2
4
-1
-1
2
2
4
5
4
5
2
1
2
1
0
-5
-6
-4
-3
-1
1
1
-2
-1
0
-1
0
0
0
1
3
3
3
1
3
8
8
8
7
6
9
8
9
10
9
10
12
12
13
10
8
7
6
8
7
5
5
4
3
3
4
1
1
1
0
2
1
1
2
2
2
4
3
3
3
3
5
3
3
7
5
5
7
3
1
1
1
2
-3
-4
-4
-6
-5
-4
-5
-7
-6
-5
-7
-6
-7
-11
-7
-7
-7
-6
-9
-7
-7
-7
-7
-8
-4
-4
-4
-1
0
0
0
-1
0
-1
0
0
-1
1
-1
0
1
-1
-1
0
0
0
-1
-1
-3
-3
-2
-2
-4
-8
-7
-6
-8
-9
-9
-10
-10
-8
-6
-5
-6
-5
-5
-4
-3
-4
-4
-2
0
-1
0
2
0
0
1
4
5
5
5
4
4
5
2
-1
-1
1
-1
-5
-3
-1
-4
-1
1
3
1
-1
-1
-1
-1
0
0
3
2
1
2
4
5
4
5
7
9
8
7
7
7
7
5
6
5
3
5
5
1
2
0
-1
-1
0
0
-1
-1
1
0
0
2
-1
0
-1
0
2
2
3
5
5
4
5
5
5
5
5
8
8
8
9
9
8
9
5
4
5
4
5
4
5
4
3
3
-1
-4
-4
-6
-6
-7
-9
-9
-10
-12
-11
-12
-12
-13
-13
-13
-15
-14
-12
-12
-12
-10
-10
-8
-7
-7
-5
-6
-7
-3
-2
-1
0
0
1
1
1
5
4
1
2
5
6
5
9
9
6
8
7
5
7
7
7
9
8
9
10
7
8
10
10
7
6
7
7
5
7
8
6
6
6
5
4
2
4
3
2
2
-1
-2
-2
-1
-1
-4
-5
-4
-8
-7
-7
-5
-4
-7
-3
-4
-6
-4
-5
-4
-4
-2
1
1
1
0
1
5
7
7
7
6
3
3
4
5
3
3
5
3
0
0
1
1
0
-2
-1
-1
0
1
1
0
1
1
-3
-4
-2
0
0
0
1
0
2
3
1
3
5
7
9
9
9
9
8
11
12
11
8
9
9
10
8
5
7
7
4
4
6
6
5
6
7
8
6
4
3
3
4
4
4
5
2
2
1
2
4
4
5
6
6
5
1
2
2
1
1
-1
-2
-3
-4
-4
-5
-4
-2
-3
-4
-4
-4
-4
-4
-3
-3
-4
-4
-3
-2
-2
-2
0
-1
-2
0
0
-3
-2
-1
0
-1
-3
-5
-5
-6
-7
-9
-8
-7
-8
-7
-7
-5
-4
-6
-5
-3
-5
-7
-4
-3
-2
0
-3
-4
-2
-3
-3
-4
-4
-3
-2
-2
-3
-2
-2
-2
-2
-1
-4
-6
-4
-3
-5
-5
-6
-5
-6
-8
-8
-8
-8
-8
-7
-7
-6
-4
-3
-4
-5
-2
-5
-7
-6
-7
-7
-5
-8
-12
-10
-9
-11
-10
-14
-12
-8
-11
-14
-12
-10
-12
-12
-12
-10
-10
-12
-11
-13
-13
-11
-11
-8
-7
-7
-4
-4
-4
-2
-3
-2
-2
-2
-4
-2
2
5
5
4
3
4
2
5
5
5
5
5
6
5
4
5
6
4
4
4
3
4
4
3
2
3
1
0
0
-2
-2
-1
-1
-1
-2
-4
-5
-7
-6
-4
-3
-2
-1
-1
1
-1
1
0
0
2
2
2
3
1
0
2
2
1
-1
-1
-2
-3
-3
-5
-3
-3
-4
-4
-3
-6
-4
-1
-2
-2
-1
-2
-2
0
0
0
2
5
5
5
7
9
9
12
13
14
16
15
16
18
20
21
24
22
22
23
22
20
19
18
18
19
18
19
20
18
16
14
13
12
11
11
9
9
10
10
6
4
3
1
1
-2
-5
-6
-8
-3
-2
-5
-9
-8
-10
-10
-9
-10
-11
-11
-13
-11
-13
-14
-11
-11
-8
-8
-8
-8
-7
-5
-3
-3
0
5
3
5
7
7
9
9
6
6
8
9
13
13
13
16
11
9
10
5
1
2
0
0
0
-3
-4
-8
-13
-10
-11
-15
-14
-13
-11
-9
-8
-10
-11
-13
-13
-8
-8
-7
-5
-3
0
1
3
4
2
4
7
7
6
10
10
9
12
12
12
10
9
12
15
12
10
12
11
12
12
12
11
7
6
6
3
4
3
-2
-4
-5
-6
-8
-9
-15
-16
-17
-20
-21
-21
-25
-25
-24
-23
-24
-28
-27
-27
-26
-24
-23
-22
-21
-18
-14
-14
-14
-11
-6
-4
-3
1
5
6
11
15
19
21
21
23
23
24
23
24
25
25
25
26
24
19
17
14
7
3
1
-2
-6
-10
-10
-13
-18
-22
-27
-32
-36
-37
-38
-38
-41
-42
-37
-35
-34
-32
-29
-28
-26
-23
-20
-15
-12
-8
-3
-1
4
7
10
18
24
29
34
37
43
48
51
53
57
60
64
65
63
63
60
58
56
53
49
45
38
31
23
17
13
6
-4
-10
-17
-25
-31
-38
-46
-52
-58
-62
-66
-69
-70
-67
-67
-63
-60
-61
-57
-55
-52
-45
-41
-36
-30
-24
-19
-12
-4
4
15
25
33
41
47
54
62
69
76
81
82
84
86
85
84
84
79
77
72
65
57
47
38
29
22
11
-1
-12
-25
-33
-41
-52
-61
-71
-80
-89
-93
-99
-103
-105
-108
-104
-104
-103
-98
-95
-86
-80
-70
-61
-52
-39
-26
-11
6
24
37
49
65
83
101
114
127
138
143
149
152
150
148
143
135
126
115
103
89
74
60
46
29
14
-1
-20
-35
-50
-65
-80
-91
-104
-118
-129
-140
-148
-154
-163
-166
-167
-172
-171
-166
-164
-156
-145
-135
-123
-108
-94
-73
-51
-30
-7
18
41
69
98
119
144
167
189
211
227
240
247
252
252
251
246
233
219
203
183
162
142
117
90
61
34
9
-17
-46
-74
-102
-127
-152
-178
-202
-227
-248
-266
-283
-297
-308
-315
-321
-324
-320
-315
-309
-296
-280
-258
-232
-205
-169
-132
-92
-45
5
54
107
156
208
261
310
351
391
419
441
458
466
463
455
439
413
385
350
311
274
236
199
166
133
103
75
49
27
5
-21
-49
-76
-109
-145
-186
-230
-278
-326
-373
-421
-465
-505
-538
-566
-584
-590
-588
-572
-554
-523
-484
-442
-388
-335
-281
-222
-162
-102
-42
16
74
133
191
247
304
359
411
462
511
562
608
644
670
679
682
679
663
636
597
544
488
433
378
323
258
196
136
80
34
-11
-53
-90
-125
-157
-185
-209
-241
-273
-308
-347
-382
-416
-454
-490
-528
-560
-586
-604
-612
-618
-616
-608
-586
-553
-511
-466
-420
-370
-315
-262
-203
-148
-104
-59
-16
23
62
94
124
157
195
237
285
340
396
455
518
583
651
717
774
817
841
849
844
825
784
721
641
547
445
348
247
142
38
-57
-135
-197
-246
-280
-301
-313
-309
-297
-285
-271
-260
-254
-255
-267
-289
-316
-350
-392
-442
-497
-548
-592
-627
-654
-672
-681
-672
-641
-598
-543
-483
-419
-345
-266
-187
-113
-46
12
63
109
149
182
212
237
262
292
327
367
415
464
516
579
644
710
772
817
843
854
855
840
806
743
653
557
464
367
263
150
37
-60
-138
-201
-249
-292
-322
-333
-334
-317
-302
-291
-278
-275
-273
-273
-287
-311
-346
-393
-447
-496
-547
-596
-642
-685
-715
-729
-725
-700
-668
-626
-573
-509
-430
-347
-264
-190
-122
-55
11
71
120
164
197
228
263
299
343
391
440
494
553
621
699
779
845
893
919
939
952
943
910
842
751
653
552
452
343
220
97
-10
-94
-154
-203
-249
-286
-306
-303
-283
-263
-248
-242
-243
-246
-252
-266
-299
-351
-417
-482
-542
-601
-661
-726
-786
-831
-850
-846
-829
-805
-771
-717
-641
-557
-467
-382
-300
-217
-137
-66
-1
54
103
151
193
232
278
325
384
451
519
590
670
758
856
947
1016
1057
1082
1103
1110
1088
1025
929
812
696
587
467
328
179
43
-66
-147
-214
-275
-331
-370
-380
-368
-344
-327
-326
-324
-321
-317
-319
-340
-378
-435
-495
-554
-611
-664
-726
-791
-845
-878
-883
-871
-850
-822
-776
-708
-616
-518
-425
-338
-250
-160
-68
11
72
124
172
219
258
293
324
359
405
462
524
586
658
737
825
917
993
1040
1066
1087
1097
1083
1032
938
823
707
593
474
334
180
39
-80
-171
-242
-306
-363
-400
-412
-399
-373
-349
-331
-319
-307
-296
-292
-307
-343
-395
-457
-520
-584
-649
-717
-790
-853
-895
-911
-908
-896
-873
-830
-765
-677
-579
-484
-389
-294
-195
-101
-18
49
108
161
212
255
288
317
349
393
449
512
574
641
719
812
911
995
1052
1086
1107
1125
1129
1093
1008
897
784
679
570
442
292
144
20
-76
-147
-211
-274
-329
-356
-353
-332
-310
-301
-302
-303
-303
-308
-323
-360
-422
-492
-558
-621
-687
-760
-840
-913
-965
-992
-1000
-992
-975
-940
-883
-806
-712
-615
-514
-416
-318
-215
-120
-33
45
106
161
216
268
317
365
412
472
541
615
697
782
874
982
1084
1158
1207
1239
1264
1281
1266
1200
1098
981
871
767
648
500
337
188
70
-19
-101
-187
-267
-322
-349
-358
-355
-363
-382
-398
-415
-426
-447
-485
-538
-604
-673
-743
-807
-872
-940
-1008
-1067
-1106
-1118
-1109
-1095
-1070
-1025
-957
-863
-754
-648
-543
-438
-326
-207
-97
1
85
159
240
316
382
440
495
563
639
713
788
863
945
1046
1143
1219
1265
1289
1308
1323
1317
1272
1179
1064
956
850
738
605
448
298
167
61
-31
-121
-208
-281
-333
-360
-378
-395
-413
-434
-456
-477
-502
-527
-559
-611
-670
-729
-781
-824
-871
-925
-980
-1021
-1037
-1037
-1025
-1011
-985
-937
-864
-774
-683
-595
-501
-398
-287
-182
-88
-4
75
151
224
287
338
386
434
493
556
613
668
731
807
903
986
1049
1097
1131
1170
1201
1210
1184
1122
1047
974
900
811
703
579
455
338
233
137
45
-37
-114
-185
-238
-276
-307
-335
-372
-415
-451
-486
-512
-543
-593
-651
-709
-758
-798
-840
-894
-952
-997
-1021
-1028
-1030
-1024
-1008
-970
-911
-838
-756
-669
-577
-475
-372
-276
-181
-87
-4
72
138
189
239
291
343
389
430
474
527
593
666
742
819
892
954
1013
1070
1118
1150
1160
1142
1111
1066
1011
944
856
755
646
533
427
325
227
134
46
-31
-96
-155
-201
-241
-286
-324
-361
-397
-426
-463
-506
-555
-608
-660
-709
-758
-813
-870
-923
-961
-990
-1009
-1018
-1019
-998
-963
-915
-852
-783
-708
-626
-546
-464
-381
-304
-231
-164
-100
-42
14
71
127
180
238
301
370
448
526
607
698
784
871
952
1026
1088
1140
1180
1203
1205
1188
1153
1109
1055
988
911
824
728
634
541
446
359
272
187
105
28
-44
-112
-174
-242
-313
-380
-446
-508
-571
-635
-697
-761
-821
-881
-936
-985
-1028
-1061
-1087
-1100
-1103
-1095
-1075
-1045
-1008
-969
-919
-857
-796
-728
-659
-592
-519
-440
-358
-278
-200
-120
-36
53
143
232
322
409
500
591
681
772
857
941
1020
1089
1154
1212
1259
1288
1303
1307
1299
1282
1255
1211
1150
1081
1001
914
821
718
609
497
385
274
165
58
-45
-144
-241
-333
-425
-510
-588
-661
-727
-794
-863
-921
-974
-1023
-1067
-1107
-1147
-1176
-1196
-1210
-1213
-1213
-1204
-1182
-1154
-1114
-1068
-1015
-954
-883
-804
-716
-622
-529
-427
-325
-221
-113
-11
93
194
288
385
479
573
666
757
844
925
1004
1086
1162
1234
1297
1349
1394
1429
1449
1452
1437
1405
1359
1295
1217
1125
1018
908
790
661
534
408
279
158
41
-73
-179
-281
-381
-470
-557
-639
-709
-777
-841
-898
-956
-1007
-1054
-1099
-1140
-1181
-1215
-1241
-1257
-1261
-1260
-1252
-1231
-1203
-1164
-1111
-1053
-986
-907
-819
-726
-628
-525
-419
-312
-205
-102
-6
91
185
273
364
450
530
614
697
784
870
954
1041
1128
1210
1283
1348
1399
1438
1462
1466
1455
1422
1374
1310
1232
1139
1034
917
794
668
540
411
284
158
41
-73
-182
-279
-375
-461
-536
-604
-672
-736
-797
-852
-901
-952
-998
-1044
-1087
-1123
-1154
-1177
-1198
-1213
-1217
-1212
-1193
-1164
-1126
-1077
-1012
-941
-859
-772
-682
-585
-486
-383
-280
-179
-83
9
103
191
276
361
447
530
614
702
790
883
979
1067
1158
1243
1319
1389
1442
1477
1497
1495
1476
1440
1382
1312
1225
1123
1014
892
764
633
501
373
248
123
2
-112
-214
-307
-397
-480
-560
-632
-698
-761
-819
-875
-933
-987
-1041
-1087
-1129
-1170
-1201
-1224
-1239
-1245
-1241
-1225
-1201
-1167
-1124
-1071
-1009
-940
-864
-780
-691
-601
-509
-413
-321
-231
-136
-47
39
126
213
301
392
485
582
678
777
878
979
1081
1176
1267
1351
1419
1473
1511
1529
1528
1511
1473
1417
1345
1262
1163
1050
929
808
682
556
431
304
182
66
-41
-139
-235
-327
-416
-502
-579
-651
-720
-787
-855
-918
-976
-1030
-1083
-1132
-1171
-1205
-1230
-1244
-1252
-1248
-1232
-1208
-1175
-1133
-1088
-1033
-969
-896
-818
-739
-655
-569
-481
-393
-303
-214
-129
-44
45
137
231
326
426
528
630
731
837
948
1058
1160
1253
1337
1406
1466
1509
1532
1533
1517
1488
1444
1385
1306
1212
1111
1003
893
776
653
531
412
296
185
79
-28
-130
-228
-322
-412
-502
-590
-671
-748
-823
-892
-957
-1021
-1080
-1133
-1179
-1221
-1253
-1278
-1294
-1300
-1299
-1287
-1263
-1230
-1187
-1136
-1074
-1009
-937
-855
-770
-677
-576
-475
-376
-271
-174
-75
27
131
234
336
437
537
642
749
854
957
1058
1152
1245
1326
1392
1447
1487
1510
1516
1507
1478
1435
1375
1302
1216
1121
1018
902
785
666
543
423
301
181
65
-49
-157
-262
-366
-470
-561
-649
-732
-803
-872
-938
-998
-1055
-1108
-1154
-1194
-1232
-1262
-1280
-1290
-1292
-1282
-1267
-1245
-1211
-1173
-1122
-1062
-995
-917
-831
-736
-638
-537
-431
-326
-220
-115
-8
95
196
292
389
488
585
683
777
870
965
1060
1152
1232
1308
1375
1429
1474
1500
1509
1501
1475
1433
1380
1314
1227
1132
1026
913
799
684
561
438
316
191
75
-40
-152
-258
-361
-458
-549
-634
-714
-788
-857
-922
-980
-1033
-1082
-1131
-1170
-1201
-1231
-1251
-1262
-1267
-1261
-1250
-1233
-1201
-1165
-1119
-1061
-996
-922
-840
-753
-659
-561
-465
-364
-262
-163
-65
33
128
223
315
404
493
586
676
770
868
963
1061
1152
1240
1321
1388
1438
1473
1497
1498
1486
1457
1408
1344
1266
1176
1077
968
853
733
614
490
371
251
131
17
-94
-202
-306
-406
-501
-590
-675
-753
-824
-890
-948
-1002
-1050
-1094
-1133
-1165
-1193
-1216
-1231
-1238
-1236
-1226
-1208
-1182
-1150
-1107
-1055
-996
-929
-854
-770
-682
-586
-487
-390
-294
-194
-97
-4
90
177
263
352
439
526
619
710
804
898
991
1088
1175
1252
1323
1382
1424
1455
1469
1464
1441
1401
1345
1279
1196
1100
998
885
770
652
535
416
298
181
66
-44
-151
-257
-356
-447
-535
-618
-690
-761
-826
-882
-932
-977
-1018
-1057
-1089
-1117
-1138
-1150
-1158
-1161
-1156
-1146
-1125
-1093
-1058
-1016
-961
-900
-830
-751
-668
-580
-487
-391
-297
-200
-106
-15
72
155
244
332
412
495
580
666
752
839
927
1012
1095
1172
1242
1304
1354
1389
1408
1412
1401
1372
1328
1267
1189
1102
1006
900
789
676
558
436
318
201
86
-29
-138
-245
-347
-442
-535
-622
-704
-776
-841
-902
-953
-1002
-1047
-1082
-1110
-1135
-1156
-1174
-1184
-1186
-1182
-1169
-1149
-1124
-1087
-1042
-991
-928
-861
-787
-707
-619
-528
-436
-343
-253
-161
-69
21
107
192
277
359
443
528
611
698
782
868
958
1043
1123
1199
1269
1328
1371
1400
1414
1411
1391
1354
1299
1235
1158
1069
974
868
754
639
526
409
291
173
59
-49
-158
-262
-367
-466
-555
-641
-721
-792
-854
-913
-964
-1005
-1043
-1076
-1105
-1131
-1151
-1163
-1163
-1160
-1152
-1133
-1110
-1079
-1039
-991
-936
-877
-811
-740
-661
-578
-492
-402
-312
-220
-126
-36
50
136
223
308
391
475
559
643
727
813
899
982
1063
1137
1205
1265
1313
1350
1369
1374
1366
1342
1300
1249
1185
1106
1018
923
823
719
611
502
392
285
176
68
-38
-141
-240
-335
-426
-513
-595
-669
-739
-800
-852
-897
-939
-976
-1010
-1038
-1058
-1071
-1082
-1089
-1088
-1080
-1064
-1039
-1011
-979
-937
-887
-834
-776
-709
-637
-560
-478
-392
-305
-221
-136
-50
30
114
195
271
351
432
512
596
673
754
835
912
991
1064
1131
1192
1240
1274
1298
1304
1300
1280
1245
1196
1132
1063
980
887
792
687
579
474
361
251
141
32
-70
-171
-268
-363
-456
-542
-621
-694
-761
-820
-872
-918
-959
-991
-1019
-1043
-1062
-1076
-1085
-1086
-1087
-1078
-1062
-1042
-1013
-977
-935
-885
-828
-767
-700
-625
-548
-464
-382
-294
-205
-119
-32
54
138
218
298
378
458
537
613
690
768
849
927
1000
1069
1129
1184
1232
1265
1287
1292
1283
1262
1224
1172
1107
1030
947
854
754
651
540
426
315
203
92
-19
-121
-221
-320
-411
-498
-580
-654
-721
-782
-836
-880
-920
-957
-983
-1004
-1020
-1036
-1047
-1053
-1057
-1057
-1048
-1033
-1012
-986
-953
-916
-866
-814
-755
-688
-618
-543
-462
-379
-293
-209
-126
-43
39
120
200
274
351
431
506
585
664
744
824
900
977
1050
1113
1172
1219
1260
1287
1295
1291
1270
1238
1192
1131
1057
976
884
786
683
573
466
355
242
135
26
-78
-176
-275
-367
-454
-536
-612
-682
-743
-802
-850
-893
-930
-961
-995
-1020
-1040
-1057
-1071
-1077
-1079
-1073
-1062
-1043
-1015
-985
-944
-897
-845
-783
-715
-642
-569
-490
-408
-325
-243
-159
-72
10
89
175
254
332
413
494
571
651
732
809
887
963
1035
1101
1159
1206
1243
1268
1282
1280
1265
1234
1190
1133
1062
984
896
801
703
600
495
389
284
186
86
-10
-103
-195
-278
-359
-438
-511
-580
-646
-703
-754
-801
-839
-877
-910
-940
-964
-982
-999
-1005
-1009
-1003
-991
-976
-951
-922
-886
-841
-796
-739
-681
-618
-551
-482
-405
-328
-250
-172
-93
-11
67
145
225
304
383
461
539
617
692
765
841
914
984
1047
1101
1147
1179
1201
1210
1207
1191
1157
1112
1058
989
913
829
738
645
547
452
357
261
171
79
-11
-96
-180
-259
-339
-416
-484
-547
-607
-661
-715
-759
-800
-836
-868
-898
-922
-937
-949
-957
-960
-956
-946
-934
-917
-893
-865
-830
-785
-736
-682
-626
-563
-498
-427
-354
-279
-200
-123
-45
35
115
197
274
352
429
505
583
655
729
802
868
933
990
1034
1076
1109
1131
1140
1131
1113
1082
1040
986
921
850
772
687
601
510
420
329
238
149
61
-21
-99
-183
-264
-340
-414
-484
-552
-616
-669
-721
-767
-806
-843
-874
-899
-918
-934
-945
-950
-952
-948
-938
-924
-907
-884
-853
-818
-780
-733
-679
-623
-561
-492
-424
-352
-277
-200
-122
-42
39
122
200
279
359
437
516
589
661
733
801
869
930
987
1038
1078
1111
1131
1143
1142
1129
1106
1072
1026
967
901
829
750
668
582
497
414
327
240
156
71
-15
-95
-173
-250
-318
-388
-456
-518
-576
-631
-684
-728
-765
-801
-830
-853
-872
-884
-893
-901
-899
-895
-885
-869
-850
-824
-792
-757
-715
-667
-613
-556
-495
-428
-360
-293
-218
-145
-72
5
78
154
231
307
382
453
520
585
648
712
770
826
877
923
963
996
1015
1026
1027
1019
1002
973
936
889
833
773
706
636
562
485
411
333
255
179
103
27
-50
-123
-193
-262
-330
-393
-456
-515
-567
-616
-662
-701
-740
-770
-796
-817
-834
-851
-862
-868
-869
-866
-858
-844
-825
-799
-770
-736
-697
-657
-609
-555
-498
-438
-374
-307
-236
-162
-89
-16
59
132
207
280
348
421
486
550
615
674
733
786
836
881
918
950
971
987
991
984
971
949
919
880
832
778
720
652
581
508
430
352
272
191
110
29
-50
-130
-210
-285
-356
-426
-494
-557
-614
-668
-716
-759
-796
-827
-853
-873
-889
-901
-910
-912
-909
-902
-886
-865
-839
-808
-770
-727
-678
-621
-562
-499
-433
-364
-292
-219
-147
-72
3
78
150
221
290
355
419
482
545
603
661
715
764
813
853
891
921
945
963
974
978
972
957
934
900
860
810
751
692
623
549
478
401
324
244
166
90
12
-63
-136
-210
-284
-353
-421
-483
-540
-595
-645
-686
-724
-757
-790
-816
-838
-854
-865
-874
-877
-873
-864
-850
-828
-803
-772
-736
-696
-647
-596
-538
-477
-412
-347
-280
-207
-137
-64
8
77
149
215
282
345
404
466
526
581
636
687
735
781
822
861
895
922
942
958
965
966
955
931
902
868
821
770
714
649
579
509
434
357
279
198
120
45
-35
-112
-187
-262
-331
-397
-461
-518
-571
-621
-665
-704
-737
-764
-788
-807
-820
-831
-837
-840
-842
-836
-824
-810
-788
-759
-725
-683
-637
-589
-531
-470
-407
-339
-272
-204
-132
-63
5
73
137
198
258
313
366
417
466
515
562
604
647
687
722
756
784
808
831
842
851
854
850
838
819
791
753
711
659
602
542
477
409
340
267
197
121
46
-27
-101
-170
-238
-303
-365
-421
-473
-517
-560
-600
-635
-664
-688
-709
-725
-739
-750
-759
-765
-766
-766
-760
-751
-736
-712
-685
-650
-606
-562
-513
-457
-397
-333
-268
-205
-141
-76
-10
50
111
169
222
276
324
370
415
461
500
539
580
612
645
675
703
727
746
764
777
781
780
776
761
736
709
673
631
587
537
481
421
361
296
229
158
88
23
-45
-110
-170
-226
-282
-335
-382
-424
-462
-498
-529
-555
-580
-597
-615
-629
-640
-652
-661
-668
-671
-670
-663
-652
-635
-615
-592
-564
-532
-495
-453
-408
-360
-311
-256
-202
-151
-95
-42
9
58
105
149
190
233
276
316
352
388
425
457
484
513
540
561
585
605
619
629
636
635
633
627
615
599
579
552
527
494
455
417
372
322
274
223
169
119
66
14
-35
-82
-125
-170
-213
-251
-289
-323
-354
-383
-408
-431
-452
-469
-486
-502
-511
-520
-529
-534
-535
-529
-521
-514
-500
-484
-465
-439
-415
-386
-352
-317
-283
-245
-207
-169
-128
-91
-52
-12
26
67
107
143
179
215
246
278
307
334
360
382
405
426
445
460
472
481
488
495
496
489
483
475
461
446
426
400
371
341
307
270
233
194
153
110
67
24
-19
-63
-104
-140
-175
-208
-234
-259
-282
-306
-326
-344
-360
-375
-382
-389
-392
-392
-392
-388
-386
-383
-374
-369
-359
-348
-339
-324
-309
-293
-273
-251
-226
-201
-178
-149
-118
-91
-59
-28
-4
25
53
79
107
127
146
167
181
196
211
225
235
244
254
260
267
274
278
287
292
296
303
307
307
303
297
293
283
268
252
237
216
195
173
144
115
86
53
21
-12
-42
-70
-96
-119
-141
-159
-173
-187
-194
-201
-204
-202
-204
-204
-201
-199
-196
-192
-191
-191
-191
-195
-198
-206
-210
-210
-212
-208
-203
-199
-189
-179
-166
-148
-132
-118
-100
-84
-67
-49
-37
-22
-8
3
17
28
35
47
60
71
87
100
113
133
153
172
200
224
247
273
297
318
340
357
370
380
379
371
361
345
320
290
260
224
184
145
102
56
14
-27
-64
-99
-128
-156
-178
-194
-206
-215
-223
-226
-225
-225
-223
-226
-228
-229
-232
-233
-239
-250
-260
-265
-269
-273
-278
-283
-284
-283
-276
-275
-278
-275
-267
-257
-243
-231
-218
-198
-167
-127
-85
-43
5
65
132
206
282
359
438
521
605
688
770
841
893
928
952
969
970
945
893
822
738
645
535
405
258
110
-33
-171
-309
-443
-564
-675
-762
-829
-877
-907
-921
-917
-894
-856
-806
-737
-666
-590
-510
-432
-353
-279
-208
-147
-95
-52
-18
10
32
43
42
32
24
10
-8
-31
-57
-81
-102
-115
-127
-135
-133
-127
-103
-68
-27
27
92
171
259
356
456
559
672
783
886
973
1043
1101
1147
1174
1169
1134
1078
1004
915
798
656
496
330
163
-8
-187
-363
-528
-679
-810
-920
-1014
-1088
-1140
-1166
-1168
-1149
-1116
-1064
-996
-919
-832
-737
-641
-541
-445
-358
-273
-196
-124
-61
-10
26
53
74
87
88
81
70
53
37
22
4
-9
-20
-25
-15
-1
27
65
115
180
253
340
439
541
647
758
859
951
1031
1097
1152
1186
1191
1165
1117
1054
967
856
723
568
408
246
75
-99
-271
-438
-594
-735
-856
-961
-1050
-1117
-1162
-1182
-1179
-1162
-1128
-1080
-1020
-944
-862
-772
-676
-582
-491
-402
-317
-232
-155
-89
-35
11
51
86
108
115
113
109
105
99
85
68
57
52
53
64
86
119
166
228
296
377
466
566
679
793
898
991
1076
1154
1213
1251
1259
1237
1195
1132
1047
936
796
640
478
305
126
-51
-231
-403
-560
-705
-834
-943
-1034
-1110
-1163
-1187
-1198
-1190
-1165
-1127
-1073
-1009
-938
-861
-780
-692
-609
-528
-450
-372
-302
-237
-181
-136
-92
-55
-26
-4
10
17
24
29
32
32
33
44
60
82
112
153
208
275
354
441
535
639
749
865
978
1077
1163
1241
1311
1357
1375
1361
1319
1259
1180
1072
938
783
616
440
261
78
-111
-292
-460
-620
-758
-880
-992
-1085
-1154
-1202
-1228
-1235
-1231
-1209
-1171
-1118
-1056
-991
-917
-838
-756
-677
-599
-521
-447
-378
-314
-258
-209
-162
-122
-88
-62
-44
-29
-14
-5
4
12
26
49
70
101
142
194
263
336
418
513
615
725
842
953
1054
1146
1228
1299
1352
1376
1371
1340
1293
1221
1123
1003
857
703
545
376
203
26
-150
-316
-467
-601
-727
-839
-933
-1010
-1064
-1100
-1123
-1132
-1127
-1103
-1067
-1031
-985
-929
-867
-801
-741
-679
-615
-552
-488
-431
-384
-337
-292
-252
-218
-191
-170
-147
-130
-112
-95
-84
-65
-38
-10
23
65
120
185
259
347
441
546
665
786
907
1019
1118
1212
1299
1363
1401
1411
1397
1363
1308
1227
1117
986
837
680
518
349
169
-8
-173
-328
-470
-600
-719
-825
-912
-980
-1030
-1068
-1094
-1103
-1098
-1079
-1052
-1021
-983
-936
-884
-834
-785
-730
-671
-614
-557
-504
-459
-408
-363
-319
-279
-244
-210
-180
-150
-123
-96
-69
-42
-9
31
77
131
198
275
362
459
566
679
803
927
1043
1150
1248
1343
1416
1466
1488
1478
1454
1408
1330
1231
1105
964
817
659
493
319
147
-24
-184
-332
-466
-591
-707
-798
-875
-940
-990
-1031
-1058
-1072
-1070
-1063
-1053
-1035
-1004
-969
-933
-897
-859
-815
-770
-721
-676
-632
-584
-533
-483
-437
-392
-348
-307
-268
-228
-188
-148
-108
-63
-13
42
104
172
252
345
444
551
665
792
918
1039
1148
1246
1338
1413
1466
1493
1488
1464
1420
1352
1255
1137
1000
851
698
535
364
195
26
-131
-277
-408
-529
-644
-741
-820
-884
-935
-976
-1005
-1019
-1017
-1008
-1000
-985
-961
-927
-889
-855
-821
-783
-740
-696
-654
-616
-577
-532
-488
-448
-412
-374
-338
-303
-267
-234
-202
-168
-132
-91
-42
12
74
146
229
323
425
535
653
777
897
1005
1107
1208
1294
1358
1397
1404
1395
1366
1315
1237
1129
1008
877
739
590
434
275
119
-23
-157
-284
-400
-507
-599
-676
-742
-796
-838
-869
-891
-898
-896
-892
-883
-866
-840
-811
-781
-756
-727
-690
-654
-623
-592
-563
-528
-490
-454
-425
-396
-363
-332
-298
-271
-242
-207
-176
-138
-97
-53
2
70
143
230
328
432
547
668
791
910
1018
1120
1219
1300
1354
1380
1384
1370
1335
1279
1190
1078
956
825
685
532
376
220
71
-67
-198
-324
-441
-539
-623
-701
-764
-815
-858
-884
-899
-906
-906
-901
-890
-867
-839
-809
-781
-754
-722
-684
-645
-612
-582
-543
-503
-465
-428
-395
-365
-333
-300
-271
-246
-219
-188
-153
-116
-75
-25
29
96
170
255
349
453
567
684
802
914
1019
1123
1213
1282
1325
1343
1343
1328
1289
1223
1131
1020
904
776
636
488
335
187
46
-85
-207
-329
-436
-528
-611
-678
-739
-793
-830
-856
-868
-874
-878
-876
-864
-844
-823
-798
-776
-752
-719
-680
-644
-610
-579
-542
-500
-461
-423
-389
-356
-322
-287
-256
-233
-204
-173
-137
-98
-58
-12
46
110
182
263
356
460
570
681
790
891
987
1082
1163
1222
1256
1269
1265
1245
1204
1133
1042
939
827
705
574
435
293
157
28
-95
-212
-325
-423
-500
-570
-629
-677
-722
-753
-767
-772
-770
-765
-760
-745
-721
-695
-670
-649
-625
-595
-560
-529
-504
-477
-449
-418
-384
-359
-338
-314
-290
-265
-242
-223
-209
-185
-157
-124
-90
-52
-7
48
114
187
266
356
451
553
653
745
832
913
986
1046
1082
1094
1096
1082
1047
994
915
824
726
619
502
380
253
133
18
-94
-196
-296
-385
-461
-526
-576
-621
-657
-684
-696
-700
-698
-691
-679
-665
-642
-614
-588
-563
-542
-514
-481
-449
-421
-396
-370
-340
-307
-279
-257
-234
-213
-187
-163
-144
-132
-120
-98
-73
-46
-16
15
57
109
168
234
306
387
471
559
640
718
795
860
917
959
980
989
983
963
922
862
788
703
611
511
400
290
179
72
-26
-124
-215
-301
-376
-440
-494
-541
-577
-605
-626
-637
-640
-641
-636
-624
-612
-595
-573
-551
-527
-507
-484
-461
-434
-407
-383
-357
-330
-303
-277
-259
-242
-224
-203
-182
-165
-151
-138
-120
-95
-70
-42
-8
33
87
146
208
276
349
427
507
585
657
722
784
837
875
898
906
901
883
850
803
741
667
587
502
411
314
215
119
31
-51
-129
-204
-273
-332
-385
-427
-467
-504
-531
-550
-563
-572
-579
-581
-578
-572
-562
-553
-540
-527
-511
-490
-470
-447
-424
-402
-375
-351
-325
-297
-271
-247
-219
-193
-169
-145
-124
-101
-71
-45
-17
18
57
100
147
197
251
308
374
435
495
555
604
654
699
731
753
763
764
755
738
708
658
605
542
477
408
329
248
169
96
25
-44
-111
-172
-224
-273
-315
-351
-384
-410
-429
-444
-453
-465
-472
-472
-470
-466
-461
-456
-450
-438
-425
-413
-400
-385
-367
-349
-329
-311
-293
-265
-236
-211
-185
-167
-146
-119
-95
-70
-47
-26
0
26
59
88
116
155
194
237
284
324
367
411
454
490
525
554
582
603
610
613
605
591
570
538
502
458
407
357
304
245
183
121
70
18
-32
-76
-120
-158
-192
-222
-248
-275
-299
-319
-334
-345
-357
-369
-377
-388
-395
-402
-409
-415
-417
-419
-421
-423
-420
-414
-404
-390
-375
-357
-337
-315
-290
-267
-241
-212
-182
-148
-117
-88
-55
-20
15
49
84
119
154
192
226
265
302
333
365
401
431
458
484
505
526
538
543
546
545
539
526
509
483
452
421
386
346
304
258
217
177
133
89
49
9
-25
-59
-94
-125
-159
-188
-214
-239
-262
-284
-307
-330
-352
-372
-389
-405
-418
-428
-437
-442
-443
-438
-430
-422
-409
-390
-365
-341
-319
-293
-261
-230
-196
-165
-136
-110
-81
-53
-28
-6
13
35
56
75
95
114
133
154
180
208
234
259
287
322
355
388
416
441
464
485
503
509
509
502
492
477
456
427
393
355
317
276
238
195
149
106
64
24
-15
-57
-92
-125
-160
-197
-231
-260
-291
-320
-351
-380
-400
-418
-436
-453
-465
-472
-476
-474
-472
-464
-452
-435
-415
-395
-369
-345
-319
-290
-263
-235
-211
-187
-159
-134
-115
-96
-77
-57
-35
-15
9
38
64
92
128
167
209
249
289
337
383
428
467
502
529
550
569
581
583
576
564
546
520
491
452
410
367
323
282
235
187
144
99
60
23
-16
-56
-94
-129
-161
-191
-222
-251
-279
-302
-327
-352
-371
-388
-406
-421
-432
-438
-443
-444
-440
-435
-426
-417
-409
-393
-376
-362
-347
-330
-308
-290
-274
-256
-237
-216
-194
-171
-149
-122
-93
-63
-31
3
40
76
119
162
207
249
288
333
377
422
464
494
526
552
573
587
594
599
595
585
572
550
527
499
463
428
388
349
305
259
219
175
132
92
51
9
-32
-68
-103
-138
-175
-207
-233
-261
-291
-316
-342
-366
-390
-412
-430
-446
-465
-480
-493
-500
-509
-518
-520
-519
-513
-509
-501
-483
-463
-441
-413
-384
-354
-314
-274
-236
-194
-150
-106
-58
-10
34
80
126
171
217
260
302
345
383
423
465
500
531
560
585
605
621
627
632
629
619
607
590
561
528
494
454
413
369
319
272
228
179
133
93
51
9
-31
-67
-101
-137
-172
-207
-237
-267
-299
-327
-355
-384
-411
-441
-471
-499
-525
-547
-566
-582
-598
-605
-606
-608
-601
-589
-571
-545
-513
-479
-442
-398
-357
-310
-259
-213
-165
-119
-72
-23
21
64
105
145
184
223
260
294
329
365
397
426
459
485
511
538
555
569
580
585
586
585
578
565
545
519
493
466
432
391
350
309
270
229
187
147
109
69
33
-3
-40
-73
-105
-139
-172
-203
-235
-264
-294
-326
-357
-383
-407
-434
-457
-475
-491
-502
-511
-520
-519
-518
-511
-500
-483
-463
-441
-413
-386
-353
-321
-286
-246
-210
-173
-138
-105
-67
-29
4
36
68
101
134
167
201
230
262
295
325
357
387
417
445
474
495
515
532
542
549
549
547
541
526
505
480
454
422
386
348
309
271
227
186
144
102
63
25
-13
-53
-88
-119
-148
-177
-205
-232
-258
-281
-301
-321
-343
-365
-382
-401
-419
-435
-453
-461
-467
-475
-477
-475
-469
-459
-445
-429
-409
-385
-362
-331
-297
-263
-229
-194
-160
-124
-89
-58
-24
6
36
66
96
124
152
179
207
234
261
286
311
336
357
380
401
416
431
443
451
456
455
453
447
435
420
399
378
349
321
290
258
226
187
154
122
89
55
24
-4
-31
-58
-80
-105
-128
-146
-166
-187
-206
-229
-250
-266
-284
-305
-324
-342
-360
-374
-387
-400
-404
-409
-411
-409
-401
-391
-382
-364
-345
-327
-306
-282
-258
-228
-200
-174
-148
-123
-94
-64
-38
-14
11
32
58
84
108
134
157
179
205
230
255
276
299
323
348
369
384
399
411
419
426
428
423
416
404
392
373
351
323
294
265
234
199
169
139
108
82
57
29
4
-18
-40
-58
-79
-101
-119
-136
-153
-172
-191
-210
-225
-243
-260
-277
-296
-312
-327
-340
-350
-358
-364
-366
-365
-361
-352
-341
-326
-311
-290
-267
-247
-219
-193
-165
-134
-107
-79
-55
-30
-3
19
40
59
78
98
119
133
152
173
192
210
230
250
268
286
306
324
337
349
357
362
366
365
358
352
340
326
315
296
277
257
228
205
182
155
130
107
83
60
38
19
0
-19
-36
-57
-74
-93
-110
-128
-148
-166
-182
-199
-220
-238
-253
-269
-288
-304
-314
-323
-331
-336
-336
-336
-332
-322
-310
-297
-280
-264
-242
-218
-199
-178
-154
-137
-115
-92
-75
-55
-37
-18
7
21
38
55
73
91
108
127
143
158
173
191
207
225
240
253
269
281
293
304
307
313
316
313
312
305
298
291
278
263
246
226
208
184
161
137
112
88
66
44
23
1
-22
-40
-60
-84
-105
-130
-151
-168
-188
-207
-220
-238
-251
-267
-285
-302
-319
-330
-335
-339
-341
-337
-334
-330
-323
-314
-309
-305
-288
-268
-240
-210
-178
-148
-120
-93
-78
-62
-47
-33
-12
6
29
53
73
94
114
126
140
156
168
185
207
232
257
280
301
323
335
339
342
341
340
332
327
318
310
297
281
261
232
207
176
148
123
97
80
59
41
25
6
-13
-36
-57
-75
-88
-100
-114
-124
-136
-148
-163
-182
-199
-217
-234
-246
-260
-271
-279
-285
-293
-295
-295
-292
-289
-284
-273
-259
-246
-232
-216
-196
-177
-159
-142
-125
-102
-84
-66
-47
-29
-9
6
25
44
62
82
99
120
142
163
179
195
209
224
238
250
258
267
274
283
287
288
290
289
283
276
271
259
248
233
216
201
188
170
153
134
118
107
96
87
75
60
42
25
7
-11
-31
-54
-76
-98
-118
-143
-169
-198
-229
-259
-286
-308
-319
-324
-324
-315
-302
-290
-280
-272
-266
-259
-251
-241
-228
-208
-186
-159
-132
-113
-99
-87
-80
-73
-66
-51
-34
-10
21
52
82
107
126
140
151
159
170
184
207
233
258
280
297
301
303
300
293
282
275
270
266
265
262
255
239
221
203
180
160
142
129
117
107
98
84
63
37
11
-22
-54
-87
-122
-149
-177
-209
-245
-283
-322
-358
-393
-418
-427
-424
-407
-381
-352
-321
-295
-278
-265
-253
-246
-236
-218
-194
-159
-125
-97
-78
-63
-57
-61
-65
-66
-57
-34
0
40
80
120
153
174
185
186
187
187
195
217
244
276
306
332
351
356
349
334
312
294
282
275
273
275
277
273
266
248
220
182
144
110
78
56
40
26
14
-2
-23
-53
-91
-133
-175
-212
-243
-268
-284
-293
-300
-303
-313
-330
-341
-354
-367
-371
-368
-358
-340
-320
-296
-273
-252
-237
-223
-209
-197
-179
-158
-135
-108
-79
-53
-31
-9
11
28
44
60
80
104
132
158
187
215
239
260
279
298
316
335
353
372
389
404
411
413
408
395
375
350
321
292
264
237
209
180
149
115
81
46
9
-28
-60
-84
-107
-125
-143
-159
-174
-190
-208
-227
-251
-272
-291
-309
-322
-330
-337
-339
-341
-342
-337
-335
-333
-331
-326
-317
-309
-298
-282
-262
-237
-210
-178
-147
-118
-90
-64
-39
-23
-3
21
45
74
106
138
173
208
239
268
294
320
341
363
388
409
431
449
469
484
487
483
469
449
420
385
347
307
268
229
189
150
112
70
29
-11
-52
-90
-126
-157
-183
-203
-218
-230
-237
-245
-255
-264
-275
-289
-309
-328
-347
-367
-382
-394
-397
-393
-388
-375
-363
-348
-331
-323
-315
-303
-292
-277
-255
-228
-197
-166
-137
-114
-97
-85
-80
-72
-59
-35
4
65
136
215
302
383
456
515
553
584
601
610
619
630
644
656
666
666
653
618
565
492
409
320
233
160
98
52
19
-14
-44
-78
-121
-172
-232
-291
-346
-385
-405
-412
-405
-387
-367
-352
-346
-351
-368
-394
-422
-448
-465
-473
-468
-451
-428
-400
-376
-356
-342
-336
-331
-330
-322
-307
-283
-248
-202
-148
-90
-37
12
58
94
125
158
194
234
285
341
404
477
549
617
679
731
767
788
795
789
772
744
709
668
618
565
504
434
356
270
177
81
-13
-104
-190
-262
-321
-369
-406
-428
-446
-456
-459
-465
-465
-460
-461
-456
-445
-434
-422
-408
-394
-387
-382
-379
-382
-389
-398
-402
-406
-405
-398
-384
-365
-345
-321
-297
-271
-240
-210
-177
-135
-86
-29
33
100
176
252
327
403
478
548
617
688
753
814
875
924
962
986
989
979
945
892
824
739
645
543
437
329
217
109
1
-112
-214
-315
-410
-492
-567
-627
-672
-704
-720
-723
-715
-697
-675
-648
-622
-592
-561
-532
-502
-474
-447
-421
-394
-370
-348
-325
-310
-299
-290
-283
-278
-276
-276
-271
-261
-247
-231
-203
-163
-116
-61
4
76
156
240
329
418
511
605
698
793
887
974
1054
1120
1171
1196
1195
1167
1111
1032
932
816
688
557
425
294
167
44
-77
-198
-315
-427
-533
-627
-708
-770
-810
-837
-837
-824
-802
-766
-724
-680
-636
-594
-556
-521
-483
-448
-417
-386
-358
-334
-313
-301
-292
-288
-290
-294
-300
-312
-321
-327
-323
-315
-300
-272
-231
-179
-112
-32
56
152
254
362
475
594
715
837
958
1073
1177
1264
1328
1368
1373
1347
1289
1201
1086
947
794
635
470
309
151
-3
-144
-279
-406
-518
-627
-724
-801
-870
-916
-938
-939
-918
-874
-816
-747
-670
-595
-523
-463
-412
-374
-346
-328
-317
-310
-303
-298
-295
-293
-291
-293
-302
-314
-328
-347
-362
-372
-370
-356
-328
-281
-218
-137
-42
66
187
315
448
587
725
865
1000
1122
1236
1327
1392
1430
1433
1405
1338
1240
1113
961
795
615
431
256
84
-79
-229
-366
-495
-612
-717
-808
-884
-938
-973
-982
-966
-930
-871
-792
-704
-611
-518
-433
-361
-302
-260
-234
-220
-218
-220
-227
-234
-247
-259
-267
-280
-295
-317
-340
-364
-391
-408
-413
-403
-375
-326
-256
-165
-51
80
231
391
558
730
903
1066
1215
1343
1444
1514
1542
1531
1480
1390
1264
1107
931
742
543
349
158
-24
-196
-359
-510
-643
-763
-870
-954
-1013
-1051
-1063
-1050
-1009
-948
-867
-765
-657
-548
-444
-348
-262
-194
-146
-118
-105
-106
-115
-129
-146
-168
-189
-210
-236
-263
-291
-322
-350
-373
-388
-391
-380
-350
-300
-227
-133
-15
122
276
443
619
799
978
1149
1301
1423
1513
1563
1570
1527
1442
1323
1169
990
798
594
390
188
-10
-193
-367
-532
-680
-810
-927
-1024
-1096
-1142
-1161
-1151
-1112
-1043
-952
-838
-711
-578
-445
-321
-211
-122
-55
-11
13
14
4
-18
-52
-86
-124
-165
-202
-239
-278
-314
-349
-378
-399
-412
-408
-384
-342
-273
-178
-58
84
248
431
627
829
1025
1205
1364
1489
1569
1607
1596
1535
1431
1289
1120
925
722
511
300
99
-96
-283
-456
-619
-766
-899
-1012
-1102
-1170
-1212
-1219
-1193
-1133
-1046
-927
-785
-635
-480
-327
-189
-72
20
85
122
133
119
90
47
-1
-55
-109
-155
-200
-245
-285
-319
-354
-387
-410
-423
-420
-395
-351
-277
-171
-40
122
312
516
731
946
1148
1328
1476
1583
1638
1646
1602
1505
1367
1194
996
783
562
343
133
-63
-249
-423
-580
-726
-862
-983
-1090
-1177
-1236
-1271
-1269
-1230
-1154
-1045
-906
-745
-574
-405
-246
-108
7
86
131
150
139
106
59
3
-53
-112
-164
-213
-255
-289
-322
-351
-375
-392
-404
-405
-389
-355
-293
-197
-70
93
285
504
739
984
1218
1426
1600
1726
1795
1802
1748
1638
1478
1279
1052
809
564
328
101
-112
-301
-474
-631
-775
-908
-1028
-1137
-1227
-1294
-1331
-1333
-1299
-1227
-1113
-968
-799
-619
-433
-257
-106
16
100
147
157
133
87
19
-55
-132
-207
-265
-315
-348
-369
-385
-387
-388
-384
-375
-359
-329
-282
-211
-110
24
191
388
617
858
1105
1342
1551
1722
1836
1887
1875
1796
1658
1467
1239
984
721
459
208
-21
-224
-403
-559
-694
-816
-928
-1033
-1125
-1202
-1266
-1303
-1308
-1279
-1209
-1098
-951
-779
-591
-396
-213
-52
74
156
197
195
155
85
-6
-105
-201
-289
-356
-404
-436
-450
-449
-441
-431
-413
-389
-366
-330
-281
-207
-102
34
209
417
655
910
1167
1410
1625
1791
1898
1936
1901
1792
1617
1393
1132
851
565
291
43
-175
-359
-516
-643
-748
-842
-929
-1003
-1075
-1136
-1181
-1205
-1195
-1152
-1071
-948
-791
-606
-410
-216
-36
114
222
285
298
263
186
76
-49
-178
-303
-411
-495
-551
-580
-588
-573
-543
-505
-463
-420
-367
-305
-232
-137
-17
136
322
535
776
1026
1270
1494
1677
1810
1873
1863
1777
1621
1411
1147
855
560
270
5
-226
-419
-569
-682
-768
-827
-873
-910
-945
-977
-1005
-1025
-1021
-994
-937
-846
-718
-560
-382
-197
-13
147
272
354
385
363
293
184
49
-96
-243
-373
-475
-547
-588
-597
-572
-532
-475
-413
-348
-278
-210
-133
-42
64
196
355
541
751
968
1186
1388
1557
1675
1736
1724
1635
1475
1254
986
684
375
76
-200
-436
-631
-775
-872
-936
-962
-973
-970
-959
-955
-944
-931
-911
-870
-810
-723
-602
-457
-296
-125
40
187
308
385
413
391
321
212
74
-76
-227
-364
-475
-557
-598
-607
-584
-531
-460
-373
-278
-181
-81
25
137
261
397
553
724
907
1096
1276
1436
1560
1635
1651
1600
1480
1296
1055
773
464
151
-151
-428
-661
-848
-982
-1066
-1108
-1117
-1097
-1059
-1013
-960
-906
-849
-786
-717
-630
-531
-417
-286
-149
-4
129
246
336
386
398
362
287
178
44
-100
-245
-381
-490
-564
-609
-616
-585
-525
-440
-337
-226
-105
22
153
289
433
582
737
898
1056
1212
1350
1460
1534
1555
1523
1432
1282
1080
829
546
249
-52
-335
-592
-807
-974
-1092
-1160
-1182
-1169
-1127
-1065
-988
-902
-811
-718
-622
-522
-416
-303
-187
-66
54
165
265
340
382
395
365
299
202
77
-61
-205
-342
-462
-558
-623
-655
-647
-604
-532
-433
-315
-177
-24
135
303
476
652
826
997
1158
1300
1418
1502
1546
1543
1491
1382
1222
1017
771
494
202
-91
-368
-621
-837
-1010
-1134
-1208
-1239
-1230
-1188
-1119
-1030
-931
-822
-706
-587
-469
-352
-234
-114
3
107
201
280
329
351
343
304
237
144
33
-91
-215
-332
-437
-517
-572
-595
-585
-545
-469
-370
-245
-97
65
239
423
610
798
980
1148
1298
1420
1512
1562
1567
1522
1423
1275
1078
844
579
298
15
-265
-525
-754
-947
-1097
-1203
-1263
-1283
-1263
-1213
-1139
-1041
-931
-811
-682
-549
-412
-279
-149
-27
83
176
251
303
326
320
288
225
140
38
-75
-189
-299
-399
-481
-538
-570
-572
-542
-484
-400
-287
-150
5
177
360
554
752
946
1134
1301
1443
1552
1619
1636
1602
1511
1365
1170
932
660
368
71
-221
-495
-740
-949
-1118
-1242
-1320
-1357
-1356
-1321
-1258
-1169
-1061
-939
-807
-662
-516
-372
-228
-92
34
143
230
293
324
326
302
245
163
65
-47
-160
-271
-370
-454
-514
-549
-556
-534
-482
-402
-299
-170
-19
148
332
526
728
931
1123
1297
1447
1564
1643
1669
1642
1565
1428
1243
1018
756
473
182
-105
-379
-629
-842
-1019
-1154
-1245
-1297
-1310
-1293
-1246
-1175
-1084
-979
-860
-732
-598
-464
-331
-202
-87
14
94
152
188
197
177
137
77
-2
-91
-184
-274
-352
-417
-464
-486
-485
-458
-406
-323
-217
-89
65
236
420
613
806
999
1180
1339
1469
1563
1611
1613
1560
1454
1303
1108
877
627
362
94
-164
-404
-615
-790
-933
-1037
-1101
-1133
-1136
-1107
-1058
-992
-910
-818
-716
-605
-492
-380
-273
-176
-91
-24
22
45
49
27
-12
-65
-132
-200
-275
-342
-398
-445
-469
-474
-460
-423
-365
-281
-175
-52
93
257
435
618
809
1000
1181
1340
1472
1567
1618
1622
1574
1472
1321
1125
891
636
365
93
-164
-400
-605
-777
-909
-999
-1055
-1077
-1067
-1027
-968
-895
-807
-709
-608
-507
-402
-299
-206
-123
-52
0
31
40
27
-6
-62
-130
-207
-287
-370
-443
-503
-546
-566
-561
-530
-471
-391
-285
-159
-13
150
327
511
701
890
1068
1232
1378
1495
1572
1604
1590
1525
1406
1241
1034
790
525
249
-21
-281
-520
-720
-882
-1002
-1078
-1112
-1107
-1074
-1011
-928
-834
-728
-618
-513
-409
-310
-220
-145
-81
-34
-3
13
10
-10
-51
-112
-178
-256
-339
-418
-489
-546
-586
-605
-594
-555
-489
-393
-272
-126
39
226
423
623
830
1030
1215
1375
1507
1602
1650
1650
1600
1498
1345
1150
920
661
385
106
-163
-415
-641
-828
-972
-1073
-1134
-1149
-1126
-1075
-999
-904
-794
-678
-563
-452
-346
-251
-172
-107
-60
-33
-23
-32
-58
-100
-155
-224
-298
-376
-455
-524
-580
-623
-650
-649
-621
-567
-482
-365
-220
-49
143
357
582
812
1036
1248
1440
1595
1711
1778
1789
1745
1643
1486
1279
1036
768
482
191
-88
-346
-571
-760
-906
-1008
-1068
-1087
-1068
-1023
-952
-862
-757
-647
-537
-428
-330
-249
-177
-122
-87
-73
-76
-100
-145
-204
-279
-360
-447
-536
-618
-689
-746
-785
-803
-795
-762
-697
-600
-476
-322
-140
64
287
526
765
1000
1225
1424
1591
1713
1786
1805
1761
1664
1511
1308
1069
802
523
242
-30
-274
-484
-659
-791
-878
-923
-930
-902
-849
-773
-682
-581
-472
-371
-275
-186
-112
-54
-17
4
5
-15
-52
-103
-169
-247
-331
-421
-513
-599
-678
-740
-788
-816
-816
-785
-725
-633
-509
-357
-179
24
242
465
695
917
1119
1295
1434
1528
1571
1557
1492
1373
1204
1000
768
516
259
12
-218
-421
-586
-712
-799
-845
-850
-820
-761
-684
-589
-482
-371
-265
-166
-82
-11
45
77
95
97
79
50
4
-50
-110
-181
-255
-332
-411
-482
-547
-599
-636
-654
-642
-601
-533
-429
-295
-132
60
268
485
708
920
1115
1280
1403
1478
1499
1465
1376
1233
1042
818
566
302
38
-215
-444
-642
-802
-918
-996
-1028
-1019
-980
-907
-813
-703
-576
-450
-328
-213
-111
-21
52
101
130
140
135
110
73
23
-39
-107
-178
-252
-325
-393
-454
-505
-535
-545
-532
-489
-419
-316
-183
-19
173
384
607
834
1051
1249
1417
1543
1615
1628
1581
1474
1311
1094
842
565
275
-9
-281
-523
-726
-884
-994
-1056
-1074
-1049
-996
-916
-816
-709
-598
-488
-383
-293
-212
-143
-90
-49
-22
-7
-5
-15
-37
-70
-113
-169
-235
-306
-382
-457
-522
-573
-608
-615
-592
-538
-449
-321
-164
23
234
459
690
914
1124
1306
1448
1548
1593
1577
1504
1377
1200
983
738
478
216
-38
-271
-473
-639
-762
-839
-876
-871
-836
-769
-686
-590
-494
-405
-323
-255
-200
-161
-134
-115
-107
-106
-107
-116
-130
-150
-178
-213
-256
-307
-362
-425
-489
-545
-590
-619
-622
-593
-531
-428
-290
-120
84
307
539
766
978
1157
1296
1382
1410
1387
1299
1154
972
751
508
261
19
-201
-390
-543
-651
-720
-746
-733
-690
-626
-547
-457
-368
-282
-201
-136
-83
-40
-9
6
15
14
10
-3
-22
-45
-76
-114
-160
-215
-274
-341
-404
-462
-516
-551
-566
-555
-512
-437
-329
-189
-22
171
375
584
784
966
1115
1221
1277
1271
1205
1081
907
691
444
187
-69
-311
-517
-686
-809
-880
-904
-879
-817
-725
-609
-485
-360
-244
-141
-55
11
61
91
108
117
120
117
113
105
93
81
62
27
-19
-74
-137
-208
-279
-344
-398
-435
-447
-426
-368
-277
-148
11
195
395
596
794
974
1123
1231
1289
1292
1236
1122
955
749
513
257
-3
-252
-480
-673
-825
-929
-983
-992
-959
-889
-796
-684
-560
-441
-326
-223
-139
-74
-23
12
34
50
61
69
71
70
66
57
39
11
-31
-82
-142
-212
-277
-334
-377
-397
-385
-339
-255
-133
26
211
412
628
838
1030
1192
1312
1377
1385
1336
1225
1058
848
604
340
73
-185
-420
-621
-781
-891
-956
-973
-952
-899
-821
-726
-626
-531
-440
-361
-296
-241
-197
-162
-130
-100
-72
-42
-14
10
27
34
27
9
-30
-82
-146
-221
-291
-355
-405
-430
-422
-378
-297
-177
-21
159
362
574
782
972
1130
1249
1318
1328
1282
1176
1020
816
582
330
74
-169
-390
-574
-716
-814
-866
-873
-846
-791
-719
-636
-553
-476
-408
-352
-309
-273
-243
-212
-179
-141
-99
-55
-8
34
68
88
88
68
25
-36
-110
-195
-274
-342
-393
-413
-402
-354
-266
-143
12
190
383
579
767
936
1072
1167
1215
1208
1145
1028
868
672
451
220
-8
-222
-408
-561
-675
-744
-778
-776
-745
-696
-637
-574
-511
-456
-407
-362
-328
-297
-261
-224
-180
-127
-73
-11
48
102
142
164
167
147
103
38
-41
-126
-207
-275
-317
-332
-312
-254
-160
-31
125
299
481
658
823
962
1061
1117
1122
1075
978
837
657
450
233
19
-180
-359
-504
-611
-678
-711
-711
-687
-647
-600
-550
-504
-466
-434
-408
-384
-360
-330
-293
-246
-188
-123
-53
19
83
133
168
181
171
140
90
25
-42
-111
-166
-202
-216
-195
-142
-56
60
197
352
511
668
806
920
1000
1038
1031
977
877
739
568
373
175
-23
-205
-359
-483
-573
-626
-644
-639
-611
-575
-537
-496
-466
-445
-429
-420
-414
-405
-386
-355
-316
-259
-196
-131
-62
0
50
87
105
101
81
42
-3
-51
-99
-129
-140
-131
-88
-20
76
195
333
480
625
762
880
967
1019
1025
989
910
787
637
455
264
73
-112
-275
-409
-515
-585
-620
-629
-619
-594
-562
-531
-503
-481
-466
-456
-445
-430
-413
-386
-345
-294
-233
-171
-108
-50
-7
24
38
33
11
-26
-68
-113
-154
-179
-184
-171
-129
-55
42
160
297
445
595
734
856
954
1017
1044
1030
972
872
742
585
407
225
48
-121
-267
-384
-474
-539
-574
-587
-586
-571
-549
-532
-512
-492
-474
-452
-427
-395
-351
-300
-242
-176
-114
-58
-11
22
39
38
18
-15
-58
-106
-153
-195
-220
-227
-213
-171
-106
-17
91
211
341
470
595
705
798
861
894
892
855
785
682
552
401
241
77
-85
-233
-366
-469
-550
-608
-639
-647
-639
-613
-575
-531
-478
-424
-366
-306
-242
-177
-111
-46
15
66
108
138
154
154
138
111
75
28
-18
-61
-100
-126
-138
-134
-109
-65
-5
75
167
267
370
471
565
643
702
737
741
714
658
572
458
321
170
12
-145
-296
-435
-552
-643
-711
-752
-767
-762
-735
-690
-633
-562
-487
-402
-316
-234
-149
-68
3
64
111
150
175
186
187
178
165
148
127
108
94
85
85
94
108
134
168
210
262
319
379
442
501
554
600
627
638
628
592
532
446
340
211
67
-80
-228
-369
-495
-603
-682
-733
-757
-750
-718
-671
-604
-527
-447
-367
-292
-222
-162
-111
-70
-39
-18
-5
2
6
9
11
12
17
26
37
52
71
94
120
150
186
224
267
318
371
425
483
539
589
627
652
658
639
598
530
439
327
196
53
-97
-245
-381
-502
-599
-669
-710
-721
-703
-658
-595
-520
-435
-348
-266
-194
-133
-84
-48
-30
-22
-19
-21
-27
-34
-38
-40
-39
-36
-30
-20
-8
13
37
69
108
146
193
244
301
363
422
478
529
571
603
616
613
588
541
470
379
271
147
19
-111
-238
-352
-449
-524
-578
-605
-609
-588
-545
-491
-426
-361
-298
-240
-193
-154
-127
-110
-100
-100
-102
-104
-108
-104
-100
-89
-76
-59
-39
-17
7
34
67
103
141
184
231
282
336
388
436
483
517
541
551
540
515
470
410
338
248
152
55
-44
-135
-215
-282
-334
-370
-386
-385
-369
-342
-305
-264
-222
-182
-149
-125
-108
-98
-96
-102
-114
-128
-143
-157
-171
-182
-187
-186
-181
-172
-157
-139
-112
-82
-45
-3
40
94
146
198
253
302
347
387
413
429
432
423
398
362
316
260
196
132
66
6
-49
-97
-136
-168
-190
-202
-207
-202
-193
-180
-163
-146
-130
-120
-111
-105
-101
-103
-104
-108
-114
-118
-122
-127
-128
-126
-122
-116
-107
-97
-82
-65
-48
-23
3
32
61
93
126
156
184
208
228
243
253
255
248
236
218
197
171
143
112
83
55
28
9
-8
-24
-35
-46
-56
-66
-79
-90
-103
-117
-133
-148
-162
-178
-192
-201
-209
-214
-215
-212
-207
-198
-185
-169
-152
-136
-114
-89
-66
-37
-11
14
45
74
101
130
153
174
189
201
208
212
210
201
189
177
162
148
134
119
101
88
74
60
47
35
26
17
7
-2
-10
-20
-30
-39
-49
-57
-65
-72
-78
-86
-90
-92
-95
-96
-95
-94
-94
-95
-94
-93
-92
-90
-85
-79
-71
-62
-52
-37
-21
-6
7
22
35
47
55
65
71
76
83
87
90
91
92
97
99
98
98
96
89
78
67
53
34
16
-3
-24
-46
-67
-86
-100
-111
-119
-124
-121
-114
-103
-87
-73
-52
-34
-18
-1
12
23
30
34
36
38
36
36
33
28
26
20
13
7
1
-5
-12
-18
-22
-23
-24
-21
-10
2
18
36
56
74
90
107
119
129
135
135
133
124
114
100
81
60
35
9
-18
-46
-71
-96
-114
-130
-146
-158
-163
-161
-157
-149
-134
-118
-103
-85
-65
-47
-32
-18
-5
4
8
12
10
5
-1
-7
-14
-19
-24
-27
-24
-24
-17
-7
5
20
35
51
67
84
97
112
123
131
141
144
147
150
151
145
132
120
106
87
68
48
24
4
-15
-40
-60
-76
-90
-104
-115
-123
-128
-130
-126
-121
-110
-98
-85
-71
-58
-45
-36
-28
-23
-19
-16
-18
-22
-24
-25
-22
-17
-12
-6
1
11
19
30
39
47
54
61
63
64
66
66
70
75
76
81
82
84
87
83
81
77
66
56
42
25
10
-9
-24
-37
-52
-64
-74
-84
-87
-89
-88
-85
-84
-79
-71
-65
-57
-49
-44
-39
-34
-30
-25
-19
-14
-6
-1
3
6
10
13
11
12
9
5
4
0
-2
-1
1
6
13
19
27
34
40
45
46
51
54
52
47
42
32
24
15
6
-4
-17
-29
-37
-47
-55
-59
-63
-64
-63
-61
-59
-57
-50
-44
-37
-31
-21
-11
-2
10
21
31
43
53
57
61
65
66
64
58
47
36
21
6
-6
-17
-25
-29
-34
-32
-27
-22
-13
-2
6
13
20
22
24
22
16
14
9
3
-2
-6
-11
-16
-19
-22
-30
-35
-44
-53
-62
-73
-82
-87
-89
-89
-89
-85
-75
-63
-47
-28
-6
19
44
65
87
106
120
130
136
136
131
123
110
97
84
70
54
39
26
16
6
-1
-3
-6
-10
-13
-15
-15
-16
-16
-12
-9
-5
1
8
14
19
22
24
24
19
11
5
-7
-19
-31
-44
-58
-71
-80
-88
-95
-98
-98
-92
-85
-76
-65
-50
-34
-17
2
17
33
48
59
68
76
79
83
86
85
86
84
78
72
65
58
47
35
22
8
-4
-16
-24
-29
-31
-33
-30
-24
-16
-7
1
11
22
30
34
36
36
33
25
20
13
4
-6
-18
-27
-34
-41
-49
-55
-60
-62
-63
-64
-60
-55
-51
-46
-40
-29
-19
-8
3
13
25
36
46
55
60
68
73
74
74
69
61
52
43
31
20
11
2
-5
-11
-15
-14
-13
-10
-9
-6
-4
-1
2
4
5
4
1
-2
-8
-12
-19
-29
-38
-46
-52
-59
-66
-71
-74
-76
-77
-79
-80
-79
-74
-71
-65
-58
-49
-42
-30
-20
-11
0
7
16
26
30
35
37
40
37
31
28
25
22
20
15
12
11
10
10
11
13
15
19
20
21
24
27
32
34
36
33
30
29
25
19
13
7
-1
-10
-20
-30
-37
-45
-50
-57
-61
-67
-71
-73
-69
-69
-65
-61
-56
-48
-40
-33
-28
-18
-10
-6
0
4
10
19
25
31
35
38
40
41
43
40
37
36
34
31
27
21
17
13
9
7
6
5
5
4
4
6
7
8
9
7
6
5
4
4
-2
-5
-8
-11
-13
-17
-21
-25
-29
-30
-34
-36
-37
-41
-43
-44
-47
-48
-49
-49
-49
-44
-40
-35
-25
-13
-5
7
20
30
39
46
54
60
64
69
70
73
74
70
67
59
55
48
42
37
27
22
17
11
5
0
-5
-9
-11
-9
-8
-10
-6
-4
0
3
4
4
3
2
0
-6
-9
-15
-23
-29
-33
-40
-48
-53
-57
-60
-63
-62
-61
-57
-53
-48
-39
-30
-24
-12
-4
2
10
20
25
34
41
48
52
55
59
56
56
53
49
50
49
46
46
45
44
39
36
33
31
28
29
28
25
25
21
14
9
4
-2
-6
-12
-20
-27
-32
-37
-45
-50
-52
-57
-60
-63
-63
-60
-60
-57
-55
-51
-46
-41
-35
-31
-28
-23
-19
-17
-11
-5
-3
4
9
13
18
19
22
24
27
33
39
42
49
54
57
62
65
69
66
66
66
62
60
53
45
38
32
22
12
3
-7
-16
-26
-36
-40
-44
-50
-53
-54
-54
-54
-57
-54
-56
-58
-56
-55
-52
-49
-47
-45
-42
-38
-35
-34
-33
-30
-25
-20
-16
-13
-8
-5
-3
1
5
12
21
30
39
50
60
69
75
78
84
86
83
79
75
71
63
53
48
41
35
28
20
13
8
1
-6
-8
-11
-16
-20
-22
-24
-27
-29
-34
-42
-45
-52
-57
-59
-62
-63
-66
-65
-64
-64
-63
-64
-61
-57
-50
-45
-41
-33
-27
-19
-12
-2
6
15
28
38
48
56
64
70
73
73
71
69
65
60
55
50
46
44
39
37
32
30
29
26
23
23
23
24
22
22
22
19
17
12
6
-1
-10
-20
-29
-37
-43
-51
-55
-58
-57
-56
-56
-57
-56
-51
-51
-45
-39
-31
-25
-22
-18
-13
-6
-4
1
6
12
17
18
21
22
23
24
24
24
25
24
22
23
20
20
21
21
23
26
29
31
34
36
39
40
38
34
30
22
15
8
-2
-13
-18
-25
-34
-41
-44
-44
-42
-41
-40
-37
-36
-34
-31
-26
-21
-17
-16
-13
-9
-10
-11
-10
-10
-9
-8
-7
-9
-9
-7
-5
-3
-2
-2
-1
-2
-2
-1
4
5
7
13
17
22
27
27
28
29
31
31
27
26
26
21
17
16
11
8
3
-3
-8
-13
-16
-15
-16
-17
-17
-15
-13
-9
-5
-4
-1
-1
1
2
4
6
7
7
5
4
2
-2
-2
-3
-7
-10
-10
-11
-11
-12
-13
-14
-16
-19
-20
-20
-22
-19
-21
-22
-20
-22
-21
-17
-13
-8
-5
3
9
13
18
20
27
29
27
26
24
22
20
15
13
11
10
6
3
0
-4
-8
-12
-13
-12
-11
-9
-7
-4
0
4
9
12
19
26
27
29
33
32
34
38
35
31
28
22
14
4
-6
-18
-30
-40
-47
-55
-59
-63
-64
-59
-57
-55
-45
-37
-28
-16
-5
8
16
23
29
29
31
33
32
32
28
22
17
10
2
-5
-14
-20
-27
-31
-32
-32
-25
-21
-16
-6
2
13
23
33
44
55
64
71
77
83
86
83
80
68
56
46
31
15
-1
-15
-29
-43
-55
-65
-72
-78
-82
-79
-75
-67
-56
-48
-39
-26
-17
-7
4
12
19
23
23
22
19
14
7
-1
-9
-19
-26
-32
-39
-41
-43
-41
-39
-35
-27
-18
-10
0
11
24
34
43
52
60
65
72
76
75
73
66
57
45
33
21
9
-2
-15
-27
-36
-44
-50
-55
-56
-54
-53
-49
-43
-37
-30
-24
-18
-11
-6
-2
2
1
-3
-5
-9
-13
-18
-24
-29
-34
-39
-40
-43
-42
-41
-37
-32
-28
-22
-17
-10
-5
0
9
17
24
32
40
44
47
50
49
50
48
43
38
35
29
24
20
15
11
10
6
5
5
4
7
11
13
16
20
23
23
25
25
21
18
16
13
7
0
-6
-11
-16
-19
-24
-27
-30
-32
-33
-33
-31
-31
-29
-29
-29
-29
-29
-27
-24
-19
-16
-11
-7
-4
0
2
4
7
12
13
17
20
21
23
24
24
24
25
27
29
27
29
31
34
37
40
44
47
51
52
53
55
53
52
50
48
43
38
35
30
21
17
12
5
-1
-3
-8
-13
-16
-23
-29
-34
-42
-48
-52
-57
-60
-62
-64
-65
-63
-60
-55
-50
-44
-37
-29
-22
-15
-6
3
8
12
16
18
22
21
21
23
27
28
29
34
36
39
45
47
50
54
56
58
61
62
64
64
62
59
53
52
46
37
33
28
23
18
12
4
-6
-14
-24
-30
-38
-48
-54
-58
-62
-66
-68
-68
-69
-70
-67
-63
-58
-53
-46
-39
-33
-30
-24
-20
-19
-17
-16
-14
-12
-9
-9
-4
0
2
7
12
20
28
34
42
48
54
59
59
59
60
56
53
49
44
39
31
26
20
14
9
6
-1
-7
-9
-12
-15
-18
-22
-22
-23
-25
-26
-27
-30
-33
-34
-35
-35
-34
-33
-35
-35
-38
-39
-44
-50
-55
-59
-62
-65
-66
-65
-63
-57
-49
-40
-27
-15
-2
11
24
37
47
56
63
65
68
68
66
62
53
44
32
23
14
1
-9
-17
-25
-33
-42
-46
-48
-47
-44
-43
-38
-30
-26
-21
-15
-7
0
2
2
6
7
4
1
-2
-9
-15
-23
-33
-42
-49
-56
-61
-65
-66
-66
-64
-59
-53
-48
-38
-27
-17
-5
10
24
38
49
59
67
72
72
71
65
59
51
41
31
21
6
-6
-15
-26
-38
-43
-49
-55
-53
-54
-52
-49
-43
-36
-27
-18
-11
-2
6
14
22
27
34
36
34
34
30
25
21
14
6
1
-4
-8
-13
-17
-19
-20
-22
-21
-18
-13
-6
-2
5
16
23
29
37
43
50
52
54
54
53
52
46
41
35
28
20
10
1
-12
-21
-30
-38
-44
-47
-51
-53
-48
-43
-36
-27
-18
-11
-3
7
16
24
33
38
46
49
52
53
51
50
47
44
40
36
33
27
22
15
8
7
3
-1
-3
-7
-8
-8
-5
-2
1
7
13
16
19
22
25
27
30
30
28
26
21
14
8
3
-3
-10
-16
-23
-29
-37
-40
-39
-40
-36
-33
-31
-27
-23
-20
-14
-5
2
7
14
16
18
23
26
30
31
33
33
34
32
29
28
24
22
18
13
11
3
-5
-9
-13
-14
-16
-20
-21
-23
-22
-19
-18
-13
-6
-4
0
3
5
4
3
4
4
1
-2
-6
-10
-13
-13
-16
-19
-18
-18
-21
-20
-19
-20
-17
-12
-11
-13
-9
-7
-4
2
8
12
18
23
26
30
34
35
37
37
38
39
33
29
22
15
8
0
-6
-12
-16
-19
-23
-26
-25
-25
-24
-19
-17
-13
-8
-6
-4
-2
-4
-4
-2
0
1
-3
-3
0
-1
-2
-3
-3
-3
-2
-2
-4
-5
-5
-4
0
1
1
1
5
7
8
11
13
16
21
24
23
24
26
25
22
18
14
10
6
4
1
-2
-1
-5
-8
-6
-7
-8
-4
-1
2
6
6
10
14
12
15
14
13
16
13
13
11
12
12
10
11
11
13
14
13
15
16
14
13
15
16
14
13
10
14
14
12
13
7
4
5
0
-2
-5
-7
-12
-17
-18
-23
-27
-27
-33
-32
-32
-33
-29
-28
-27
-25
-23
-20
-15
-13
-8
-7
-5
-4
-6
-5
-6
-9
-10
-10
-12
-12
-14
-18
-17
-16
-17
-14
-13
-12
-6
-5
-1
2
5
12
16
18
22
21
24
24
21
20
15
11
9
2
-2
-8
-15
-19
-26
-29
-31
-36
-35
-35
-36
-32
-32
-28
-26
-25
-19
-12
-6
-2
1
4
7
8
8
8
8
8
7
3
2
-1
-4
-8
-12
-11
-11
-12
-12
-10
-6
-4
-1
7
11
15
20
24
29
32
33
36
34
31
30
25
22
17
11
5
-2
-6
-13
-21
-28
-32
-36
-38
-37
-36
-33
-32
-29
-25
-22
-20
-16
-10
-2
6
11
16
19
21
23
24
24
22
22
21
15
12
8
3
0
-5
-6
-6
-7
-7
-7
-6
-5
-3
1
5
9
14
19
20
22
24
26
26
26
25
22
20
17
15
11
6
1
-2
-7
-11
-14
-17
-20
-20
-20
-17
-14
-11
-6
-3
1
6
11
18
24
25
29
33
34
36
34
32
30
24
19
15
8
2
-1
-3
-8
-14
-17
-23
-23
-23
-22
-22
-21
-21
-20
-17
-15
-14
-9
-9
-7
-4
-4
-1
-1
-2
-3
-4
-6
-11
-14
-14
-15
-16
-19
-22
-22
-23
-21
-16
-12
-9
-6
-4
2
6
11
17
20
24
26
30
30
29
28
28
30
29
26
25
22
23
22
20
21
16
14
13
10
9
5
0
-4
-8
-11
-11
-14
-18
-22
-26
-25
-26
-27
-27
-25
-25
-28
-27
-25
-24
-22
-19
-17
-14
-10
-9
-8
-3
0
3
5
3
4
4
5
5
3
3
3
2
2
3
4
9
11
11
16
17
23
26
28
32
33
35
35
33
33
30
28
25
23
17
10
2
-7
-12
-18
-25
-31
-37
-37
-37
-41
-41
-41
-37
-34
-30
-24
-21
-15
-9
-6
-1
4
6
10
13
11
12
12
8
5
3
0
-2
-2
-6
-7
-5
-7
-4
-4
-4
-1
2
6
9
12
14
16
18
20
24
22
22
21
17
15
11
5
0
-5
-9
-15
-21
-27
-32
-34
-37
-37
-37
-37
-33
-30
-26
-22
-16
-12
-7
-2
0
6
8
8
9
8
8
9
10
9
7
6
5
6
6
9
8
9
9
9
10
9
7
8
9
7
5
5
7
6
8
5
2
-1
-1
-4
-8
-8
-9
-11
-15
-19
-21
-20
-20
-21
-18
-18
-17
-14
-12
-11
-9
-5
-2
-2
2
2
3
4
7
9
9
7
9
10
11
11
13
13
15
20
20
21
20
24
28
29
28
27
26
24
23
18
14
13
7
0
-4
-9
-12
-14
-17
-18
-20
-22
-22
-22
-24
-23
-23
-19
-19
-17
-13
-13
-9
-4
-1
1
0
3
6
7
7
6
6
5
4
3
-1
-1
1
-1
-2
0
3
5
8
9
9
13
15
17
21
25
25
28
29
28
28
23
21
15
14
12
5
1
-2
-5
-8
-13
-17
-23
-26
-29
-33
-32
-31
-30
-28
-28
-26
-23
-20
-17
-13
-9
-6
-4
-1
4
6
8
8
10
11
10
13
13
11
12
11
12
11
9
8
5
8
9
10
12
12
14
15
15
17
17
18
19
18
18
18
16
15
10
8
3
-1
-4
-6
-12
-17
-22
-27
-30
-35
-38
-42
-42
-43
-42
-43
-44
-40
-36
-32
-27
-23
-20
-12
-6
-2
4
9
13
20
23
24
25
25
24
24
21
18
18
15
13
11
10
9
5
7
6
3
4
5
10
11
14
18
19
20
20
19
17
18
16
13
9
7
3
-4
-10
-14
-20
-25
-28
-33
-38
-41
-43
-47
-49
-49
-46
-42
-37
-32
-26
-19
-13
-7
-3
3
9
14
17
19
22
23
25
26
26
23
23
23
19
18
18
15
15
14
14
16
16
15
18
19
19
19
19
20
20
25
25
25
23
20
19
14
12
10
6
3
-2
-8
-13
-17
-22
-23
-26
-28
-28
-30
-27
-29
-30
-26
-24
-20
-19
-19
-16
-13
-7
-7
-6
-3
-1
-1
-3
-5
-4
-5
-6
-4
-6
-6
-6
-5
-6
-6
-4
-2
3
6
10
14
16
21
23
26
29
31
33
34
33
32
35
34
29
30
25
22
20
12
7
5
1
-1
-4
-5
-9
-12
-11
-11
-12
-12
-10
-8
-7
-7
-7
-7
-8
-9
-8
-10
-11
-11
-14
-15
-16
-16
-17
-18
-19
-17
-18
-21
-17
-14
-11
-7
-4
-4
-1
1
1
5
6
9
15
16
19
20
20
19
18
19
16
14
13
9
7
4
2
2
-1
-4
-4
-7
-8
-9
-10
-9
-8
-7
-5
-9
-9
-7
-8
-8
-7
-7
-8
-6
-8
-12
-11
-13
-15
-16
-18
-19
-18
-19
-18
-17
-16
-15
-12
-9
-10
-5
-1
1
4
9
15
17
22
28
26
28
31
30
29
30
27
28
25
21
20
13
10
8
4
4
2
1
-1
-2
-4
-7
-6
-5
-8
-8
-9
-9
-12
-15
-17
-18
-19
-20
-20
-21
-20
-20
-19
-20
-20
-20
-16
-15
-14
-12
-10
-7
-6
-4
0
7
10
11
14
15
20
22
21
25
26
26
28
26
27
29
29
28
26
25
24
22
21
19
16
13
12
8
4
1
-4
-8
-11
-15
-15
-18
-23
-25
-24
-27
-29
-30
-31
-31
-30
-29
-26
-25
-23
-20
-17
-13
-11
-8
-6
-6
-4
1
1
2
6
6
9
12
12
13
14
15
16
19
22
23
24
26
28
27
28
27
25
25
26
28
29
27
27
24
20
14
11
9
3
-4
-8
-13
-17
-22
-26
-29
-35
-39
-42
-45
-46
-46
-45
-43
-41
-38
-34
-33
-29
-24
-21
-17
-12
-10
-7
-3
1
4
6
8
9
10
11
10
13
13
12
12
10
13
17
17
19
17
18
20
19
22
22
23
25
24
20
20
20
18
15
13
11
9
5
4
-1
-7
-10
-15
-18
-21
-22
-21
-23
-22
-24
-24
-22
-21
-17
-14
-13
-11
-10
-9
-4
-2
2
4
5
8
8
9
12
14
14
16
16
14
10
10
10
8
9
10
10
10
10
10
10
10
11
12
9
6
4
3
5
3
2
-1
-3
-5
-9
-11
-12
-16
-19
-21
-23
-24
-24
-24
-24
-24
-25
-24
-24
-24
-24
-23
-21
-21
-19
-17
-15
-11
-10
-9
-5
-6
-7
-3
0
3
5
6
7
10
10
13
15
16
17
17
19
20
22
22
24
23
21
22
22
20
18
16
14
13
12
11
10
7
7
5
4
4
3
5
4
4
2
-1
1
1
1
2
-1
-3
-5
-7
-8
-8
-7
-9
-10
-9
-10
-9
-10
-9
-10
-6
-6
-7
-5
-2
1
1
2
4
4
8
9
9
10
10
11
9
10
8
7
5
4
4
6
5
1
-2
-3
-4
-4
-5
-4
-4
-7
-7
-6
-6
-6
-7
-9
-9
-8
-9
-9
-9
-11
-10
-10
-11
-13
-12
-14
-14
-14
-14
-12
-11
-11
-10
-8
-8
-6
-5
-4
-4
-2
-1
0
2
5
4
6
6
6
9
8
10
10
10
12
10
11
12
11
10
10
10
11
9
8
7
7
8
7
5
3
4
-1
-1
-2
-3
-5
-7
-7
-9
-10
-11
-11
-13
-13
-14
-14
-12
-13
-12
-10
-9
-8
-5
-5
-3
-3
-3
-3
-3
-3
-2
0
0
1
1
3
6
5
7
10
11
11
14
14
14
16
16
16
18
19
19
19
18
16
16
16
13
13
10
8
3
1
-1
-3
-5
-5
-9
-8
-9
-12
-9
-11
-11
-8
-10
-9
-7
-10
-9
-7
-7
-6
-7
-8
-9
-8
-10
-7
-7
-8
-6
-7
-5
-4
-3
0
0
1
3
4
5
6
5
8
8
9
10
12
12
12
13
13
14
12
11
8
8
9
7
6
5
1
0
-2
-4
-5
-8
-8
-9
-10
-10
-13
-13
-13
-13
-12
-13
-14
-13
-12
-12
-11
-10
-9
-7
-7
-6
-4
-1
2
4
4
5
7
7
8
8
12
13
16
18
17
20
21
21
19
20
19
19
21
21
20
23
22
20
19
17
15
13
14
12
9
9
5
2
1
-2
-6
-6
-11
-15
-15
-15
-19
-20
-22
-25
-25
-25
-25
-27
-29
-27
-26
-25
-23
-21
-19
-17
-14
-14
-13
-12
-10
-6
-3
1
1
3
2
4
5
6
8
7
9
11
11
11
11
12
12
13
12
15
14
12
12
11
12
13
12
14
12
8
8
6
2
-1
-3
-4
-8
-8
-12
-13
-13
-16
-17
-17
-18
-19
-19
-19
-19
-16
-15
-13
-10
-7
-7
-4
-3
0
5
9
12
13
14
14
14
16
17
16
13
14
13
11
11
9
8
5
3
2
1
-1
-3
-2
-3
-6
-4
-6
-6
-7
-8
-9
-9
-8
-9
-10
-11
-10
-10
-12
-12
-12
-15
-17
-17
-18
-21
-20
-20
-19
-16
-16
-15
-12
-10
-9
-8
-6
-2
1
5
6
9
11
11
14
15
17
20
21
20
19
16
16
19
18
17
16
15
12
10
9
9
10
10
8
8
8
9
7
5
5
7
5
2
2
1
2
1
-1
2
1
-1
-4
-3
-2
-6
-8
-7
-8
-9
-8
-6
-4
-3
-2
-1
-4
-1
3
2
3
7
8
9
11
10
7
8
6
8
7
6
6
4
5
4
4
3
3
4
-1
-3
-3
-3
-2
-5
-6
-5
-7
-7
-6
-10
-11
-8
-9
-7
-4
-6
-5
-6
-7
-6
-5
-5
-4
-2
-4
-4
-3
-5
-5
-6
-5
-4
-1
-4
-4
-1
-3
-2
-3
-5
-5
-5
-4
-8
-6
-6
-10
-8
-9
-6
-4
-3
-3
-1
-1
-1
2
3
5
6
6
7
5
4
4
6
3
4
4
-1
-1
-2
-6
-7
-6
-7
-6
-8
-9
-6
-5
-7
-5
-6
-6
-2
-1
-1
1
1
2
5
4
6
6
5
6
7
4
2
1
0
-2
-3
-4
-4
-4
-2
1
-1
1
-1
2
4
5
7
9
9
9
9
7
6
7
8
7
7
5
3
1
-1
-1
-1
-2
-2
-6
-7
-8
-7
-6
-5
-2
-2
-1
3
3
6
6
6
8
10
12
11
11
13
15
13
11
11
10
10
4
3
1
-4
-2
-2
-2
-1
-1
-3
-3
-2
-2
0
2
2
1
1
0
2
2
-1
-1
-1
-3
-2
-2
-1
-4
-5
-6
-9
-10
-11
-10
-10
-11
-11
-13
-12
-13
-12
-11
-12
-9
-6
-5
-2
0
-2
-1
-1
-2
-3
-3
-4
-5
-4
-4
-5
-5
-6
-5
-5
-7
-6
-6
-6
-3
-2
-1
2
4
3
5
7
5
4
5
5
9
10
10
11
10
9
7
7
6
6
8
6
6
8
7
6
6
5
8
9
8
7
8
8
9
8
5
4
3
1
1
0
2
0
-3
-2
-3
-6
-6
-5
-4
-6
-5
-3
-2
-1
-1
-2
0
0
5
6
3
3
3
2
5
3
2
1
-1
-1
-2
-2
-1
-3
-4
-4
-3
-3
-4
-2
-3
0
1
-1
0
-1
-1
2
2
3
3
3
5
6
5
5
4
1
-2
-2
-3
-2
-2
-2
-2
-6
-3
-4
-5
-3
-1
0
3
3
5
7
7
8
8
6
8
11
12
12
12
13
11
12
12
9
6
3
4
2
2
4
0
1
2
-1
-2
-5
-3
-4
-3
-4
-3
0
-1
0
2
0
0
-1
-6
-7
-8
-10
-7
-9
-7
-9
-12
-11
-14
-14
-15
-14
-11
-11
-8
-9
-8
-4
-6
-6
-5
-4
-3
0
-2
-4
-1
0
1
4
5
4
2
3
6
5
8
9
6
5
4
2
0
1
3
4
6
5
1
3
5
4
5
3
1
1
-1
0
0
-2
0
-1
-2
-4
-4
-4
-5
-2
-1
-2
-2
-2
-2
-1
-1
1
1
2
5
5
7
6
5
6
6
10
10
11
8
8
9
6
9
9
5
7
8
7
3
1
-2
-3
-3
-3
-2
-3
-6
-5
-6
-9
-9
-8
-8
-9
-9
-12
-13
-11
-12
-12
-9
-8
-9
-12
-11
-12
-13
-10
-7
-6
-6
-3
-1
-1
-2
0
0
2
1
4
7
6
6
7
6
6
9
7
7
9
7
3
0
0
0
-1
0
0
1
-1
-2
-1
0
-1
2
2
2
4
1
2
1
0
3
2
0
-1
-1
-2
-4
-5
-8
-8
-8
-8
-10
-11
-12
-13
-13
-15
-14
-12
-10
-7
-6
-7
-5
-3
-1
-1
1
4
7
10
10
12
13
11
13
10
11
11
11
9
8
8
7
8
7
5
4
3
6
5
5
6
6
5
6
7
3
1
2
-1
0
1
-2
-3
-5
-7
-9
-9
-11
-10
-12
-13
-16
-16
-17
-16
-13
-14
-13
-12
-11
-9
-7
-4
-2
-2
2
2
6
8
8
13
15
18
20
16
16
17
15
14
13
16
12
12
12
9
7
6
7
6
4
5
3
1
1
0
-1
-3
-2
-3
-5
-2
-4
-7
-8
-10
-10
-9
-11
-10
-9
-8
-7
-7
-7
-6
-6
-6
-5
-3
-3
0
4
5
9
10
13
15
15
16
18
19
19
20
19
18
18
15
14
13
10
6
5
3
5
4
1
0
0
-3
-2
-4
-6
-5
-5
-8
-7
-7
-7
-7
-9
-9
-11
-8
-10
-12
-11
-11
-10
-11
-13
-12
-10
-10
-13
-13
-13
-12
-11
-10
-7
-6
-3
-2
0
0
2
5
4
7
9
9
12
11
14
14
14
14
12
8
4
8
8
6
6
4
6
6
4
1
0
-1
1
4
3
4
6
2
3
3
3
3
5
4
4
4
1
-1
-3
-3
-3
-3
-3
-4
-4
-5
-9
-9
-9
-7
-7
-7
-6
-6
-4
-3
-6
-6
-5
-4
-3
0
0
1
4
0
1
3
3
1
0
0
-4
-4
-3
-6
-3
-2
-3
-6
-7
-7
-6
-7
-6
-8
-7
-4
-5
-7
-7
-7
-8
-7
-8
-7
-4
-4
-5
-7
-8
-9
-9
-11
-12
-10
-9
-8
-10
-11
-11
-9
-9
-9
-9
-8
-7
-8
-8
-7
-3
-1
-1
0
2
2
1
-1
0
3
5
7
8
8
6
5
7
3
6
5
7
8
8
9
6
7
6
5
8
10
10
10
11
10
10
11
8
8
8
8
8
5
5
7
6
4
6
7
5
3
1
-4
-2
-2
0
-2
-2
0
0
-2
-3
-1
0
-1
-1
2
3
6
8
5
5
9
7
7
7
8
10
7
5
4
3
3
4
6
5
6
4
2
1
1
0
1
2
2
2
3
0
-2
-4
-2
-2
-4
-3
-6
-4
-4
-2
-3
-5
-5
-4
-7
-9
-8
-6
-5
-5
-4
-2
-1
0
0
-3
0
1
0
5
2
3
3
0
0
-1
-2
-2
-3
1
-1
-1
0
-1
0
-2
-2
-1
-2
-2
2
1
0
1
-1
-1
-2
-1
-1
-3
0
1
-1
-4
-2
-1
-5
-3
-7
-5
-6
-7
-4
-5
-8
-5
-7
-9
-7
-5
-5
-3
1
2
3
5
5
5
6
4
2
4
4
5
8
6
7
7
2
2
4
4
3
4
3
3
3
2
4
2
0
3
-1
3
4
1
2
1
2
1
0
3
2
2
1
-1
-1
-4
-6
-4
-2
-1
1
-1
1
1
-1
0
-1
-2
-2
-1
-1
-2
-1
-1
0
1
-4
-6
-5
-7
-8
-7
-9
-10
-7
-10
-9
-6
-7
-9
-8
-8
-4
-3
-3
2
3
1
0
0
1
2
4
4
4
6
4
4
6
5
4
3
3
3
2
0
0
-1
0
0
0
-2
-3
0
-3
-3
-3
-3
-2
-4
-5
-3
-6
-7
-5
-4
-2
-2
-4
-1
0
-1
-1
0
0
1
3
3
6
8
8
7
9
8
6
7
7
5
7
8
4
4
3
3
3
1
1
1
-2
-1
-2
-2
0
2
0
1
1
1
1
-1
3
2
4
4
3
4
0
2
0
-1
-3
-4
-7
-8
-7
-7
-7
-6
-7
-5
-9
-10
-10
-11
-9
-8
-7
-6
-4
-3
-1
2
-1
0
2
1
5
7
7
9
10
12
9
8
6
6
8
6
2
4
6
1
2
-1
1
3
1
5
5
4
4
2
3
3
3
5
5
4
8
7
7
7
4
6
4
3
3
3
5
4
1
5
2
1
3
2
1
0
-1
1
1
0
1
0
0
-1
-2
0
-1
-1
-1
-3
-1
-2
-1
0
-1
0
2
1
-2
-2
-3
-5
-6
-4
-5
-7
-4
-4
-4
-6
-5
-2
-2
-3
-5
-6
-3
-4
-3
-4
-2
0
-1
-2
0
-2
-5
-3
-4
-3
-6
-5
-2
-4
-4
-1
-2
-5
-6
-4
-4
-4
-4
-2
2
1
0
-1
-1
-1
0
1
2
1
-1
1
1
-2
1
2
2
4
1
0
1
0
2
2
3
3
2
4
5
6
9
9
9
8
4
4
3
3
4
2
3
3
2
0
-1
-1
-2
-4
-6
-6
-7
