4
8
8
10
11
14
14
17
19
19
18
17
19
15
17
19
18
20
19
18
18
20
17
17
20
20
21
19
17
18
15
14
12
11
9
6
3
0
-9
-13
-17
-20
-21
-25
-28
-30
-35
-36
-35
-32
-30
-30
-27
-22
-16
-12
-7
1
7
7
13
16
20
22
24
28
29
27
25
23
21
17
12
7
7
3
1
0
-1
-3
-5
-5
-3
-5
-6
-4
-4
-2
-3
-3
-1
-1
-3
1
1
2
1
-2
-1
-4
-5
-6
-10
-13
-14
-14
-13
-14
-13
-12
-12
-10
-7
-5
-3
-1
1
3
5
6
7
8
7
8
6
6
4
3
5
5
4
2
3
-1
-1
-1
-3
-5
-6
-4
-1
0
2
3
5
5
4
8
10
11
13
14
13
15
13
13
11
9
6
5
4
3
1
4
2
1
0
-2
-3
-3
-6
-8
-6
-5
-4
-2
-2
2
3
2
1
2
0
2
4
2
3
3
0
1
0
-2
-2
-2
-2
0
4
6
6
9
9
9
11
12
12
10
8
7
6
3
3
1
-2
-4
-6
-9
-11
-13
-17
-20
-23
-24
-29
-29
-30
-32
-28
-27
-25
-22
-21
-17
-15
-15
-13
-12
-12
-9
-7
-6
-4
-5
-3
-2
-1
-4
-4
-1
1
-2
2
5
5
7
6
7
11
12
9
10
14
18
21
22
23
21
19
19
21
22
22
19
19
16
13
11
8
6
4
1
-1
-3
-7
-7
-9
-12
-12
-14
-15
-15
-14
-15
-16
-16
-13
-7
-6
-4
0
-1
1
4
6
6
8
8
5
6
5
2
3
3
3
3
3
2
1
2
1
-1
1
0
-2
1
2
4
3
0
1
1
1
4
4
5
6
6
6
7
7
6
7
5
4
6
4
4
0
-2
-2
-5
-6
-8
-10
-10
-14
-14
-14
-14
-14
-14
-15
-15
-14
-14
-14
-13
-11
-8
-8
-6
-6
-6
-7
-7
-9
-9
-9
-11
-12
-10
-13
-11
-12
-12
-9
-9
-4
-6
-4
-2
-2
0
2
4
3
4
6
6
7
7
8
9
7
6
7
4
4
4
0
0
-1
-1
-2
-3
-6
-9
-7
-8
-9
-6
-3
0
2
2
3
6
9
9
12
16
19
21
20
21
25
25
26
26
27
29
27
29
28
25
24
20
18
16
13
12
8
4
3
0
2
-2
-3
-1
-2
-2
-4
-4
-2
-4
-5
-8
-8
-8
-9
-10
-10
-12
-13
-14
-16
-15
-15
-14
-18
-17
-17
-17
-16
-17
-13
-12
-10
-7
-7
-4
-3
-1
2
1
2
3
3
2
0
0
0
-2
-2
-4
-4
-2
-2
-3
-3
-2
-3
-2
0
0
1
-1
-2
0
-1
-4
-2
-1
-3
-4
-7
-7
-6
-5
-6
-10
-10
-12
-13
-11
-11
-11
-9
-9
-6
-4
-2
0
4
10
12
15
16
19
26
23
23
26
23
24
26
27
26
26
27
28
26
24
23
23
22
17
16
15
11
9
8
5
2
1
-1
-2
-3
-2
-3
-4
-7
-6
-7
-9
-8
-8
-12
-15
-17
-19
-21
-19
-22
-22
-24
-25
-23
-23
-26
-26
-24
-21
-20
-20
-18
-15
-11
-9
-8
-3
0
1
3
4
4
3
2
-2
-2
-5
-7
-10
-11
-12
-13
-12
-14
-14
-12
-10
-6
-5
-5
0
-3
-1
4
3
8
10
10
15
16
14
16
17
16
18
18
12
8
9
9
5
4
5
3
1
2
4
6
4
4
8
10
10
15
17
15
15
17
17
16
15
16
14
12
12
9
8
6
4
2
-2
-2
-3
-5
-4
-4
-5
-3
-3
-4
-3
-4
-4
-3
-2
-2
-1
-2
-2
-1
-5
-8
-5
-5
-9
-8
-8
-8
-7
-10
-10
-9
-9
-7
-6
-4
-5
-4
-3
-3
-3
-3
-1
0
-2
-1
0
1
3
0
1
0
-2
-4
-9
-7
-8
-8
-5
-5
-6
-4
-5
-4
-2
-2
2
2
3
6
7
7
8
9
9
9
12
12
13
13
13
12
9
8
7
3
1
0
-1
-4
-7
-4
-5
-9
-9
-7
-8
-5
-6
-5
-1
0
5
6
6
7
6
4
5
5
3
2
5
2
2
4
1
0
-2
-1
-1
-1
0
4
9
7
7
8
10
7
8
7
5
7
5
6
2
0
1
-2
-4
-5
-5
-7
-7
-5
-7
-5
-6
-6
-4
-1
-1
-2
-1
0
2
3
3
3
0
2
0
-3
-4
-4
-4
-4
-4
-2
-3
-5
-5
-3
-4
-3
1
4
7
5
6
9
8
8
11
13
13
15
15
16
17
16
16
14
7
6
6
4
2
-2
-4
-5
-7
-6
-7
-7
-9
-8
-11
-12
-11
-15
-15
-15
-15
-15
-17
-17
-18
-16
-11
-14
-10
-9
-6
-3
-4
-5
-1
1
1
7
10
10
13
15
15
13
12
13
12
12
12
13
14
13
13
12
9
6
3
2
3
2
0
1
3
0
1
-2
-4
-4
-7
-7
-7
-11
-12
-11
-13
-12
-12
-12
-12
-10
-7
-6
-6
-5
-7
-6
-6
-3
-1
-1
-1
2
3
5
8
9
9
8
7
7
3
2
2
-2
2
0
1
4
3
5
7
6
5
8
9
8
8
7
8
9
10
11
6
7
5
5
2
-3
-5
-7
-11
-15
-21
-27
-28
-30
-29
-25
-23
-19
-15
-15
-15
-18
-20
-21
-21
-18
-13
-8
-4
1
7
10
8
8
6
0
-2
-5
-9
-8
-8
-7
-5
-1
4
5
9
13
16
19
24
26
26
25
25
23
23
24
21
17
15
12
8
3
-3
-9
-12
-19
-23
-24
-29
-31
-30
-30
-27
-23
-19
-14
-10
-6
-1
1
3
9
10
12
13
16
16
13
13
14
15
12
12
11
9
10
7
7
6
6
7
9
10
12
17
22
24
26
25
27
28
25
26
26
26
25
20
14
11
6
-3
-8
-16
-24
-31
-36
-42
-45
-46
-49
-50
-49
-49
-46
-43
-40
-38
-33
-31
-27
-22
-19
-16
-14
-11
-6
-3
0
3
3
4
7
11
15
19
21
22
24
30
31
32
35
38
39
40
41
40
40
37
31
27
23
14
10
6
-3
-10
-14
-18
-27
-32
-37
-42
-44
-47
-50
-50
-52
-47
-43
-37
-32
-28
-24
-20
-13
-11
-9
-6
-4
2
2
4
6
6
10
12
15
18
17
19
19
19
20
19
23
24
23
26
25
28
28
27
26
28
27
21
19
16
11
8
5
3
-3
-8
-11
-14
-16
-21
-23
-23
-25
-24
-23
-25
-22
-19
-18
-12
-12
-11
-10
-10
-11
-11
-12
-13
-12
-12
-13
-13
-10
-6
-6
-1
5
9
14
14
17
20
22
25
29
28
30
36
37
39
42
40
40
40
39
36
32
29
24
18
15
8
1
-3
-11
-13
-18
-25
-28
-32
-36
-41
-41
-41
-47
-44
-44
-42
-40
-36
-31
-29
-28
-23
-22
-20
-19
-18
-13
-9
-4
3
6
9
14
20
22
26
28
28
28
28
25
25
23
21
23
21
20
19
17
14
11
12
12
8
6
5
2
-3
-3
-3
-6
-6
-7
-5
-3
-2
1
1
2
3
0
1
-3
-6
-5
-8
-10
-11
-10
-11
-12
-12
-13
-14
-11
-11
-11
-9
-9
-8
-9
-6
1
4
6
9
9
12
16
17
18
21
21
22
22
22
21
21
19
18
20
17
15
16
14
14
12
10
10
10
6
4
2
-2
-3
-5
-7
-10
-13
-15
-17
-19
-20
-21
-20
-17
-17
-21
-22
-21
-20
-17
-17
-17
-16
-14
-11
-11
-9
-9
-7
-6
-6
-1
3
3
1
1
3
3
3
3
2
3
4
4
4
4
7
5
5
4
3
4
4
3
3
5
5
6
7
8
12
14
13
15
14
13
13
13
14
13
10
9
9
10
9
6
6
4
3
2
-1
0
-2
-4
-8
-11
-15
-17
-18
-22
-23
-24
-25
-24
-25
-26
-26
-24
-23
-22
-16
-14
-10
-5
-5
-1
1
3
8
12
12
15
15
17
21
22
24
23
21
19
18
15
12
10
6
2
-4
-9
-12
-15
-16
-16
-17
-16
-13
-12
-10
-10
-13
-12
-12
-13
-11
-12
-11
-11
-11
-10
-11
-9
-4
-5
-4
-3
-3
-2
1
1
-2
-2
1
4
8
9
12
12
10
11
11
12
12
14
16
15
18
18
18
17
14
14
12
8
9
9
7
8
9
5
3
3
1
-2
-4
-6
-10
-15
-16
-18
-19
-20
-21
-20
-22
-24
-22
-21
-21
-22
-21
-19
-20
-16
-9
-7
-5
-2
1
3
7
12
17
22
28
33
34
35
40
42
44
45
45
46
43
44
45
41
39
35
34
31
24
21
16
9
4
-1
-4
-11
-15
-17
-24
-28
-32
-34
-37
-38
-38
-38
-37
-35
-32
-30
-27
-25
-22
-21
-23
-20
-16
-15
-10
-5
-4
-2
0
3
4
2
5
6
10
12
11
13
11
11
14
16
14
15
15
16
15
14
12
8
7
6
4
3
1
2
3
0
-2
-5
-6
-5
-3
-5
-5
-5
-7
-10
-11
-13
-15
-18
-19
-20
-21
-22
-25
-25
-26
-29
-27
-26
-24
-21
-19
-16
-15
-14
-12
-12
-11
-6
-2
1
3
7
12
16
20
25
29
33
32
37
39
39
41
41
40
39
37
36
33
28
24
22
16
14
12
8
6
4
2
-1
-10
-13
-16
-20
-23
-26
-26
-24
-22
-21
-22
-21
-23
-23
-21
-22
-20
-18
-17
-13
-12
-12
-11
-8
-6
-8
-6
-2
0
7
10
11
13
14
15
15
12
11
11
14
16
15
15
13
9
11
11
8
5
4
4
3
3
0
0
0
-2
-4
-6
-8
-9
-10
-9
-8
-9
-8
-8
-6
-8
-7
-11
-13
-10
-10
-11
-11
-9
-6
-7
-8
-11
-15
-15
-14
-14
-10
-10
-11
-9
-7
-7
-5
-4
0
2
2
5
8
10
14
16
19
19
22
25
28
31
31
29
29
30
27
24
21
16
15
14
9
7
2
-4
-2
-6
-10
-11
-11
-10
-11
-13
-15
-15
-14
-15
-15
-15
-14
-11
-11
-12
-14
-16
-19
-17
-14
-14
-11
-8
-9
-5
-4
0
5
4
6
10
13
16
18
18
16
19
20
18
15
14
17
13
14
14
9
9
5
1
1
-2
-5
-6
-6
-8
-10
-10
-10
-10
-9
-12
-16
-19
-18
-18
-19
-21
-22
-22
-22
-19
-16
-19
-15
-15
-14
-8
-7
-5
-6
-5
-1
-1
2
3
3
5
7
10
11
14
16
14
14
13
12
13
11
11
10
10
9
6
5
4
4
6
6
8
7
7
7
5
6
4
2
2
0
0
-2
-3
-4
-7
-6
-11
-13
-12
-15
-16
-17
-16
-17
-16
-16
-19
-18
-15
-16
-14
-12
-10
-5
-1
3
3
9
12
12
15
13
13
15
16
15
15
14
13
15
15
14
15
9
6
4
2
2
1
-1
-2
-4
-6
-9
-10
-12
-16
-18
-18
-20
-20
-19
-19
-19
-19
-21
-20
-17
-18
-15
-13
-12
-9
-6
-3
-3
-1
0
0
1
1
3
8
11
13
16
16
15
18
16
13
13
7
5
4
5
6
4
6
7
8
7
4
3
5
5
7
5
3
2
0
2
3
2
0
0
2
1
2
1
-5
-6
-8
-13
-15
-16
-16
-18
-17
-13
-11
-6
-4
0
3
2
3
6
8
9
12
15
19
20
22
25
24
23
24
22
20
18
19
18
20
18
17
14
13
15
13
8
7
7
4
4
1
2
-1
-5
-2
-2
-3
-6
-7
-6
-7
-5
-6
-8
-11
-11
-12
-14
-14
-14
-14
-14
-17
-16
-16
-17
-16
-17
-18
-14
-14
-15
-16
-16
-16
-15
-15
-14
-11
-12
-11
-7
-7
-8
-7
-5
-6
-6
-5
-5
-3
-1
1
6
7
8
10
11
11
14
13
14
16
15
18
18
18
20
21
21
22
21
18
17
17
17
17
13
13
11
5
5
2
-3
-5
-8
-9
-10
-11
-10
-7
-8
-4
-2
-1
1
2
2
4
3
6
5
4
3
4
7
5
4
4
3
1
0
-2
-3
-4
-5
-3
-3
-3
-3
-4
-4
-3
-2
0
1
3
7
6
5
7
9
10
11
8
5
1
0
-3
-5
-7
-11
-14
-15
-17
-19
-24
-27
-26
-28
-32
-33
-31
-30
-28
-25
-24
-22
-18
-17
-15
-14
-9
-4
-1
4
5
6
9
10
13
16
17
18
19
20
22
23
24
27
30
28
30
31
28
28
24
23
20
17
15
11
9
6
2
1
0
-1
-3
-7
-12
-13
-14
-18
-17
-18
-19
-22
-25
-24
-24
-24
-21
-18
-17
-15
-10
-7
-7
-4
-2
-1
1
-1
1
1
0
5
9
10
11
10
8
7
8
10
7
8
8
10
12
11
11
13
15
15
16
15
15
16
13
9
7
5
6
6
4
3
2
0
0
0
1
-3
-6
-9
-11
-16
-18
-17
-19
-21
-23
-25
-24
-25
-25
-22
-17
-15
-12
-10
-8
-4
-1
2
6
11
10
10
15
15
17
15
18
19
16
16
17
19
19
16
14
11
9
8
8
6
4
3
-1
-5
-6
-8
-9
-10
-13
-12
-12
-17
-15
-12
-14
-15
-16
-17
-17
-14
-15
-15
-14
-15
-12
-9
-10
-7
-8
-8
-7
-5
-4
-3
1
4
6
6
7
11
10
8
6
7
6
5
4
1
1
2
2
4
3
3
4
7
8
6
6
6
8
8
6
8
6
6
5
4
4
4
4
2
2
0
-1
0
-3
-5
-7
-8
-7
-8
-9
-8
-9
-10
-9
-11
-7
-6
-4
-1
0
1
3
6
8
9
12
17
17
17
17
17
17
18
17
17
17
13
13
10
9
9
5
2
1
2
-2
-3
-7
-9
-10
-14
-15
-17
-19
-17
-16
-16
-15
-15
-17
-15
-12
-13
-11
-9
-8
-7
-2
0
-2
3
2
1
4
5
7
5
5
7
7
7
7
7
5
6
4
3
6
2
2
6
4
3
3
0
-3
-4
-5
-4
-5
-4
-3
-4
-4
-3
-4
-3
-4
-4
-4
-2
-3
-3
-2
-3
-2
-2
0
1
2
5
5
5
5
4
5
6
8
8
9
8
7
6
4
1
-1
2
1
-1
3
3
5
5
5
8
6
4
5
5
2
2
5
6
4
5
3
1
0
-1
-6
-9
-11
-11
-16
-18
-17
-22
-22
-21
-21
-23
-23
-20
-16
-10
-6
-6
-1
5
7
8
10
12
14
16
19
22
22
22
28
27
22
22
22
18
16
14
14
11
11
9
6
4
0
6
3
0
0
-3
-1
-2
-3
-6
-9
-11
-12
-11
-11
-11
-14
-14
-15
-16
-17
-20
-21
-17
-15
-13
-12
-11
-7
-4
-4
-2
2
1
2
3
6
7
8
12
13
14
13
11
16
17
15
15
13
10
8
8
3
4
7
6
5
4
7
5
8
8
8
6
6
7
8
8
6
5
3
2
1
-1
-4
-3
-4
-6
-6
-10
-10
-8
-9
-11
-12
-12
-9
-12
-10
-6
-6
-5
-3
-1
-2
-1
1
1
1
0
3
2
1
1
1
0
0
0
-2
-4
-7
-9
-11
-14
-14
-13
-14
-16
-16
-13
-15
-16
-16
-14
-13
-13
-10
-10
-10
-8
-9
-7
-7
-6
-4
0
1
4
6
5
9
9
10
12
13
16
16
16
19
20
21
19
18
16
14
12
15
16
14
11
8
8
4
1
-3
-3
-7
-6
-4
-5
-8
-7
-8
-10
-10
-10
-8
-7
-8
-7
-7
-7
-7
-6
-7
-9
-12
-11
-9
-10
-12
-15
-16
-15
-14
-12
-10
-9
-11
-12
-15
-13
-10
-11
-8
-6
-3
-2
-1
3
6
10
14
15
17
20
21
28
29
30
31
31
33
35
38
39
38
36
34
34
31
29
26
22
20
18
12
8
4
-1
-3
-6
-9
-13
-14
-14
-18
-20
-22
-24
-25
-27
-30
-29
-30
-31
-35
-38
-38
-40
-41
-42
-44
-43
-42
-40
-39
-38
-39
-37
-35
-29
-26
-22
-20
-18
-16
-14
-11
-7
-5
-2
-1
3
6
8
13
15
16
18
21
26
30
31
35
37
40
44
47
50
55
56
58
62
63
66
67
66
67
64
62
60
57
55
49
42
38
31
26
21
14
9
6
-2
-5
-11
-21
-23
-28
-36
-41
-50
-56
-62
-70
-75
-81
-88
-95
-98
-102
-105
-108
-112
-111
-112
-112
-109
-107
-104
-98
-92
-88
-82
-72
-62
-52
-42
-29
-17
-4
9
21
34
48
63
77
93
109
125
138
150
164
171
182
193
200
204
205
206
207
207
206
200
190
179
166
153
137
118
99
79
58
36
16
-8
-31
-53
-76
-98
-121
-142
-161
-181
-198
-216
-232
-247
-260
-269
-276
-285
-291
-292
-290
-288
-288
-283
-276
-267
-254
-241
-225
-206
-186
-165
-141
-118
-94
-67
-41
-14
13
41
72
104
132
160
190
217
246
273
297
320
342
363
379
395
405
412
420
422
419
414
405
397
381
362
341
311
282
250
216
178
141
102
59
15
-26
-69
-113
-156
-196
-237
-276
-311
-346
-377
-404
-431
-453
-472
-487
-497
-506
-512
-513
-512
-506
-493
-475
-457
-433
-405
-374
-341
-307
-270
-230
-187
-142
-96
-52
-6
42
86
129
176
220
264
306
346
385
419
453
482
507
528
544
558
568
573
572
567
556
542
520
495
468
435
396
357
311
262
213
159
106
53
5
-44
-95
-143
-191
-238
-282
-323
-360
-394
-425
-452
-471
-484
-495
-503
-508
-510
-508
-505
-496
-485
-469
-450
-431
-408
-383
-354
-325
-292
-256
-224
-189
-153
-118
-81
-44
-7
26
60
93
122
153
183
209
233
258
281
298
316
330
344
359
369
378
381
386
389
390
393
393
393
390
382
375
361
347
328
310
290
262
235
206
175
146
114
83
51
19
-13
-48
-81
-118
-153
-186
-217
-246
-275
-300
-323
-346
-366
-389
-406
-420
-434
-445
-454
-462
-464
-464
-464
-460
-452
-439
-427
-410
-390
-366
-339
-311
-282
-250
-214
-178
-136
-94
-50
-3
41
89
136
179
223
271
316
359
402
440
476
509
537
564
587
607
624
635
639
639
633
620
601
578
550
515
477
433
385
335
282
226
167
110
48
-12
-65
-119
-171
-221
-267
-310
-350
-386
-419
-448
-473
-496
-511
-527
-539
-547
-554
-559
-556
-554
-549
-538
-523
-506
-488
-468
-445
-416
-382
-348
-313
-276
-239
-201
-162
-123
-84
-48
-11
23
57
90
119
150
180
210
241
271
297
324
349
373
397
419
437
456
472
484
493
503
510
515
519
517
514
507
498
485
468
449
425
397
367
332
291
248
202
155
107
55
3
-54
-107
-161
-217
-269
-321
-369
-414
-457
-498
-533
-565
-592
-616
-636
-648
-660
-666
-665
-660
-650
-634
-615
-591
-560
-527
-492
-453
-410
-366
-320
-271
-221
-165
-109
-50
10
67
123
182
239
296
354
410
466
521
572
620
664
703
735
764
787
803
813
813
803
785
760
728
685
641
592
538
479
416
353
285
215
147
78
11
-53
-117
-177
-234
-285
-338
-388
-433
-475
-514
-547
-574
-596
-618
-634
-647
-658
-661
-664
-664
-657
-643
-625
-603
-575
-544
-512
-478
-439
-400
-357
-315
-271
-227
-187
-144
-101
-61
-23
18
54
89
127
158
190
224
258
292
324
356
390
421
449
477
508
536
559
583
608
628
645
658
667
665
666
658
641
625
603
575
542
503
463
414
358
298
233
168
96
25
-40
-114
-189
-260
-332
-398
-461
-524
-583
-636
-682
-724
-760
-791
-815
-832
-840
-837
-830
-821
-807
-785
-758
-727
-693
-652
-606
-560
-506
-450
-393
-331
-271
-203
-135
-69
1
72
144
215
285
356
420
486
549
609
666
719
769
809
842
869
890
906
915
914
909
896
876
851
816
772
726
674
618
560
492
423
350
275
199
121
44
-33
-108
-180
-251
-320
-383
-445
-503
-554
-602
-649
-687
-718
-746
-766
-785
-799
-807
-809
-804
-794
-777
-758
-735
-707
-677
-641
-602
-559
-514
-466
-415
-365
-315
-263
-210
-160
-115
-72
-25
19
61
103
140
179
216
253
295
333
370
405
434
466
495
525
557
583
610
635
655
675
694
709
720
727
730
732
729
721
704
678
646
605
558
508
451
388
323
251
173
96
13
-72
-155
-239
-316
-392
-463
-523
-578
-626
-666
-702
-735
-757
-770
-778
-781
-777
-771
-761
-743
-718
-696
-671
-641
-610
-571
-532
-490
-445
-402
-356
-306
-258
-208
-158
-109
-62
-18
25
68
107
142
177
212
247
279
312
345
375
406
437
469
500
534
573
607
642
676
708
735
757
776
792
798
802
798
787
769
742
707
667
617
560
498
429
358
281
203
122
38
-45
-128
-209
-289
-366
-440
-512
-575
-634
-692
-743
-783
-815
-846
-866
-882
-892
-894
-888
-877
-862
-841
-815
-782
-745
-702
-654
-605
-552
-498
-441
-383
-324
-262
-199
-139
-78
-20
34
90
142
189
233
274
315
349
382
417
451
480
514
546
571
604
634
657
685
707
732
754
771
785
794
794
791
783
766
746
718
683
637
584
527
464
396
326
253
176
98
19
-61
-138
-215
-289
-362
-433
-494
-554
-609
-656
-703
-742
-772
-798
-819
-833
-841
-844
-838
-827
-812
-793
-764
-730
-692
-651
-600
-547
-490
-431
-372
-315
-254
-194
-134
-74
-19
36
89
138
185
224
266
304
336
366
396
421
445
468
489
508
528
549
567
583
597
612
625
636
644
652
660
662
664
658
651
635
614
589
557
523
479
427
374
317
254
188
120
46
-29
-106
-180
-258
-333
-406
-473
-538
-597
-651
-699
-739
-775
-804
-827
-842
-848
-845
-838
-826
-805
-781
-750
-714
-677
-634
-588
-539
-484
-428
-370
-311
-249
-188
-123
-59
5
67
128
182
232
280
323
359
391
417
440
458
472
484
492
497
501
505
510
514
516
520
523
527
531
537
541
544
546
544
540
531
518
502
481
458
427
394
357
315
271
223
172
117
56
-1
-63
-127
-187
-247
-306
-361
-412
-462
-506
-547
-580
-608
-631
-650
-662
-671
-679
-681
-679
-674
-658
-640
-622
-594
-565
-533
-494
-454
-410
-364
-315
-267
-215
-162
-107
-51
-1
48
97
142
187
228
269
302
329
353
370
385
395
400
405
411
409
408
408
406
402
396
391
388
388
389
386
385
384
384
381
378
375
369
361
343
328
308
284
257
227
194
159
121
82
41
-1
-49
-97
-144
-191
-236
-281
-323
-360
-393
-426
-450
-467
-486
-496
-507
-514
-518
-520
-516
-513
-506
-491
-475
-455
-436
-409
-382
-354
-320
-285
-248
-208
-169
-128
-84
-42
0
42
84
124
160
194
226
258
281
297
314
325
327
330
329
325
322
317
307
302
296
289
282
275
269
261
256
255
252
256
265
270
274
278
276
271
268
255
238
218
194
169
144
115
88
57
25
-7
-40
-74
-110
-145
-183
-222
-252
-281
-308
-331
-351
-369
-384
-395
-405
-409
-412
-413
-409
-404
-393
-384
-369
-352
-338
-322
-303
-285
-265
-238
-213
-185
-151
-115
-74
-37
-1
37
70
101
129
155
179
201
219
232
243
250
254
253
251
247
243
241
242
244
248
249
252
255
257
256
251
245
237
231
225
221
217
215
217
216
214
207
193
175
152
133
109
84
57
27
-1
-35
-71
-108
-147
-186
-220
-246
-267
-276
-282
-282
-279
-281
-290
-312
-350
-398
-452
-505
-544
-560
-551
-506
-435
-351
-264
-183
-118
-72
-50
-47
-50
-60
-62
-50
-29
0
38
72
100
118
123
121
119
122
133
160
202
258
321
380
422
437
424
382
317
232
145
72
17
-6
5
47
118
204
292
368
428
463
465
442
396
329
255
185
119
68
33
10
2
6
16
26
29
28
13
-17
-65
-132
-215
-310
-405
-493
-569
-616
-632
-617
-567
-493
-402
-302
-202
-121
-62
-30
-23
-45
-93
-146
-206
-265
-305
-322
-315
-283
-229
-161
-88
-18
44
91
123
136
133
121
107
91
85
90
110
146
193
252
316
377
432
471
490
490
473
441
403
364
326
302
290
293
310
341
372
400
422
432
426
403
365
314
253
185
118
51
-13
-67
-112
-155
-190
-222
-255
-290
-329
-372
-419
-465
-512
-552
-582
-601
-604
-592
-568
-530
-483
-429
-373
-321
-277
-243
-216
-196
-182
-172
-164
-151
-134
-111
-81
-48
-14
20
52
77
99
114
128
138
138
138
135
129
127
130
136
148
175
216
269
334
404
470
530
579
611
625
621
605
578
550
522
498
480
469
462
451
436
412
370
315
249
168
80
-9
-101
-187
-267
-341
-411
-478
-537
-591
-643
-687
-724
-753
-771
-779
-776
-761
-741
-712
-673
-625
-571
-511
-445
-381
-320
-263
-213
-167
-126
-94
-72
-56
-40
-27
-12
7
29
50
74
99
118
137
152
160
167
173
189
207
235
273
318
373
432
493
557
618
679
733
781
827
861
891
916
931
932
917
889
842
780
704
611
504
388
262
132
1
-131
-267
-402
-531
-652
-765
-870
-962
-1040
-1102
-1149
-1178
-1196
-1201
-1186
-1160
-1120
-1061
-987
-903
-805
-701
-593
-484
-380
-283
-196
-123
-63
-18
17
37
50
60
65
69
76
85
97
110
122
136
154
173
194
220
251
286
332
387
452
527
606
691
782
874
967
1055
1137
1207
1261
1296
1309
1294
1256
1193
1100
982
842
687
521
350
173
-1
-168
-328
-475
-615
-747
-870
-985
-1092
-1188
-1270
-1337
-1386
-1411
-1412
-1383
-1332
-1262
-1173
-1070
-957
-841
-727
-615
-507
-407
-314
-234
-167
-110
-66
-30
-1
20
36
49
64
72
80
88
96
105
113
125
141
158
183
217
261
318
385
462
547
645
747
851
959
1067
1172
1274
1369
1453
1519
1563
1577
1552
1490
1390
1251
1074
871
647
413
179
-52
-267
-460
-637
-795
-936
-1063
-1176
-1277
-1368
-1444
-1507
-1550
-1572
-1569
-1536
-1473
-1380
-1262
-1123
-971
-810
-652
-500
-366
-254
-165
-102
-65
-49
-51
-64
-82
-100
-114
-121
-123
-113
-99
-79
-52
-26
0
26
51
82
117
162
216
283
362
457
562
681
805
933
1062
1185
1306
1419
1523
1612
1682
1729
1749
1732
1678
1584
1453
1285
1083
859
620
373
131
-105
-332
-537
-724
-893
-1041
-1172
-1283
-1373
-1446
-1497
-1524
-1528
-1508
-1461
-1390
-1292
-1175
-1042
-900
-752
-608
-478
-363
-271
-203
-157
-138
-141
-158
-190
-231
-275
-315
-355
-386
-409
-426
-434
-431
-418
-394
-358
-308
-246
-171
-79
28
146
274
409
552
694
835
975
1109
1236
1354
1465
1571
1669
1764
1846
1914
1960
1976
1954
1888
1773
1611
1400
1148
860
551
238
-70
-360
-621
-847
-1036
-1190
-1310
-1401
-1471
-1523
-1565
-1588
-1599
-1596
-1570
-1517
-1436
-1320
-1178
-1012
-824
-629
-443
-272
-129
-23
39
57
40
-14
-96
-198
-304
-410
-504
-579
-635
-671
-684
-681
-660
-627
-589
-538
-477
-407
-318
-218
-104
31
180
348
525
704
885
1061
1224
1376
1514
1641
1753
1852
1941
2017
2080
2120
2129
2103
2034
1918
1753
1540
1282
985
665
337
14
-297
-581
-828
-1037
-1207
-1339
-1437
-1504
-1548
-1578
-1592
-1592
-1578
-1549
-1501
-1424
-1324
-1202
-1052
-887
-714
-537
-371
-224
-110
-29
12
17
-14
-75
-163
-263
-366
-470
-564
-639
-692
-725
-736
-726
-695
-644
-579
-503
-418
-320
-213
-99
29
166
314
469
628
791
950
1110
1267
1416
1564
1701
1830
1950
2056
2138
2191
2204
2172
2088
1948
1757
1511
1218
898
559
223
-100
-396
-656
-875
-1051
-1189
-1294
-1371
-1429
-1472
-1504
-1523
-1534
-1530
-1508
-1468
-1400
-1307
-1187
-1044
-887
-717
-547
-387
-245
-131
-53
-9
-6
-39
-101
-189
-288
-392
-493
-576
-643
-685
-700
-687
-652
-596
-524
-442
-351
-252
-144
-32
92
220
355
497
640
787
935
1085
1237
1384
1541
1697
1849
1993
2122
2224
2287
2301
2257
2147
1972
1737
1450
1117
764
410
64
-252
-532
-772
-965
-1120
-1241
-1334
-1409
-1474
-1530
-1578
-1617
-1645
-1653
-1633
-1582
-1494
-1369
-1211
-1024
-825
-619
-420
-243
-98
7
65
79
53
-9
-99
-201
-308
-412
-503
-576
-625
-649
-652
-639
-609
-567
-517
-455
-381
-296
-203
-99
19
149
287
433
585
741
899
1055
1213
1370
1522
1675
1815
1949
2069
2158
2219
2237
2205
2115
1963
1754
1495
1193
866
526
188
-130
-427
-686
-904
-1086
-1234
-1352
-1444
-1515
-1570
-1613
-1639
-1647
-1637
-1598
-1535
-1440
-1309
-1154
-975
-782
-586
-396
-226
-87
22
87
110
97
50
-25
-120
-224
-327
-429
-518
-588
-640
-671
-682
-668
-634
-584
-514
-429
-335
-225
-106
21
158
304
453
607
762
917
1072
1227
1378
1533
1685
1831
1971
2093
2189
2251
2262
2216
2108
1938
1709
1426
1105
758
404
57
-268
-551
-799
-1003
-1162
-1286
-1381
-1452
-1508
-1556
-1593
-1619
-1635
-1627
-1592
-1528
-1427
-1291
-1128
-940
-735
-529
-329
-154
-13
89
143
152
117
45
-56
-172
-298
-418
-522
-608
-667
-702
-714
-701
-672
-630
-579
-519
-448
-370
-279
-175
-55
78
225
383
552
723
895
1068
1232
1393
1547
1697
1843
1980
2107
2212
2283
2315
2294
2219
2080
1875
1612
1303
959
596
233
-116
-436
-718
-958
-1152
-1306
-1423
-1513
-1582
-1633
-1675
-1703
-1713
-1705
-1669
-1603
-1506
-1373
-1206
-1012
-803
-584
-370
-174
-8
120
201
233
221
170
83
-27
-148
-274
-393
-496
-579
-637
-673
-688
-679
-655
-617
-562
-494
-412
-316
-207
-84
56
209
375
546
720
899
1071
1244
1417
1585
1747
1900
2044
2165
2261
2317
2326
2280
2167
1990
1757
1469
1143
791
427
72
-260
-560
-820
-1033
-1205
-1339
-1445
-1529
-1597
-1651
-1693
-1723
-1732
-1718
-1674
-1593
-1472
-1312
-1122
-911
-685
-458
-249
-65
83
185
238
241
198
118
12
-110
-238
-358
-466
-555
-622
-672
-701
-716
-715
-702
-679
-643
-590
-522
-433
-323
-186
-27
147
337
534
732
925
1106
1278
1437
1589
1732
1873
2013
2146
2263
2358
2411
2413
2353
2218
2014
1747
1418
1043
650
257
-115
-451
-745
-994
-1193
-1349
-1470
-1564
-1642
-1709
-1767
-1813
-1845
-1850
-1822
-1751
-1636
-1477
-1277
-1050
-801
-543
-299
-81
97
227
306
332
309
244
146
27
-102
-230
-342
-447
-531
-598
-655
-693
-724
-745
-752
-749
-726
-683
-616
-517
-388
-229
-45
161
381
605
826
1038
1242
1434
1611
1779
1940
2095
2240
2364
2459
2514
2512
2447
2307
2096
1816
1479
1103
707
310
-66
-409
-707
-960
-1166
-1329
-1463
-1574
-1668
-1754
-1830
-1887
-1924
-1930
-1895
-1818
-1690
-1514
-1296
-1051
-791
-531
-289
-78
84
195
257
268
234
161
66
-42
-150
-250
-340
-415
-480
-539
-589
-635
-682
-720
-754
-772
-766
-731
-659
-546
-395
-210
5
238
479
716
942
1148
1334
1505
1661
1810
1961
2119
2277
2418
2536
2614
2630
2567
2421
2189
1878
1501
1085
653
227
-167
-516
-807
-1040
-1228
-1379
-1507
-1620
-1726
-1835
-1937
-2023
-2081
-2095
-2056
-1954
-1785
-1555
-1279
-976
-666
-371
-116
82
218
292
303
262
189
99
1
-89
-169
-237
-294
-346
-399
-463
-541
-629
-721
-806
-882
-927
-931
-887
-787
-634
-435
-198
58
322
578
812
1020
1202
1362
1509
1651
1800
1964
2139
2319
2488
2627
2705
2708
2623
2438
2163
1809
1395
957
519
108
-258
-567
-817
-1017
-1179
-1319
-1455
-1592
-1735
-1881
-2016
-2123
-2185
-2181
-2107
-1954
-1725
-1440
-1119
-784
-467
-189
33
185
276
309
289
240
172
106
48
-3
-43
-80
-125
-188
-274
-386
-520
-668
-817
-946
-1040
-1083
-1069
-994
-856
-665
-437
-187
63
304
526
718
886
1040
1184
1331
1493
1678
1887
2112
2341
2549
2715
2806
2806
2701
2491
2190
1814
1389
953
534
151
-180
-456
-681
-872
-1045
-1215
-1394
-1588
-1790
-1987
-2153
-2270
-2319
-2287
-2169
-1965
-1694
-1378
-1042
-717
-422
-178
7
131
205
238
246
241
231
220
206
183
146
83
-9
-136
-293
-472
-657
-835
-986
-1096
-1156
-1157
-1104
-999
-850
-677
-483
-282
-87
107
297
486
678
877
1080
1292
1514
1740
1966
2183
2390
2564
2691
2757
2742
2643
2462
2202
1879
1514
1128
747
386
62
-226
-482
-716
-937
-1156
-1374
-1593
-1809
-2007
-2163
-2261
-2293
-2241
-2110
-1917
-1671
-1391
-1101
-821
-562
-341
-158
-13
102
193
259
314
355
378
376
345
281
180
47
-117
-296
-480
-659
-813
-936
-1023
-1067
-1067
-1032
-967
-877
-764
-635
-488
-316
-126
82
308
540
777
1009
1234
1444
1643
1832
2004
2172
2330
2473
2588
2653
2650
2563
2388
2133
1807
1433
1032
629
251
-88
-388
-651
-886
-1107
-1321
-1532
-1738
-1935
-2102
-2225
-2289
-2279
-2189
-2029
-1814
-1556
-1280
-1004
-739
-506
-302
-132
10
135
246
342
423
478
498
481
423
317
178
7
-182
-373
-555
-709
-838
-933
-992
-1016
-1010
-979
-928
-854
-761
-642
-485
-301
-88
151
398
650
895
1119
1325
1512
1679
1837
1999
2165
2333
2491
2611
2671
2645
2526
2311
2014
1655
1264
866
490
152
-146
-408
-649
-885
-1125
-1372
-1623
-1862
-2071
-2229
-2319
-2327
-2247
-2094
-1883
-1636
-1379
-1125
-895
-687
-498
-328
-165
-10
141
284
405
494
534
524
460
345
197
24
-154
-323
-478
-608
-713
-796
-862
-915
-955
-978
-979
-951
-886
-781
-629
-433
-204
50
314
570
807
1018
1206
1376
1539
1702
1879
2075
2283
2483
2650
2752
2765
2672
2478
2197
1860
1492
1119
775
465
189
-62
-314
-581
-867
-1174
-1488
-1781
-2033
-2221
-2323
-2339
-2268
-2124
-1934
-1722
-1511
-1309
-1126
-954
-775
-583
-373
-150
75
281
449
567
611
583
493
355
193
31
-120
-245
-349
-439
-525
-616
-718
-833
-941
-1038
-1099
-1109
-1065
-956
-796
-597
-366
-122
118
347
561
756
942
1125
1316
1518
1728
1952
2178
2389
2570
2690
2732
2682
2534
2310
2033
1727
1414
1112
829
558
290
18
-270
-577
-899
-1216
-1510
-1760
-1945
-2056
-2094
-2070
-1996
-1889
-1764
-1634
-1502
-1366
-1218
-1044
-838
-601
-344
-88
148
338
465
519
508
445
347
243
142
59
-7
-68
-134
-221
-334
-475
-632
-784
-915
-1008
-1046
-1020
-936
-807
-653
-488
-320
-161
-9
145
303
477
668
877
1092
1315
1536
1743
1937
2107
2239
2331
2364
2334
2238
2085
1888
1662
1426
1183
943
699
444
181
-97
-390
-689
-979
-1244
-1473
-1653
-1778
-1851
-1875
-1863
-1824
-1765
-1691
-1599
-1493
-1361
-1203
-1017
-804
-577
-347
-132
46
182
267
298
294
275
244
226
215
197
176
133
60
-47
-176
-318
-455
-567
-645
-675
-661
-608
-528
-437
-347
-260
-173
-80
20
137
276
427
589
759
928
1089
1245
1395
1538
1673
1794
1876
1917
1902
1825
1698
1537
1356
1169
988
810
628
434
223
-3
-244
-496
-740
-963
-1156
-1306
-1409
-1468
-1497
-1500
-1488
-1471
-1444
-1404
-1347
-1266
-1159
-1023
-864
-688
-509
-341
-198
-91
-23
11
19
20
27
46
64
76
69
40
-13
-94
-185
-273
-348
-400
-431
-442
-436
-416
-387
-360
-330
-296
-251
-187
-100
5
125
255
377
494
614
732
859
1009
1179
1359
1537
1687
1790
1827
1790
1688
1549
1401
1259
1141
1038
934
811
649
441
191
-80
-351
-598
-805
-969
-1091
-1180
-1249
-1318
-1385
-1454
-1515
-1546
-1540
-1487
-1383
-1242
-1073
-894
-722
-566
-435
-325
-231
-152
-82
-21
39
94
135
151
148
119
64
-7
-80
-150
-207
-254
-297
-336
-370
-402
-427
-445
-448
-432
-398
-337
-251
-147
-31
91
217
342
472
620
786
980
1199
1428
1640
1817
1935
1979
1960
1896
1803
1705
1615
1524
1415
1270
1071
817
521
209
-96
-373
-613
-819
-1002
-1169
-1337
-1498
-1646
-1774
-1865
-1906
-1898
-1839
-1737
-1610
-1470
-1319
-1160
-994
-816
-622
-420
-226
-59
80
184
256
306
338
366
385
391
382
350
292
219
133
42
-46
-125
-193
-249
-294
-331
-355
-372
-373
-355
-314
-242
-155
-56
51
161
283
427
598
805
1047
1307
1559
1770
1921
1999
2007
1972
1922
1873
1829
1777
1693
1551
1340
1073
767
450
152
-114
-358
-592
-824
-1063
-1301
-1531
-1733
-1890
-1996
-2047
-2044
-2003
-1936
-1851
-1749
-1624
-1468
-1276
-1059
-824
-593
-391
-223
-90
13
105
203
300
396
472
512
507
456
376
280
182
97
25
-39
-99
-158
-222
-286
-341
-382
-396
-374
-327
-254
-161
-59
50
168
309
481
690
938
1207
1472
1701
1868
1960
1988
1970
1936
1911
1897
1874
1812
1682
1473
1194
882
570
282
38
-188
-416
-661
-929
-1212
-1473
-1693
-1854
-1949
-1992
-1997
-1982
-1963
-1932
-1877
-1783
-1639
-1439
-1202
-949
-712
-516
-368
-259
-165
-60
76
229
379
493
539
523
453
364
286
228
196
167
127
59
-40
-153
-259
-337
-375
-372
-337
-282
-224
-169
-116
-54
34
160
329
542
785
1043
1294
1515
1691
1809
1874
1899
1906
1907
1906
1900
1856
1749
1566
1312
1014
712
432
185
-44
-278
-538
-829
-1129
-1412
-1647
-1817
-1920
-1974
-2003
-2023
-2031
-2023
-1978
-1879
-1725
-1515
-1271
-1023
-796
-606
-453
-330
-214
-78
86
264
423
537
591
576
518
449
393
362
343
319
264
171
50
-74
-179
-246
-269
-264
-248
-237
-231
-231
-221
-184
-112
6
160
346
554
770
991
1206
1401
1566
1686
1765
1803
1818
1817
1809
1788
1730
1613
1431
1193
930
662
416
192
-30
-267
-534
-826
-1115
-1364
-1555
-1681
-1757
-1812
-1856
-1900
-1930
-1924
-1863
-1741
-1562
-1352
-1134
-927
-750
-604
-476
-345
-198
-33
143
303
423
482
482
443
399
362
347
344
324
270
175
52
-72
-167
-228
-255
-260
-262
-271
-289
-298
-286
-242
-155
-37
111
273
449
637
834
1046
1253
1435
1581
1673
1717
1731
1734
1741
1741
1712
1630
1475
1255
1002
749
517
313
119
-101
-353
-640
-931
-1183
-1373
-1501
-1584
-1653
-1722
-1796
-1859
-1880
-1848
-1749
-1599
-1415
-1223
-1044
-885
-744
-613
-472
-317
-143
33
187
303
364
382
375
364
367
378
381
355
285
182
66
-36
-105
-152
-184
-211
-249
-292
-328
-342
-322
-269
-189
-94
13
133
268
425
611
827
1058
1284
1477
1612
1685
1714
1723
1737
1772
1806
1797
1706
1524
1269
993
744
539
367
182
-57
-358
-699
-1022
-1278
-1447
-1547
-1618
-1704
-1814
-1934
-2023
-2041
-1973
-1828
-1647
-1458
-1287
-1138
-1000
-858
-695
-511
-313
-111
71
212
308
364
396
423
460
504
537
533
479
387
278
180
118
84
61
26
-35
-117
-194
-243
-243
-201
-131
-56
8
66
140
253
420
630
866
1093
1284
1416
1486
1525
1557
1606
1674
1734
1750
1689
1541
1326
1089
877
701
554
389
164
-126
-452
-773
-1028
-1204
-1320
-1412
-1527
-1675
-1834
-1965
-2020
-1986
-1884
-1740
-1591
-1465
-1355
-1244
-1113
-945
-753
-546
-343
-168
-23
90
178
253
332
415
490
540
556
527
467
401
347
321
309
285
238
159
65
-16
-63
-67
-36
5
38
61
85
133
228
367
545
744
939
1103
1224
1305
1359
1406
1464
1537
1604
1641
1613
1504
1333
1139
962
815
692
558
369
114
-186
-484
-728
-900
-1017
-1119
-1251
-1422
-1605
-1757
-1835
-1828
-1756
-1657
-1563
-1483
-1405
-1306
-1174
-1015
-841
-672
-519
-384
-257
-133
-15
92
183
256
309
351
380
389
382
356
324
296
269
240
201
147
84
26
-14
-28
-21
-5
15
35
61
108
182
290
421
565
719
868
1001
1113
1192
1242
1280
1319
1367
1422
1452
1429
1338
1191
1018
859
735
631
511
337
101
-175
-443
-653
-796
-896
-993
-1126
-1293
-1469
-1599
-1658
-1639
-1572
-1494
-1436
-1394
-1343
-1263
-1141
-985
-823
-674
-548
-436
-327
-212
-92
20
115
182
225
255
277
291
299
297
285
263
231
195
156
113
79
50
33
29
27
34
46
72
120
181
259
351
455
573
705
849
982
1086
1152
1183
1198
1227
1275
1330
1366
1345
1253
1108
953
818
720
636
527
357
130
-128
-364
-544
-665
-756
-861
-1001
-1173
-1337
-1452
-1496
-1480
-1437
-1395
-1374
-1361
-1328
-1257
-1141
-997
-853
-729
-623
-526
-427
-315
-195
-83
12
84
134
172
204
235
260
280
288
281
259
224
184
149
122
103
92
83
72
63
65
87
129
188
257
325
401
493
600
732
863
964
1031
1055
1065
1086
1128
1184
1219
1205
1125
991
850
729
647
580
490
349
149
-71
-266
-408
-496
-562
-642
-760
-904
-1042
-1137
-1173
-1158
-1122
-1101
-1104
-1118
-1116
-1080
-1005
-914
-825
-750
-689
-633
-570
-490
-404
-321
-246
-186
-133
-86
-35
16
55
89
114
131
139
142
141
136
131
127
128
127
129
132
139
158
186
227
275
330
398
480
581
693
801
888
945
975
994
1026
1075
1131
1166
1155
1090
986
873
776
707
645
560
428
253
59
-117
-250
-339
-408
-495
-614
-755
-890
-992
-1046
-1056
-1051
-1051
-1062
-1077
-1079
-1050
-995
-927
-862
-804
-757
-706
-645
-575
-500
-429
-372
-322
-274
-224
-171
-122
-83
-58
-37
-16
8
38
65
85
96
105
116
132
151
172
199
224
253
293
339
390
450
514
587
670
759
846
917
963
987
1006
1035
1075
1114
1133
1109
1044
948
848
769
707
643
552
416
244
65
-90
-205
-291
-373
-478
-613
-761
-893
-986
-1033
-1047
-1055
-1075
-1108
-1134
-1132
-1093
-1025
-952
-892
-847
-811
-761
-692
-604
-514
-441
-385
-342
-300
-248
-185
-124
-75
-43
-27
-16
4
33
67
93
104
107
101
101
118
141
166
191
212
234
263
306
360
427
498
574
652
725
791
845
889
925
961
999
1032
1052
1050
1018
961
892
822
754
685
601
494
360
211
66
-61
-169
-265
-369
-488
-619
-746
-853
-927
-968
-989
-1015
-1046
-1071
-1081
-1064
-1020
-960
-903
-853
-812
-765
-701
-618
-525
-437
-365
-314
-274
-233
-174
-105
-40
8
31
41
48
62
88
114
129
128
112
96
92
104
127
153
173
187
203
228
271
330
401
469
534
602
668
737
807
863
905
936
964
987
1009
1018
998
949
883
803
725
657
586
496
381
242
97
-36
-149
-244
-334
-429
-537
-647
-745
-814
-852
-871
-878
-893
-916
-935
-931
-898
-844
-784
-732
-692
-659
-613
-551
-475
-393
-323
-273
-239
-209
-171
-123
-66
-16
17
25
18
15
20
37
57
64
54
32
16
14
35
71
105
130
147
164
197
249
317
394
467
531
589
647
707
774
836
888
925
942
948
944
940
925
892
842
771
689
602
510
409
300
182
58
-62
-173
-270
-360
-446
-532
-614
-686
-738
-769
-783
-788
-790
-798
-800
-785
-753
-708
-651
-599
-556
-519
-484
-441
-386
-327
-274
-232
-202
-183
-159
-130
-97
-64
-41
-37
-43
-49
-52
-47
-40
-29
-25
-29
-33
-32
-22
3
33
65
97
126
160
202
259
326
393
458
523
586
644
698
747
786
820
847
865
875
871
846
801
741
665
585
508
427
344
254
150
43
-62
-158
-236
-306
-372
-432
-494
-553
-597
-616
-621
-618
-609
-607
-607
-599
-580
-545
-496
-449
-413
-389
-374
-355
-330
-298
-261
-228
-211
-208
-213
-211
-201
-178
-147
-126
-118
-124
-137
-139
-125
-101
-77
-62
-58
-59
-58
-46
-20
13
44
70
93
120
160
208
264
318
366
409
452
500
553
603
643
662
670
673
673
668
659
636
593
538
477
420
366
308
237
154
63
-28
-100
-152
-195
-234
-279
-330
-380
-417
-435
-432
-416
-405
-403
-404
-402
-393
-369
-343
-318
-297
-292
-292
-292
-288
-274
-258
-248
-245
-250
-255
-256
-255
-254
-249
-239
-227
-211
-198
-191
-189
-178
-164
-144
-115
-91
-71
-57
-51
-39
-20
11
47
79
98
99
86
85
111
165
228
274
293
297
308
338
387
436
472
494
501
501
505
514
531
536
520
482
434
389
353
320
274
215
146
79
24
-21
-62
-106
-154
-209
-261
-298
-323
-333
-339
-345
-353
-361
-367
-365
-352
-334
-323
-317
-324
-328
-328
-326
-317
-306
-302
-303
-305
-310
-317
-314
-300
-279
-263
-253
-245
-231
-206
-172
-137
-109
-92
-74
-55
-30
7
48
86
113
131
145
155
167
178
191
200
206
207
207
219
239
267
295
313
326
341
360
390
427
461
485
495
497
491
488
488
481
454
410
352
293
237
182
132
75
12
-53
-119
-179
-233
-283
-325
-359
-388
-412
-426
-436
-441
-437
-433
-427
-417
-402
-379
-351
-327
-305
-283
-255
-224
-198
-186
-185
-184
-176
-159
-141
-129
-124
-120
-115
-112
-105
-86
-62
-45
-44
-58
-69
-66
-46
-15
11
23
16
-6
-27
-28
0
51
95
104
91
84
120
208
306
381
420
434
451
491
553
614
655
669
657
631
610
599
593
568
517
445
364
286
221
157
89
10
-79
-163
-239
-302
-353
-396
-439
-482
-521
-544
-545
-535
-523
-516
-508
-492
-465
-428
-387
-344
-297
-250
-214
-191
-160
-110
-41
16
21
-14
-65
-102
-117
-126
-147
-168
-180
-194
-240
-314
-370
-359
-285
-213
-206
-247
-275
-238
-147
-61
-6
28
69
132
208
272
332
398
470
537
592
632
674
720
761
786
795
793
787
775
755
719
670
613
549
479
408
334
255
166
67
-30
-112
-178
-237
-294
-354
-405
-446
-483
-507
-529
-537
-534
-532
-531
-532
-524
-498
-465
-434
-414
-395
-368
-339
-312
-290
-272
-259
-248
-236
-222
-208
-195
-190
-199
-216
-222
-210
-185
-152
-129
-119
-112
-97
-76
-41
16
89
157
175
126
54
34
103
209
266
240
182
181
261
368
432
439
429
459
518
567
580
565
557
561
556
526
474
423
389
359
320
265
201
150
107
66
19
-31
-81
-126
-165
-202
-235
-257
-273
-283
-295
-307
-312
-319
-322
-322
-323
-321
-322
-329
-336
-337
-331
-318
-315
-328
-344
-357
-354
-342
-329
-311
-300
-290
-273
-255
-227
-195
-163
-130
-108
-86
-61
-28
9
39
63
91
117
139
157
172
190
205
216
222
220
218
225
230
235
247
259
270
284
291
298
312
330
342
341
335
333
341
349
341
321
293
269
251
229
197
158
121
99
85
62
26
-21
-63
-87
-103
-116
-141
-174
-202
-226
-244
-260
-280
-300
-321
-344
-371
-396
-411
-413
-414
-425
-443
-455
-448
-424
-392
-368
-351
-324
-283
-231
-185
-144
-103
-63
-9
38
68
89
108
133
159
179
187
189
192
196
203
199
191
182
177
179
179
177
178
191
210
228
240
254
273
297
321
338
343
348
356
364
362
346
321
288
263
239
210
181
144
103
58
16
-16
-52
-82
-108
-137
-166
-198
-224
-239
-246
-252
-264
-283
-300
-316
-338
-358
-365
-355
-336
-339
-408
-548
-695
-767
-734
-634
-538
-480
-434
-370
-280
-174
-73
17
74
83
54
-11
-99
-169
-192
-171
-138
-122
-104
-61
22
130
250
383
524
656
755
826
903
1000
1112
1209
1244
1203
1114
1024
963
913
851
757
625
473
308
133
-35
-182
-303
-409
-519
-645
-777
-876
-913
-889
-836
-776
-710
-633
-535
-422
-310
-205
-100
11
117
192
213
176
109
28
-70
-193
-342
-494
-637
-763
-869
-972
-1076
-1154
-1190
-1181
-1144
-1099
-1037
-938
-792
-601
-393
-194
-1
194
401
614
812
992
1158
1318
1467
1588
1684
1770
1891
2061
2231
2301
2179
1886
1542
1269
1089
935
726
418
41
-334
-657
-911
-1090
-1189
-1230
-1257
-1308
-1388
-1438
-1391
-1225
-987
-750
-569
-433
-296
-124
71
248
387
491
566
619
633
602
538
447
317
128
-130
-434
-733
-984
-1168
-1316
-1455
-1589
-1688
-1714
-1660
-1541
-1381
-1205
-1011
-810
-609
-404
-190
36
258
453
608
731
854
987
1114
1225
1318
1416
1520
1607
1675
1766
1937
2180
2360
2303
1973
1532
1210
1090
1063
952
650
205
-248
-607
-863
-1048
-1164
-1219
-1244
-1317
-1474
-1637
-1680
-1529
-1241
-961
-792
-728
-661
-508
-288
-78
83
218
360
493
555
501
362
206
81
-35
-197
-430
-686
-892
-1014
-1088
-1160
-1236
-1293
-1289
-1220
-1122
-1021
-906
-748
-539
-308
-97
85
266
474
704
903
1034
1131
1247
1412
1578
1681
1723
1776
1933
2180
2361
2297
1956
1510
1161
980
881
721
423
28
-361
-683
-930
-1101
-1184
-1177
-1138
-1160
-1270
-1384
-1373
-1179
-871
-584
-414
-347
-292
-188
-53
59
126
168
201
202
121
-60
-268
-422
-494
-537
-648
-845
-1061
-1206
-1237
-1196
-1129
-1059
-986
-902
-809
-709
-598
-455
-259
-37
160
306
402
490
607
746
874
971
1051
1143
1240
1322
1368
1410
1526
1757
2043
2203
2073
1675
1226
933
836
812
690
400
8
-368
-666
-882
-1011
-1047
-1003
-955
-1002
-1150
-1287
-1270
-1049
-719
-441
-309
-283
-260
-178
-55
46
122
192
231
179
-1
-252
-462
-569
-602
-651
-793
-1004
-1192
-1292
-1301
-1256
-1190
-1116
-1027
-933
-837
-731
-593
-403
-174
49
227
347
446
562
705
852
970
1054
1131
1222
1319
1396
1447
1536
1734
2023
2241
2179
1807
1324
970
830
802
702
426
30
-355
-659
-877
-1016
-1048
-975
-882
-885
-1012
-1162
-1186
-1002
-681
-379
-211
-159
-136
-98
-35
29
93
162
206
165
-1
-251
-485
-620
-672
-723
-836
-1009
-1182
-1293
-1314
-1260
-1169
-1056
-942
-832
-725
-607
-460
-273
-58
149
306
414
504
607
730
859
973
1072
1165
1257
1339
1399
1472
1626
1881
2140
2215
1989
1556
1135
875
774
703
520
198
-179
-517
-774
-933
-982
-915
-786
-707
-751
-878
-966
-903
-679
-396
-189
-107
-112
-138
-144
-126
-102
-70
-50
-79
-182
-358
-558
-716
-806
-846
-897
-1000
-1134
-1246
-1292
-1257
-1166
-1049
-923
-797
-659
-517
-371
-209
-32
150
310
426
507
586
680
776
860
932
1016
1123
1231
1313
1390
1535
1788
2095
2267
2139
1749
1311
1018
901
840
679
362
-33
-398
-681
-871
-965
-950
-844
-748
-766
-879
-978
-943
-732
-433
-188
-79
-76
-105
-107
-77
-41
-10
18
8
-91
-278
-507
-698
-798
-842
-893
-1001
-1162
-1303
-1371
-1349
-1258
-1139
-1024
-914
-801
-676
-539
-369
-176
7
162
275
362
455
573
705
820
917
1011
1118
1218
1301
1408
1602
1909
2247
2408
2234
1809
1373
1093
984
922
759
448
48
-333
-631
-814
-858
-771
-615
-518
-572
-721
-845
-831
-631
-342
-111
-19
-62
-171
-271
-320
-312
-264
-215
-242
-395
-638
-877
-1018
-1037
-1000
-985
-1033
-1136
-1226
-1251
-1197
-1064
-899
-742
-619
-541
-478
-388
-249
-82
77
194
250
271
301
358
445
553
671
790
896
968
1045
1194
1481
1904
2310
2462
2250
1818
1417
1200
1140
1087
901
565
158
-227
-528
-705
-734
-618
-449
-364
-446
-633
-787
-776
-575
-301
-107
-72
-181
-330
-425
-443
-397
-325
-289
-356
-551
-811
-1028
-1118
-1086
-1014
-991
-1049
-1154
-1235
-1238
-1144
-969
-759
-586
-479
-426
-379
-285
-131
50
210
319
372
388
408
449
511
606
728
849
956
1043
1157
1375
1720
2105
2325
2219
1837
1400
1096
963
899
768
512
158
-207
-518
-716
-754
-624
-386
-198
-186
-324
-485
-528
-392
-157
17
32
-102
-301
-459
-549
-587
-585
-569
-593
-711
-917
-1133
-1247
-1217
-1103
-1015
-1012
-1067
-1102
-1066
-968
-820
-650
-492
-375
-312
-276
-225
-126
5
127
213
256
281
309
357
439
565
722
887
1035
1180
1364
1623
1953
2236
2291
2057
1669
1312
1082
958
834
616
311
-24
-322
-537
-632
-574
-375
-140
-19
-61
-188
-289
-265
-123
20
47
-75
-299
-536
-715
-820
-864
-874
-900
-974
-1099
-1246
-1345
-1345
-1252
-1119
-1027
-1009
-1026
-1017
-952
-826
-660
-497
-371
-293
-245
-193
-126
-42
62
177
280
360
433
509
625
796
989
1189
1409
1680
2008
2275
2300
2046
1668
1344
1138
1014
873
644
351
55
-204
-403
-513
-478
-284
-39
111
107
5
-74
-43
69
171
168
51
-138
-347
-547
-736
-888
-989
-1050
-1127
-1248
-1385
-1466
-1446
-1344
-1218
-1120
-1049
-973
-877
-757
-628
-491
-351
-254
-219
-219
-220
-192
-146
-104
-75
-56
-38
-1
77
212
394
604
815
1024
1274
1620
2039
2376
2444
2210
1834
1500
1284
1156
1011
771
460
138
-149
-375
-494
-445
-223
45
196
166
31
-63
-28
94
190
170
20
-237
-550
-866
-1130
-1274
-1290
-1251
-1243
-1294
-1370
-1404
-1343
-1193
-1001
-826
-701
-634
-599
-566
-503
-390
-266
-181
-149
-164
-193
-201
-196
-189
-178
-153
-111
-55
22
140
316
546
789
1021
1276
1604
2000
2329
2404
2178
1804
1463
1236
1084
911
671
396
127
-136
-372
-514
-473
-240
51
224
214
109
27
31
93
127
75
-84
-333
-631
-926
-1157
-1284
-1328
-1365
-1456
-1580
-1663
-1644
-1506
-1298
-1100
-941
-823
-731
-635
-517
-362
-188
-37
47
55
21
3
21
68
124
163
187
200
219
276
382
546
761
1003
1280
1617
1973
2196
2154
1888
1562
1305
1145
1021
841
584
297
37
-169
-311
-352
-241
-5
221
307
261
172
135
183
253
244
109
-125
-414
-702
-974
-1196
-1329
-1390
-1451
-1564
-1702
-1795
-1783
-1658
-1477
-1304
-1164
-1049
-936
-801
-645
-468
-273
-97
24
74
77
80
103
147
200
252
295
320
347
407
513
660
837
1039
1294
1623
1997
2275
2290
2039
1686
1386
1195
1072
921
693
424
155
-89
-279
-364
-284
-58
197
326
292
191
119
134
190
191
83
-159
-484
-825
-1130
-1356
-1478
-1515
-1546
-1616
-1708
-1768
-1740
-1621
-1449
-1280
-1153
-1068
-1003
-917
-787
-621
-435
-278
-177
-124
-91
-43
32
128
235
335
422
497
582
695
847
1030
1225
1450
1730
2049
2302
2335
2119
1788
1495
1293
1142
973
745
489
243
12
-185
-292
-257
-89
113
212
174
81
27
58
132
135
3
-252
-569
-862
-1078
-1210
-1278
-1319
-1385
-1506
-1643
-1730
-1709
-1563
-1361
-1192
-1102
-1094
-1110
-1079
-962
-764
-543
-361
-271
-254
-261
-238
-150
-10
153
298
388
434
472
551
703
916
1152
1413
1729
2072
2338
2403
2229
1934
1669
1478
1325
1152
926
668
410
165
-37
-141
-99
59
231
306
250
133
53
40
51
-6
-185
-451
-739
-993
-1189
-1332
-1431
-1496
-1561
-1657
-1751
-1794
-1741
-1592
-1412
-1269
-1191
-1152
-1090
-980
-824
-637
-449
-293
-207
-188
-186
-147
-48
90
223
328
408
488
592
712
849
1022
1252
1548
1874
2139
2220
2082
1826
1571
1385
1263
1156
1025
850
628
389
183
77
111
264
442
527
477
351
241
177
153
106
-34
-274
-574
-882
-1145
-1331
-1442
-1501
-1549
-1619
-1707
-1768
-1763
-1672
-1520
-1377
-1291
-1250
-1219
-1164
-1062
-909
-716
-522
-369
-278
-243
-216
-140
8
198
383
529
631
703
776
875
1025
1247
1541
1855
2070
2069
1867
1594
1383
1263
1197
1114
977
802
603
400
245
192
270
440
572
573
465
336
256
238
215
117
-68
-309
-567
-808
-996
-1118
-1179
-1221
-1311
-1467
-1626
-1717
-1710
-1617
-1500
-1405
-1348
-1320
-1295
-1238
-1122
-949
-743
-548
-409
-337
-298
-236
-126
19
175
311
420
520
623
734
852
996
1202
1484
1808
2070
2141
1995
1753
1537
1383
1272
1154
1001
818
612
391
191
84
119
270
425
472
399
287
197
141
86
-19
-183
-377
-591
-822
-1040
-1209
-1306
-1352
-1413
-1504
-1589
-1614
-1571
-1492
-1411
-1350
-1292
-1226
-1163
-1102
-1023
-899
-721
-536
-399
-315
-247
-143
2
152
293
439
599
753
879
995
1142
1368
1660
1926
2029
1916
1682
1449
1275
1162
1080
998
894
761
594
417
306
328
460
596
632
555
433
336
273
206
88
-79
-272
-486
-722
-962
-1157
-1280
-1347
-1412
-1504
-1594
-1631
-1599
-1526
-1465
-1427
-1391
-1342
-1282
-1219
-1143
-1040
-897
-738
-609
-521
-445
-338
-180
1
179
353
521
681
826
969
1136
1362
1658
1941
2080
2006
1785
1547
1376
1265
1172
1068
949
819
671
509
387
380
492
643
716
667
551
451
411
387
312
158
-51
-272
-494
-709
-891
-1033
-1133
-1213
-1321
-1451
-1554
-1592
-1568
-1525
-1496
-1487
-1487
-1470
-1421
-1332
-1197
-1036
-871
-730
-633
-561
-477
-355
-212
-77
39
145
267
408
547
693
861
1076
1344
1626
1827
1867
1764
1619
1506
1424
1344
1255
1154
1033
886
717
564
490
526
622
681
652
566
481
422
371
288
162
-4
-209
-448
-700
-921
-1068
-1159
-1235
-1325
-1418
-1473
-1484
-1469
-1448
-1436
-1410
-1375
-1337
-1311
-1265
-1162
-1015
-856
-730
-639
-544
-418
-267
-126
-18
82
205
349
493
632
795
1011
1261
1472
1562
1513
1391
1277
1205
1161
1125
1096
1064
996
878
740
642
635
702
782
807
756
661
565
492
430
359
263
126
-52
-271
-501
-691
-826
-917
-997
-1086
-1182
-1264
-1315
-1341
-1346
-1335
-1328
-1322
-1317
-1300
-1246
-1149
-1025
-910
-815
-732
-652
-566
-459
-332
-203
-83
14
96
179
285
415
553
693
836
976
1101
1172
1178
1146
1113
1098
1100
1110
1123
1129
1106
1040
939
844
800
810
837
827
763
662
551
442
332
216
108
2
-110
-254
-425
-592
-717
-792
-855
-932
-1019
-1101
-1161
-1191
-1207
-1218
-1218
-1201
-1173
-1139
-1101
-1045
-973
-900
-831
-773
-721
-661
-591
-506
-421
-330
-226
-118
-10
89
172
258
362
495
645
792
909
989
1041
1075
1097
1126
1177
1241
1299
1314
1270
1190
1113
1056
1019
994
956
898
814
704
578
459
345
237
136
23
-107
-239
-365
-480
-584
-685
-779
-861
-928
-978
-1020
-1063
-1110
-1158
-1195
-1216
-1202
-1166
-1129
-1095
-1072
-1053
-1029
-979
-902
-812
-722
-630
-536
-437
-327
-208
-85
32
147
264
389
525
670
808
919
1000
1055
1096
1142
1195
1252
1293
1305
1285
1243
1192
1142
1098
1063
1024
966
881
780
666
550
443
340
246
156
52
-65
-193
-331
-457
-560
-633
-688
-747
-820
-904
-996
-1086
-1160
-1205
-1216
-1214
-1209
-1213
-1224
-1231
-1218
-1173
-1100
-1007
-905
-802
-702
-598
-480
-351
-213
-71
73
213
355
493
627
751
855
937
1000
1057
1113
1161
1199
1216
1212
1189
1153
1112
1072
1040
1011
970
910
834
749
660
576
498
419
332
235
129
18
-92
-194
-292
-385
-477
-564
-650
-737
-822
-902
-974
-1032
-1076
-1111
-1142
-1165
-1183
-1193
-1195
-1180
-1142
-1085
-1019
-943
-860
-766
-659
-541
-410
-281
-152
-21
117
266
414
543
652
733
797
856
924
1003
1075
1132
1165
1167
1147
1123
1107
1098
1094
1084
1050
986
909
835
761
686
607
508
401
287
168
51
-68
-183
-295
-409
-522
-631
-736
-840
-930
-1012
-1086
-1145
-1191
-1226
-1251
-1268
-1277
-1269
-1248
-1209
-1157
-1098
-1027
-945
-851
-744
-632
-513
-389
-260
-123
16
157
303
452
590
700
780
844
906
978
1052
1115
1158
1176
1176
1168
1152
1140
1125
1115
1098
1063
1013
946
869
788
706
616
516
413
301
185
67
-57
-177
-291
-401
-501
-605
-706
-803
-900
-988
-1068
-1135
-1188
-1227
-1257
-1282
-1297
-1298
-1283
-1246
-1193
-1133
-1062
-981
-886
-779
-660
-538
-411
-276
-136
9
158
304
438
556
654
736
811
888
971
1045
1098
1129
1139
1139
1140
1133
1128
1122
1105
1073
1021
957
887
807
722
637
544
438
326
207
86
-38
-160
-270
-369
-461
-555
-647
-734
-819
-897
-958
-1006
-1050
-1090
-1126
-1162
-1183
-1188
-1173
-1137
-1093
-1042
-981
-913
-832
-736
-628
-511
-386
-262
-130
4
136
266
387
491
580
658
728
799
866
922
970
1001
1013
1018
1024
1035
1041
1045
1040
1021
991
943
882
817
745
668
588
494
385
264
141
23
-87
-192
-292
-392
-490
-593
-693
-786
-860
-908
-946
-980
-1018
-1067
-1110
-1142
-1152
-1141
-1107
-1061
-1012
-954
-891
-822
-732
-625
-504
-376
-249
-119
16
152
282
406
512
603
681
755
832
907
968
1006
1026
1032
1034
1029
1022
1016
1006
990
958
915
860
798
737
671
596
511
411
299
184
75
-31
-134
-232
-332
-437
-545
-652
-752
-835
-906
-961
-1000
-1037
-1066
-1089
-1106
-1107
-1091
-1060
-1017
-967
-914
-851
-772
-680
-582
-481
-375
-265
-154
-38
78
194
301
397
476
550
622
690
758
816
856
884
900
909
916
926
935
929
908
877
838
792
740
691
638
582
517
437
344
243
145
60
-15
-90
-174
-267
-364
-460
-551
-630
-700
-756
-810
-863
-916
-966
-999
-1006
-992
-967
-938
-905
-865
-813
-747
-667
-576
-477
-378
-287
-193
-90
16
126
227
310
378
440
505
568
624
671
711
733
740
741
744
751
761
763
753
728
694
662
629
593
558
514
460
402
336
270
200
132
65
-7
-81
-155
-234
-313
-384
-454
-521
-587
-646
-699
-746
-787
-821
-845
-855
-856
-846
-826
-795
-749
-694
-629
-554
-478
-398
-313
-223
-130
-32
65
155
231
298
361
418
477
540
591
629
653
669
683
695
709
723
721
702
671
631
591
557
530
500
456
391
311
231
162
107
58
10
-52
-124
-201
-278
-344
-401
-448
-489
-537
-594
-650
-694
-726
-739
-732
-714
-699
-680
-652
-614
-564
-499
-422
-346
-275
-202
-126
-50
31
117
187
248
300
339
375
414
449
478
501
519
529
533
535
540
546
548
544
531
511
487
460
438
415
381
330
272
207
143
85
27
-28
-82
-143
-204
-265
-321
-367
-406
-444
-479
-513
-547
-575
-596
-600
-591
-581
-564
-541
-519
-486
-443
-389
-327
-263
-198
-135
-71
-5
64
133
197
249
287
318
348
376
402
421
431
434
430
424
417
412
409
403
390
372
344
314
287
267
254
236
202
155
100
50
4
-37
-72
-110
-157
-208
-262
-310
-350
-384
-408
-429
-456
-480
-502
-521
-529
-521
-506
-483
-456
-426
-388
-343
-288
-226
-159
-90
-18
51
121
190
251
306
348
384
417
444
470
492
501
499
487
473
462
449
436
417
392
366
332
294
255
220
188
151
110
60
4
-50
-105
-156
-201
-249
-301
-345
-388
-430
-459
-481
-494
-505
-515
-521
-525
-523
-511
-493
-469
-439
-405
-362
-316
-267
-217
-160
-95
-26
45
118
187
252
316
376
430
470
499
522
543
561
573
571
559
538
507
473
443
415
385
353
315
270
221
170
123
82
41
-4
-56
-118
-179
-236
-283
-321
-358
-391
-426
-461
-491
-517
-531
-541
-549
-549
-548
-541
-527
-505
-472
-439
-403
-355
-306
-246
-182
-118
-50
16
83
152
223
291
352
408
455
492
525
549
564
578
583
580
569
549
519
488
459
429
394
355
314
270
224
179
135
90
44
1
-46
-97
-145
-196
-248
-295
-341
-381
-415
-450
-478
-507
-527
-544
-557
-563
-560
-556
-545
-529
-505
-474
-444
-406
-365
-320
-267
-208
-141
-68
6
74
145
216
287
362
433
495
545
582
605
620
629
636
641
636
620
589
550
509
469
435
403
366
320
263
201
142
86
35
-10
-59
-116
-176
-237
-293
-344
-390
-430
-466
-501
-535
-566
-592
-607
-615
-615
-607
-598
-582
-564
-537
-504
-463
-415
-363
-305
-241
-177
-108
-40
31
103
174
245
310
372
434
485
534
574
602
622
630
635
633
625
607
580
544
505
460
413
368
317
263
205
144
84
26
-30
-83
-136
-191
-245
-297
-343
-386
-423
-452
-480
-502
-519
-528
-529
-527
-522
-512
-491
-471
-444
-409
-375
-333
-290
-247
-199
-150
-94
-35
22
78
133
187
240
288
333
377
413
444
469
485
499
505
503
496
483
467
444
415
388
355
319
285
248
208
170
128
85
42
-1
-43
-85
-128
-173
-217
-257
-296
-333
-368
-395
-427
-454
-473
-489
-493
-492
-490
-479
-468
-454
-431
-401
-366
-324
-278
-230
-182
-132
-77
-18
41
102
161
215
263
309
357
398
430
456
473
479
481
472
463
455
438
413
385
352
319
284
250
218
183
148
112
72
39
9
-27
-59
-93
-130
-167
-202
-234
-266
-292
-315
-340
-363
-379
-394
-403
-406
-407
-401
-397
-388
-371
-356
-336
-307
-279
-248
-213
-175
-132
-89
-42
13
62
113
164
211
259
303
343
381
412
439
455
461
463
458
451
434
410
384
349
315
274
237
203
165
129
83
40
0
-43
-79
-114
-147
-181
-214
-248
-278
-300
-322
-337
-348
-358
-365
-365
-356
-345
-330
-313
-294
-272
-245
-218
-188
-157
-130
-102
-78
-51
-23
7
37
63
86
109
129
153
179
202
223
240
252
264
272
279
282
283
280
270
258
244
231
214
196
177
158
137
109
87
63
41
21
-1
-26
-51
-76
-100
-122
-147
-171
-193
-211
-226
-243
-257
-267
-269
-270
-266
-253
-241
-230
-214
-192
-172
-151
-124
-98
-69
-41
-15
9
37
60
81
103
122
136
151
165
179
191
200
204
205
206
206
208
205
196
188
178
165
151
139
127
111
92
73
52
33
13
-3
-14
-29
-52
-72
-93
-112
-127
-140
-150
-161
-173
-183
-193
-199
-199
-198
-192
-186
-181
-176
-170
-160
-148
-129
-108
-87
-65
-48
-28
-7
15
41
67
91
112
131
147
159
170
183
193
200
201
199
193
185
174
167
157
140
122
102
85
68
54
40
24
7
-13
-31
-47
-63
-75
-87
-98
-109
-121
-131
-137
-139
-139
-140
-139
-139
-135
-129
-119
-112
-103
-92
-85
-79
-69
-60
-50
-38
-25
-13
-3
1
8
19
29
38
46
54
63
69
78
86
91
99
104
108
112
112
111
113
110
110
109
106
101
95
86
77
70
59
50
42
28
15
4
-7
-18
-31
-38
-46
-55
-65
-74
-76
-76
-82
-89
-86
-87
-89
-86
-84
-83
-79
-79
-79
-76
-75
-70
-64
-62
-56
-49
-42
-35
-30
-24
-16
-4
3
13
22
29
38
50
58
60
63
64
65
67
71
72
73
72
71
68
67
67
67
68
65
61
57
50
44
42
37
30
22
9
-6
-16
-27
-33
-37
-43
-48
-52
-59
-61
-63
-60
-56
-53
-53
-53
-51
-50
-50
-46
-45
-42
-41
-46
-49
-48
-45
-42
-39
-34
-28
-25
-18
-14
-6
6
13
24
28
28
29
25
26
28
26
24
21
18
12
8
8
9
11
18
19
22
28
32
38
42
46
49
47
45
41
39
39
39
35
31
26
18
13
8
8
9
6
8
3
2
2
-1
2
4
-1
-7
-16
-26
-36
-46
-52
-57
-64
-66
-73
-78
-79
-80
-75
-72
-69
-66
-62
-58
-52
-45
-35
-29
-24
-17
-12
-8
-2
4
11
17
22
24
27
32
39
50
59
65
70
75
77
80
82
83
84
84
80
75
65
56
47
39
33
26
18
9
-3
-9
-14
-21
-28
-34
-41
-46
-50
-54
-58
-61
-65
-69
-75
-81
-89
-88
-89
-89
-87
-88
-86
-84
-80
-73
-67
-59
-49
-37
-29
-20
-9
0
5
13
20
28
34
34
41
50
55
61
68
73
79
83
87
93
95
99
103
105
104
106
105
103
94
89
84
73
64
55
47
38
29
21
13
4
-6
-11
-16
-23
-31
-37
-48
-58
-61
-66
-72
-78
-85
-88
-95
-99
-100
-101
-101
-97
-97
-93
-89
-81
-68
-59
-52
-47
-39
-29
-26
-15
-1
6
15
23
28
34
40
46
54
59
66
71
76
82
86
88
90
91
90
88
85
81
78
72
67
57
44
33
22
10
-1
-8
-15
-21
-25
-32
-36
-39
-44
-46
-53
-54
-57
-63
-65
-67
-73
-75
-77
-77
-78
-83
-83
-80
-76
-69
-61
-55
-48
-40
-34
-24
-14
-5
6
17
25
30
37
45
50
55
57
61
65
68
71
75
77
78
77
76
76
73
75
73
65
62
58
50
42
31
26
17
9
3
-9
-20
-30
-41
-51
-55
-60
-62
-63
-66
-71
-73
-74
-77
-75
-69
-69
-67
-67
-65
-59
-55
-49
-41
-34
-29
-21
-15
-13
-2
10
18
24
29
35
41
49
56
59
64
65
65
63
63
62
59
54
47
40
36
31
25
22
18
18
16
11
10
12
11
7
4
-1
-9
-16
-23
-30
-37
-45
-54
-60
-67
-72
-74
-77
-80
-79
-75
-72
-67
-60
-50
-42
-34
-24
-19
-13
-7
-4
2
8
13
18
24
28
31
37
36
36
41
47
52
56
61
63
66
66
66
65
61
54
46
41
31
23
15
7
3
-1
-5
-8
-13
-17
-18
-18
-23
-24
-26
-31
-32
-35
-38
-41
-45
-50
-53
-53
-56
-55
-48
-40
-34
-30
-25
-23
-19
-10
0
11
18
22
25
27
30
29
34
40
41
41
37
37
34
34
36
35
35
34
31
27
24
25
26
26
24
19
17
8
2
-4
-10
-12
-15
-21
-25
-27
-31
-30
-30
-28
-29
-33
-33
-32
-28
-26
-25
-22
-20
-19
-16
-12
-8
-2
6
7
8
9
12
17
19
19
20
21
19
17
19
18
20
21
18
17
15
13
14
14
14
14
11
6
1
-7
-9
-13
-14
-13
-14
-15
-17
-15
-15
-13
-10
-9
-6
-7
-7
-3
-5
-3
-2
-3
4
6
7
10
10
14
18
22
25
25
24
22
22
20
23
23
24
26
23
21
20
18
16
11
8
8
9
7
8
11
10
9
6
3
-1
-3
-3
-2
-2
-5
-8
-10
-12
-14
-16
-16
-17
-23
-25
-29
-32
-33
-31
-28
-27
-26
-27
-25
-25
-25
-21
-16
-15
-15
-13
-13
-14
-10
-7
-1
2
5
10
14
18
21
25
30
34
33
35
35
38
37
34
34
32
29
27
23
20
17
13
11
7
4
4
3
2
0
-4
-6
-11
-16
-20
-21
-23
-26
-27
-29
-31
-29
-25
-21
-18
-17
-16
-13
-13
-11
-9
-7
0
4
10
13
13
14
16
18
20
21
24
25
26
29
27
27
30
31
33
33
29
29
28
25
26
25
22
20
17
13
6
-3
-7
-14
-20
-23
-27
-29
-31
-35
-34
-34
-32
-30
-31
-33
-29
-27
-25
-22
-22
-19
-14
-12
-8
-3
1
6
11
16
22
25
29
34
40
43
41
40
42
42
42
40
36
32
27
22
17
13
10
7
4
-3
-7
-11
-14
-15
-21
-22
-22
-28
-32
-36
-39
-43
-42
-44
-47
-44
-45
-42
-38
-33
-32
-32
-31
-27
-21
-19
-15
-10
-5
0
4
6
6
8
9
10
11
11
11
12
13
14
17
20
21
21
19
19
18
15
14
13
16
18
15
13
6
2
3
-2
-4
-6
-9
-10
-14
-11
-10
-9
-6
-8
-9
-11
-15
-15
-15
-15
-14
-14
-14
-16
-19
-16
-15
-14
-13
-14
-15
-18
-17
-13
-9
-3
2
4
5
8
9
9
9
12
14
15
17
15
13
14
17
20
22
28
31
33
36
35
34
33
32
31
28
22
15
11
4
1
-5
-14
-19
-25
-31
-34
-40
-42
-42
-45
-49
-51
-50
-51
-52
-50
-52
-53
-53
-55
-54
-51
-46
-38
-34
-31
-24
-19
-16
-13
-8
-2
5
10
16
22
27
30
30
34
35
33
37
35
36
39
38
38
35
34
32
31
32
32
29
26
24
17
12
9
4
-1
-5
-9
-11
-17
-19
-22
-27
-30
-31
-33
-34
-32
-32
-28
-27
-23
-17
-18
-16
-12
-14
-16
-15
-13
-13
-14
-14
-13
-11
-8
-7
-4
-2
0
6
10
10
11
14
14
12
14
14
14
13
11
9
6
0
2
0
-2
-2
-5
-9
-5
-4
-4
-7
-10
-8
-10
-13
-14
-19
-20
-23
-28
-30
-31
-33
-34
-38
-39
-36
-37
-37
-36
-34
-34
-36
-31
-29
-29
-28
-29
-30
-33
-37
-36
-35
-39
-38
-37
-39
-36
-34
-28
-23
-19
-14
-11
-6
2
8
13
20
25
27
26
25
24
23
22
20
18
15
11
8
5
7
7
6
3
0
-2
-5
-9
-14
-17
-24
-29
-33
-37
-37
-36
-39
-46
-53
-50
-44
-43
-41
-42
-39
-28
-20
-16
-16
-16
-13
-9
-3
4
11
16
17
18
18
18
22
30
34
38
41
40
39
44
50
53
53
53
51
51
50
49
44
37
33
29
23
17
14
12
8
3
-4
-9
-17
-22
-22
-24
-25
-27
-27
-30
-33
-35
-40
-43
-40
-38
-40
-40
-38
-37
-33
-27
-23
-18
-12
-5
1
10
15
23
29
31
36
44
50
54
58
59
58
57
56
54
52
52
54
53
50
45
39
33
28
24
20
17
17
16
12
9
8
4
1
-1
-3
-5
-7
-8
-8
-4
-2
-6
-7
-9
-10
-7
-7
-10
-8
-8
-7
-4
-2
-1
0
3
6
9
12
13
12
15
23
29
34
38
40
42
43
43
46
47
47
48
48
48
50
47
45
48
46
46
44
38
36
31
30
28
23
23
17
19
20
15
14
10
9
11
9
5
-3
-7
-8
-9
-9
-9
-11
-14
-17
-19
-17
-18
-20
-20
-19
-19
-18
-14
-13
-8
-4
-3
-4
-4
-3
-2
-3
-3
-2
-1
1
6
9
8
6
7
6
8
9
10
11
11
14
14
15
13
16
18
17
18
15
11
10
5
4
2
2
0
-1
-2
-5
-6
-6
-7
-7
-7
-6
-6
-6
-7
-5
-3
-3
-3
-2
-1
1
2
0
-1
-3
-3
-1
-1
2
3
8
7
5
6
4
3
0
-2
0
-2
-1
-1
-1
-4
-4
-4
-7
-5
-6
-6
-5
-6
-3
-3
-1
-1
-3
-3
-6
-8
-9
-11
-11
-11
-12
-15
-15
-16
-14
-15
-16
-11
-10
-12
-10
-10
-10
-10
-11
-13
-15
-14
-14
-15
-14
-14
-16
-17
-19
-22
-21
-22
-25
-28
-26
-23
-22
-21
-18
-16
-14
-12
-14
-13
-12
-13
-13
-13
-12
-16
-17
-17
-19
-18
-21
-21
-20
-22
-21
-20
-22
-22
-21
-18
-16
-15
-15
-14
-14
-13
-13
-15
-15
-13
-11
-11
-13
-11
-10
-8
-6
-6
-8
-9
-9
-12
-12
-17
-19
-17
-17
-17
-18
-20
-20
-22
-21
-20
-23
-23
-21
-22
-20
-17
-14
-11
-9
-10
-5
-3
-1
1
5
8
10
10
10
13
14
17
22
24
25
28
27
28
31
29
28
27
27
32
32
30
30
30
28
21
19
18
15
16
15
13
11
9
9
10
5
1
0
-4
-6
-7
-9
-9
-15
-12
-12
-15
-11
-13
-14
-16
-18
-18
-18
-18
-15
-15
-13
-12
-14
-14
-11
-9
-6
-6
-4
-2
-1
3
6
7
7
7
7
8
10
11
11
13
13
10
11
14
14
17
18
17
16
17
17
16
13
10
6
3
3
1
0
0
-1
1
2
3
3
2
2
3
2
2
2
4
5
3
2
2
1
3
4
7
6
5
9
8
6
9
10
11
11
10
11
12
13
14
16
18
18
17
14
14
15
13
14
16
15
12
15
15
15
17
16
17
20
18
16
16
14
12
11
11
9
6
1
-5
-9
-9
-11
-13
-13
-17
-19
-18
-17
-15
-16
-20
-22
-23
-24
-22
-19
-21
-24
-23
-22
-21
-21
-16
-11
-7
-3
1
5
6
7
8
10
11
11
15
15
19
19
18
19
17
17
17
16
17
16
17
17
16
16
16
13
11
11
10
12
10
6
6
3
0
-4
-8
-12
-14
-16
-19
-23
-25
-28
-25
-24
-26
-26
-24
-25
-24
-22
-19
-21
-21
-19
-18
-13
-10
-7
-1
3
5
9
13
15
20
22
22
27
27
30
29
30
34
31
30
31
30
28
25
24
20
19
16
13
12
7
5
6
1
-3
-5
-9
-10
-13
-14
-15
-16
-16
-16
-18
-21
-23
-22
-22
-21
-20
-22
-23
-20
-17
-14
-8
-9
-10
-5
-3
1
2
5
10
10
12
14
16
18
20
23
23
23
26
29
29
27
28
27
28
27
26
26
24
23
20
17
17
15
16
12
9
10
5
1
-1
-4
-8
-12
-13
-15
-16
-15
-15
-19
-21
-22
-22
-21
-22
-19
-21
-19
-17
-17
-13
-12
-13
-13
-12
-13
-13
-12
-11
-9
-7
-6
-3
0
5
9
11
11
10
10
10
13
15
16
19
21
22
23
21
25
26
24
24
26
26
27
26
26
26
24
24
22
20
19
16
14
12
12
11
8
6
4
1
1
0
-3
-3
-6
-8
-10
-13
-17
-20
-18
-18
-18
-16
-17
-13
-10
-9
-8
-7
-8
-5
-4
-4
-1
1
3
7
9
8
10
14
14
16
17
17
15
17
17
18
17
14
13
11
9
10
8
6
3
2
2
0
-1
-4
-6
-5
-7
-9
-13
-16
-19
-23
-26
-29
-28
-27
-30
-28
-28
-30
-27
-26
-26
-25
-26
-25
-24
-21
-18
-16
-14
-11
-9
-5
-3
1
3
3
7
7
9
9
11
13
14
14
13
13
10
8
11
12
7
6
6
3
2
-1
-6
-8
-10
-9
-11
-14
-16
-21
-27
-32
-34
-34
-36
-35
-33
-33
-35
-32
-32
-35
-33
-30
-32
-30
-30
-25
-20
-18
-14
-14
-15
-9
-8
-3
-2
-1
0
1
5
6
8
9
11
13
13
16
16
15
15
17
19
20
19
19
16
16
17
16
15
14
14
13
11
9
9
8
7
5
4
0
-1
-2
-2
-5
-8
-8
-12
-17
-21
-22
-23
-24
-25
-30
-32
-33
-29
-29
-29
-28
-29
-28
-25
-24
-23
-19
-15
-14
-13
-12
-9
-2
-2
-2
4
6
7
11
13
16
17
20
23
25
27
32
32
30
28
28
29
28
27
25
23
25
22
21
21
18
19
16
12
12
10
9
8
6
5
4
4
2
0
-1
-4
-5
-4
-7
-8
-9
-10
-7
-8
-7
-5
-5
-6
-7
-5
-1
0
1
3
7
11
14
18
22
24
26
27
27
26
28
28
32
35
33
33
35
37
36
34
34
34
30
26
24
24
18
14
12
9
3
-3
-6
-12
-17
-22
-28
-33
-34
-35
-35
-37
-41
-42
-42
-40
-40
-38
-38
-41
-38
-35
-32
-29
-29
-26
-24
-21
-17
-14
-9
-5
-1
0
3
8
14
18
21
28
32
34
34
34
36
35
33
33
33
33
32
32
33
33
32
31
28
25
22
21
17
15
12
6
2
-3
-7
-11
-16
-22
-22
-26
-29
-27
-29
-29
-30
-31
-32
-31
-31
-32
-31
-27
-25
-20
-17
-15
-12
-10
-4
0
2
5
5
9
12
14
17
19
25
29
31
33
35
38
41
43
45
45
45
42
40
38
33
32
30
25
22
20
14
9
5
3
2
-2
-7
-11
-17
-21
-25
-29
-33
-37
-42
-45
-49
-48
-45
-45
-44
-44
-42
-42
-39
-38
-38
-34
-33
-28
-24
-21
-15
-9
-3
-1
4
9
13
20
22
26
30
34
39
40
45
45
45
45
42
42
41
40
42
38
36
33
29
26
22
20
18
14
8
6
1
-7
-10
-14
-18
-24
-28
-29
-32
-33
-34
-38
-41
-42
-43
-45
-44
-43
-40
-37
-36
-33
-31
-30
-30
-26
-23
-20
-16
-10
-7
-2
2
4
8
10
13
17
21
28
30
32
35
36
36
36
37
41
43
45
46
45
44
42
41
41
36
32
29
25
21
16
12
9
4
1
1
-2
-4
-4
-8
-11
-14
-18
-23
-25
-26
-29
-31
-32
-36
-36
-36
-38
-36
-36
-35
-33
-32
-28
-24
-23
-18
-15
-14
-12
-7
-3
1
3
6
8
9
13
14
18
21
25
26
26
32
30
29
30
26
29
31
27
26
25
25
21
18
14
9
6
3
0
-5
-9
-13
-16
-19
-25
-27
-28
-30
-29
-35
-38
-38
-40
-41
-43
-44
-44
-43
-39
-34
-31
-29
-28
-27
-25
-22
-19
-15
-10
-10
-6
-5
-5
-2
1
3
6
9
12
15
18
23
26
27
28
30
30
30
33
32
34
34
34
32
30
28
27
27
24
20
19
15
11
7
4
1
-9
-13
-19
-24
-28
-31
-35
-38
-37
-40
-42
-41
-44
-47
-46
-49
-50
-48
-47
-46
-44
-42
-42
-41
-39
-35
-30
-26
-22
-21
-18
-12
-8
-5
-2
2
6
11
15
18
24
29
35
38
36
38
37
37
40
38
36
34
33
31
29
25
22
21
15
11
14
7
4
1
-5
-10
-16
-19
-23
-26
-29
-33
-34
-38
-38
-38
-40
-39
-39
-38
-41
-44
-43
-42
-38
-37
-36
-29
-27
-25
-18
-11
-6
0
5
11
15
22
28
31
38
46
48
51
57
59
63
67
66
66
65
63
60
60
57
53
50
45
43
39
35
32
27
23
20
13
9
8
4
1
-5
-11
-17
-19
-24
-29
-31
-35
-38
-41
-43
-45
-46
