22
21
20
17
11
10
9
5
4
4
3
2
1
-1
-3
-4
-3
-4
-6
-6
-4
-2
0
0
0
-1
1
4
7
7
5
2
4
3
4
1
-5
-5
-6
-3
1
-2
-2
1
2
0
-1
0
1
3
2
2
3
4
7
8
6
7
3
3
3
3
1
-3
-4
-5
-3
-2
-4
-4
-2
1
2
3
4
7
7
8
9
10
11
12
10
9
7
5
2
3
0
-3
-9
-11
-13
-18
-19
-20
-22
-23
-25
-27
-26
-29
-27
-23
-23
-22
-20
-20
-19
-15
-13
-10
-10
-10
-7
-8
-7
-6
-7
-5
-3
-2
0
2
0
2
5
6
6
6
6
6
10
12
12
13
12
13
15
13
14
13
13
9
6
4
2
0
-1
-4
-7
-11
-14
-16
-16
-18
-21
-21
-22
-23
-23
-21
-21
-20
-17
-16
-16
-15
-13
-10
-8
-7
-5
-2
1
-1
-3
-3
-1
1
0
1
3
2
2
4
2
3
7
7
7
7
7
8
9
10
6
8
9
8
5
4
5
3
5
5
2
1
-1
2
1
0
2
0
2
2
1
1
1
1
1
0
1
-1
0
-1
-1
-4
-6
-5
-4
-5
-6
-8
-8
-7
-7
-6
-7
-6
-3
-1
-3
-2
-3
-3
-2
0
1
0
0
1
0
-1
-2
-3
-3
-3
-3
-4
-5
-3
-2
-5
-3
-2
-1
2
3
3
5
7
8
8
11
9
8
8
6
8
9
10
12
9
10
9
8
7
7
6
7
8
8
6
6
7
7
8
9
9
11
12
11
12
14
14
16
17
16
14
13
12
14
15
15
14
14
13
14
13
12
16
12
10
11
9
9
9
7
6
3
-1
-3
-4
-7
-12
-12
-14
-16
-17
-21
-23
-25
-26
-26
-26
-23
-22
-23
-22
-20
-20
-20
-19
-18
-14
-14
-11
-6
-4
-3
0
2
6
6
11
10
10
13
12
12
13
12
12
12
12
9
8
6
3
3
3
2
2
2
2
1
0
3
2
1
2
0
-3
-1
-3
-4
-6
-6
-7
-7
-7
-4
-4
-5
-6
-5
-3
-2
-3
-3
-3
-2
-1
-2
-1
1
3
3
3
5
5
6
8
8
8
9
10
10
9
12
14
14
15
16
14
14
13
12
13
12
11
8
9
11
9
7
6
3
2
-1
-3
-3
-7
-9
-10
-14
-16
-15
-15
-16
-16
-17
-19
-18
-18
-17
-16
-15
-13
-12
-12
-9
-7
-7
-7
-7
-8
-9
-6
-5
-7
-7
-6
-4
-1
1
2
5
7
8
9
10
8
8
9
9
8
8
8
5
3
4
5
1
1
0
-1
-4
-5
-2
-2
-3
1
1
3
4
1
1
3
1
1
1
-1
1
2
-2
-3
1
-2
-2
-1
-1
-2
-3
-4
-5
-4
-5
-7
-9
-10
-10
-13
-12
-15
-13
-13
-15
-14
-12
-9
-6
-7
-2
-3
-4
2
4
5
5
7
11
11
14
13
15
17
16
16
20
22
23
23
21
20
18
18
16
14
13
13
7
4
2
0
-3
-6
-5
-8
-9
-9
-11
-10
-10
-10
-9
-9
-9
-7
-7
-6
-5
-3
-1
-2
0
2
2
3
5
6
6
8
7
7
7
5
5
4
4
4
3
2
2
-1
-4
-5
-4
-4
-4
-5
-5
-4
-4
-3
-3
-2
-2
-3
-1
-3
-5
-6
-5
-5
-7
-7
-8
-8
-6
-3
-2
-2
0
1
0
2
2
0
2
2
3
5
2
1
-1
-2
-4
-5
-3
-3
-4
-3
-2
-3
-2
1
2
1
0
1
1
0
1
3
2
-1
-1
0
-3
-3
-1
0
2
4
2
2
3
3
4
6
4
5
4
3
3
3
1
-1
0
2
1
-1
-1
-1
-1
0
1
0
1
2
3
4
2
4
6
7
10
11
11
13
13
14
17
16
15
15
14
13
12
11
11
9
7
3
1
0
-4
-5
-5
-9
-11
-14
-16
-18
-20
-19
-18
-21
-21
-22
-24
-25
-23
-24
-23
-22
-22
-23
-24
-22
-22
-18
-17
-15
-12
-11
-10
-9
-8
-4
-3
-2
-3
-4
-4
-5
-4
-3
-2
0
-1
-2
-1
-2
0
2
3
4
5
6
6
10
11
12
13
13
14
13
12
13
12
12
14
15
14
13
12
10
11
10
10
11
10
7
6
5
3
1
3
3
2
1
0
-1
0
2
0
-2
0
0
-1
-2
-3
-4
-4
-1
-2
-3
-1
-3
-1
3
3
3
2
3
2
-1
-2
-1
-4
-4
-4
-3
-2
-4
-7
-8
-9
-10
-10
-9
-7
-7
-8
-8
-8
-8
-6
-8
-11
-10
-8
-9
-10
-10
-10
-9
-9
-11
-12
-9
-8
-6
-4
-4
-3
-4
-4
-3
-1
2
3
-1
1
3
1
1
0
-1
-2
-3
-2
-3
-3
0
1
2
3
3
3
3
4
4
5
6
5
6
6
6
5
6
5
4
7
4
4
5
3
4
4
2
4
3
4
6
5
7
5
5
6
6
6
4
4
4
3
4
5
6
3
5
7
7
7
8
7
11
12
11
11
8
7
8
7
6
5
4
4
5
5
2
1
2
3
2
0
-1
-2
1
0
-3
-4
-6
-6
-6
-7
-6
-7
-8
-8
-8
-11
-14
-11
-12
-11
-11
-11
-9
-11
-9
-7
-9
-8
-7
-7
-7
-5
-6
-5
-6
-4
-4
-4
-2
-2
-3
0
2
1
0
-1
-1
0
0
-1
0
0
0
0
2
4
1
2
2
1
2
2
3
4
6
6
4
3
2
2
2
2
1
0
0
0
-2
-1
-3
-2
1
1
0
1
3
1
1
0
0
-2
-3
-3
-3
-3
-3
-4
-5
-5
-7
-8
-6
-5
-3
-1
-1
0
0
2
2
2
5
8
8
7
8
7
7
5
6
7
5
5
5
9
10
10
9
7
5
8
7
6
7
9
9
8
6
7
5
4
6
5
4
4
3
1
0
1
3
1
0
-1
0
2
2
5
5
6
6
4
1
1
4
4
3
4
2
2
2
3
3
2
3
3
1
0
2
2
0
1
1
0
-3
-4
-3
-4
-4
-2
1
-3
-6
-5
-6
-6
-5
-7
-7
-7
-5
-6
-8
-10
-10
-9
-10
-13
-12
-10
-10
-8
-4
-5
-3
0
-2
-3
-1
1
-1
-1
1
1
-2
-1
-1
-2
0
2
0
-1
0
1
1
3
2
-2
-3
-2
-3
-3
-1
-2
0
0
1
5
6
6
7
9
8
8
9
10
9
9
11
10
7
6
7
6
4
6
8
7
6
7
2
1
3
2
0
-2
-3
-1
1
2
-1
0
1
0
1
1
0
1
1
-1
0
-2
-3
-7
-8
-8
-9
-8
-7
-7
-5
-4
-7
-8
-12
-11
-11
-14
-13
-14
-14
-12
-14
-14
-16
-17
-13
-12
-9
-7
-6
-5
-4
-2
0
-3
-3
-4
-2
1
0
2
4
4
6
9
9
7
9
9
7
9
9
7
8
9
6
6
5
5
8
6
8
10
8
8
9
8
7
5
6
4
5
6
6
8
9
10
10
11
10
11
13
11
10
11
9
7
10
10
10
11
12
12
12
11
11
11
11
13
13
12
11
10
10
7
8
9
8
10
10
9
6
4
1
-3
-4
-3
-5
-4
-9
-11
-9
-10
-9
-8
-8
-9
-7
-6
-7
-9
-11
-9
-6
-5
-6
-9
-11
-12
-11
-13
-13
-12
-9
-9
-8
-8
-8
-9
-9
-7
-7
-7
-7
-5
-5
-3
0
-2
-4
-4
-4
-2
-3
-5
-6
-5
-4
-5
-6
-7
-7
-7
-7
-10
-10
-6
-9
-9
-11
-10
-9
-10
-8
-10
-11
-11
-12
-12
-15
-13
-10
-10
-6
-6
-4
-1
0
2
3
5
5
5
8
9
9
11
13
15
16
14
15
16
16
16
16
16
15
14
16
16
17
17
14
12
11
7
4
2
3
4
2
0
-1
-3
-2
-3
0
3
2
2
2
3
2
-1
2
2
2
3
1
3
6
7
8
5
5
6
6
9
6
3
3
3
2
0
1
2
5
4
2
0
-2
-2
-1
-3
-5
-5
-4
-6
-9
-10
-12
-12
-12
-12
-12
-11
-9
-10
-12
-13
-13
-11
-10
-9
-7
-5
-3
-2
1
0
2
2
0
1
4
5
4
7
4
2
3
3
2
1
1
2
1
2
3
2
4
7
8
3
1
-2
-6
-3
-5
-7
-6
-9
-8
-10
-9
-5
-7
-6
-8
-8
-6
-8
-6
-5
-4
-2
-5
-8
-10
-10
-5
-1
1
1
-1
-2
-3
-6
-5
-4
-3
-1
1
-2
-2
-1
0
1
2
3
3
3
4
4
6
5
7
5
1
-1
-2
-2
-1
1
0
-1
0
-1
-2
-1
0
-1
-4
-2
-6
-7
-7
-5
-2
-2
0
-1
-1
-2
-3
1
1
2
4
1
2
1
-2
-3
-2
0
1
-2
-1
-3
-4
-1
-2
1
3
-1
-1
-3
-5
-4
-1
2
4
6
6
4
5
5
3
6
6
3
6
6
3
2
1
-3
-5
-5
-3
-5
-3
-1
-2
-1
-1
0
3
3
1
-1
-5
-5
-2
-4
-4
-1
0
3
4
0
-2
-3
-2
-1
-3
0
1
2
1
1
1
1
1
1
2
4
2
0
1
2
2
2
2
2
2
0
0
1
-1
2
2
3
6
6
7
8
5
3
0
-1
1
-1
0
-2
-5
-3
-4
-4
-6
-8
-7
-6
-4
-6
-9
-9
-8
-7
-4
-6
-7
-4
-6
-7
-6
-7
-6
-4
-2
-3
-3
-3
-4
-3
-2
-4
-3
-1
0
1
3
4
5
5
6
6
2
1
2
0
0
1
0
3
4
3
5
4
2
4
5
4
3
1
4
4
1
3
-1
0
-1
-3
-2
-3
-4
-4
-5
-5
-5
-6
-5
-5
-6
-7
-9
-8
-10
-11
-8
-6
-4
1
4
7
7
6
9
7
12
16
15
16
14
11
12
11
12
13
14
14
12
11
7
8
8
5
1
-1
-1
-2
-2
-1
1
2
0
2
1
1
1
1
2
1
1
1
1
2
1
3
5
4
8
9
9
6
9
10
8
6
4
2
1
1
0
-2
0
-1
-3
-2
-3
-4
-1
-2
-2
-2
-7
-6
-12
-16
-13
-14
-13
-9
-10
-7
-4
-2
0
1
2
3
3
2
3
6
5
4
0
-3
-8
-11
-9
-11
-10
-7
-6
-3
-1
0
1
2
3
2
-1
-3
-1
0
0
1
4
3
5
9
10
9
11
9
8
2
-2
-2
-4
-3
-3
-5
-4
-2
-3
-1
-2
-1
2
2
3
1
2
1
3
5
2
2
4
4
5
10
12
13
12
10
8
8
6
6
8
8
11
10
7
4
0
-1
1
0
1
-1
-4
-4
-7
-7
-7
-10
-8
-10
-11
-8
-11
-15
-13
-15
-14
-14
-15
-11
-5
-5
-3
-3
-3
-7
-5
-5
-8
-7
-6
-5
-3
-3
-3
-1
-1
-1
0
-2
-4
-4
-5
-2
-1
-1
2
4
8
7
6
9
11
13
12
11
11
12
11
10
7
5
5
2
3
2
-2
-2
-4
-5
-10
-15
-18
-20
-21
-22
-24
-27
-29
-30
-26
-24
-21
-15
-15
-12
-12
-15
-13
-8
1
11
14
19
24
27
35
41
47
54
59
62
62
56
53
51
48
49
44
35
28
17
13
10
6
1
-4
-8
-11
-15
-18
-17
-14
-11
-11
-12
-20
-24
-28
-30
-23
-16
-17
-16
-19
-24
-28
-35
-41
-46
-51
-61
-78
-93
-104
-111
-115
-117
-122
-125
-125
-123
-115
-103
-93
-78
-58
-40
-21
-1
24
51
82
116
145
172
201
225
252
276
297
320
335
347
357
360
358
356
352
343
323
297
264
228
186
142
95
38
-20
-81
-143
-204
-263
-316
-363
-409
-451
-487
-520
-542
-552
-554
-545
-532
-516
-492
-460
-423
-379
-328
-278
-225
-174
-130
-87
-44
-6
33
69
99
123
144
160
173
190
205
218
235
251
267
283
305
330
360
394
428
463
495
526
553
571
586
591
592
583
562
526
474
412
340
263
180
94
6
-86
-174
-264
-356
-436
-510
-570
-619
-662
-695
-718
-731
-734
-724
-702
-674
-639
-600
-558
-519
-482
-439
-400
-358
-319
-289
-261
-238
-216
-196
-173
-151
-124
-92
-59
-16
32
82
144
212
287
365
448
533
618
702
781
855
925
983
1029
1062
1077
1075
1052
1009
950
881
799
700
597
485
363
238
116
-4
-117
-222
-322
-416
-498
-574
-642
-694
-733
-759
-771
-778
-780
-778
-769
-754
-736
-712
-686
-661
-640
-623
-605
-586
-565
-537
-508
-483
-460
-439
-418
-392
-360
-321
-279
-237
-193
-152
-113
-73
-30
21
77
127
179
226
267
317
368
418
471
522
574
624
673
725
779
833
889
947
1001
1044
1081
1110
1125
1123
1103
1062
1002
934
852
757
653
538
411
274
130
-14
-159
-294
-419
-540
-657
-773
-882
-978
-1053
-1108
-1143
-1157
-1165
-1164
-1154
-1137
-1106
-1061
-1001
-929
-852
-781
-720
-666
-612
-555
-493
-429
-365
-314
-270
-235
-202
-168
-130
-81
-25
28
70
109
151
196
254
318
386
456
519
577
632
692
759
829
901
970
1023
1061
1092
1123
1149
1179
1201
1203
1178
1126
1049
958
868
780
691
595
485
355
210
59
-88
-217
-327
-427
-527
-633
-739
-841
-924
-986
-1020
-1030
-1034
-1034
-1045
-1060
-1072
-1067
-1035
-988
-934
-886
-853
-826
-800
-771
-730
-676
-611
-548
-499
-467
-441
-414
-368
-301
-229
-151
-87
-32
20
70
133
205
289
379
463
531
586
642
701
772
856
937
1008
1067
1113
1152
1195
1238
1285
1331
1358
1359
1323
1254
1170
1080
998
917
826
714
576
425
260
92
-64
-204
-325
-438
-560
-690
-820
-938
-1026
-1081
-1109
-1125
-1135
-1145
-1159
-1179
-1192
-1189
-1158
-1105
-1046
-1002
-973
-950
-927
-898
-851
-795
-732
-669
-617
-576
-544
-508
-454
-378
-287
-195
-110
-31
34
101
176
259
355
458
550
632
697
748
802
872
951
1036
1118
1184
1235
1277
1316
1359
1411
1459
1495
1505
1473
1403
1311
1218
1133
1054
965
854
718
558
381
200
29
-127
-260
-392
-534
-688
-850
-996
-1109
-1190
-1240
-1269
-1290
-1317
-1350
-1385
-1413
-1417
-1388
-1333
-1265
-1208
-1173
-1143
-1111
-1064
-1002
-931
-849
-765
-688
-629
-583
-534
-474
-389
-288
-187
-94
-12
62
138
213
301
394
495
597
688
762
824
883
951
1029
1115
1198
1271
1334
1387
1434
1475
1510
1545
1575
1588
1565
1504
1418
1326
1234
1146
1053
945
817
671
510
334
158
-8
-155
-293
-431
-583
-746
-904
-1037
-1142
-1217
-1267
-1309
-1342
-1379
-1421
-1464
-1498
-1505
-1478
-1433
-1382
-1348
-1329
-1305
-1268
-1209
-1137
-1054
-965
-878
-800
-738
-686
-622
-533
-422
-300
-190
-95
-9
73
163
262
369
481
588
684
758
818
874
938
1014
1097
1179
1252
1311
1365
1421
1473
1525
1576
1614
1640
1642
1612
1553
1481
1411
1345
1275
1185
1066
932
784
627
469
301
132
-35
-203
-374
-561
-747
-910
-1043
-1147
-1240
-1329
-1410
-1474
-1520
-1551
-1569
-1574
-1563
-1541
-1515
-1494
-1470
-1437
-1381
-1300
-1215
-1139
-1077
-1008
-935
-857
-779
-704
-626
-537
-443
-352
-269
-182
-81
29
147
260
357
448
542
632
716
794
868
939
1010
1075
1133
1184
1231
1285
1342
1399
1446
1483
1514
1533
1542
1537
1511
1469
1424
1368
1308
1238
1143
1036
918
790
652
501
337
169
3
-164
-339
-514
-687
-849
-987
-1111
-1226
-1327
-1418
-1488
-1538
-1571
-1596
-1611
-1610
-1591
-1560
-1516
-1463
-1402
-1330
-1255
-1183
-1113
-1043
-969
-889
-805
-723
-647
-574
-503
-426
-343
-254
-159
-59
46
144
232
315
401
488
581
666
741
807
861
911
960
1008
1058
1105
1148
1185
1216
1244
1272
1301
1333
1366
1392
1398
1377
1340
1293
1249
1210
1161
1093
1003
893
769
635
495
356
220
87
-49
-197
-367
-545
-704
-834
-941
-1034
-1129
-1220
-1297
-1359
-1400
-1418
-1410
-1380
-1335
-1293
-1267
-1255
-1243
-1208
-1144
-1073
-1011
-965
-933
-899
-863
-821
-765
-693
-607
-519
-441
-382
-325
-253
-161
-52
62
165
252
325
396
465
537
610
683
753
812
850
870
879
898
935
981
1024
1061
1089
1114
1145
1178
1205
1226
1246
1256
1244
1212
1168
1117
1075
1031
965
876
768
656
539
412
276
136
-4
-150
-304
-462
-617
-754
-867
-959
-1038
-1105
-1165
-1209
-1235
-1246
-1243
-1229
-1210
-1195
-1181
-1169
-1144
-1104
-1056
-1011
-973
-933
-891
-847
-798
-748
-689
-615
-532
-461
-405
-354
-287
-201
-109
-26
43
113
194
277
345
398
448
508
570
609
620
621
638
684
743
790
820
846
887
928
962
991
1032
1098
1167
1210
1213
1184
1143
1109
1090
1077
1053
1008
938
840
720
585
447
320
203
90
-37
-185
-360
-539
-687
-796
-874
-936
-1003
-1069
-1125
-1164
-1192
-1210
-1209
-1183
-1136
-1091
-1075
-1086
-1091
-1060
-991
-919
-867
-833
-796
-734
-670
-622
-579
-525
-435
-336
-265
-231
-213
-160
-71
29
98
135
169
219
272
309
331
366
430
510
565
576
567
576
618
676
730
776
815
850
885
914
940
973
1017
1075
1127
1149
1130
1083
1025
983
957
933
887
807
701
579
451
317
175
46
-64
-160
-267
-405
-565
-714
-815
-870
-911
-957
-1006
-1041
-1055
-1069
-1089
-1109
-1103
-1048
-973
-916
-892
-889
-862
-796
-721
-667
-631
-586
-523
-455
-411
-395
-373
-316
-237
-167
-137
-131
-112
-65
1
60
99
136
181
237
290
325
345
382
446
520
566
570
564
587
642
705
750
772
791
823
856
878
892
910
941
979
994
969
911
845
791
764
744
698
619
511
396
283
167
51
-60
-155
-233
-320
-437
-575
-706
-794
-836
-858
-881
-908
-938
-963
-972
-975
-963
-929
-890
-840
-786
-740
-722
-715
-706
-662
-587
-520
-481
-460
-428
-377
-331
-312
-302
-263
-186
-116
-86
-75
-49
10
84
137
168
207
263
320
360
381
400
438
484
524
547
559
567
586
616
650
680
702
712
727
753
777
794
804
814
830
843
832
789
727
668
629
597
556
487
394
295
197
99
-3
-103
-191
-263
-329
-414
-528
-650
-743
-784
-795
-808
-841
-877
-890
-884
-891
-914
-922
-882
-793
-711
-681
-697
-705
-667
-598
-540
-514
-503
-458
-382
-318
-307
-332
-323
-242
-141
-92
-98
-101
-48
38
98
119
143
207
280
320
326
344
394
451
482
496
525
565
589
582
575
613
679
721
706
672
676
713
743
736
714
723
765
789
749
665
605
590
586
550
474
391
327
264
174
57
-56
-136
-197
-263
-354
-461
-569
-647
-688
-713
-737
-757
-777
-791
-798
-803
-814
-820
-800
-744
-682
-646
-643
-641
-617
-571
-527
-500
-471
-417
-360
-339
-340
-321
-269
-205
-165
-137
-83
-9
33
34
46
118
209
266
281
299
352
402
406
390
404
459
502
498
479
493
533
554
541
534
574
637
665
639
612
634
678
685
653
624
627
638
605
523
442
400
369
309
213
110
34
-30
-116
-228
-341
-430
-493
-551
-619
-700
-770
-803
-801
-802
-825
-853
-842
-790
-751
-747
-740
-688
-609
-567
-574
-567
-507
-437
-403
-394
-365
-309
-255
-225
-200
-155
-106
-71
-32
35
110
142
135
158
241
323
343
321
337
421
509
526
488
485
545
619
645
623
606
622
646
649
640
636
637
631
615
617
638
644
598
524
492
518
529
452
320
222
204
202
131
-16
-162
-230
-236
-268
-387
-549
-649
-633
-575
-602
-738
-845
-816
-718
-709
-805
-856
-765
-620
-589
-665
-676
-553
-440
-449
-482
-393
-236
-195
-284
-319
-204
-87
-108
-185
-147
2
69
-29
-117
-36
122
184
149
150
258
361
367
338
366
436
461
454
494
569
574
478
415
502
649
681
567
476
545
669
659
496
369
435
599
616
439
274
289
412
407
207
16
22
152
182
25
-172
-223
-144
-130
-295
-531
-660
-626
-560
-623
-793
-902
-832
-676
-634
-741
-817
-703
-498
-428
-529
-594
-472
-301
-300
-419
-417
-223
-70
-153
-329
-320
-118
14
-64
-189
-137
62
162
60
-77
-54
126
274
265
184
178
270
356
374
369
411
490
533
528
526
557
577
540
480
489
570
617
567
492
485
545
578
531
451
412
419
425
390
326
263
217
180
131
64
-13
-79
-135
-188
-257
-343
-419
-472
-507
-544
-603
-660
-687
-684
-692
-738
-772
-728
-633
-577
-582
-569
-493
-427
-446
-493
-455
-323
-235
-277
-330
-247
-93
-72
-196
-242
-90
97
86
-74
-107
57
214
193
90
132
323
447
386
287
325
457
515
470
462
581
733
761
665
606
685
817
863
801
751
797
861
825
696
623
691
791
769
621
495
489
523
465
303
167
148
173
115
-61
-273
-417
-465
-466
-519
-660
-797
-825
-753
-707
-787
-916
-913
-756
-630
-680
-812
-805
-617
-447
-442
-510
-478
-331
-219
-230
-270
-200
-59
-13
-108
-193
-133
1
13
-114
-169
-25
154
118
-103
-199
8
279
288
94
52
295
516
409
142
135
471
759
678
409
377
671
912
807
532
464
679
849
737
472
361
480
578
463
217
45
2
-35
-170
-360
-511
-612
-716
-852
-987
-1108
-1227
-1344
-1454
-1543
-1618
-1672
-1669
-1600
-1495
-1374
-1224
-1056
-918
-848
-802
-684
-480
-320
-293
-289
-163
48
150
53
-66
0
186
243
66
-158
-199
-97
-93
-271
-431
-385
-188
-60
-90
-134
-44
120
199
175
184
325
539
726
913
1170
1460
1640
1669
1696
1845
2052
2131
2042
1944
1992
2121
2119
1926
1693
1589
1589
1521
1281
950
669
471
280
26
-267
-501
-601
-604
-630
-740
-882
-956
-928
-844
-745
-631
-511
-430
-434
-477
-474
-428
-412
-419
-338
-136
46
23
-200
-405
-435
-391
-460
-653
-820
-827
-679
-473
-295
-198
-181
-217
-262
-292
-297
-275
-252
-235
-210
-176
-122
-59
7
108
257
408
442
320
178
167
273
357
368
407
554
736
817
775
728
771
848
850
769
685
620
506
321
119
-45
-197
-393
-634
-840
-959
-1013
-1053
-1097
-1119
-1087
-1005
-927
-892
-898
-937
-980
-1022
-1069
-1111
-1121
-1075
-979
-871
-773
-678
-567
-445
-343
-266
-211
-140
-58
0
16
10
35
118
233
322
361
403
501
630
711
704
661
666
723
778
793
780
766
762
769
802
856
909
977
1134
1395
1663
1816
1838
1819
1833
1853
1829
1756
1660
1553
1415
1245
1051
855
694
594
551
505
367
98
-242
-538
-721
-816
-876
-928
-963
-975
-993
-1051
-1149
-1241
-1292
-1323
-1361
-1413
-1450
-1445
-1398
-1327
-1236
-1123
-1001
-911
-890
-907
-921
-917
-919
-946
-971
-961
-929
-924
-950
-951
-887
-766
-648
-564
-495
-413
-305
-182
-58
68
203
360
543
732
900
1040
1149
1230
1279
1264
1154
957
726
526
375
221
-15
-327
-643
-905
-1120
-1329
-1542
-1733
-1870
-1969
-2078
-2207
-2320
-2363
-2299
-2156
-1989
-1844
-1726
-1583
-1382
-1147
-916
-719
-543
-372
-229
-155
-143
-148
-116
-42
27
40
-19
-117
-194
-239
-299
-417
-540
-574
-497
-386
-337
-312
-196
44
316
549
769
1036
1326
1562
1740
1945
2231
2542
2797
2983
3154
3334
3468
3495
3386
3122
2714
2238
1805
1451
1096
641
98
-430
-882
-1293
-1704
-2066
-2293
-2377
-2421
-2519
-2649
-2709
-2603
-2330
-1972
-1607
-1285
-1021
-799
-579
-326
-21
305
588
784
859
829
749
668
624
613
586
480
282
41
-171
-336
-468
-579
-687
-778
-808
-734
-546
-271
46
365
673
960
1230
1523
1907
2398
2926
3393
3757
4019
4214
4378
4573
4853
5120
5115
4638
3784
2893
2233
1773
1305
691
-62
-870
-1696
-2502
-3171
-3567
-3669
-3604
-3543
-3602
-3755
-3855
-3728
-3293
-2638
-1975
-1472
-1147
-891
-584
-212
149
443
655
771
745
562
264
-60
-325
-543
-801
-1168
-1634
-2101
-2463
-2643
-2659
-2610
-2567
-2527
-2405
-2144
-1753
-1261
-697
-87
508
1023
1433
1795
2181
2624
3081
3473
3739
3855
3889
3943
4063
4238
4446
4696
4908
4840
4246
3199
2126
1435
1123
849
317
-480
-1332
-2084
-2693
-3122
-3301
-3229
-3050
-2954
-3029
-3234
-3398
-3311
-2861
-2150
-1458
-1032
-883
-803
-578
-189
213
497
637
634
464
102
-363
-742
-925
-995
-1155
-1541
-2080
-2564
-2828
-2839
-2683
-2484
-2319
-2196
-2066
-1862
-1535
-1079
-508
118
687
1083
1300
1482
1792
2254
2741
3095
3263
3298
3287
3297
3375
3544
3789
4099
4452
4713
4615
3946
2872
1876
1331
1153
920
348
-484
-1317
-1975
-2471
-2808
-2931
-2838
-2641
-2522
-2614
-2887
-3113
-3016
-2487
-1715
-1067
-764
-713
-634
-357
47
409
625
705
656
422
-6
-524
-930
-1099
-1139
-1294
-1705
-2274
-2728
-2863
-2700
-2420
-2199
-2076
-1990
-1851
-1587
-1194
-689
-98
521
1068
1432
1614
1761
2040
2471
2886
3104
3106
3000
2915
2922
3037
3254
3514
3779
4074
4383
4537
4245
3419
2385
1598
1204
934
465
-246
-1016
-1688
-2221
-2638
-2897
-2935
-2788
-2587
-2504
-2625
-2851
-2914
-2577
-1895
-1176
-699
-477
-318
-48
310
646
917
1136
1251
1122
688
60
-516
-838
-939
-1067
-1444
-2041
-2621
-2935
-2932
-2747
-2528
-2319
-2097
-1856
-1612
-1329
-937
-395
264
891
1312
1502
1611
1830
2215
2625
2894
2985
2979
2954
2936
2956
3065
3271
3527
3819
4158
4422
4325
3671
2641
1700
1141
847
496
-86
-825
-1558
-2177
-2624
-2870
-2917
-2794
-2596
-2443
-2448
-2610
-2725
-2535
-1974
-1253
-684
-396
-259
-89
183
498
773
937
935
732
321
-261
-904
-1439
-1745
-1905
-2133
-2556
-3059
-3379
-3364
-3085
-2733
-2422
-2141
-1851
-1523
-1154
-743
-276
243
764
1196
1456
1549
1615
1794
2073
2298
2345
2240
2099
2027
2072
2227
2457
2712
2996
3397
3950
4448
4502
3902
2901
1993
1450
1153
809
246
-505
-1307
-2033
-2605
-2957
-3058
-2941
-2704
-2537
-2607
-2856
-2991
-2734
-2095
-1365
-830
-563
-423
-253
-9
290
586
798
851
704
352
-167
-744
-1234
-1587
-1886
-2263
-2739
-3173
-3396
-3346
-3093
-2746
-2384
-2023
-1638
-1209
-748
-268
222
690
1078
1343
1501
1618
1771
1986
2185
2265
2214
2094
1981
1922
1937
2058
2278
2554
2832
3166
3682
4320
4717
4464
3573
2496
1701
1286
1008
590
-74
-899
-1726
-2401
-2824
-2974
-2881
-2624
-2364
-2281
-2411
-2562
-2451
-1933
-1155
-426
13
148
165
258
498
791
976
939
685
282
-222
-792
-1363
-1862
-2257
-2606
-2971
-3336
-3583
-3582
-3309
-2855
-2370
-1951
-1599
-1235
-788
-275
226
649
976
1220
1399
1525
1610
1680
1755
1811
1811
1745
1654
1588
1601
1717
1929
2200
2496
2844
3347
4068
4802
5094
4626
3576
2480
1761
1409
1103
541
-326
-1310
-2170
-2760
-3059
-3110
-2944
-2632
-2368
-2334
-2485
-2528
-2176
-1434
-593
20
269
273
249
347
565
786
878
755
404
-132
-735
-1254
-1637
-1961
-2357
-2861
-3368
-3711
-3763
-3510
-3046
-2520
-2064
-1702
-1356
-921
-357
268
823
1188
1325
1286
1178
1118
1164
1286
1388
1393
1283
1116
1000
1019
1203
1516
1902
2305
2691
3092
3623
4366
5134
5476
5038
3953
2745
1848
1309
868
257
-601
-1568
-2441
-3063
-3377
-3387
-3131
-2705
-2327
-2186
-2229
-2176
-1774
-1025
-178
460
737
728
640
646
766
874
822
554
86
-520
-1164
-1738
-2184
-2531
-2846
-3186
-3519
-3719
-3661
-3299
-2718
-2086
-1528
-1064
-642
-199
288
784
1183
1393
1412
1311
1179
1058
962
902
872
844
781
700
667
737
942
1282
1725
2215
2711
3243
3885
4641
5305
5513
5070
4138
3082
2194
1511
875
119
-801
-1778
-2625
-3186
-3423
-3377
-3118
-2738
-2366
-2101
-1903
-1623
-1141
-485
194
721
1010
1084
1052
1027
1031
992
823
492
37
-487
-1024
-1523
-1967
-2386
-2810
-3222
-3550
-3691
-3563
-3182
-2655
-2099
-1583
-1099
-612
-114
379
814
1120
1243
1187
1006
778
571
441
389
364
307
209
132
151
299
586
989
1455
1935
2411
2901
3445
4082
4804
5450
5681
5223
4172
2931
1874
1101
444
-328
-1283
-2311
-3212
-3796
-3981
-3806
-3384
-2850
-2345
-1979
-1721
-1412
-910
-220
500
1029
1232
1141
918
717
593
483
278
-86
-634
-1290
-1887
-2285
-2486
-2616
-2789
-3020
-3219
-3241
-2988
-2484
-1854
-1253
-764
-382
-51
268
587
880
1085
1122
957
667
386
202
127
112
97
65
48
89
235
506
886
1341
1834
2342
2860
3401
4004
4699
5395
5781
5523
4588
3320
2159
1294
598
-159
-1093
-2119
-3026
-3626
-3839
-3691
-3276
-2716
-2139
-1678
-1362
-1069
-632
-8
672
1181
1357
1238
996
782
631
462
167
-288
-858
-1451
-1970
-2325
-2491
-2545
-2596
-2705
-2827
-2839
-2633
-2192
-1609
-1047
-607
-288
-30
225
499
757
940
978
837
552
212
-78
-247
-285
-252
-231
-221
-166
-4
290
695
1181
1707
2235
2731
3195
3676
4222
4857
5492
5834
5538
4539
3169
1892
929
171
-592
-1489
-2472
-3342
-3889
-3999
-3707
-3161
-2494
-1840
-1319
-959
-653
-244
305
869
1259
1333
1110
752
428
197
-29
-384
-883
-1429
-1916
-2283
-2513
-2637
-2724
-2814
-2882
-2860
-2686
-2350
-1878
-1322
-784
-356
-66
125
287
461
624
704
647
454
201
-18
-146
-185
-168
-118
-30
116
339
636
996
1415
1884
2371
2843
3297
3768
4288
4860
5376
5567
5144
4098
2774
1598
746
86
-617
-1487
-2439
-3255
-3713
-3734
-3400
-2870
-2256
-1647
-1152
-813
-545
-197
289
789
1096
1093
820
436
107
-110
-315
-648
-1129
-1635
-2029
-2280
-2412
-2456
-2447
-2433
-2439
-2428
-2307
-2003
-1536
-1022
-596
-327
-173
-29
175
417
599
634
509
275
27
-174
-303
-351
-327
-232
-94
55
232
492
860
1305
1766
2198
2609
3035
3485
3943
4411
4877
5256
5333
4869
3839
2534
1329
410
-302
-1015
-1850
-2734
-3442
-3767
-3670
-3271
-2716
-2093
-1481
-962
-582
-285
36
415
778
997
970
720
369
30
-277
-620
-1049
-1502
-1888
-2171
-2359
-2481
-2564
-2631
-2683
-2646
-2437
-2063
-1598
-1135
-740
-419
-146
105
338
519
619
631
546
376
168
-11
-106
-118
-95
-57
11
162
431
811
1252
1685
2081
2466
2880
3342
3815
4283
4754
5178
5351
4986
4002
2692
1496
633
-16
-714
-1583
-2512
-3279
-3694
-3694
-3354
-2810
-2186
-1586
-1100
-747
-442
-72
390
819
1035
958
670
339
86
-94
-319
-714
-1258
-1791
-2172
-2355
-2403
-2411
-2445
-2503
-2524
-2437
-2198
-1809
-1323
-830
-431
-184
-54
61
241
463
621
620
447
176
-75
-222
-283
-301
-294
-243
-101
120
383
697
1062
1463
1871
2283
2710
3140
3573
4012
4457
4881
5167
5110
4545
3510
2276
1143
253
-472
-1203
-2034
-2873
-3506
-3773
-3644
-3222
-2644
-2014
-1425
-943
-568
-221
164
577
922
1076
983
702
356
48
-232
-581
-1039
-1516
-1906
-2190
-2430
-2660
-2821
-2849
-2729
-2496
-2199
-1862
-1477
-1042
-581
-167
135
324
458
581
666
666
571
412
239
84
-45
-137
-168
-102
69
304
562
835
1162
1572
2049
2533
2987
3421
3864
4345
4838
5178
5104
4437
3301
2057
1018
246
-424
-1168
-2025
-2863
-3472
-3694
-3514
-3056
-2479
-1896
-1381
-975
-636
-254
222
709
1049
1126
957
662
382
170
-37
-353
-827
-1382
-1877
-2201
-2334
-2374
-2449
-2591
-2738
-2756
-2558
-2168
-1678
-1174
-715
-346
-80
107
281
485
669
741
642
404
124
-104
-216
-232
-214
-203
-183
-78
153
501
929
1386
1840
2271
2687
3121
3597
4135
4723
5282
5560
5243
4265
2953
1757
882
209
-510
-1412
-2409
-3284
-3810
-3888
-3593
-3074
-2467
-1881
-1393
-1003
-626
-156
398
898
1181
1187
983
717
507
338
88
-340
-913
-1478
-1904
-2186
-2428
-2696
-2940
-3062
-2995
-2758
-2421
-2021
-1562
-1060
-567
-144
184
445
676
850
905
804
604
397
249
156
67
-25
-87
-64
76
307
596
926
1319
1781
2265
2742
3222
3753
4377
5049
5552
5537
4803
3576
2334
1399
735
53
-833
-1866
-2829
-3499
-3772
-3677
-3337
-2864
-2329
-1828
-1417
-1049
-605
-22
589
1027
1174
1070
858
671
547
405
121
-347
-911
-1462
-1933
-2326
-2655
-2895
-3037
-3084
-3029
-2858
-2554
-2123
-1605
-1065
-577
-175
159
465
731
905
944
860
697
498
311
162
51
-31
-85
-67
53
266
545
879
1277
1722
2194
2695
3252
3894
4628
5334
5720
5468
4546
3329
2256
1496
872
100
-931
-2083
-3063
-3629
-3730
-3512
-3178
-2812
-2437
-2075
-1697
-1227
-610
76
654
984
1054
968
869
839
828
681
291
-297
-933
-1483
-1911
-2273
-2614
-2933
-3194
-3340
-3320
-3112
-2719
-2198
-1640
-1124
-678
-273
137
549
901
1117
1161
1053
867
687
555
465
368
249
162
154
264
486
791
1162
1585
2057
2562
3101
3709
4415
5104
5481
5228
4338
3201
2246
1609
1092
382
-645
-1825
-2834
-3412
-3520
-3329
-3056
-2785
-2513
-2239
-1927
-1497
-902
-216
387
752
849
795
755
821
915
850
486
-140
-811
-1318
-1628
-1878
-2230
-2721
-3203
-3475
-3454
-3192
-2795
-2349
-1900
-1462
-1024
-565
-75
418
855
1146
1249
1183
1040
935
885
828
707
531
370
293
332
487
727
1019
1344
1709
2132
2633
3246
3989
4735
5186
5030
4265
3262
2434
1910
1475
800
-228
-1415
-2421
-3010
-3177
-3109
-2975
-2831
-2665
-2466
-2204
-1798
-1225
-574
-11
348
511
588
705
896
1065
1040
719
169
-434
-907
-1202
-1431
-1773
-2303
-2899
-3339
-3458
-3275
-2933
-2568
-2237
-1909
-1515
-1025
-456
119
624
988
1174
1208
1166
1158
1214
1258
1204
1030
829
718
760
940
1197
1471
1743
2032
2403
2934
3647
4402
4878
4753
4009
3021
2243
1829
1544
1027
117
-997
-1966
-2536
-2691
-2624
-2534
-2499
-2476
-2410
-2243
-1920
-1431
-850
-341
-34
82
142
291
564
829
871
577
74
-374
-640
-806
-1019
-1350
-1769
-2218
-2645
-2956
-3064
-2939
-2649
-2323
-2047
-1806
-1473
-964
-326
283
720
972
1120
1252
1394
1517
1566
1513
1396
1275
1197
1199
1295
1485
1718
1954
2199
2512
2978
3613
4258
4576
4280
3453
2545
1965
1716
1461
869
-101
-1172
-2001
-2410
-2456
-2359
-2300
-2314
-2336
-2313
-2188
-1899
-1430
-880
-438
-225
-206
-199
-30
274
510
483
187
-197
-488
-686
-934
-1335
-1838
-2309
-2634
-2805
-2887
-2923
-2896
-2749
-2467
-2111
-1735
-1332
-877
-392
52
407
677
887
1083
1307
1517
1612
1538
1405
1400
1570
1797
1964
2080
2207
2402
2730
3218
3759
4070
3884
3220
2377
1685
1268
992
579
-144
-1067
-1882
-2343
-2446
-2362
-2248
-2169
-2123
-2095
-2018
-1812
-1455
-1028
-659
-432
-358
-320
-190
61
296
315
54
-330
-599
-670
-707
-950
-1467
-2070
-2495
-2650
-2665
-2688
-2743
-2740
-2588
-2292
-1924
-1522
-1085
-619
-171
207
491
732
1004
1298
1519
1599
1579
1564
1639
1790
1955
2101
2226
2368
2582
2884
3284
3737
4095
4106
3596
2732
1929
1469
1258
946
283
-640
-1507
-2023
-2138
-2036
-1949
-1967
-2009
-1972
-1847
-1649
-1365
-1008
-656
-424
-337
-285
-161
37
200
222
81
-153
-374
-543
-733
-1037
-1447
-1838
-2091
-2213
-2301
-2397
-2463
-2443
-2310
-2086
-1809
-1495
-1142
-752
-366
-21
304
651
1026
1370
1619
1779
1900
2045
2226
2423
2602
2757
2919
3124
3413
3833
4338
4679
4515
3747
2705
1902
1526
1306
831
-42
-1095
-1954
-2368
-2370
-2204
-2111
-2130
-2142
-2054
-1853
-1548
-1139
-681
-302
-91
-19
52
232
500
728
748
473
14
-404
-652
-791
-994
-1367
-1843
-2253
-2483
-2546
-2528
-2496
-2446
-2332
-2141
-1889
-1583
-1211
-788
-391
-70
205
493
824
1166
1459
1660
1769
1826
1914
2089
2326
2555
2727
2877
3093
3459
3961
4344
4263
3614
2689
1958
1593
1368
942
197
-715
-1527
-2028
-2195
-2171
-2143
-2188
-2235
-2222
-2132
-1936
-1603
-1175
-803
-595
-509
-406
-197
61
242
238
29
-290
-568
-744
-893
-1121
-1451
-1790
-2040
-2191
-2297
-2387
-2425
-2378
-2259
-2106
-1928
-1690
-1365
-988
-618
-289
19
364
774
1195
1528
1720
1839
2004
2271
2596
2898
3144
3381
3705
4155
4573
4612
4055
3119
2288
1827
1549
1072
233
-777
-1626
-2131
-2318
-2353
-2400
-2504
-2581
-2543
-2390
-2149
-1811
-1376
-925
-582
-373
-191
87
442
711
752
557
235
-80
-320
-529
-815
-1216
-1653
-2015
-2260
-2438
-2592
-2681
-2676
-2589
-2456
-2277
-2020
-1677
-1271
-843
-417
-14
367
753
1158
1536
1825
2017
2164
2327
2532
2753
2970
3181
3427
3757
4113
4263
3934
3144
2281
1741
1520
1254
635
-283
-1167
-1747
-2003
-2066
-2090
-2160
-2257
-2300
-2241
-2084
-1823
-1461
-1063
-738
-543
-398
-171
147
427
551
512
379
203
4
-207
-465
-799
-1165
-1496
-1770
-2021
-2279
-2493
-2582
-2541
-2431
-2307
-2136
-1880
-1549
-1176
-782
-385
14
424
840
1246
1609
1911
2180
2449
2731
3002
3239
3462
3713
4035
4395
4599
4396
3725
2869
2227
1908
1621
1025
107
-834
-1501
-1843
-2000
-2121
-2267
-2403
-2464
-2405
-2240
-2006
-1695
-1311
-937
-662
-469
-260
38
358
560
567
401
165
-23
-134
-250
-477
-813
-1148
-1397
-1581
-1775
-1976
-2113
-2157
-2144
-2104
-1996
-1779
-1467
-1110
-745
-375
21
465
962
1460
1887
2198
2465
2785
3168
3558
3905
4249
4635
4972
5025
4606
3840
3104
2650
2353
1862
988
-88
-1002
-1577
-1908
-2185
-2500
-2813
-3029
-3091
-3014
-2833
-2555
-2191
-1796
-1429
-1111
-801
-441
-37
314
505
506
386
269
217
172
38
-233
-569
-876
-1137
-1382
-1651
-1921
-2131
-2247
-2277
-2241
-2140
-1971
-1729
-1425
-1064
-641
-150
387
913
1387
1808
2215
2653
3106
3533
3906
4267
4647
4916
4849
4368
3693
3159
2854
2545
1949
1052
121
-600
-1088
-1488
-1915
-2347
-2706
-2953
-3100
-3151
-3081
-2883
-2609
-2328
-2082
-1846
-1547
-1152
-693
-293
-61
-11
-40
-2
129
250
241
80
-129
-322
-509
-733
-987
-1216
-1403
-1565
-1717
-1818
-1820
-1723
-1568
-1384
-1142
-808
-372
116
594
1038
1470
1929
2401
2854
3279
3685
4049
4257
4171
3806
3362
3053
2867
2598
2077
1354
658
149
-210
-560
-965
-1373
-1723
-2008
-2239
-2404
-2461
-2411
-2323
-2259
-2220
-2156
-2008
-1747
-1417
-1130
-985
-974
-967
-849
-637
-460
-401
-427
-452
-453
-471
-531
-619
-690
-737
-787
-849
-887
-847
-742
-614
-486
-325
-94
194
484
746
1003
1277
1555
1825
2086
2346
2569
2665
2575
2355
2145
2056
2025
1903
1614
1232
901
686
528
340
104
-132
-353
-566
-778
-964
-1075
-1111
-1123
-1177
-1276
-1359
-1367
-1293
-1186
-1114
-1107
-1135
-1141
-1085
-984
-882
-812
-776
-749
-727
-716
-720
-723
-723
-731
-747
-761
-746
-674
-561
-436
-305
-159
20
228
423
584
713
840
980
1109
1216
1295
1364
1429
1468
1460
1384
1267
1183
1175
1202
1184
1080
949
869
844
819
746
637
531
444
343
203
51
-72
-150
-234
-378
-571
-742
-841
-878
-917
-991
-1071
-1113
-1091
-1031
-986
-961
-944
-917
-900
-922
-970
-998
-986
-962
-965
-988
-993
-952
-880
-816
-771
-721
-637
-524
-421
-351
-291
-207
-91
21
107
184
269
375
493
596
669
725
776
828
864
894
923
965
1012
1026
995
952
925
915
893
839
762
677
601
535
466
395
326
263
208
143
69
-3
-47
-61
-77
-126
-200
-271
-322
-363
-424
-510
-593
-657
-714
-768
-818
-845
-841
-822
-806
-797
-778
-731
-663
-592
-527
-466
-398
-313
-216
-124
-40
34
104
183
271
361
451
545
641
730
802
862
926
998
1069
1119
1139
1140
1147
1150
1145
1125
1088
1040
991
943
888
829
773
708
633
548
467
399
330
250
151
47
-48
-142
-233
-318
-398
-480
-569
-655
-736
-806
-862
-913
-957
-997
-1035
-1057
-1065
-1057
-1041
-1019
-977
-922
-856
-780
-695
-593
-488
-391
-298
-203
-97
11
121
223
320
415
505
589
663
721
769
818
870
918
954
985
1006
1019
1018
1010
997
975
937
884
821
743
656
561
458
363
269
173
75
-21
-112
-207
-296
-380
-460
-527
-592
-657
-720
-781
-831
-872
-908
-935
-957
-968
-981
-994
-999
-992
-967
-936
-905
-869
-824
-770
-709
-644
-570
-485
-392
-301
-205
-97
17
129
235
335
430
517
596
665
723
770
804
826
840
845
842
832
817
792
765
730
687
637
585
534
477
415
351
286
218
141
60
-21
-104
-186
-265
-342
-418
-499
-581
-653
-714
-773
-827
-871
-907
-936
-958
-969
-963
-951
-934
-913
-884
-841
-792
-743
-697
-648
-590
-525
-455
-384
-306
-230
-152
-71
7
88
170
251
327
404
484
555
618
669
719
761
795
819
833
839
833
812
778
731
677
617
553
485
412
335
258
176
100
32
-34
-95
-155
-210
-259
-300
-343
-385
-424
-462
-495
-530
-565
-592
-613
-626
-643
-656
-657
-649
-634
-614
-591
-560
-520
-471
-412
-348
-279
-212
-141
-66
11
84
157
234
306
372
435
494
551
598
638
670
697
715
726
731
728
720
702
685
662
629
595
555
510
457
400
341
286
226
160
88
13
-58
-125
-194
-257
-316
-371
-420
-458
-492
-524
-548
-562
-570
-571
-568
-556
-536
-513
-495
-479
-456
-428
-396
-364
-340
-313
-279
-245
-203
-157
-113
-65
-13
43
97
156
212
269
323
375
419
457
493
523
549
564
575
579
573
564
548
524
494
462
423
376
330
283
241
203
159
118
82
51
16
-23
-62
-96
-133
-164
-192
-229
-271
-311
-345
-375
-408
-438
-459
-473
-479
-482
-478
-467
-451
-429
-398
-366
-334
-300
-254
-209
-165
-119
-76
-32
9
47
86
123
159
191
226
256
282
308
340
373
400
422
444
463
476
483
483
485
486
475
457
430
393
361
323
285
240
192
144
99
58
13
-35
-80
-118
-150
-183
-224
-256
-279
-299
-315
-330
-341
-349
-358
-369
-377
-382
-380
-381
-382
-380
-379
-369
-353
-334
-307
-278
-239
-193
-148
-99
-54
-8
40
86
121
158
198
234
265
291
312
327
342
356
360
359
355
349
345
338
335
327
317
306
294
280
264
244
222
196
167
133
97
56
18
-22
-64
-105
-149
-192
-230
-264
-292
-317
-332
-339
-341
-338
-332
-325
-314
-304
-292
-273
-251
-228
-206
-187
-169
-151
-131
-111
-91
-78
-67
-53
-30
-7
14
36
59
86
116
145
172
197
219
238
252
260
266
273
275
269
255
239
222
199
173
142
113
93
74
54
34
19
9
-4
-14
-22
-32
-40
-53
-68
-81
-98
-111
-124
-142
-160
-180
-197
-210
-225
-241
-247
-250
-248
-240
-224
-203
-186
-162
-135
-111
-88
-64
-36
-9
12
27
40
53
62
66
66
61
59
60
58
59
66
74
84
94
107
119
133
151
164
171
174
176
175
172
165
156
142
128
108
83
60
34
12
-2
-15
-29
-41
-50
-53
-54
-53
-51
-52
-49
-47
-52
-57
-64
-67
-73
-81
-91
-103
-111
-116
-116
-117
-116
-113
-106
-95
-78
-60
-40
-18
3
20
40
56
74
89
95
104
108
109
108
101
92
86
76
67
60
51
44
39
40
43
48
54
62
75
87
89
93
94
93
91
84
72
60
50
39
24
3
-16
-31
-45
-58
-70
-80
-85
-85
-81
-76
-76
-74
-72
-65
-61
-65
-67
-66
-68
-68
-70
-77
-78
-79
-80
-81
-83
-77
-70
-60
-47
-36
-20
-3
14
33
46
60
72
80
84
84
81
78
73
65
50
37
26
15
7
-3
-17
-24
-20
-16
-12
-5
2
9
18
27
32
34
36
36
30
21
10
-3
-15
-30
-45
-58
-72
-81
-93
-106
-112
-116
-118
-113
-107
-101
-94
-85
-73
-62
-49
-41
-35
-29
-23
-18
-14
-14
-14
-10
-10
-11
-5
2
11
18
28
41
56
77
91
104
116
125
131
133
132
131
123
111
98
82
62
44
27
12
-4
-20
-31
-38
-37
-37
-38
-34
-28
-20
-13
-8
-2
5
8
7
4
-3
-11
-18
-27
-35
-46
-58
-68
-79
-87
-92
-92
-86
-79
-69
-59
-48
-36
-21
-8
8
23
34
47
55
59
63
63
63
63
57
53
50
50
50
51
53
56
62
71
79
85
85
85
82
74
67
55
45
36
21
2
-16
-38
-55
-69
-80
-91
-99
-103
-101
-99
-100
-95
-87
-76
-63
-52
-40
-34
-23
-11
-6
-3
2
3
1
-1
-2
-5
-5
-7
-7
-6
-2
4
12
20
29
41
53
66
81
91
97
108
113
114
116
114
108
99
90
80
67
57
45
37
31
22
15
9
2
0
-4
-8
-12
-16
-21
-29
-38
-47
-60
-71
-76
-85
-93
-98
-107
-112
-115
-117
-115
-110
-103
-95
-85
-72
-61
-45
-32
-16
3
14
24
36
43
48
52
55
55
54
51
48
47
44
39
37
35
37
38
39
43
48
49
51
53
55
55
54
51
45
36
29
20
13
5
-6
-17
-28
-37
-46
-56
-61
-66
-71
-76
-77
-74
-71
-68
-65
-61
-62
-64
-60
-56
-56
-54
-49
-47
-48
-48
-45
-41
-35
-31
-26
-19
-11
1
13
24
34
44
59
67
74
82
89
98
102
106
107
103
101
91
85
78
69
64
56
49
40
34
32
27
23
17
11
6
2
3
-2
-7
-10
-15
-21
-28
-33
-40
-49
-56
-65
-72
-76
-79
-78
-77
-74
-71
-70
-62
-57
-52
-45
-42
-33
-28
-22
-16
-14
-16
-18
-19
-22
-26
-31
-34
-30
-27
-27
-22
-17
-10
-5
3
16
25
36
48
59
69
75
79
80
79
79
75
67
59
52
46
35
27
16
6
-1
-8
-13
-19
-20
-22
-22
-22
-25
-26
-23
-21
-23
-23
-25
-26
-23
-27
-32
-33
-37
-41
-44
-49
-49
-48
-46
-45
-42
-36
-29
-25
-20
-16
-12
-8
-3
-1
1
4
7
5
0
-1
-3
-4
-4
-3
-2
1
4
9
16
27
37
42
54
65
73
80
86
89
89
92
92
90
84
74
67
56
44
31
18
10
3
-4
-10
-17
-20
-20
-23
-21
-21
-18
-17
-14
-9
-9
-8
-7
-12
-14
-20
-23
-26
-31
-34
-38
-42
-44
-45
-46
-48
-45
-44
-42
-37
-31
-25
-20
-14
-11
-7
-5
-2
2
2
5
4
5
6
7
9
7
10
14
19
26
31
37
43
47
52
51
50
49
48
46
41
36
31
24
17
8
-1
-10
-16
-22
-28
-35
-37
-38
-41
-42
-41
-43
-41
-35
-32
-27
-24
-20
-15
-11
-7
-7
-11
-12
-15
-17
-25
-31
-34
-39
-40
-39
-38
-35
-31
-24
-19
-12
-5
1
10
16
26
32
35
41
43
44
43
41
38
37
36
36
35
32
31
30
27
25
24
25
27
28
28
30
33
35
34
30
27
25
22
14
4
-5
-11
-15
-23
-29
-32
-33
-31
-30
-26
-19
-15
-8
-1
10
16
20
24
23
25
23
17
17
13
10
4
-2
-11
-20
-23
-25
-25
-21
-19
-17
-15
-9
-3
4
13
20
28
35
41
43
45
52
52
48
43
33
26
23
21
13
2
-8
-18
-23
-28
-32
-34
-37
-37
-30
-24
-27
-31
-28
-23
-25
-30
-35
-33
-30
-34
-42
-44
-42
-37
-30
-28
-25
-21
-21
-18
-12
-2
10
20
20
15
11
12
13
15
17
16
13
7
2
3
4
7
5
-1
-19
-37
-34
-23
-15
-18
-20
-19
-10
3
13
24
36
44
43
35
28
25
35
35
22
1
-13
-6
3
-1
-10
-12
-5
-7
-21
-34
-35
-27
-28
-31
-26
-16
-6
-8
-14
-10
0
10
15
19
30
44
54
61
74
80
31
-95
-235
-296
-258
-203
-204
-226
-186
-79
14
38
26
42
68
12
-164
-340
-371
-262
-152
-150
-204
-200
-115
-24
4
-4
7
26
25
-3
-16
13
52
63
33
-16
-60
-92
-108
-103
-76
-61
-75
-98
-99
-72
-54
-88
-163
-221
-235
-252
-335
-453
-515
-487
-425
-412
-422
-383
-281
-172
-98
-25
80
180
214
176
124
116
153
179
160
108
71
73
97
122
131
138
122
58
-23
-74
-73
-56
-47
-49
-66
-75
-64
-22
53
112
126
110
112
151
206
241
255
270
301
323
309
279
272
300
317
283
225
186
191
199
183
149
103
70
59
55
51
33
12
7
16
26
15
-11
-29
-32
-29
-43
-80
-118
-127
-119
-125
-153
-182
-191
-189
-195
-217
-247
-268
-257
-233
-229
-248
-257
-231
-193
-181
-194
-210
-209
-201
-201
-208
-221
-222
-202
-183
-173
-166
-147
-106
-55
-19
-3
7
26
56
80
84
64
56
78
114
146
159
170
189
214
227
216
202
199
209
207
175
134
119
140
177
196
191
176
171
172
176
178
182
194
210
217
200
150
95
74
74
58
13
-44
-74
-77
-74
-79
-83
-72
-57
-48
-39
-20
21
79
135
166
172
176
193
221
240
248
249
244
235
232
242
269
299
307
286
251
219
201
185
166
146
123
99
80
71
64
59
51
25
-18
-73
-114
-123
-118
-127
-163
-220
-275
-315
-337
-355
-389
-442
-499
-558
-610
-653
-684
-713
-750
-819
-931
-1051
-1162
-1253
-1343
-1462
-1609
-1768
-1919
-2041
-2120
-2144
-2123
-2081
-2017
-1920
-1768
-1558
-1306
-1030
-751
-481
-222
28
274
518
756
978
1164
1310
1422
1516
1607
1693
1766
1810
1821
1806
1782
1759
1743
1729
1712
1691
1676
1666
1652
1631
1613
1613
1621
1616
1587
1552
1529
1526
1539
1552
1552
1542
1535
1526
1515
1501
1491
1483
1462
1421
1362
1304
1260
1223
1181
1123
1054
981
906
837
769
706
639
560
471
384
323
284
257
219
169
126
103
96
94
88
77
68
58
48
43
46
64
82
83
63
34
16
16
24
23
11
-14
-42
-66
-76
-83
-96
-110
-124
-140
-164
-188
-194
-182
-161
-151
-154
-170
-192
-213
-241
-270
-297
-328
-366
-410
-452
-479
-487
-490
-506
-535
-561
-577
-588
-591
-581
-555
-523
-488
-457
-428
-388
-325
-252
-185
-132
-90
-49
-16
12
35
55
81
108
128
132
120
111
116
132
152
156
140
118
102
90
80
78
78
82
81
70
66
65
80
105
118
114
90
64
49
46
45
33
7
-33
-85
-129
-164
-187
-207
-244
-290
-330
-355
-370
-374
-372
-374
-385
-404
-425
-445
-456
-460
-455
-445
-451
-467
-485
-498
-498
-495
-497
-509
-523
-534
-537
-528
-508
-478
-443
-417
-403
-405
-403
-384
-355
-322
-297
-283
-278
-279
-275
-267
-255
-249
-256
-271
-293
-310
-326
-345
-362
-373
-384
-395
-404
-411
-409
-402
-399
-402
-410
-412
-406
-397
-387
-378
-371
-364
-363
-363
-367
-372
-379
-391
-405
-427
-452
-474
-492
-501
-506
-516
-534
-558
-575
-583
-585
-583
-582
-582
-578
-570
-554
-529
-498
-468
-452
-451
-455
-458
-455
-447
-442
-440
-439
-439
-435
-417
-388
-355
-327
-319
-327
-339
-342
-331
-313
-295
-280
-272
-263
-255
-246
-230
-209
-186
-171
-168
-173
-188
-199
-202
-194
-178
-172
-170
-166
-164
-156
-141
-117
-87
-61
-39
-26
-19
-8
7
28
49
65
68
59
44
36
39
51
54
44
28
7
-2
-1
6
16
26
29
22
10
1
4
19
39
51
46
32
22
20
24
25
17
6
-6
-17
-22
-32
-44
-45
-43
-44
-55
-68
-75
-76
-76
-82
-90
-97
-93
-80
-61
-52
-59
-75
-82
-84
-81
-81
-82
-78
-73
-65
-52
-36
-21
-10
-7
-19
-31
-41
-48
-48
-48
-45
-48
-54
-52
-45
-23
3
24
31
24
11
4
8
14
15
12
7
4
-2
-3
1
9
20
29
33
29
28
35
55
74
78
75
70
71
79
82
83
78
68
65
63
53
40
37
41
45
50
49
49
52
57
65
72
74
72
75
87
97
106
117
126
140
151
164
172
168
163
163
160
155
145
132
118
107
95
83
73
65
64
67
66
64
58
58
61
66
72
74
76
80
84
88
86
78
75
69
63
52
35
23
15
16
18
15
14
14
18
29
41
53
62
66
65
66
67
67
68
69
70
66
61
59
59
62
64
64
64
63
61
56
53
55
63
76
83
87
88
89
88
79
73
66
64
58
44
30
17
8
8
16
27
35
42
47
50
52
55
58
60
61
55
52
56
62
71
80
83
75
62
47
40
39
36
30
19
6
3
6
7
14
24
37
51
55
53
53
52
55
65
75
82
88
90
94
94
83
68
55
47
38
26
14
3
-1
1
8
21
34
51
65
74
76
72
63
51
40
31
21
11
3
-3
-7
-6
-4
-2
-3
-13
-25
-32
-45
-50
-49
-47
-41
-32
-23
-13
-2
10
19
21
20
15
11
9
11
12
10
3
-3
-3
0
1
0
-2
1
5
8
9
6
5
9
15
21
21
15
8
5
2
0
-2
-4
-3
-3
-8
-11
-14
-18
-17
-14
-10
-10
-10
-8
-9
-11
-12
-14
-14
-14
-14
-10
-8
-6
-5
2
5
7
5
-2
-7
-12
-15
-14
-14
-10
-4
3
10
13
14
16
15
17
15
9
7
7
6
5
0
-4
-6
-5
-4
-2
2
8
9
3
-2
-6
-9
-10
-9
-8
-8
-12
-18
-27
-36
-37
-36
-29
-21
-26
-31
-32
-30
-21
-12
-5
1
10
19
24
25
24
29
33
34
33
27
23
21
20
15
8
2
-3
-5
-5
-5
-12
-15
-11
-5
2
6
8
10
15
22
22
16
6
2
1
-2
-11
-21
-28
-28
-28
-27
-30
-32
-29
-24
-19
-16
-14
-13
-4
6
9
11
11
16
24
30
31
28
26
23
24
27
27
30
30
27
29
29
30
31
35
44
52
57
67
73
79
87
93
95
91
85
81
77
70
62
50
38
29
23
19
16
11
5
5
9
11
13
16
25
32
38
46
43
40
38
38
41
35
28
22
20
18
14
6
-4
-8
-2
1
4
1
-2
5
12
20
27
34
44
55
63
66
67
68
70
80
85
82
79
73
69
65
61
57
53
52
56
55
53
51
48
48
47
46
44
37
32
27
25
21
15
10
5
4
10
10
8
7
4
5
6
5
4
3
6
8
11
11
8
12
14
18
19
16
16
19
21
22
18
14
13
13
13
15
17
20
24
28
34
37
38
41
42
44
47
46
47
43
40
37
34
33
30
25
19
15
11
5
3
-1
-2
-4
-7
-8
-9
-9
-11
-14
-14
-16
-20
-21
-20
-19
-18
-20
-23
-26
-22
-21
-22
-24
-28
-30
-26
-23
-19
-17
-14
-9
-7
-4
-3
-2
1
1
3
-2
-6
-5
-5
-6
-6
-8
-12
-13
-11
-10
-11
-11
-14
-13
-11
-9
-6
-8
-10
-8
-9
-10
-17
-24
-27
-30
-31
-34
-41
-46
-49
-50
-52
-51
-49
-51
-51
-52
-54
-54
-57
-57
-54
-50
-46
-45
-43
-42
-42
-39
-37
-35
-35
-34
-35
-34
-32
-34
-38
-37
-33
-29
-27
-28
-25
-20
-16
-14
-16
-11
-6
-5
-2
-1
-4
-5
-6
-7
-8
-13
-19
-20
-20
-21
-21
-21
-22
-21
-18
-15
-14
-11
-7
-3
-3
-1
-1
-1
2
2
2
2
1
-1
-4
-7
-10
-11
-11
-11
-11
-8
-7
-7
-7
-5
-4
-1
4
6
7
9
11
12
14
13
13
14
14
13
11
8
6
4
2
4
2
1
2
2
4
1
-1
-5
-4
-2
-5
-8
-10
-11
-10
-9
-10
-11
-14
-14
-16
-17
-20
-22
-24
-25
-22
-20
-18
-16
-18
-17
-16
-13
-9
-6
-8
-7
-6
-7
-5
-5
-5
-4
-6
-9
-12
-15
-15
-15
-12
-10
-8
-6
-3
1
2
3
1
1
5
5
8
10
13
14
14
13
11
13
17
18
17
18
20
19
19
19
15
17
16
15
16
17
19
18
19
21
19
22
25
26
28
26
25
22
21
21
21
19
20
19
21
25
27
27
26
24
22
19
16
11
8
5
4
1
-3
-6
-6
-5
-3
-6
-8
-9
-11
-8
-12
-15
-14
-13
-9
-7
-9
-8
-8
-6
-3
-6
-6
-6
-9
-10
-12
-17
-17
-20
-24
-23
-24
-22
-22
-22
-18
-17
-15
-15
-15
-13
-17
-18
-16
-17
-15
-15
-16
-15
-14
-12
-12
-11
-10
-12
-11
-9
-5
-6
-6
-3
-4
-5
-8
-11
-9
-8
-7
-8
-8
-7
-4
-6
-8
-11
-11
-14
-14
-12
-11
-9
-6
-2
-1
0
4
7
8
11
14
17
16
15
18
18
15
11
10
6
4
2
0
-1
-4
-1
-1
-2
-2
-2
-2
-1
-1
-4
-2
0
4
6
8
8
6
7
8
9
8
8
7
7
9
10
10
10
12
10
9
9
5
3
5
6
7
5
3
3
2
3
2
-2
-1
4
3
3
6
7
9
9
7
5
3
1
4
3
2
2
2
3
1
-4
-3
-5
-5
-6
-9
-9
-9
-9
-10
-10
-12
-10
-9
-9
-8
-5
-2
0
0
1
5
8
11
13
13
11
8
8
3
1
3
3
1
0
1
3
4
6
5
4
4
1
2
2
2
2
1
-1
-4
-4
-3
-2
-3
-4
-3
-5
-6
-5
-5
-4
-3
-1
-1
-2
-3
-2
-4
-9
-9
-9
-10
-10
-10
-9
-10
-10
-12
-14
-12
-11
-13
-13
-11
-7
-5
-5
-3
-3
-1
1
2
4
1
3
3
1
0
-1
0
1
3
4
2
1
3
1
-3
-1
-2
-2
-3
-4
-3
-1
-4
-1
1
2
4
1
1
3
4
7
8
7
7
8
7
6
5
3
3
3
3
0
0
1
2
3
1
-1
1
-1
1
2
1
0
-2
-4
-2
1
3
4
6
6
8
10
10
10
9
8
7
3
3
2
4
1
-4
-5
-5
-6
-6
-6
-9
-12
-11
-10
-7
-5
-2
0
0
4
4
3
4
4
5
7
6
7
12
12
12
15
14
11
11
9
8
5
3
4
4
5
6
5
6
3
4
3
-2
-4
-3
-2
-2
-2
-1
-2
-2
2
4
3
2
2
4
6
6
3
3
5
6
7
5
4
4
5
6
5
5
8
10
10
8
3
5
4
1
2
-1
-1
-2
-2
1
0
1
2
3
2
2
2
1
3
5
7
8
6
5
4
2
0
-2
-4
-5
-4
-8
-8
-8
-10
-10
-7
-6
-4
-1
-1
1
2
0
2
3
0
3
5
4
2
0
2
3
6
5
1
0
1
-1
-3
-4
-4
0
-1
-2
0
-2
-2
0
-4
-4
-4
-5
-3
-4
-3
-2
-2
-1
-2
-2
-3
-4
-3
-3
-2
-3
-4
-4
-2
-1
0
-1
0
1
2
2
5
3
2
4
6
6
5
3
3
4
2
1
0
0
0
0
1
1
2
6
6
7
6
7
8
7
10
6
6
5
3
2
-1
-5
-5
-6
-8
-7
-6
-8
-8
-6
-6
-6
-4
-5
-6
-5
-4
-4
-4
-4
-6
-4
-3
-5
-5
-8
-9
-8
-9
-10
-10
-11
-12
-12
-12
-12
-10
-12
-13
-10
-10
-14
-15
-14
-14
-12
-13
-12
-10
-12
-10
-10
-11
-6
-4
-2
3
2
0
1
3
2
-1
4
3
3
3
2
1
1
1
2
0
2
0
0
-1
-1
1
-1
-2
0
-2
-1
2
1
2
4
3
6
7
4
8
9
11
11
9
11
13
13
8
4
3
2
3
6
6
7
9
9
8
9
10
12
11
12
13
14
14
13
13
12
10
9
8
7
9
7
5
4
0
-1
-3
-4
-4
-3
-2
-1
-1
0
2
1
-2
-4
-5
-6
-5
-3
-6
-7
-6
-7
-8
-8
-11
-12
-9
-11
-10
-10
-11
-9
-8
-8
-10
-12
-16
-18
-16
-18
-18
-19
-22
-20
-18
-18
-17
-19
-19
-18
-18
-18
-17
-16
-13
-13
-13
-12
-10
-5
-3
-2
-1
-1
2
2
5
7
4
1
0
-1
-2
-2
-2
0
1
1
0
-1
-2
-2
-1
3
3
6
6
9
14
15
16
14
10
10
10
11
12
12
13
11
13
10
9
9
5
6
3
2
2
3
3
3
2
1
2
-1
0
1
0
0
0
0
1
0
1
2
1
3
3
1
2
3
3
2
2
1
-2
-2
-2
-5
-8
-12
-13
-14
-13
-14
-16
-15
-15
-16
-15
-14
-15
-14
-14
-13
-13
-17
-15
-15
-15
-14
-13
-11
-12
-8
-5
-6
-6
-9
-12
-11
-12
-14
-14
-15
-13
-11
-11
-10
-11
-10
-7
-6
-9
-7
-8
-5
0
1
1
2
2
3
5
4
2
2
1
3
4
2
1
1
4
4
6
6
6
8
9
9
8
8
8
10
10
14
13
11
15
18
20
20
19
20
22
22
23
23
23
23
27
30
26
26
26
24
21
19
19
18
17
15
12
13
11
9
8
7
2
-2
-3
-3
-1
0
-1
-1
-3
-7
-10
-10
-12
-12
-10
-9
-8
-8
-6
-8
-7
-6
-8
-9
-9
-8
-8
-6
-7
-7
-8
-9
-9
-7
-8
-9
-8
-8
-8
-6
-5
-8
-6
-4
-2
1
0
-1
-1
-1
0
-1
-1
-3
-1
0
0
1
-1
0
1
1
2
2
2
2
0
1
1
-1
2
3
3
4
1
1
0
0
1
1
1
3
6
5
6
5
4
3
2
1
1
-1
-3
-1
-2
1
1
-3
-2
-3
0
-1
-3
-4
-2
-2
2
4
5
9
13
13
15
14
13
13
14
14
12
11
12
11
12
13
13
11
9
11
11
10
8
9
7
5
4
3
1
3
2
0
1
-3
-5
-7
-10
-7
-8
-9
-6
-8
-9
-10
-11
-10
-10
-10
-10
-11
-9
-9
-9
-5
-3
-2
1
1
-2
-1
0
1
-1
0
1
0
1
2
1
-1
-3
-3
-3
-3
-3
-2
-1
-1
-2
-3
-3
-1
-3
-3
1
-1
-3
-3
-5
-2
-5
-6
-4
-5
-4
-5
-10
-9
-5
-5
-3
-5
-5
-1
-2
-1
1
2
3
-1
-2
-2
-3
-3
-3
-3
-1
0
3
1
4
2
4
6
2
3
2
-2
-1
0
0
0
-1
-2
-1
-1
0
2
1
4
4
5
6
6
6
5
4
4
5
5
5
3
5
6
3
2
4
5
5
4
5
5
3
4
3
2
3
3
4
4
6
7
7
8
8
9
8
6
6
6
4
3
0
0
2
-4
-3
-5
-7
-7
-8
-8
-9
-10
-10
-12
-10
-6
-9
-9
-6
-9
-7
-6
-7
-8
-5
-3
-4
-6
-7
-9
-11
-10
-13
-13
-12
-11
-9
-9
-8
-8
-9
-7
-7
-7
-6
-5
-4
-2
-1
-2
-1
-1
-4
-4
-3
-6
-7
-4
-4
-7
-6
-6
-6
-6
-4
-3
-5
-5
-3
-4
1
1
3
5
3
5
6
5
4
5
6
6
9
8
6
6
4
2
4
1
2
5
6
6
6
6
6
6
7
6
4
6
8
7
10
11
10
9
8
6
5
6
4
3
2
1
1
2
4
4
4
4
5
5
7
8
10
10
9
7
6
6
5
3
2
4
2
4
4
1
2
0
-2
-3
-4
-6
-6
-7
-8
-9
-11
-10
-8
-8
-7
-10
-10
-9
-9
-9
-11
-12
-10
-10
-9
-11
-13
-12
-8
-8
-9
-10
-11
-9
-7
-8
-6
-5
-5
-3
-1
-1
0
4
5
4
6
8
9
9
9
9
9
10
8
7
6
7
6
5
5
7
7
7
9
10
10
9
6
3
3
1
0
0
5
4
7
10
11
10
10
12
10
5
1
2
3
3
3
3
3
2
0
-1
-1
-2
-1
-4
-4
-3
-4
-4
-4
-7
-9
-10
-8
-8
-6
-4
-4
-2
-2
0
0
0
-1
3
3
0
1
0
1
4
2
3
3
3
2
5
7
7
9
8
9
5
2
0
-4
-4
-4
-8
-7
-7
-5
-5
-5
-4
-4
-2
-2
-4
-3
-4
-3
-3
-6
-5
-3
-3
-2
-4
-3
-1
-1
-1
-1
0
-3
-2
-1
-4
-5
-5
-4
-4
-5
-5
-3
-3
-3
-1
0
-5
-2
0
1
4
3
3
2
2
2
0
-1
-1
2
3
0
3
6
7
9
6
5
7
8
9
8
7
8
8
10
11
11
11
12
12
13
12
12
12
10
11
10
9
8
8
5
6
4
3
2
-2
0
-4
-5
-5
-7
-6
-11
-12
-12
-13
-14
-18
-16
-15
-16
-14
-14
-12
-11
-9
-5
-2
-3
-4
-3
-6
-3
-1
-3
-3
-2
0
2
3
5
6
7
6
4
1
2
2
0
0
0
2
3
2
2
2
2
5
2
0
-1
-4
-5
-2
-3
-3
-3
0
2
-1
-1
-2
-3
-5
-4
-2
-4
-3
0
-1
1
-2
-3
-1
-3
-2
-3
-3
-1
-2
-1
0
-2
0
2
0
0
-1
-1
-2
-2
1
2
-2
2
3
3
6
3
2
4
1
2
0
