-2
-1
-1
-3
-1
-2
-5
-5
-2
-3
-4
-3
-4
-2
-1
-4
-6
-6
-4
-5
-5
-7
-6
-6
-7
-9
-12
-12
-11
-9
-11
-9
-8
-10
-9
-9
-8
-9
-10
-7
-9
-8
-6
-5
-4
-3
0
3
3
3
1
0
-1
-2
-1
-3
-1
1
1
2
2
5
5
1
-3
-8
-9
-12
-12
-10
-10
-8
-5
-6
-6
-6
-4
1
2
1
0
0
-2
-1
1
4
4
3
3
0
-2
-1
1
1
0
1
0
-3
-7
-6
-1
1
4
4
2
3
3
4
5
6
5
4
2
1
0
0
1
3
1
-2
-5
-8
-7
-6
-5
-3
-3
-4
-2
0
2
4
5
10
9
7
7
9
10
11
10
12
12
9
9
7
8
7
7
7
4
3
0
1
2
2
4
5
7
5
4
5
8
11
12
10
8
7
7
6
4
4
7
11
10
9
9
7
5
5
8
9
10
11
7
7
3
3
4
4
3
6
4
2
0
0
1
4
6
6
5
7
7
8
10
7
4
6
4
0
-1
0
3
5
9
8
7
6
4
0
1
3
4
3
2
0
1
1
0
1
3
3
0
-1
0
0
4
6
6
7
7
6
8
10
10
10
9
5
0
-2
-1
-1
-1
-2
-7
-9
-12
-16
-14
-14
-13
-12
-16
-14
-11
-11
-6
-2
-2
-1
0
2
3
1
1
0
0
-2
-6
-7
-6
-6
-7
-10
-13
-13
-13
-13
-15
-17
-15
-16
-18
-19
-14
-12
-13
-10
-5
-3
0
3
4
8
6
5
7
4
6
8
7
8
8
8
8
5
8
5
2
-1
-2
-3
-5
-7
-7
-8
-11
-13
-13
-11
-10
-8
-3
-3
-3
-2
-3
1
7
9
13
13
15
18
18
20
21
20
17
12
10
8
4
7
9
7
4
-1
-1
-2
-4
-3
-4
-7
-7
-6
-5
-2
-3
-2
-3
-3
-4
-4
3
7
8
8
7
9
11
14
17
15
15
11
4
2
3
-3
-6
-8
-11
-12
-13
-16
-16
-18
-19
-20
-20
-21
-20
-17
-18
-19
-17
-16
-14
-10
-5
0
-1
-2
-2
-2
-3
-2
0
-4
-6
-8
-10
-10
-9
-8
-7
-5
-4
-6
-5
-5
-3
-2
-1
0
-1
-2
-2
-2
1
4
2
5
4
3
6
10
10
11
11
11
11
9
7
10
12
12
11
10
9
8
7
7
7
6
4
3
4
6
7
5
3
3
6
9
7
6
7
6
4
7
4
3
5
2
4
1
-4
-1
-3
-4
-3
-6
-7
-5
-1
2
1
1
0
2
6
10
12
13
9
7
6
4
7
6
9
10
8
7
4
4
6
6
5
1
2
1
-2
-2
-3
-6
-6
-10
-11
-11
-10
-11
-11
-11
-14
-13
-12
-10
-10
-9
-10
-9
-6
-4
-3
-2
-3
-5
-7
-9
-5
-4
-6
-5
-6
-8
-9
-10
-6
-6
-5
-7
-8
-7
-7
-4
-1
-2
-4
-3
-3
-3
-2
-2
-2
-3
-5
-8
-6
-6
-4
-2
-4
-4
-2
5
7
4
11
12
10
11
10
11
15
20
20
18
17
13
11
10
5
6
8
8
9
12
11
14
18
19
18
17
18
17
14
15
14
15
14
16
17
13
13
12
7
9
7
8
8
7
6
3
3
3
2
1
0
1
0
-3
-5
-7
-9
-9
-10
-10
-9
-10
-12
-13
-14
-11
-11
-14
-14
-17
-16
-15
-18
-19
-19
-20
-20
-22
-28
-33
-36
-33
-33
-33
-32
-30
-30
-30
-30
-30
-26
-26
-26
-19
-16
-14
-10
-12
-12
-9
-11
-10
-12
-13
-13
-14
-15
-17
-17
-15
-12
-11
-11
-10
-11
-8
-8
-5
-3
-4
-1
-1
-2
0
1
1
2
5
4
5
8
6
9
10
9
13
13
17
21
21
24
23
21
22
21
24
27
25
23
25
26
24
26
25
24
22
20
22
22
25
29
30
30
29
29
32
31
30
30
31
28
28
30
25
26
24
22
19
14
14
16
13
12
9
8
9
10
11
13
11
10
8
3
1
2
1
-3
-6
-9
-10
-12
-15
-14
-17
-13
-13
-14
-11
-11
-11
-13
-11
-12
-11
-9
-14
-14
-13
-14
-13
-13
-14
-15
-17
-19
-22
-22
-21
-23
-21
-22
-24
-24
-26
-27
-26
-23
-21
-19
-19
-19
-20
-20
-19
-20
-19
-17
-17
-17
-14
-12
-12
-10
-7
-8
-6
-5
-5
-4
-3
-4
-2
1
1
2
2
0
0
3
4
6
7
5
5
8
7
7
8
9
14
14
14
14
15
17
18
17
15
14
14
13
16
19
17
14
11
10
12
14
17
19
20
23
18
17
19
18
17
17
17
16
15
14
12
10
12
11
9
8
5
5
7
6
3
5
5
3
3
1
-3
-2
-1
-2
-2
-4
-6
-6
-7
-10
-9
-7
-7
-12
-13
-13
-13
-14
-16
-15
-13
-14
-15
-17
-16
-17
-17
-17
-19
-20
-21
-23
-21
-23
-24
-22
-20
-21
-22
-19
-17
-17
-18
-17
-17
-17
-18
-15
-12
-9
-5
-4
-2
-4
-5
-4
-6
-3
0
0
3
5
2
2
4
2
4
6
6
6
3
3
0
4
7
4
4
3
2
9
13
14
15
17
18
18
16
16
14
14
18
20
16
15
17
14
16
17
15
17
19
14
11
12
8
7
6
7
7
5
5
6
4
3
5
8
8
7
11
11
9
9
10
11
10
9
10
12
13
11
10
8
8
6
6
5
5
5
4
1
-1
-2
-3
-4
-4
-4
-2
-4
-4
-4
-5
-6
-5
-3
-3
-2
-4
-3
-4
-7
-9
-10
-9
-13
-11
-10
-13
-12
-13
-13
-15
-17
-16
-18
-18
-18
-18
-16
-14
-16
-14
-13
-13
-12
-11
-9
-9
-10
-11
-12
-10
-9
-9
-8
-8
-7
-7
-8
-7
-4
-4
-4
-3
-5
-2
-2
-2
3
3
4
8
9
11
12
13
16
17
17
19
20
22
22
25
28
26
25
24
25
22
22
21
17
16
18
16
15
13
10
7
5
2
2
2
3
4
4
4
4
5
7
9
8
5
9
9
7
9
7
6
4
2
0
1
-2
-3
-3
-6
-8
-10
-13
-12
-14
-13
-10
-11
-11
-13
-13
-13
-14
-12
-12
-12
-12
-12
-9
-9
-10
-7
-9
-11
-13
-10
-11
-15
-15
-17
-19
-20
-18
-19
-18
-19
-24
-21
-20
-23
-22
-18
-20
-20
-16
-16
-16
-15
-15
-14
-12
-10
-13
-13
-12
-7
-9
-10
-10
-9
-11
-12
-14
-15
-15
-18
-16
-15
-14
-12
-10
-8
-7
-7
-1
1
2
3
6
10
11
15
18
21
25
27
29
33
35
35
32
33
32
30
27
28
27
24
22
20
18
17
14
12
12
11
11
10
9
11
12
13
16
16
17
17
18
21
22
23
26
30
31
32
34
33
32
26
24
21
15
9
4
2
-1
-5
-9
-10
-11
-12
-15
-15
-15
-16
-17
-14
-17
-14
-11
-9
-6
-5
-5
-3
-3
-2
-1
-1
0
-2
-2
-4
-7
-7
-9
-12
-14
-14
-16
-20
-21
-21
-23
-24
-24
-23
-23
-19
-17
-16
-13
-12
-10
-10
-7
-6
-5
-5
-2
0
0
0
-1
-1
-2
-6
-7
-11
-13
-13
-13
-15
-17
-15
-16
-13
-13
-13
-9
-7
-5
-2
-1
4
7
12
15
16
23
25
27
30
27
28
29
26
20
18
14
10
9
5
0
-1
-6
-10
-10
-9
-9
-6
-4
-4
-2
0
0
5
9
12
15
17
18
23
25
24
24
26
28
28
26
24
19
16
12
5
2
0
-5
-9
-13
-20
-21
-22
-25
-22
-22
-22
-21
-21
-18
-15
-12
-8
-4
0
1
3
5
7
9
12
13
11
10
6
4
3
-2
-9
-14
-20
-23
-26
-28
-28
-31
-32
-32
-35
-35
-30
-25
-20
-17
-15
-13
-9
-4
1
6
11
14
15
15
12
13
13
16
14
11
10
4
3
0
-7
-8
-10
-12
-15
-18
-19
-19
-17
-17
-13
-9
-7
-2
2
6
11
14
14
18
19
17
18
20
22
19
14
14
11
5
2
-4
-8
-10
-14
-17
-17
-20
-20
-19
-19
-16
-14
-12
-8
-6
0
4
7
9
13
16
19
25
23
22
23
22
21
20
15
8
4
-2
-6
-9
-11
-16
-20
-25
-27
-28
-29
-29
-24
-19
-18
-14
-8
-5
0
7
11
14
16
19
22
25
24
24
22
18
15
14
12
5
4
-2
-8
-7
-12
-16
-17
-21
-23
-22
-26
-26
-22
-20
-16
-11
-9
-5
0
6
12
19
22
18
20
25
24
25
26
25
22
16
13
11
10
7
4
0
-5
-8
-9
-11
-9
-9
-8
-7
-4
-1
2
7
5
6
9
13
15
18
21
24
26
24
23
24
22
19
19
15
8
8
6
3
1
-3
-5
-5
-7
-8
-9
-7
-7
-5
-1
1
7
15
19
21
23
24
25
26
23
26
26
21
20
16
14
11
6
3
-1
-11
-17
-20
-19
-19
-20
-20
-24
-26
-23
-24
-22
-17
-14
-9
-8
-7
-1
5
8
9
11
13
12
12
11
9
8
2
-2
-4
-8
-10
-10
-14
-18
-18
-22
-23
-22
-20
-18
-17
-15
-13
-9
-5
-1
4
8
8
11
13
13
14
13
12
8
9
5
4
5
0
-4
-7
-11
-16
-18
-19
-20
-17
-18
-20
-17
-18
-17
-11
-9
-7
-2
0
1
5
10
12
19
21
22
22
20
18
18
20
17
13
10
6
3
1
1
1
0
-6
-8
-10
-12
-10
-10
-10
-7
-8
-6
-3
2
3
7
10
7
12
13
14
18
16
17
15
12
12
11
10
5
-1
-5
-10
-14
-16
-19
-24
-26
-30
-33
-32
-31
-27
-25
-25
-25
-22
-20
-16
-9
-5
-2
-2
-1
0
3
7
7
3
2
0
-2
-3
-6
-7
-8
-9
-11
-12
-13
-10
-8
-11
-11
-10
-9
-8
-1
6
8
13
15
17
21
25
28
30
30
31
29
28
27
26
25
22
15
10
7
4
2
0
-4
-5
-8
-7
-8
-9
-9
-9
-7
-6
-4
-2
1
3
4
4
3
3
5
7
10
11
13
9
6
7
6
7
8
4
3
2
1
2
2
4
5
5
6
5
7
10
8
9
13
16
20
26
27
29
31
32
33
33
35
33
29
29
26
24
21
16
13
10
3
0
0
-5
-9
-12
-16
-18
-17
-18
-18
-17
-19
-18
-14
-15
-12
-9
-8
-6
-5
-7
-8
-8
-8
-8
-8
-8
-10
-14
-15
-18
-21
-24
-27
-26
-29
-30
-31
-32
-32
-32
-30
-27
-21
-16
-10
-5
0
4
11
13
18
24
29
30
31
32
32
32
32
30
26
21
17
13
10
4
3
0
-6
-11
-15
-16
-18
-18
-18
-17
-14
-13
-10
-6
-3
0
5
8
9
14
13
12
16
15
15
18
16
14
12
11
7
5
3
1
-4
-8
-13
-17
-17
-19
-19
-17
-21
-18
-18
-17
-11
-9
-5
-3
1
3
7
11
13
17
20
21
19
20
20
18
15
14
11
1
-7
-10
-14
-18
-21
-24
-30
-35
-38
-41
-44
-43
-41
-38
-37
-37
-31
-26
-22
-19
-12
-8
-7
-2
1
5
8
8
11
7
4
3
0
-4
-9
-11
-17
-24
-25
-26
-29
-33
-34
-34
-35
-34
-32
-28
-24
-16
-7
-1
4
9
17
22
26
32
36
38
39
37
38
35
33
33
29
23
18
16
9
4
0
-7
-11
-17
-22
-23
-27
-28
-27
-25
-25
-21
-19
-17
-11
-6
1
9
12
17
21
24
27
30
33
33
34
35
31
29
29
24
23
19
15
8
5
3
1
1
1
1
0
-3
-1
0
3
10
14
17
15
16
21
23
24
30
29
27
27
24
22
19
16
11
5
-1
-10
-15
-20
-27
-32
-36
-37
-43
-46
-43
-41
-39
-35
-33
-31
-28
-22
-13
-5
0
7
6
7
11
13
18
20
20
20
13
9
6
0
-5
-7
-12
-16
-19
-23
-24
-23
-28
-29
-30
-29
-25
-18
-10
-8
-5
0
3
10
19
26
28
32
36
38
40
39
38
38
28
21
13
4
5
-1
-10
-18
-28
-35
-42
-44
-45
-49
-50
-51
-52
-49
-43
-37
-31
-24
-18
-15
-10
-1
7
12
20
25
26
26
31
34
33
35
32
31
30
23
25
22
20
18
14
11
11
9
12
14
15
16
19
23
28
33
37
41
43
48
51
50
54
53
52
48
43
38
29
25
18
9
-1
-12
-23
-34
-44
-50
-58
-65
-71
-76
-78
-82
-81
-77
-77
-71
-66
-61
-52
-45
-38
-28
-21
-15
-10
-6
3
11
17
24
25
29
29
30
35
36
37
38
35
34
34
36
42
45
42
43
43
46
54
61
65
66
70
73
75
79
80
77
71
66
59
48
40
30
18
6
-9
-26
-43
-59
-75
-88
-103
-117
-131
-143
-151
-159
-164
-165
-168
-165
-160
-154
-143
-137
-124
-109
-96
-77
-60
-45
-27
-8
8
24
45
60
72
87
98
108
115
126
133
140
145
152
158
159
163
163
163
165
162
159
156
154
149
145
141
133
125
114
104
93
81
67
51
33
15
-6
-27
-51
-73
-93
-114
-134
-156
-180
-200
-216
-232
-244
-256
-266
-271
-276
-275
-271
-266
-257
-247
-232
-213
-191
-169
-142
-115
-87
-58
-25
9
47
84
122
160
191
225
255
282
313
341
363
384
400
409
418
422
417
407
394
377
354
333
307
270
234
194
152
110
67
25
-20
-61
-104
-147
-186
-223
-258
-292
-325
-353
-381
-403
-419
-438
-451
-462
-473
-480
-485
-484
-482
-477
-468
-457
-441
-421
-396
-363
-331
-290
-247
-200
-146
-84
-19
49
121
191
262
335
407
478
547
605
658
700
736
760
773
774
767
749
721
686
642
587
531
470
401
329
257
189
126
66
14
-36
-82
-124
-165
-202
-235
-264
-293
-316
-340
-363
-386
-410
-439
-472
-507
-544
-580
-615
-642
-664
-683
-694
-702
-703
-698
-687
-668
-638
-599
-555
-504
-444
-381
-314
-246
-176
-106
-34
39
112
184
255
325
392
454
515
578
637
693
744
788
826
857
881
894
899
894
881
859
828
789
740
684
616
543
461
371
280
190
105
21
-65
-145
-225
-299
-368
-430
-485
-535
-577
-614
-642
-666
-688
-709
-726
-745
-761
-771
-776
-771
-766
-756
-740
-721
-698
-674
-643
-604
-564
-513
-455
-397
-333
-267
-199
-127
-55
16
89
166
244
318
393
466
538
608
672
736
795
850
897
934
962
975
979
973
956
927
893
849
797
738
667
589
505
415
326
234
143
60
-19
-94
-164
-232
-296
-357
-413
-464
-511
-551
-582
-609
-631
-655
-676
-697
-719
-741
-761
-777
-784
-789
-782
-770
-756
-734
-710
-684
-653
-616
-570
-517
-458
-394
-327
-259
-193
-128
-68
-10
57
123
188
258
323
386
450
509
566
628
690
754
816
876
928
969
998
1014
1016
1007
990
963
928
885
831
764
682
591
490
379
266
159
58
-39
-127
-208
-281
-352
-417
-480
-537
-583
-618
-638
-650
-658
-662
-666
-669
-676
-687
-695
-703
-710
-711
-710
-704
-690
-674
-659
-643
-621
-596
-566
-526
-482
-428
-368
-310
-247
-186
-126
-66
-7
53
117
179
246
312
378
440
499
561
621
679
742
805
864
920
965
995
1013
1020
1015
1000
976
943
906
856
795
718
626
525
416
308
199
93
-8
-99
-182
-264
-335
-407
-475
-536
-591
-636
-667
-685
-692
-693
-693
-695
-699
-708
-719
-728
-733
-733
-725
-711
-697
-679
-661
-646
-629
-609
-584
-551
-511
-460
-404
-348
-287
-228
-170
-111
-53
13
80
149
220
292
364
432
498
566
629
693
758
820
881
936
981
1014
1031
1036
1030
1017
998
971
937
892
835
763
678
582
478
367
261
161
67
-23
-111
-192
-273
-355
-433
-506
-571
-622
-662
-686
-701
-715
-722
-733
-740
-748
-757
-760
-760
-753
-739
-721
-694
-666
-639
-612
-584
-557
-526
-492
-452
-404
-352
-299
-244
-193
-143
-91
-40
13
66
122
181
239
303
364
421
479
541
602
664
728
788
840
888
924
950
969
976
976
970
955
932
898
850
795
723
638
544
443
343
245
147
55
-33
-122
-208
-294
-377
-460
-531
-594
-646
-683
-709
-730
-746
-762
-781
-798
-814
-827
-832
-829
-818
-800
-775
-751
-725
-696
-667
-635
-599
-559
-512
-459
-404
-348
-290
-238
-185
-134
-84
-34
19
76
136
193
253
313
371
431
492
555
620
691
763
833
896
951
993
1023
1043
1056
1061
1057
1049
1026
993
945
878
797
699
595
490
382
277
175
79
-17
-116
-212
-312
-407
-493
-574
-639
-690
-735
-769
-796
-822
-845
-868
-886
-896
-905
-905
-894
-874
-850
-819
-782
-748
-717
-679
-640
-603
-556
-509
-454
-395
-339
-285
-232
-181
-135
-82
-28
25
82
140
206
271
336
401
464
527
596
666
739
813
883
945
1000
1042
1074
1099
1114
1121
1121
1109
1083
1044
991
919
835
742
633
521
408
296
186
76
-33
-142
-253
-362
-465
-561
-648
-719
-781
-829
-865
-895
-916
-936
-956
-968
-973
-972
-960
-936
-904
-865
-821
-779
-738
-697
-659
-617
-569
-519
-466
-409
-351
-298
-244
-197
-151
-107
-62
-16
36
91
147
207
266
324
380
441
502
568
642
717
791
862
928
985
1031
1068
1095
1113
1125
1133
1130
1111
1083
1035
969
891
791
683
574
458
340
224
108
-8
-126
-242
-355
-470
-575
-671
-756
-821
-873
-914
-940
-958
-973
-982
-986
-985
-978
-962
-936
-900
-856
-810
-763
-714
-667
-623
-583
-537
-491
-441
-384
-330
-277
-223
-175
-129
-87
-45
0
43
92
143
195
253
313
371
434
498
559
628
696
764
835
897
950
997
1031
1060
1077
1087
1087
1076
1060
1028
985
929
857
771
671
564
446
327
211
93
-19
-129
-240
-349
-456
-559
-653
-737
-805
-862
-904
-932
-945
-952
-953
-948
-940
-925
-909
-884
-848
-806
-760
-708
-655
-606
-559
-511
-466
-423
-383
-338
-295
-251
-206
-162
-119
-77
-37
1
41
82
124
173
228
280
337
392
445
501
559
618
674
731
788
838
884
922
952
975
986
989
988
977
960
939
905
858
799
722
635
537
432
328
224
116
15
-85
-187
-288
-390
-486
-579
-665
-737
-794
-833
-860
-876
-887
-895
-901
-902
-898
-891
-877
-853
-820
-776
-730
-681
-630
-586
-546
-506
-472
-432
-390
-347
-297
-252
-206
-163
-123
-86
-48
-9
28
71
115
161
213
267
320
375
429
478
528
581
636
692
749
803
850
888
917
937
951
957
959
952
941
921
890
843
784
708
616
517
410
299
190
85
-19
-120
-220
-320
-419
-513
-598
-675
-734
-779
-808
-819
-823
-819
-811
-802
-792
-782
-763
-736
-708
-671
-627
-583
-538
-495
-455
-415
-384
-351
-318
-286
-252
-213
-175
-134
-94
-58
-24
0
26
55
84
119
154
188
226
264
300
343
389
436
487
544
606
668
726
782
826
860
887
904
915
916
908
894
868
825
769
694
608
510
404
290
174
61
-50
-150
-248
-340
-424
-507
-580
-646
-698
-738
-766
-775
-774
-768
-757
-745
-734
-722
-713
-700
-681
-657
-619
-568
-508
-450
-394
-341
-294
-252
-213
-173
-136
-106
-72
-47
-29
-19
-13
-7
1
12
26
46
72
101
135
170
204
239
277
323
376
438
504
572
637
702
757
808
849
873
887
886
870
844
817
784
746
703
647
578
495
397
291
183
75
-35
-130
-219
-303
-381
-455
-523
-584
-641
-688
-723
-750
-769
-778
-777
-770
-758
-738
-719
-699
-678
-652
-623
-591
-552
-515
-484
-458
-437
-420
-402
-383
-365
-340
-314
-282
-239
-193
-149
-101
-53
-10
32
75
116
152
183
218
253
282
313
354
404
460
520
583
648
710
764
814
854
880
897
907
907
905
898
882
858
820
771
706
625
527
421
306
189
71
-39
-139
-233
-315
-393
-464
-525
-584
-633
-673
-698
-716
-724
-721
-717
-713
-712
-707
-697
-682
-663
-642
-618
-585
-555
-522
-481
-449
-418
-387
-354
-323
-291
-257
-228
-203
-176
-143
-99
-44
16
66
98
97
69
33
-1
-13
2
45
111
199
299
400
498
595
684
761
832
898
946
985
1013
1031
1039
1032
1014
987
948
890
821
733
631
526
412
292
171
48
-66
-171
-271
-359
-436
-503
-562
-617
-659
-692
-717
-730
-730
-719
-702
-689
-672
-659
-648
-631
-613
-591
-562
-529
-492
-453
-417
-380
-349
-323
-303
-288
-274
-256
-234
-210
-182
-155
-126
-102
-84
-63
-43
-20
8
49
101
154
215
279
344
407
466
530
590
644
702
754
803
839
857
858
841
813
778
743
712
673
626
564
488
392
278
158
39
-74
-174
-258
-326
-378
-418
-457
-497
-537
-581
-618
-648
-665
-668
-648
-616
-575
-532
-497
-470
-455
-449
-442
-436
-422
-406
-390
-366
-337
-311
-288
-266
-249
-233
-217
-194
-160
-121
-76
-30
10
48
81
108
130
146
160
187
223
268
323
377
431
480
521
557
594
632
671
712
754
782
797
794
777
747
705
663
616
567
514
451
374
278
169
55
-59
-165
-254
-326
-382
-423
-457
-492
-527
-564
-594
-616
-627
-620
-597
-560
-517
-474
-443
-426
-427
-450
-480
-505
-516
-514
-496
-463
-417
-373
-334
-302
-276
-256
-238
-217
-195
-164
-130
-94
-55
-16
21
53
86
124
160
201
251
303
358
410
470
532
592
656
723
795
857
906
943
955
945
921
886
847
803
756
709
659
600
518
418
297
164
22
-120
-253
-369
-463
-530
-577
-608
-633
-655
-676
-692
-703
-704
-688
-659
-619
-571
-526
-495
-482
-489
-516
-551
-582
-599
-594
-562
-511
-454
-403
-367
-349
-347
-350
-347
-332
-302
-251
-184
-116
-48
9
58
98
130
168
216
274
344
426
512
595
677
762
850
952
1057
1157
1239
1286
1294
1260
1190
1090
974
864
761
671
584
493
382
237
59
-148
-364
-567
-744
-873
-942
-955
-923
-863
-791
-725
-678
-650
-627
-596
-544
-466
-357
-240
-140
-80
-78
-143
-260
-409
-560
-689
-782
-824
-822
-793
-757
-720
-700
-698
-697
-683
-639
-561
-451
-308
-152
5
153
276
377
458
523
589
655
734
827
933
1065
1226
1411
1611
1809
1971
2055
2037
1910
1687
1390
1067
760
489
269
95
-46
-188
-363
-574
-817
-1075
-1302
-1459
-1519
-1470
-1326
-1104
-834
-570
-344
-172
-67
-4
41
93
170
261
347
400
384
275
66
-225
-569
-916
-1219
-1435
-1546
-1545
-1452
-1303
-1131
-969
-831
-721
-621
-507
-368
-198
-6
185
349
473
546
562
536
486
437
420
449
533
667
845
1062
1321
1618
1922
2191
2368
2408
2306
2067
1733
1347
957
595
289
55
-129
-298
-491
-732
-1010
-1304
-1563
-1746
-1820
-1768
-1596
-1323
-988
-649
-366
-164
-45
14
47
85
150
235
320
375
360
251
27
-287
-647
-992
-1267
-1439
-1484
-1409
-1247
-1036
-823
-645
-521
-450
-403
-346
-270
-171
-56
49
124
161
158
123
66
19
24
95
245
471
746
1065
1416
1803
2222
2630
2954
3124
3094
2860
2450
1916
1322
724
184
-254
-574
-792
-960
-1127
-1321
-1536
-1737
-1876
-1913
-1822
-1601
-1258
-825
-356
73
396
570
595
508
358
203
79
-10
-68
-127
-224
-399
-665
-997
-1347
-1655
-1851
-1889
-1759
-1487
-1120
-710
-327
-29
164
244
242
203
165
150
145
133
94
20
-81
-198
-309
-384
-390
-299
-98
205
592
1039
1531
2052
2585
3074
3423
3559
3430
3038
2445
1729
974
254
-369
-846
-1162
-1335
-1425
-1493
-1575
-1672
-1736
-1726
-1608
-1367
-1019
-578
-83
394
781
1005
1033
888
615
285
-28
-287
-474
-591
-670
-750
-871
-1057
-1291
-1525
-1691
-1730
-1611
-1339
-956
-513
-82
276
510
592
534
382
189
-1
-153
-271
-371
-468
-566
-667
-758
-815
-804
-696
-466
-115
332
833
1350
1869
2394
2918
3409
3789
3958
3836
3397
2679
1768
779
-184
-1010
-1615
-1956
-2040
-1930
-1729
-1524
-1360
-1237
-1116
-953
-718
-400
-6
432
856
1190
1341
1249
917
399
-207
-790
-1254
-1541
-1632
-1555
-1365
-1155
-994
-918
-920
-947
-942
-849
-648
-345
17
375
655
794
756
552
232
-127
-456
-707
-864
-942
-968
-964
-949
-931
-902
-839
-705
-468
-122
322
832
1353
1840
2271
2643
2966
3243
3444
3504
3343
2912
2209
1303
304
-666
-1480
-2037
-2277
-2197
-1859
-1378
-881
-468
-184
-24
58
124
215
353
529
696
790
740
494
37
-563
-1206
-1772
-2145
-2260
-2099
-1703
-1160
-596
-133
145
230
167
32
-87
-140
-108
5
138
230
218
66
-208
-546
-864
-1091
-1190
-1155
-1025
-842
-650
-490
-380
-319
-281
-217
-80
146
457
823
1201
1541
1814
2005
2130
2233
2357
2508
2630
2623
2385
1875
1139
295
-517
-1168
-1546
-1606
-1361
-877
-298
217
539
619
494
251
-5
-201
-298
-303
-257
-209
-238
-410
-741
-1183
-1627
-1939
-2025
-1842
-1412
-807
-136
470
889
1033
881
507
37
-393
-689
-814
-789
-682
-560
-497
-529
-657
-841
-1004
-1068
-997
-800
-536
-281
-91
-4
-21
-109
-219
-295
-279
-144
104
423
750
1039
1257
1407
1516
1632
1815
2103
2459
2771
2874
2648
2066
1224
292
-551
-1156
-1437
-1371
-1000
-453
98
483
600
451
135
-219
-502
-643
-633
-507
-330
-186
-169
-346
-706
-1153
-1545
-1737
-1645
-1276
-705
-51
550
982
1151
1024
630
77
-477
-896
-1108
-1118
-988
-807
-643
-545
-528
-577
-652
-693
-657
-539
-376
-230
-155
-180
-290
-442
-591
-684
-672
-535
-274
80
467
822
1111
1321
1474
1617
1806
2093
2482
2900
3201
3213
2824
2038
985
-130
-1085
-1709
-1915
-1709
-1177
-485
163
588
695
497
117
-280
-563
-667
-597
-418
-221
-105
-155
-415
-855
-1354
-1751
-1901
-1734
-1272
-613
98
719
1136
1266
1084
649
74
-493
-913
-1132
-1150
-1024
-843
-670
-547
-493
-493
-516
-526
-494
-418
-328
-263
-254
-313
-420
-536
-621
-627
-530
-330
-41
293
624
914
1135
1284
1383
1462
1575
1796
2152
2602
3019
3214
3026
2400
1427
307
-731
-1491
-1846
-1762
-1301
-610
103
622
795
609
169
-336
-742
-957
-962
-812
-589
-395
-329
-455
-772
-1189
-1558
-1731
-1611
-1193
-560
160
815
1274
1449
1304
878
290
-307
-774
-1043
-1123
-1074
-965
-849
-760
-712
-690
-675
-624
-506
-324
-121
26
64
-16
-184
-380
-555
-663
-675
-581
-375
-87
233
517
722
845
912
969
1059
1225
1503
1922
2455
2994
3349
3325
2810
1868
691
-468
-1380
-1897
-1963
-1616
-973
-239
355
629
518
107
-413
-844
-1062
-1050
-853
-561
-278
-100
-115
-359
-778
-1234
-1538
-1553
-1240
-669
20
679
1175
1412
1333
951
357
-289
-804
-1076
-1093
-938
-736
-572
-488
-480
-518
-571
-596
-556
-425
-226
-36
53
-6
-201
-459
-700
-859
-904
-832
-637
-337
34
403
699
884
966
999
1038
1135
1330
1652
2108
2652
3149
3405
3235
2571
1510
281
-847
-1666
-2055
-1994
-1551
-864
-142
402
613
469
81
-367
-705
-846
-795
-614
-387
-205
-146
-276
-598
-1034
-1431
-1621
-1501
-1083
-452
248
872
1306
1458
1299
868
262
-349
-804
-1004
-954
-750
-516
-360
-335
-439
-621
-808
-922
-900
-730
-457
-172
24
71
-31
-226
-437
-594
-652
-598
-436
-194
85
349
546
649
668
656
680
781
993
1333
1795
2346
2888
3255
3259
2788
1879
708
-466
-1410
-1971
-2095
-1819
-1250
-557
55
417
447
190
-208
-573
-788
-820
-701
-503
-294
-159
-168
-351
-681
-1049
-1301
-1304
-1012
-483
169
795
1264
1485
1397
1014
412
-265
-844
-1194
-1257
-1087
-791
-503
-321
-281
-363
-506
-625
-654
-560
-357
-97
132
254
237
91
-128
-355
-532
-622
-610
-496
-303
-72
152
334
455
538
622
739
922
1189
1551
2017
2545
3033
3307
3190
2602
1606
411
-731
-1614
-2110
-2192
-1898
-1332
-656
-60
290
325
107
-214
-482
-606
-580
-446
-266
-108
-38
-110
-351
-709
-1065
-1277
-1229
-914
-402
184
710
1070
1191
1040
647
92
-484
-948
-1203
-1216
-1034
-749
-450
-226
-126
-148
-246
-355
-408
-368
-251
-96
31
76
19
-128
-330
-529
-672
-728
-680
-530
-311
-53
195
393
532
626
711
825
992
1231
1559
1987
2475
2910
3126
2950
2312
1311
168
-881
-1644
-2025
-2012
-1642
-1018
-313
278
589
568
303
-44
-334
-487
-513
-452
-347
-248
-217
-317
-564
-906
-1216
-1350
-1225
-850
-310
277
798
1156
1273
1118
717
164
-396
-828
-1054
-1066
-929
-727
-535
-405
-354
-365
-391
-384
-313
-172
-3
137
190
129
-35
-258
-479
-644
-721
-700
-582
-391
-159
68
251
373
426
457
507
611
795
1079
1467
1951
2461
2852
2953
2633
1900
896
-153
-1029
-1592
-1780
-1604
-1135
-509
91
486
567
357
-22
-407
-674
-792
-773
-657
-497
-350
-289
-376
-609
-908
-1130
-1154
-939
-520
13
543
976
1226
1231
973
504
-55
-563
-901
-1022
-974
-838
-687
-566
-482
-425
-380
-319
-215
-64
115
273
341
283
108
-137
-379
-564
-670
-696
-640
-516
-340
-147
27
152
226
277
347
473
662
917
1250
1665
2151
2632
2961
2985
2598
1831
833
-172
-999
-1520
-1689
-1525
-1097
-546
-37
275
314
116
-198
-487
-661
-700
-628
-484
-324
-209
-200
-332
-584
-863
-1048
-1044
-820
-415
84
577
969
1179
1155
892
442
-86
-563
-886
-1015
-975
-827
-645
-477
-354
-277
-232
-204
-172
-116
-52
-6
-8
-82
-224
-401
-574
-704
-761
-744
-656
-521
-352
-177
-18
112
216
318
443
610
828
1089
1408
1791
2233
2655
2916
2867
2411
1599
593
-388
-1151
-1591
-1677
-1448
-993
-443
40
312
315
97
-212
-478
-622
-633
-558
-450
-349
-304
-352
-519
-766
-995
-1091
-978
-652
-179
338
800
1125
1250
1145
820
343
-164
-584
-836
-905
-834
-695
-552
-443
-376
-347
-336
-321
-280
-201
-103
-22
0
-60
-195
-360
-505
-603
-646
-629
-563
-459
-328
-186
-56
61
171
290
447
646
883
1153
1460
1819
2230
2629
2889
2861
2454
1692
731
-221
-994
-1476
-1634
-1490
-1109
-610
-144
152
210
66
-170
-383
-511
-548
-521
-460
-391
-355
-390
-517
-704
-880
-940
-823
-535
-122
321
712
983
1074
960
649
205
-269
-679
-958
-1084
-1074
-969
-809
-632
-466
-330
-229
-150
-87
-40
-20
-38
-97
-194
-314
-433
-531
-595
-617
-588
-521
-424
-298
-159
-17
119
255
406
585
807
1066
1341
1634
1951
2292
2608
2778
2654
2158
1340
385
-491
-1121
-1426
-1422
-1164
-734
-248
144
324
256
17
-252
-442
-506
-482
-423
-370
-342
-365
-467
-645
-851
-991
-963
-739
-358
82
482
781
930
911
727
405
18
-343
-608
-756
-810
-813
-792
-753
-704
-651
-587
-500
-384
-241
-91
22
61
11
-107
-255
-397
-501
-557
-557
-508
-435
-351
-258
-155
-37
90
224
371
536
730
949
1183
1431
1715
2057
2426
2708
2738
2384
1654
707
-232
-959
-1362
-1439
-1237
-837
-356
52
257
207
-35
-333
-547
-623
-594
-519
-445
-402
-408
-483
-632
-813
-934
-907
-697
-342
66
440
719
863
855
686
381
4
-364
-639
-785
-825
-804
-762
-720
-682
-634
-562
-454
-299
-111
76
212
258
194
33
-182
-391
-552
-637
-644
-591
-511
-426
-343
-248
-135
3
159
319
494
688
902
1133
1371
1623
1918
2260
2589
2755
2600
2059
1215
270
-555
-1114
-1365
-1332
-1073
-682
-281
1
79
-33
-231
-390
-444
-402
-324
-267
-255
-288
-371
-508
-675
-809
-836
-709
-442
-102
233
497
656
695
612
414
131
-179
-453
-650
-756
-791
-785
-762
-729
-684
-611
-496
-349
-186
-34
75
116
73
-49
-216
-390
-535
-627
-659
-649
-614
-564
-500
-402
-257
-68
143
341
519
679
833
998
1173
1369
1621
1965
2374
2724
2819
2506
1781
817
-133
-859
-1255
-1325
-1137
-776
-363
-34
103
22
-194
-399
-482
-430
-316
-227
-210
-265
-371
-508
-665
-795
-835
-740
-512
-208
89
311
446
503
495
415
253
21
-246
-497
-688
-812
-880
-902
-873
-783
-629
-441
-256
-100
11
76
90
45
-64
-215
-369
-493
-570
-614
-635
-629
-592
-518
-403
-251
-75
114
289
436
556
662
779
915
1085
1315
1634
2051
2496
2799
2762
2287
1465
528
-278
-797
-1002
-962
-768
-512
-284
-168
-213
-378
-537
-572
-458
-269
-114
-76
-152
-291
-443
-582
-689
-741
-708
-579
-387
-199
-57
40
120
207
281
287
185
-30
-311
-592
-813
-952
-999
-950
-817
-626
-421
-248
-133
-65
-24
0
4
-25
-90
-183
-285
-391
-492
-570
-605
-590
-518
-396
-240
-61
129
309
463
598
726
866
1025
1195
1391
1651
2007
2414
2719
2725
2324
1586
732
-2
-473
-677
-689
-592
-453
-341
-329
-444
-634
-776
-764
-588
-346
-177
-147
-237
-376
-500
-593
-652
-661
-601
-485
-349
-247
-199
-161
-83
48
203
290
246
77
-169
-430
-656
-817
-897
-881
-768
-604
-444
-322
-241
-172
-84
14
87
101
42
-61
-187
-319
-447
-547
-591
-565
-479
-366
-242
-114
38
215
399
562
707
846
996
1158
1340
1569
1878
2254
2584
2689
2433
1832
1064
351
-148
-418
-527
-555
-562
-580
-643
-771
-928
-1015
-958
-756
-500
-316
-270
-334
-424
-480
-483
-460
-431
-395
-364
-351
-366
-383
-355
-241
-42
172
299
258
47
-257
-559
-774
-875
-859
-761
-625
-491
-393
-338
-298
-244
-151
-34
60
92
44
-70
-213
-349
-454
-511
-521
-497
-453
-399
-327
-205
-17
213
447
652
821
971
1116
1267
1459
1728
2075
2445
2677
2601
2166
1490
797
271
-18
-134
-184
-244
-342
-495
-706
-933
-1087
-1074
-885
-613
-409
-361
-450
-572
-619
-564
-454
-342
-264
-242
-282
-376
-485
-535
-458
-248
8
190
213
64
-183
-433
-611
-687
-667
-595
-515
-473
-495
-548
-583
-546
-415
-223
-38
77
89
13
-102
-214
-295
-333
-338
-328
-322
-324
-322
-280
-162
31
261
478
651
778
880
987
1129
1347
1672
2077
2471
2676
2556
2112
1495
904
474
218
56
-103
-301
-538
-795
-1052
-1251
-1309
-1192
-958
-723
-596
-604
-672
-680
-568
-366
-152
-1
60
14
-120
-287
-420
-445
-327
-123
47
83
-49
-288
-525
-675
-712
-658
-561
-474
-430
-433
-467
-477
-418
-283
-100
57
122
80
-41
-184
-290
-343
-351
-343
-349
-384
-447
-506
-511
-410
-201
74
352
585
769
922
1076
1255
1474
1752
2090
2426
2634
2581
2233
1692
1137
708
435
244
45
-204
-486
-771
-1028
-1221
-1291
-1204
-998
-783
-665
-670
-730
-733
-614
-403
-188
-48
-6
-48
-158
-296
-407
-438
-348
-185
-48
-23
-136
-320
-474
-539
-517
-454
-396
-370
-383
-415
-445
-452
-408
-306
-176
-76
-48
-99
-197
-285
-328
-324
-299
-284
-295
-329
-377
-412
-402
-322
-163
48
257
425
558
690
847
1033
1238
1471
1748
2060
2340
2461
2333
1989
1562
1196
926
706
456
143
-203
-529
-808
-1035
-1183
-1216
-1142
-1027
-950
-953
-992
-971
-844
-624
-387
-206
-103
-67
-65
-89
-113
-103
-45
35
84
51
-71
-250
-424
-542
-595
-611
-617
-635
-667
-695
-683
-613
-491
-342
-197
-82
-13
1
-18
-44
-65
-76
-84
-107
-157
-229
-301
-362
-392
-371
-291
-160
2
163
315
476
668
888
1130
1394
1696
2038
2360
2544
2482
2191
1799
1445
1179
954
684
329
-73
-457
-786
-1065
-1283
-1397
-1398
-1339
-1283
-1271
-1270
-1196
-1011
-747
-479
-267
-124
-18
75
140
179
206
232
240
203
97
-78
-278
-458
-600
-699
-768
-821
-861
-888
-887
-845
-754
-621
-471
-328
-199
-91
-11
51
88
101
88
62
22
-36
-104
-176
-246
-308
-344
-334
-272
-164
-30
124
302
513
763
1035
1327
1653
2008
2344
2557
2557
2358
2057
1770
1529
1287
972
560
111
-306
-664
-965
-1211
-1391
-1486
-1516
-1529
-1533
-1493
-1369
-1139
-853
-585
-361
-182
-14
160
306
412
476
504
489
416
279
93
-113
-322
-522
-706
-868
-989
-1073
-1121
-1127
-1085
-987
-837
-658
-479
-311
-157
-25
88
172
223
251
257
238
183
101
2
-103
-199
-272
-308
-297
-246
-162
-49
103
305
552
832
1146
1502
1889
2257
2504
2553
2431
2234
2041
1854
1609
1243
776
287
-155
-537
-881
-1192
-1449
-1633
-1749
-1821
-1851
-1813
-1667
-1430
-1155
-894
-657
-417
-155
112
337
503
616
689
719
684
577
401
171
-82
-351
-613
-844
-1033
-1179
-1286
-1352
-1363
-1302
-1173
-1001
-808
-609
-406
-203
-3
178
337
469
560
607
606
560
490
395
278
159
49
-35
-91
-122
-116
-64
47
216
438
732
1097
1514
1910
2186
2295
2291
2266
2252
2191
2003
1658
1205
747
340
-45
-446
-863
-1246
-1552
-1788
-1965
-2086
-2129
-2066
-1914
-1712
-1488
-1241
-950
-614
-268
53
335
590
821
995
1074
1039
894
679
426
155
-132
-440
-754
-1058
-1323
-1521
-1638
-1674
-1637
-1544
-1400
-1204
-965
-694
-403
-112
169
424
641
814
932
999
1008
958
861
731
588
438
280
131
12
-66
-83
-35
93
321
638
995
1311
1528
1669
1802
1964
2113
2155
2040
1790
1489
1204
907
549
115
-355
-782
-1135
-1437
-1711
-1957
-2135
-2212
-2198
-2115
-1976
-1772
-1499
-1173
-826
-468
-101
276
635
924
1106
1164
1128
1041
906
711
452
127
-229
-579
-896
-1168
-1400
-1582
-1702
-1745
-1707
-1591
-1412
-1193
-940
-648
-331
2
326
615
854
1037
1163
1243
1276
1259
1193
1085
952
813
671
539
446
409
443
534
643
719
763
829
957
1129
1279
1344
1308
1223
1148
1077
962
754
462
147
-142
-401
-662
-938
-1222
-1479
-1667
-1786
-1844
-1850
-1814
-1725
-1590
-1411
-1174
-879
-548
-223
60
289
472
626
743
794
758
648
499
335
153
-58
-304
-567
-817
-1023
-1175
-1286
-1356
-1391
-1373
-1283
-1123
-903
-645
-368
-91
179
443
696
932
1132
1280
1380
1450
1497
1511
1483
1421
1366
1345
1347
1324
1214
1039
881
812
817
818
742
597
461
405
396
344
195
-17
-211
-332
-409
-512
-667
-850
-1001
-1082
-1121
-1156
-1205
-1245
-1248
-1217
-1158
-1074
-960
-819
-665
-520
-385
-239
-79
68
163
198
191
182
189
180
120
10
-124
-248
-354
-469
-609
-762
-886
-953
-964
-932
-870
-774
-639
-468
-274
-67
153
381
607
818
1019
1209
1384
1529
1635
1711
1784
1858
1900
1855
1708
1527
1390
1299
1194
1004
739
486
326
257
167
-30
-295
-528
-660
-718
-790
-928
-1097
-1204
-1215
-1168
-1124
-1107
-1082
-1008
-892
-769
-666
-574
-472
-365
-282
-231
-196
-153
-97
-58
-62
-95
-125
-138
-149
-192
-271
-351
-405
-434
-467
-524
-600
-669
-711
-732
-740
-731
-692
-616
-505
-372
-218
-30
172
364
542
715
902
1096
1274
1429
1569
1723
1883
1980
1959
1842
1718
1655
1613
1505
1268
946
676
513
395
215
-76
-387
-611
-737
-837
-986
-1185
-1353
-1415
-1383
-1335
-1318
-1306
-1238
-1097
-917
-741
-583
-421
-256
-97
28
112
175
209
211
172
97
20
-40
-89
-143
-217
-293
-361
-422
-486
-557
-627
-676
-699
-709
-714
-713
-692
-645
-581
-499
-406
-290
-143
27
217
422
634
844
1032
1201
1373
1570
1773
1929
1985
1958
1916
1907
1892
1790
1571
1288
1028
845
684
445
109
-243
-511
-685
-837
-1034
-1267
-1461
-1547
-1540
-1520
-1526
-1533
-1482
-1348
-1174
-1011
-872
-729
-552
-360
-183
-38
72
158
217
234
214
176
132
82
4
-96
-193
-271
-323
-369
-429
-491
-544
-582
-603
-618
-626
-613
-574
-504
-419
-326
-231
-139
-34
104
273
467
665
856
1056
1284
1538
1767
1914
1972
1995
2048
2114
2120
2012
1800
1572
1388
1221
1000
676
299
-32
-285
-495
-735
-1029
-1308
-1499
-1590
-1634
-1694
-1757
-1774
-1708
-1569
-1412
-1267
-1118
-945
-746
-549
-382
-238
-108
24
142
216
249
252
241
222
181
113
26
-70
-167
-264
-369
-475
-566
-630
-662
-676
-677
-666
-641
-585
-503
-407
-301
-186
-47
120
306
488
654
815
999
1217
1434
1604
1714
1796
1895
1997
2052
2012
1892
1757
1648
1544
1369
1097
778
481
232
-10
-301
-632
-940
-1173
-1330
-1467
-1615
-1757
-1843
-1845
-1790
-1718
-1644
-1543
-1382
-1171
-956
-763
-595
-428
-248
-78
54
147
217
285
353
395
394
346
273
196
116
26
-85
-214
-338
-444
-531
-604
-663
-690
-677
-621
-539
-451
-347
-219
-58
128
318
515
736
980
1226
1425
1553
1644
1733
1823
1880
1875
1811
1734
1675
1612
1495
1298
1056
821
613
399
148
-148
-436
-667
-854
-1034
-1232
-1429
-1579
-1662
-1694
-1712
-1723
-1699
-1625
-1505
-1373
-1254
-1138
-1000
-830
-647
-478
-335
-212
-93
24
117
182
225
260
295
318
310
271
213
151
85
13
-65
-143
-205
-247
-280
-306
-319
-299
-240
-151
-40
87
239
423
631
824
988
1140
1307
1490
1652
1750
1778
1763
1744
1713
1637
1489
1294
1100
928
759
547
283
9
-228
-429
-619
-827
-1044
-1220
-1333
-1398
-1457
-1530
-1591
-1610
-1574
-1509
-1447
-1386
-1299
-1169
-1019
-880
-772
-685
-587
-472
-349
-249
-170
-90
-6
67
114
133
134
133
140
140
128
113
104
102
97
90
86
101
140
194
248
300
370
464
571
674
764
854
973
1106
1220
1295
1331
1357
1392
1422
1411
1347
1251
1148
1042
910
731
518
296
95
-84
-269
-470
-666
-832
-955
-1055
-1153
-1248
-1320
-1355
-1352
-1334
-1318
-1296
-1255
-1190
-1115
-1041
-969
-892
-796
-689
-581
-486
-397
-316
-246
-190
-147
-112
-76
-36
-4
14
26
34
37
36
32
34
58
107
170
230
291
368
471
591
709
803
877
964
1064
1157
1218
1235
1233
1240
1256
1260
1222
1144
1056
977
892
777
623
453
296
166
43
-105
-275
-442
-578
-681
-774
-877
-979
-1051
-1080
-1082
-1083
-1088
-1088
-1060
-1010
-959
-914
-874
-828
-762
-692
-629
-569
-509
-443
-377
-317
-264
-209
-150
-95
-62
-44
-36
-20
5
28
46
71
112
168
227
274
320
383
475
584
678
757
838
937
1045
1131
1180
1199
1214
1240
1247
1209
1125
1022
928
840
728
584
421
267
143
23
-118
-277
-439
-569
-666
-751
-841
-929
-991
-1012
-1016
-1021
-1033
-1043
-1031
-996
-958
-921
-883
-833
-766
-692
-624
-566
-509
-452
-391
-335
-288
-252
-219
-184
-154
-122
-94
-66
-38
-10
18
53
104
159
210
266
331
410
506
610
702
786
870
961
1048
1112
1150
1169
1186
1203
1201
1166
1098
1021
948
866
760
626
474
331
206
79
-61
-216
-358
-472
-562
-646
-736
-822
-887
-922
-944
-967
-993
-1007
-994
-957
-921
-891
-857
-816
-762
-703
-649
-599
-546
-482
-418
-360
-308
-264
-217
-170
-128
-93
-67
-36
-2
29
56
77
107
146
187
233
291
367
461
554
636
712
795
879
952
997
1020
1040
1067
1092
1086
1047
984
922
867
790
678
540
405
284
177
63
-67
-197
-302
-381
-454
-536
-626
-701
-750
-782
-814
-851
-884
-901
-894
-877
-861
-860
-855
-835
-802
-762
-728
-692
-648
-585
-510
-438
-379
-326
-273
-212
-147
-88
-42
-7
32
77
129
184
231
284
348
420
498
572
631
685
746
817
885
935
970
996
1026
1058
1074
1055
1001
933
864
784
683
559
430
314
211
106
-15
-144
-260
-360
-446
-528
-608
-677
-721
-738
-746
-760
-773
-777
-762
-738
-722
-709
-699
-677
-648
-620
-598
-578
-551
-517
-484
-452
-424
-400
-371
-343
-311
-280
-251
-215
-174
-127
-77
-16
56
129
206
290
379
475
569
652
739
831
927
1009
1068
1107
1136
1161
1173
1150
1089
1014
939
863
777
659
523
390
274
162
37
-107
-250
-371
-467
-552
-640
-721
-776
-802
-808
-814
-829
-835
-828
-807
-781
-760
-740
-708
-671
-627
-588
-559
-533
-505
-469
-428
-389
-350
-312
-276
-241
-203
-162
-126
-95
-69
-36
6
46
87
131
183
253
329
407
481
555
644
744
839
922
984
1031
1072
1106
1118
1095
1053
1007
964
905
814
696
573
455
337
208
61
-93
-235
-355
-465
-577
-679
-765
-823
-863
-898
-929
-952
-958
-940
-913
-883
-847
-799
-738
-675
-613
-556
-505
-455
-400
-352
-308
-265
-228
-194
-157
-118
-86
-55
-28
-2
34
76
122
169
223
291
369
452
531
596
663
734
803
860
892
911
928
942
941
916
869
817
773
728
666
579
480
377
283
192
87
-23
-125
-213
-283
-352
-429
-509
-580
-634
-683
-731
-788
-845
-883
-901
-915
-919
-923
-920
-900
-864
-822
-774
-721
-663
-588
-500
-409
-322
-242
-158
-67
14
83
139
188
241
290
334
371
403
445
496
541
577
606
643
695
745
783
811
839
874
909
925
911
883
851
817
765
684
585
482
383
280
164
36
-86
-190
-276
-351
-430
-509
-569
-616
-656
-696
-736
-769
-788
-801
-805
-806
-803
-786
-767
-748
-727
-702
-672
-645
-615
-577
-535
-481
-422
-365
-304
-240
-172
-103
-36
36
109
188
271
362
459
555
645
725
796
870
939
993
1028
1043
1052
1057
1049
1019
966
897
824
745
656
549
432
315
210
113
13
-91
-188
-269
-335
-396
-456
-521
-578
-623
-660
-702
-746
-788
-823
-843
-852
-859
-863
-862
-856
-844
-822
-793
-761
-723
-669
-607
-535
-457
-378
-291
-204
-112
-16
69
151
230
306
382
455
529
605
670
733
787
836
887
928
957
979
998
1018
1031
1033
1016
983
948
903
840
762
666
563
460
347
227
94
-44
-171
-292
-410
-527
-639
-737
-819
-884
-938
-985
-1018
-1038
-1044
-1031
-1011
-984
-952
-916
-873
-828
-777
-724
-679
-634
-575
-514
-446
-372
-298
-226
-147
-61
19
95
170
244
327
412
500
585
664
741
814
887
958
1014
1049
1068
1085
1098
1096
1076
1037
994
945
897
833
743
642
537
437
339
227
110
-7
-114
-208
-302
-400
-502
-589
-661
-729
-792
-863
-931
-981
-1020
-1051
-1079
-1105
-1117
-1115
-1099
-1074
-1043
-1002
-946
-873
-788
-701
-604
-498
-388
-272
-157
-45
68
173
271
360
438
515
588
659
721
766
814
858
898
929
941
945
950
954
956
940
911
882
852
829
797
745
681
620
566
507
433
344
252
163
81
-2
-91
-193
-291
-377
-459
-539
-621
-709
-789
-853
-905
-954
-1001
-1047
-1074
-1075
-1063
-1043
-1017
-986
-933
-864
-789
-715
-639
-557
-464
-361
-264
-176
-92
-7
82
172
254
325
394
462
529
590
643
692
738
777
805
820
828
835
829
809
784
753
723
691
650
603
550
502
457
407
352
291
233
180
132
81
25
-33
-86
-135
-188
-249
-315
-379
-440
-494
-550
-606
-659
-705
-743
-773
-800
-819
-822
-817
-801
-776
-743
-704
-658
-607
-544
-478
-408
-333
-261
-189
-113
-39
31
96
156
214
272
328
380
427
467
505
542
574
604
629
648
664
674
679
677
670
658
638
615
583
541
494
438
375
312
244
178
112
47
-13
-73
-127
-178
-227
-270
-312
-350
-386
-416
-440
-460
-476
-485
-486
-490
-486
-484
-478
-466
-453
-434
-409
-382
-354
-324
-295
-269
-237
-203
-173
-141
-107
-72
-39
-10
24
59
95
137
184
231
279
328
373
420
461
489
511
529
542
544
535
514
487
459
426
383
331
279
226
174
125
79
31
-10
-47
-81
-109
-135
-165
-194
-220
-246
-270
-295
-324
-347
-363
-376
-388
-395
-400
-397
-387
-375
-361
-344
-321
-288
-253
-216
-179
-139
-96
-55
-14
27
60
94
130
159
183
209
229
248
265
278
291
303
309
309
304
293
285
281
270
260
256
248
244
240
230
221
211
194
174
151
126
98
62
19
-22
-64
-104
-146
-190
-231
-268
-301
-333
-358
-375
-386
-384
-379
-370
-358
-343
-321
-300
-280
-258
-235
-209
-180
-155
-132
-109
-87
-57
-19
16
46
77
112
143
175
205
226
253
283
307
324
331
337
342
341
334
320
306
288
269
250
224
197
174
151
125
95
62
22
-16
-53
-88
-119
-145
-172
-195
-218
-238
-255
-265
-272
-276
-275
-273
-272
-268
-267
-268
-264
-259
-254
-246
-240
-237
-231
-226
-220
-206
-190
-167
-143
-114
-81
-49
-10
28
65
106
146
181
216
242
265
287
308
327
346
358
367
374
372
369
360
347
333
317
296
274
246
213
180
146
108
69
30
-7
-40
-71
-109
-144
-175
-200
-222
-248
-273
-297
-316
-327
-341
-353
-357
-355
-345
-332
-318
-300
-275
-241
-206
-172
-140
-107
-72
-34
-1
31
58
85
114
138
158
173
186
201
209
219
226
232
239
243
246
250
252
253
252
247
238
228
213
196
179
160
142
125
109
88
70
54
35
15
-8
-28
-44
-59
-80
-104
-129
-153
-171
-191
-216
-239
-259
-278
-290
-301
-313
-314
-305
-297
-284
-270
-255
-229
-202
-180
-158
-139
-116
-92
-68
-45
-25
3
34
67
96
119
146
174
201
224
248
265
283
299
309
316
315
312
304
291
276
253
223
191
160
131
100
71
47
23
4
-14
-35
-58
-79
-94
-106
-117
-125
-134
-142
-149
-153
-157
-158
-161
-162
-163
-162
-163
-167
-169
-172
-172
-165
-161
-159
-152
-144
-133
-119
-109
-101
-84
-69
-53
-36
-20
-6
8
24
35
49
60
67
78
85
91
100
109
119
131
147
157
168
177
179
185
184
184
183
175
168
160
146
133
122
105
81
62
40
15
-10
-36
-59
-79
-93
-103
-110
-117
-120
-119
-120
-121
-118
-119
-115
-110
-105
-99
-92
-84
-78
-66
-55
-49
-41
-37
-38
-34
-35
-38
-40
-46
-49
-48
-49
-49
-47
-51
-48
-43
-38
-32
-28
-21
-13
-1
9
20
28
40
53
65
75
82
88
94
99
107
109
112
117
121
121
119
114
106
96
86
77
75
64
52
44
34
26
13
0
-16
-29
-41
-54
-62
-72
-81
-85
-85
-82
-80
-77
-71
-64
-54
-48
-40
-35
-30
-22
-14
-9
-3
0
6
10
11
12
8
4
-1
-5
-8
-13
-14
-14
-18
-17
-16
-12
-7
0
6
12
16
22
29
34
38
47
53
57
59
55
53
51
49
45
38
31
23
18
11
3
-6
-15
-20
-26
-33
-37
-45
-51
-56
-62
-67
-70
-73
-75
-75
-75
-75
-74
-73
-69
-60
-54
-50
-43
-33
-26
-15
-3
9
18
29
41
47
50
55
57
62
67
70
70
71
71
70
70
67
58
53
50
49
50
46
42
37
35
31
24
17
9
2
-1
-7
-15
-19
-24
-29
-30
-34
-40
-43
-48
-51
-55
-59
-65
-65
-67
-72
-72
-68
-62
-54
-46
-40
-33
-20
-9
0
11
22
29
37
44
46
48
50
52
60
61
63
64
62
65
67
66
65
63
66
64
61
58
51
45
40
32
25
16
8
2
-7
-16
-24
-32
-44
-53
-61
-69
-77
-84
-92
-97
-97
-97
-100
-101
-105
-103
-102
-100
-97
-93
-85
-78
-70
-64
-55
-47
-39
-26
-16
-11
-5
2
8
12
20
27
37
46
52
59
68
73
79
84
89
92
96
98
96
95
91
84
78
69
59
49
39
29
22
17
12
5
-2
-6
-10
-15
-16
-20
-26
-28
-30
-36
-40
-44
-51
-57
-58
-63
-65
-67
-70
-74
-74
-76
-78
-73
-68
-64
-56
-48
-44
-34
-24
-19
-9
-3
6
15
24
30
39
47
55
60
65
73
76
80
82
85
86
88
90
90
90
90
88
88
87
81
79
75
66
60
51
40
33
22
15
7
-4
-14
-25
-36
-45
-54
-58
-62
-63
-63
-66
-68
-71
-74
-73
-73
-74
-75
-75
-77
-81
-84
-88
-89
-90
-89
-85
-79
-73
-63
-56
-48
-36
-24
-8
8
19
34
48
63
74
86
99
111
124
131
137
143
146
148
146
145
142
133
125
112
101
87
76
61
46
32
17
5
-10
-20
-30
-39
-44
-51
-57
-65
-72
-77
-84
-91
-94
-98
-101
-106
-109
-113
-115
-113
-108
-100
-90
-80
-71
-65
-54
-46
-38
-25
-15
-5
6
17
22
31
36
39
44
47
51
55
57
60
61
65
69
71
73
76
82
81
81
79
77
74
71
68
63
58
52
41
33
23
14
6
-1
-9
-19
-30
-43
-55
-67
-76
-85
-95
-99
-102
-105
-106
-105
-105
-102
-97
-95
-90
-88
-87
-81
-79
-74
-67
-64
-61
-59
-59
-54
-50
-42
-32
-23
-10
2
11
21
29
37
48
59
70
78
85
91
93
97
95
89
89
88
86
79
72
70
63
60
59
51
45
40
34
28
20
15
6
-1
-8
-20
-28
-39
-56
-66
-71
-78
-86
-95
-98
-104
-108
-109
-113
-113
-110
-105
-99
-92
-81
-70
-58
-42
-27
-15
-4
10
19
28
38
46
56
62
67
68
68
69
68
65
63
61
62
63
63
63
59
56
53
51
47
45
44
42
41
38
36
33
27
18
13
9
3
-4
-9
-17
-23
-26
-33
-41
-46
-52
-54
-58
-60
-62
-64
-66
-67
-68
-69
-68
-67
-67
-67
-66
-67
-62
-57
-55
-51
-46
-42
-36
-31
-26
-19
-9
3
12
20
31
41
47
54
63
65
68
70
69
69
69
68
68
66
66
62
57
54
47
41
40
36
33
28
24
18
12
9
4
0
-2
-7
-9
-14
-21
-22
-25
-28
-28
-31
-29
-32
-34
-33
-35
-33
-35
-38
-36
-36
-37
-38
-39
-39
-44
-44
-41
-38
-33
-30
-26
-20
-15
-8
0
8
14
19
28
34
38
43
50
52
54
57
60
63
65
68
71
72
76
75
71
67
62
56
49
45
41
32
26
19
8
2
-6
-13
-17
-23
-26
-31
-38
-44
-51
-55
-60
-66
-65
-65
-67
-65
-63
-63
-64
-63
-62
-60
-57
-52
-50
-47
-44
-37
-30
-26
-24
-22
-21
-18
-16
-12
-5
1
8
16
21
26
35
42
48
52
59
65
68
68
69
68
70
73
73
72
69
63
60
60
56
50
48
44
37
32
23
15
8
-2
-10
-16
-21
-26
-30
-31
-33
-34
-35
-39
-44
-45
-47
-47
-45
-44
-44
-40
-37
-39
-35
-34
-34
-30
-21
-15
-13
-8
-2
1
3
7
12
17
22
30
36
40
43
46
48
51
54
56
60
64
64
63
65
60
56
52
44
39
32
25
20
14
9
0
-5
-10
-17
-24
-29
-34
-38
-40
-41
-45
-49
-53
-56
-59
-62
-64
-66
-66
-63
-62
-58
-55
-54
-49
-44
-40
-35
-32
-27
-23
-16
-12
-10
-3
3
4
6
10
11
13
16
18
22
25
26
27
27
25
22
21
20
20
22
24
27
28
31
33
29
32
29
27
28
25
23
19
15
11
8
3
-1
-6
-11
-17
-24
-31
-40
-47
-49
-52
-53
-53
-52
-45
-42
-39
-33
-27
-20
-13
-6
0
4
9
12
14
17
20
21
26
28
26
24
25
26
23
21
24
22
22
21
20
18
16
15
14
17
20
20
23
24
27
29
31
31
30
29
28
28
24
23
20
19
17
13
9
6
4
1
-6
-15
-22
-28
-35
-39
-42
-47
-48
-50
-51
-53
-54
-54
-52
-50
-49
-45
-40
-35
-29
-24
-17
-7
2
6
13
20
28
38
44
47
50
53
55
53
54
52
48
47
42
37
29
23
17
11
6
2
-1
-5
-9
-12
-13
-13
-16
-16
-15
-14
-12
-8
-5
-5
-3
-1
2
2
-2
-2
-3
-4
-5
-7
-9
-12
-17
-18
-18
-24
-26
-28
-30
-32
-33
-34
-35
-34
-33
-28
-27
-24
-20
-13
-8
-3
3
10
17
25
33
39
45
50
53
56
57
58
61
61
56
54
50
44
37
28
20
13
6
-3
-10
-18
-26
-36
-45
-49
-54
-57
-58
-59
-56
-54
-52
-48
-43
-39
-32
-25
-18
-10
-2
2
7
11
15
16
19
18
20
21
21
19
14
7
5
1
-3
-7
-9
-9
-11
-11
-13
-16
-17
-16
-14
-12
-6
-2
4
7
8
9
11
12
15
19
19
20
21
21
21
18
16
13
13
9
4
-1
-8
-13
-17
-20
-25
-26
-27
-30
-30
-29
-31
-29
-30
-29
-26
-23
-20
-12
-9
-5
-1
3
7
11
16
19
23
25
27
29
31
33
33
34
35
33
33
32
31
29
24
20
15
11
8
7
6
4
3
3
0
-2
-2
-1
-2
-2
-1
-2
0
1
1
3
4
6
8
7
8
6
4
1
-3
-9
-12
-14
-15
-16
-19
-20
-21
-23
-24
-26
-26
-25
-26
-25
-22
-22
-22
-19
-17
-15
-13
-11
-6
-5
-5
-2
-2
1
5
7
6
6
7
6
6
6
7
7
7
9
10
10
9
7
6
5
4
1
2
5
4
5
6
5
4
4
2
0
-1
-4
-8
-8
-6
-6
-2
0
0
1
3
5
5
6
4
2
1
0
1
2
4
6
8
9
8
10
11
11
12
15
16
19
23
23
18
16
17
18
18
19
18
18
19
14
10
10
7
8
7
6
6
4
3
5
3
4
7
7
8
11
13
12
14
13
13
14
15
14
11
7
4
3
3
0
-2
-3
-9
-15
-21
-27
-29
-34
-36
-36
-35
-31
-27
-25
-24
-23
-20
-17
-15
-13
-10
-7
-4
-6
-9
-4
-2
-6
-7
-7
-7
-8
-7
-7
-8
-7
-10
-14
-16
-25
-32
-37
-43
-49
-50
-51
-49
-42
-39
-36
-32
-29
-29
-28
-26
-28
-28
-26
-26
-19
-11
0
8
16
18
16
11
10
8
1
-6
-7
-3
-1
-1
0
-1
-2
-5
-11
-15
-21
-28
-29
-28
-23
-23
-23
-20
-19
-16
-14
-8
1
3
11
19
26
32
35
34
28
18
10
4
1
1
3
5
8
10
9
1
-14
-36
-67
-105
-146
-180
-194
-193
-185
-166
-142
-113
-75
-39
-10
-2
-6
-15
-24
-26
-22
-11
-1
5
13
23
41
53
55
54
41
24
10
1
-5
-7
-10
-20
-31
-39
-41
-38
-30
-19
-14
-10
0
14
33
45
46
38
22
10
3
5
12
15
21
25
32
43
55
67
72
67
57
49
46
52
58
59
57
53
48
47
48
47
40
27
9
-6
-11
-13
-7
1
5
5
8
18
29
39
50
59
63
69
83
101
122
128
130
132
128
125
124
122
120
114
105
93
83
76
66
56
41
25
9
-7
-15
-16
-12
-6
2
9
18
31
44
56
62
60
54
48
46
43
40
40
35
29
25
20
19
18
17
11
2
-10
-20
-23
-25
-19
-10
-7
-4
3
8
16
26
37
40
35
29
22
12
6
-4
-21
-42
-61
-74
-78
-78
-72
-67
-65
-57
-49
-34
-20
-11
-6
-8
-15
-16
-12
-5
-3
-1
-4
-11
-16
-12
-10
-15
-27
-43
-58
-76
-80
-76
-79
-76
-78
-75
-66
-58
-43
-31
-24
-17
-12
-4
5
8
14
10
-1
-9
-18
-25
-30
-31
-36
-46
-53
-52
-47
-41
-35
-31
-31
-33
-25
-15
-9
-4
-2
-2
0
2
12
18
16
11
1
-5
-8
-7
-4
-7
-16
-25
-30
-34
-34
-31
-31
-31
-31
-30
-21
-12
-4
5
14
19
25
32
34
36
33
32
26
22
21
18
19
19
15
13
4
-5
-8
-14
-17
-17
-15
-14
-10
-3
3
11
18
27
30
29
29
28
27
24
18
13
9
5
2
3
1
-3
-5
-7
-6
-2
0
0
0
1
1
3
5
13
19
25
27
29
30
26
30
30
24
19
14
9
8
1
-3
-5
-10
-14
-16
-14
-10
-8
-5
-2
0
5
11
17
18
18
20
22
28
30
30
27
19
12
8
3
0
3
3
1
4
3
3
6
5
1
-4
-11
-14
-13
-12
-12
-14
-14
-16
-13
-9
-4
4
8
11
13
12
9
8
6
0
-6
-7
-5
-4
-5
-5
-4
-6
-9
-3
-1
-3
-5
-8
-6
-6
-9
-8
-8
-9
-14
-17
-20
-26
-28
-26
-26
-26
-25
-20
-18
-19
-21
-26
-27
-28
-29
-34
-37
-38
-36
-34
-34
-28
-25
-22
-18
-16
-12
-12
-15
-22
-35
-43
-50
-52
-51
-53
-53
-52
-50
-47
-44
-41
-38
-37
-35
-36
-36
-37
-35
-36
-36
-37
-37
-35
-32
-24
-17
-14
-14
-18
-17
-15
-14
-12
-15
-17
-18
-19
-15
-9
-5
-6
-7
-6
-6
-1
2
-3
-6
-10
-15
-14
-11
-6
2
8
15
20
25
32
36
40
42
42
39
35
34
33
33
32
28
25
27
27
26
25
20
17
13
8
7
11
15
18
16
12
10
11
14
19
20
21
22
24
26
31
33
35
39
38
36
37
36
35
33
29
26
22
21
20
19
19
13
8
7
3
2
1
3
3
-1
-1
0
0
0
1
5
9
8
8
10
12
16
19
22
22
21
23
27
30
36
38
36
35
33
30
30
32
34
34
34
34
36
35
31
30
25
20
24
26
26
31
33
33
33
32
34
37
40
42
41
39
39
40
46
49
53
54
54
55
55
58
60
59
62
57
56
59
54
51
46
45
43
42
45
49
53
55
55
51
52
52
51
49
52
54
52
52
53
49
49
53
56
57
54
53
53
52
52
50
49
45
40
34
31
31
36
38
37
37
38
37
40
43
44
44
44
41
39
40
39
37
40
41
44
48
51
54
52
52
49
44
43
45
46
43
38
35
30
27
25
22
26
27
27
28
25
24
25
24
17
10
8
5
2
4
6
8
11
13
16
19
17
15
12
6
6
7
7
8
6
5
5
8
7
5
2
-2
-6
-7
-8
-11
-16
-21
-26
-30
-33
-36
-38
-42
-45
-44
-43
-40
-32
-33
-35
-34
-35
-39
-43
-43
-41
-45
-46
-46
-49
-51
-51
-57
-63
-69
-72
-78
-83
-85
-91
-93
-91
-92
-89
-83
-80
-78
-78
-78
-80
-81
-80
-83
-83
-83
-85
-85
-89
-94
-93
-97
-103
-109
-117
-125
-130
-135
-135
-132
-131
-131
-130
-126
-124
-124
-124
-127
-123
-119
-117
-112
-114
-117
-114
-110
-104
-104
-105
-113
-121
-125
-128
-129
-133
-136
-142
-142
-139
-134
-128
-125
-124
-122
-121
-119
-113
-107
-105
-105
-102
-100
-99
-98
-97
-99
-106
-114
-120
-121
-121
-121
-118
-118
-118
-115
-111
-103
-97
-93
-88
-84
-78
-73
-63
-54
-48
-45
-47
-47
-48
-48
-47
-49
-51
-57
-60
-64
-65
-66
-66
-66
-68
-65
-61
-56
-50
-42
-34
-27
-22
-12
-5
-1
4
11
16
17
17
13
10
12
12
9
10
12
12
11
8
8
9
9
11
16
19
25
31
35
39
42
43
47
51
54
57
56
52
48
41
36
37
36
35
33
30
27
25
29
31
32
31
28
29
30
38
45
49
52
51
51
46
47
48
44
40
35
29
25
21
17
14
8
1
-1
-6
-5
1
7
9
14
18
24
34
37
41
42
40
40
40
36
30
25
19
15
12
11
11
9
5
1
-2
-6
-7
-7
-8
-8
-7
-8
-5
-1
6
11
20
23
23
25
23
22
20
16
16
10
4
1
-3
-4
-8
-9
-7
-6
-7
-6
-4
-4
-2
1
2
3
7
10
8
9
8
8
7
2
4
1
-3
-3
-2
0
-1
-1
-2
-7
-8
-9
-14
-16
-17
-13
-9
-5
2
7
10
14
15
14
14
18
16
12
8
5
0
-2
-3
-6
-12
-17
-20
-22
-23
-16
-12
-8
-6
-3
3
6
12
17
15
9
9
8
7
7
7
9
10
11
13
12
14
15
12
10
7
10
12
12
19
21
20
21
24
24
23
23
23
20
21
22
21
20
24
21
19
22
26
28
29
30
27
24
20
19
18
16
17
21
26
29
33
36
37
39
44
46
48
50
49
49
51
51
49
47
41
36
32
28
26
26
25
28
28
31
33
31
32
32
31
32
34
35
37
41
44
44
45
45
44
43
42
40
38
38
39
39
39
39
38
35
29
28
27
24
21
18
18
17
11
12
13
16
17
14
11
10
8
8
4
2
1
-1
-2
0
3
2
0
1
0
-2
-5
-10
-10
-11
-8
-7
-6
-4
-6
-5
-7
-9
-9
-16
-17
-14
-13
-14
-17
-16
-18
-17
-17
-21
-23
-25
-28
-26
-24
-18
-13
-10
-7
-9
-9
-7
-10
-9
-8
-10
-14
-13
-13
-16
-16
-18
-17
-14
-16
-17
-19
-21
-23
-27
-30
-30
-30
-26
-23
-17
-13
-13
-8
-7
-7
-6
-9
-8
-9
-7
-4
-6
-4
-2
-2
-1
-4
-3
-2
-5
-7
-8
-14
-17
-16
-18
-17
-18
-20
-19
-19
-18
-18
-20
-18
-20
-17
-16
-19
-18
-17
-16
-11
-9
-6
-2
-1
2
3
3
4
0
1
-1
-1
-2
-7
-12
-17
-20
-24
-23
-22
-25
-22
-21
-21
-19
-16
-19
-23
-23
-21
-22
-21
-18
-18
-15
-12
-10
-7
-2
0
2
9
13
13
13
12
17
21
19
18
18
19
22
22
22
17
14
12
5
1
-5
-11
-17
-19
-14
-14
-16
-15
-15
-9
-10
-7
-6
-7
-4
-2
1
3
5
5
5
5
6
8
9
8
10
10
6
8
8
9
6
2
5
7
9
8
8
6
6
5
6
10
12
15
15
15
14
15
13
13
15
14
10
6
10
10
7
7
9
12
17
18
14
13
16
17
20
20
15
16
15
14
17
17
14
12
9
6
4
6
5
1
-1
1
0
-3
-4
-3
-4
-4
-5
-6
-4
-5
-4
-5
-8
-9
-4
0
3
0
0
-5
-10
-10
-13
-14
-11
-16
-21
-21
-20
-15
-12
-14
-11
-12
-11
-10
-11
-9
-9
-6
-7
-9
-4
-2
-1
5
7
9
6
1
-5
-8
-6
-9
-15
-17
-21
-19
-18
-18
-18
-17
-12
-13
-14
-16
-15
-17
-17
-15
-12
-8
-6
0
5
6
7
7
2
1
6
4
3
6
7
10
14
13
12
11
12
13
15
16
14
15
15
14
17
22
21
22
19
9
7
4
0
-2
-4
-2
3
2
-1
0
-2
-3
-2
-1
2
6
12
14
13
17
20
19
19
20
22
22
19
13
14
17
17
15
13
11
8
8
5
1
-1
-4
-7
-7
-8
-11
-9
-6
-7
-4
-5
-11
-10
-13
-12
-10
-5
-5
-4
-5
-8
-4
1
5
9
10
7
3
-1
-6
-7
-4
-1
1
3
8
10
7
11
9
9
5
-1
-2
-4
-6
-10
-11
-13
-17
-17
-18
-17
-19
-18
-22
-25
-23
-19
-18
-16
-12
-12
-8
-4
-1
5
7
12
13
13
18
23
29
31
28
21
17
13
11
11
9
6
-3
-13
-17
-18
-14
-15
-14
-9
-8
-4
2
-1
-2
-1
-6
-7
-6
-7
-2
7
13
19
17
18
19
20
19
19
16
14
13
11
10
11
13
10
15
16
17
12
3
-2
0
-4
-7
-2
-4
-5
-2
-5
-7
-8
-7
-8
-9
-12
-15
-17
-17
-16
-17
-18
-17
-19
-18
-12
-8
-5
-2
1
4
7
6
3
0
-5
-4
0
-3
-8
-8
-9
-13
-12
-12
-16
-17
-20
-21
-26
-27
-28
-28
-25
-25
-23
-20
-20
-21
-15
-8
-9
-6
-5
-5
-4
-3
-2
-2
-3
-4
-4
-3
1
4
4
9
11
8
3
-5
-11
-12
-14
-14
-7
-1
3
9
12
12
14
12
7
6
1
-5
-7
-8
-12
-7
-9
-9
-4
-1
2
7
12
18
19
21
25
27
24
25
26
26
27
22
15
15
14
12
12
11
12
9
4
-2
-8
-16
-19
-23
-21
-18
-19
-17
-12
-8
-5
0
4
4
7
8
7
11
15
16
19
19
17
17
18
19
20
17
14
8
1
-4
-10
-14
-15
-15
-13
-11
-10
-7
-7
-10
-10
-9
-14
-17
-19
-19
-16
-16
-9
-4
-3
0
2
2
4
3
-2
-4
-6
-7
-5
-3
3
6
9
14
16
20
18
15
13
8
5
5
5
9
14
8
7
6
4
5
-1
-5
-8
-15
-17
-16
-13
-11
-6
-3
-1
6
11
16
23
28
34
35
35
37
37
34
33
31
26
21
17
14
13
13
10
10
10
9
11
8
3
1
-1
-5
-6
-7
-8
-6
-4
0
5
8
9
10
11
13
15
14
14
15
12
9
8
7
7
8
10
10
12
11
7
5
2
1
1
-5
-12
-16
-21
-22
-24
-26
-25
-25
-25
-24
-20
-17
-15
-14
-13
-14
-17
-21
-28
-34
-37
-36
-33
-27
-19
-11
-1
4
6
12
10
8
10
6
4
4
1
2
7
10
9
11
6
-2
-8
-14
-17
-19
-23
-26
-29
-28
-25
-19
-16
-10
-4
0
5
5
8
11
8
8
8
4
5
6
5
11
16
19
19
19
17
13
8
4
1
-2
-6
-4
-4
-1
4
5
6
7
5
2
1
-2
-5
-6
-10
-10
-8
-11
-8
-6
-4
2
5
7
11
14
14
17
18
15
16
18
15
12
10
6
5
7
8
10
13
12
9
7
3
1
-2
-6
-9
-10
-15
-18
-21
-21
-24
-24
-19
-21
-19
-19
-17
-15
-11
-9
-9
-4
-1
-1
4
5
6
6
6
3
0
-3
-6
-9
-10
-10
-10
-12
-12
-10
-8
-6
-4
-3
-4
-5
-5
-4
-5
-4
-2
-4
-6
-2
-4
-10
-8
-8
-7
-5
-5
-6
-6
-8
-7
-6
-5
-1
2
1
3
6
6
5
4
8
6
4
5
3
7
11
13
12
12
13
11
9
7
5
5
3
2
4
2
1
4
-1
-4
-2
-3
0
3
9
7
5
9
9
12
16
14
13
13
12
12
13
16
18
18
17
15
18
19
18
18
18
14
13
11
8
5
4
5
5
5
5
4
6
5
2
1
-4
-5
-6
-8
-10
-10
-9
-8
-11
-12
-9
-9
-8
-9
-11
-8
-7
-6
-4
-1
1
3
5
7
8
9
7
7
7
4
4
4
2
0
0
-3
-3
-2
-1
0
2
6
7
4
-1
-4
-7
-10
-12
-17
-19
-18
-18
-17
-17
-17
-15
-15
-13
-13
-11
-9
-6
-2
-1
3
7
6
5
7
12
12
15
19
19
19
19
17
14
11
8
6
6
9
7
6
8
7
7
3
0
-1
-3
-4
-2
-1
-1
0
3
3
4
5
6
6
6
4
2
3
6
9
7
9
11
11
12
8
9
12
12
10
5
-1
-3
-8
-12
-13
-17
-14
-11
-10
-8
-8
-8
-8
-12
-14
-14
-15
-17
-16
-20
-23
-21
-20
-18
-16
-15
-15
-11
-9
-11
-10
-8
-8
-8
-7
-8
-4
0
-1
3
5
1
1
-2
-6
-9
-10
-11
-14
-14
-15
-15
-9
-7
-7
-7
-8
-9
-7
-5
-7
-5
-2
-6
-5
-3
-3
-3
0
-1
-1
0
-1
-2
2
3
3
3
4
7
8
10
12
13
14
14
12
13
15
11
9
8
8
8
8
8
9
11
10
5
6
7
6
9
12
11
15
14
12
13
14
15
14
13
10
10
10
10
11
11
12
11
8
11
10
7
6
5
4
2
-3
-5
-7
-11
-11
-12
-11
-9
-11
-13
-14
-15
-13
-15
-15
-15
-12
-7
-5
-4
-5
-4
-7
-8
-6
-7
-7
-6
-6
-5
-5
-6
-6
-6
-5
-5
-6
-7
-6
-4
-5
-3
-5
-4
-4
-7
-6
-6
-8
-9
-7
-4
-4
-3
-5
-2
-2
-4
-6
-7
-8
-6
-5
-4
-4
-4
-3
-4
-4
-2
-1
-3
-4
-7
-8
-10
-10
-10
-10
-9
-10
-9
-6
-7
-6
-5
-5
0
1
1
1
2
4
5
3
5
6
7
9
9
9
8
11
14
17
19
22
21
18
18
15
13
15
15
16
15
14
10
11
12
9
8
8
5
3
5
3
2
2
-1
-2
-3
-3
-3
-5
-5
-3
-7
-7
-5
-6
-7
-7
-8
-9
-10
-11
-12
-11
-9
-10
-9
-12
-12
-11
-12
-9
-8
-10
-11
-11
-10
-9
-9
-10
-8
-9
-10
-12
-14
-13
-13
-13
-11
-8
-4
-3
0
0
1
3
3
5
4
5
5
4
7
8
6
7
7
6
5
3
1
0
-1
-4
-4
-4
-2
-2
-2
-1
-2
-3
-2
-4
-4
-4
-3
-4
-3
-4
-3
-2
-1
0
1
3
5
7
8
8
9
11
12
13
11
12
12
12
13
12
15
15
16
16
16
14
13
13
12
11
12
13
12
12
15
15
13
10
9
7
5
5
4
2
3
3
4
6
5
4
2
1
-1
-3
-4
-6
-9
-8
-9
-8
-7
-8
-8
-9
-9
-9
-12
-13
-14
-14
-13
-15
-13
-14
-15
-14
-17
-19
-14
-16
-15
-14
-10
-7
-5
-2
0
2
2
-1
0
-2
-2
2
2
0
1
2
5
4
3
2
1
1
1
-1
2
2
1
4
2
3
3
2
2
0
-2
-6
-5
-2
-3
-4
0
1
0
0
-3
-4
-3
-6
-8
-4
-6
-4
0
1
4
4
6
7
7
7
10
9
10
11
9
13
11
12
15
13
11
9
6
7
7
5
3
4
3
0
-1
-1
-2
-2
-1
-2
0
-2
-2
-2
-2
-6
-7
-7
-6
-6
-3
-1
0
-1
1
4
3
1
0
-1
-3
-2
-4
-6
-3
-1
-3
-1
-3
-3
-3
-6
-4
-5
-7
-6
-5
-3
-5
-5
-5
-4
-4
-4
-4
-4
-3
-4
-3
-3
-4
-4
-4
-4
-3
-2
0
0
2
0
2
2
1
-1
0
0
-2
-4
-3
-2
-3
-4
-4
-5
-6
-6
-6
-6
-8
-10
-9
-9
-8
-9
-6
-6
-5
-3
-2
0
0
-2
0
1
0
2
2
5
6
5
6
7
6
7
6
4
5
4
5
6
3
5
5
4
6
4
5
6
8
9
10
7
7
5
5
6
6
7
8
8
8
5
5
4
4
3
2
3
3
2
2
0
1
0
1
1
2
1
1
1
2
-2
-3
0
-2
-2
-1
-2
-1
-2
-1
-2
0
2
0
0
2
1
0
0
-1
1
2
3
4
3
3
3
1
0
-3
-2
-3
-5
-5
-4
-3
-5
-7
-7
-5
-6
-6
-7
-8
-10
-10
-8
-8
-10
-10
-9
-8
-7
-7
-7
-5
-3
-4
-3
-1
1
-2
-2
1
-1
-1
2
4
3
5
5
4
5
5
4
6
5
6
9
8
8
9
9
9
10
10
9
10
13
11
9
11
13
13
11
10
11
9
9
10
7
9
8
8
12
13
14
12
9
11
11
10
9
6
6
6
4
3
0
0
2
0
-1
-3
-2
-2
-5
-4
-4
-4
-4
-6
-5
-6
-8
-5
-4
-5
-6
-4
-3
-3
-4
-5
-4
-2
-4
-6
-5
-6
-9
-11
-11
-11
-10
-11
-8
-9
-11
-10
-13
-12
-14
-14
-12
-12
-16
-15
-13
-13
-15
-14
-12
-12
-14
-16
-14
-12
-14
-15
-12
-10
-8
-7
-8
-7
-7
-7
-5
-5
-4
-5
-6
-2
-2
0
-1
-2
-2
0
-1
-2
0
0
0
0
-2
-1
0
0
0
1
0
3
5
7
7
6
5
5
7
9
9
9
10
13
14
16
16
18
20
19
18
17
17
18
15
14
13
14
16
20
20
18
18
18
19
16
15
14
15
13
10
11
11
8
7
10
8
5
5
3
3
3
1
2
2
2
0
-2
0
-1
1
-1
-2
-2
-1
0
1
0
1
1
0
-1
-1
-3
-4
-3
-6
-5
-5
-7
-5
-4
-4
-3
-4
-3
-6
-4
-4
-6
-4
-4
-3
-2
-1
-3
-4
-2
-3
-3
-2
-3
-4
-4
-4
-4
-5
-3
-1
-2
-4
-3
-4
-6
-4
-3
-5
-6
-1
-1
-1
1
0
0
1
-1
-2
-4
-5
-2
-1
-1
-1
-1
-3
-1
3
2
4
5
6
6
6
7
7
6
6
7
7
8
7
9
9
6
6
6
4
4
4
4
3
3
3
2
2
2
1
4
3
3
4
4
2
2
1
0
2
4
6
6
4
3
4
0
-2
1
-1
0
0
-2
-1
-1
-1
-1
-3
-4
-5
-7
-8
-6
-4
-5
-6
-6
-7
-5
-5
-7
-5
-7
-10
-9
-9
-8
-8
-10
-9
-10
-8
-7
-8
-11
-9
-9
-8
-8
-7
-7
-8
-7
-7
-7
-8
-7
-6
-6
-6
-6
-6
-6
-4
-1
0
-2
-2
-2
-2
-2
-3
-5
-5
-6
-5
-7
-7
-4
-3
-1
0
2
1
1
3
3
4
6
5
3
6
3
4
6
4
4
5
5
7
4
3
4
4
2
1
1
4
5
7
9
10
7
6
6
7
6
7
8
7
7
7
8
7
6
6
7
5
4
5
7
9
7
9
10
9
7
5
4
2
3
2
1
0
-2
-2
-3
-6
-5
-6
-8
-8
-9
-10
-11
-11
-11
-9
-11
-10
-9
-9
-7
-8
-8
-7
-7
-6
-4
-3
-4
-5
-5
-8
-6
-5
-6
-4
-3
-5
-6
-6
-4
-3
-4
-5
-5
-5
-4
-4
-5
-4
-4
-7
-6
-6
-5
-5
-7
-8
-6
-3
-5
-5
-3
-3
-3
-5
-6
-5
-6
-7
-6
-7
-4
-2
-2
0
1
2
5
2
2
6
5
3
3
4
3
5
5
4
7
6
6
5
5
7
7
6
7
6
6
9
10
11
8
10
