-18
-16
-16
-19
-18
-18
-19
-16
-13
-13
-12
-12
-14
-15
-13
-15
-13
-12
-12
-9
-8
-8
-7
-5
-3
-2
0
0
2
2
3
1
2
7
5
6
6
6
9
7
9
9
9
8
7
7
8
8
8
6
10
11
11
10
10
10
11
11
12
14
10
9
6
5
6
5
3
5
6
9
7
7
5
3
5
4
3
4
4
5
6
7
8
9
8
10
9
8
8
7
5
5
5
5
8
7
7
7
8
7
5
5
3
4
4
2
1
2
0
-2
-1
-1
0
0
-2
-2
-3
-3
-2
-4
-8
-10
-7
-9
-8
-5
-4
-3
-4
-5
-2
-5
-6
-4
-1
-1
-3
-2
-1
-1
1
0
2
3
2
3
4
3
1
0
0
-1
-1
1
0
0
0
2
2
1
0
0
1
0
0
0
-1
1
0
0
2
-1
2
1
-2
-1
-2
-4
-5
-3
-6
-7
-6
-6
-5
-6
-7
-8
-8
-9
-9
-10
-11
-7
-7
-8
-5
-4
-4
-3
-2
-2
-2
-2
-3
-2
-3
-3
-2
0
1
1
3
4
4
4
5
5
5
4
5
5
4
2
0
1
1
2
3
4
3
2
2
1
-1
-2
0
2
1
-1
0
1
2
2
3
1
1
3
3
3
4
2
1
0
3
4
3
1
-1
0
-3
-7
-6
-5
-7
-4
-5
-6
-3
-2
-3
-3
-2
0
-2
-2
0
-1
-2
-2
1
1
-2
-1
2
3
3
3
3
2
0
1
0
-1
1
2
3
0
1
2
1
2
3
1
1
0
-1
1
2
1
2
3
4
5
4
3
1
1
2
2
4
2
0
1
2
4
3
3
5
3
2
3
4
1
0
1
-2
-2
-3
-2
0
-3
-3
0
-1
-1
-4
-3
-4
-4
-4
-3
-2
-2
-3
-2
-2
-2
-1
-1
-1
0
3
4
4
1
-1
1
2
2
5
4
5
4
3
3
4
5
4
4
6
5
4
5
4
6
7
6
6
5
5
5
3
1
0
1
3
2
3
4
4
3
1
0
1
-1
-3
-4
-6
-6
-5
-7
-8
-8
-5
-4
-5
-4
-4
-5
-5
-6
-3
-4
-9
-6
-4
-3
-2
-4
-4
-4
-2
-1
-1
-1
-1
0
-2
-1
1
1
3
4
3
4
6
6
3
2
1
1
2
0
0
1
0
3
4
4
4
1
0
1
-2
-2
-3
-4
-2
0
0
0
-1
1
1
0
-1
-2
-2
-4
-4
-3
-6
-7
-6
-3
-3
-5
-5
-8
-10
-9
-11
-12
-10
-10
-10
-10
-9
-7
-9
-6
-6
-7
-7
-7
-5
-3
-4
-1
0
2
2
1
2
0
2
1
2
3
2
2
1
0
2
3
2
1
1
3
1
0
-3
-4
-4
-4
-4
-3
-2
-2
-2
-2
-2
-2
-2
-4
-4
-2
-4
-2
-1
-3
0
0
-1
0
-1
1
2
1
2
4
5
7
7
7
8
11
11
13
14
13
14
12
14
16
15
15
18
20
19
19
18
17
18
20
20
21
19
16
15
16
17
15
12
12
9
6
3
3
3
2
1
-2
0
-2
-2
0
-3
-5
-6
-7
-6
-7
-5
-5
-7
-5
-6
-7
-6
-7
-5
-7
-9
-7
-8
-9
-8
-8
-8
-6
-5
-2
-2
-4
0
0
-1
-1
-3
-1
0
1
1
0
0
3
1
1
1
1
-1
-4
-3
-6
-8
-6
-5
-4
-5
-5
-5
-5
-5
-7
-6
-5
-6
-9
-8
-9
-9
-9
-10
-9
-5
-5
-6
-7
-7
-8
-9
-9
-7
-7
-6
-4
-3
-5
-6
-4
-4
-4
-1
-3
-3
1
2
5
6
4
6
7
8
9
10
11
11
11
10
12
11
11
10
9
9
11
12
10
13
10
9
8
7
4
4
3
2
6
6
7
6
4
7
4
4
3
0
1
-1
-1
0
-2
2
3
3
4
5
5
6
3
2
2
0
5
5
3
4
4
7
7
3
3
1
0
1
-2
-2
0
1
2
5
6
5
6
6
4
4
0
-1
-1
-2
-4
-4
-4
-5
-5
-5
-6
-4
-8
-8
-9
-11
-9
-10
-12
-11
-11
-9
-7
-7
-8
-6
-6
-8
-9
-8
-11
-10
-9
-10
-8
-6
-7
-4
-5
-6
-5
-9
-8
-8
-9
-6
-8
-7
-5
-5
-3
-4
-4
-4
-4
-5
-5
-3
-4
-4
-2
-2
2
3
2
2
3
3
2
4
5
4
5
5
5
7
5
7
8
7
8
8
9
11
13
13
13
14
11
10
13
11
12
10
9
7
3
2
0
-2
-1
0
-2
-2
-2
-3
-4
-6
-5
-7
-8
-8
-10
-8
-7
-7
-5
-4
-3
-4
-6
-7
-6
-4
-3
-2
-2
-4
-3
-1
0
2
4
3
3
5
6
4
1
-1
0
-1
-3
0
1
0
4
3
1
0
-2
-4
-2
-3
-5
-4
-4
-4
-3
-3
-5
-2
0
1
1
1
0
1
2
2
4
5
4
4
5
4
2
5
7
9
8
6
5
5
5
4
3
3
2
3
2
2
3
2
1
4
3
4
5
5
7
5
5
5
2
2
1
1
2
2
4
2
1
2
2
0
-1
1
0
-1
-2
-3
-4
-6
-5
-5
-8
-9
-9
-10
-10
-13
-14
-13
-13
-14
-12
-11
-10
-10
-11
-9
-10
-8
-7
-5
-5
-6
-3
-3
0
1
1
3
3
4
8
7
8
5
4
5
4
5
5
9
11
12
12
11
12
11
11
13
10
9
8
8
8
8
10
7
5
6
4
3
3
3
1
-2
-3
-6
-5
-3
-4
-5
-5
-6
-6
-6
-8
-9
-8
-7
-7
-6
-6
-5
-6
-7
-8
-7
-6
-4
-1
-2
-2
2
0
1
0
0
1
3
2
1
2
2
4
4
4
4
4
3
4
5
4
0
0
-2
-6
-4
-5
-5
-3
-5
-6
-7
-6
-8
-9
-7
-7
-3
-5
-4
-3
-5
-5
-3
-4
-4
-4
-1
0
-1
-3
-4
-4
-2
-1
-2
-1
1
-2
-3
-3
-4
-2
-1
-1
1
0
0
3
2
0
1
1
0
3
7
7
9
8
8
7
5
5
7
6
9
11
9
8
8
6
3
3
4
2
1
1
2
-1
-3
-5
-6
-4
-6
-4
-4
-2
0
-1
-5
-5
-8
-5
-2
-2
-1
0
1
2
5
6
3
5
4
4
6
6
5
5
7
9
8
6
5
7
8
5
4
2
-1
-1
-1
-2
-2
-1
-2
-1
-1
-3
-3
-2
0
-1
-1
-4
-4
1
2
0
0
-1
0
0
-1
1
0
0
-2
0
1
-2
0
1
1
2
2
4
2
0
-2
-3
0
0
-1
1
1
0
-1
-1
-4
-2
-1
-2
1
1
-1
-2
-2
-1
-4
-5
-5
-4
-2
-3
-5
-5
-5
-5
-5
-7
-10
-8
-9
-7
-5
-5
-5
-4
-3
-3
0
1
-1
-2
-1
0
1
3
0
3
3
3
6
3
5
5
4
6
7
5
4
3
2
1
0
0
-1
-2
-2
-3
-5
-4
-5
-6
-5
-6
-4
-4
-4
-2
-4
-3
-3
-1
0
-3
-2
-1
0
1
1
3
2
3
3
1
1
-1
-1
-2
-2
-2
-1
0
0
0
1
2
1
1
4
0
-1
-1
-1
1
1
-1
-2
0
1
3
2
3
4
4
5
4
3
5
4
4
6
6
5
5
4
4
4
4
2
1
-1
-3
-5
-4
-1
-2
-2
-3
-4
-4
-2
-4
-7
-5
-6
-7
-4
-4
-2
-3
-2
-1
-1
0
0
-1
0
-2
-1
2
3
3
4
3
4
4
5
6
3
4
0
2
4
1
0
-1
-1
-2
-1
-1
-2
-3
-2
-1
2
2
0
0
0
2
2
2
3
4
3
2
4
4
5
3
0
0
-1
0
0
1
1
0
-1
-3
-3
-3
-3
-2
-2
-1
-1
0
2
1
0
0
1
0
0
0
2
2
3
5
5
3
5
4
6
6
6
5
2
3
4
3
3
5
1
0
0
-2
-3
-7
-7
-8
-8
-9
-9
-11
-14
-14
-16
-15
-14
-12
-8
-8
-6
-6
-6
-6
-5
-5
-4
-2
-1
3
5
6
6
6
6
8
10
11
11
13
16
16
17
15
14
14
14
17
15
14
11
8
10
8
7
9
7
5
6
5
2
2
2
1
-1
-3
-4
-7
-7
-9
-12
-12
-15
-17
-19
-21
-19
-23
-28
-29
-27
-28
-30
-28
-27
-26
-24
-23
-28
-26
-24
-24
-22
-21
-18
-12
-11
-9
-5
-3
1
3
6
7
7
13
16
19
22
26
29
30
34
36
37
37
36
36
35
36
34
33
33
31
28
26
25
22
22
20
16
15
9
4
2
0
-3
-8
-11
-12
-17
-18
-21
-24
-26
-29
-33
-35
-35
-36
-34
-34
-38
-37
-36
-35
-35
-33
-34
-33
-30
-28
-24
-20
-15
-11
-12
-9
-2
1
4
10
13
16
21
25
28
31
34
38
39
43
47
51
52
53
55
54
54
53
50
48
45
42
40
37
32
28
25
22
16
11
5
0
-6
-11
-18
-23
-27
-33
-37
-41
-45
-49
-54
-57
-59
-63
-64
-64
-64
-68
-67
-66
-65
-63
-59
-55
-52
-48
-43
-40
-35
-27
-21
-14
-5
3
10
18
27
37
47
54
61
70
77
84
91
97
105
111
114
118
120
117
117
116
113
110
106
97
92
87
76
67
57
47
35
23
12
-2
-16
-30
-44
-58
-72
-85
-102
-117
-126
-139
-147
-151
-160
-167
-172
-177
-180
-186
-191
-190
-188
-184
-178
-173
-162
-150
-140
-127
-110
-97
-80
-62
-45
-24
-5
17
39
61
84
99
122
144
162
184
201
217
235
248
260
268
274
280
283
282
281
277
268
259
249
236
217
196
173
149
123
96
70
42
14
-17
-49
-81
-112
-143
-175
-206
-233
-259
-283
-303
-319
-335
-349
-358
-366
-370
-372
-372
-368
-360
-348
-334
-316
-298
-277
-256
-231
-203
-176
-143
-109
-77
-41
-5
33
71
108
144
179
217
252
289
325
358
388
414
441
459
472
483
487
485
484
479
467
450
428
403
375
341
302
262
217
171
129
83
35
-7
-50
-95
-137
-178
-219
-257
-293
-326
-357
-387
-415
-436
-455
-475
-490
-502
-511
-514
-516
-514
-504
-493
-480
-461
-440
-419
-395
-367
-336
-303
-266
-227
-187
-144
-102
-58
-8
40
87
136
182
233
284
335
382
428
471
511
549
581
604
625
642
649
653
652
645
633
610
585
556
518
477
434
386
337
287
237
186
134
81
29
-21
-69
-116
-161
-204
-244
-284
-322
-357
-391
-421
-451
-481
-504
-527
-546
-558
-572
-585
-592
-597
-595
-592
-589
-580
-567
-553
-532
-509
-483
-453
-418
-381
-344
-302
-259
-211
-161
-112
-60
-5
50
109
167
223
280
337
392
448
499
549
595
636
672
704
731
750
760
765
764
755
739
719
691
656
620
574
525
471
413
358
300
238
180
124
68
15
-37
-89
-137
-180
-221
-263
-301
-336
-369
-400
-432
-460
-490
-517
-541
-563
-583
-601
-615
-628
-636
-640
-647
-645
-640
-633
-623
-607
-586
-563
-540
-509
-476
-440
-399
-357
-313
-264
-211
-154
-97
-39
23
87
150
213
277
340
401
462
521
576
630
677
719
759
789
811
828
838
841
833
819
796
769
734
690
641
590
533
474
412
348
285
224
163
104
44
-13
-68
-118
-168
-215
-258
-300
-336
-369
-399
-430
-458
-482
-506
-527
-548
-566
-582
-595
-605
-615
-622
-624
-625
-625
-622
-616
-606
-594
-578
-559
-536
-510
-477
-444
-409
-366
-323
-282
-234
-181
-130
-73
-14
44
100
159
221
279
334
389
446
498
547
593
637
675
711
741
762
779
786
792
789
776
761
742
716
683
643
598
550
497
440
381
319
260
199
140
85
28
-27
-81
-129
-175
-223
-264
-302
-339
-371
-402
-429
-452
-475
-494
-516
-532
-546
-562
-575
-586
-595
-599
-606
-608
-608
-605
-599
-592
-581
-568
-549
-527
-501
-473
-440
-404
-363
-321
-278
-229
-181
-129
-74
-21
32
88
144
198
250
303
355
405
458
506
550
594
634
669
702
731
750
765
776
778
772
762
746
725
695
659
619
575
523
469
409
348
288
226
165
101
44
-14
-69
-121
-169
-212
-254
-291
-326
-358
-387
-411
-436
-458
-477
-495
-512
-530
-543
-554
-565
-575
-580
-585
-585
-583
-583
-577
-570
-559
-541
-525
-504
-481
-452
-422
-388
-349
-312
-270
-223
-180
-133
-85
-39
8
57
106
151
198
244
290
335
378
420
460
501
540
574
603
632
656
675
689
698
701
699
693
682
664
640
612
578
539
497
449
397
347
295
243
191
136
85
35
-14
-59
-104
-143
-183
-217
-247
-276
-305
-332
-356
-378
-399
-420
-438
-455
-466
-477
-487
-496
-502
-508
-512
-513
-512
-509
-503
-497
-485
-469
-455
-437
-416
-393
-366
-339
-310
-276
-241
-209
-173
-137
-101
-63
-26
9
47
84
119
158
194
228
263
298
328
360
389
419
446
469
490
508
522
533
541
543
539
535
525
509
491
471
449
420
388
354
318
279
239
196
155
113
75
37
-1
-37
-71
-104
-135
-164
-191
-217
-244
-266
-285
-304
-323
-339
-352
-367
-379
-389
-400
-408
-412
-413
-412
-409
-409
-402
-395
-390
-379
-368
-354
-338
-319
-299
-277
-252
-227
-204
-176
-150
-124
-97
-67
-39
-12
16
44
72
103
133
161
189
217
243
270
297
322
347
370
392
411
427
440
452
462
467
470
469
467
461
453
442
428
407
382
357
329
298
265
230
192
155
120
82
44
9
-26
-60
-95
-126
-156
-185
-212
-234
-260
-284
-304
-323
-342
-358
-372
-384
-395
-402
-409
-412
-413
-414
-413
-408
-404
-395
-384
-372
-354
-337
-318
-297
-274
-251
-225
-199
-175
-146
-118
-91
-61
-33
-6
20
48
75
103
129
153
177
200
225
244
263
284
300
316
334
347
359
371
380
385
391
393
395
393
391
389
381
369
356
342
326
306
285
261
235
208
179
146
116
85
55
21
-12
-41
-72
-103
-133
-164
-192
-221
-248
-272
-297
-319
-340
-358
-375
-387
-395
-401
-407
-409
-407
-404
-400
-391
-378
-366
-350
-330
-313
-290
-266
-243
-217
-190
-164
-136
-108
-82
-57
-34
-11
14
37
58
80
101
121
140
159
175
191
205
217
231
245
255
266
275
285
292
298
306
311
314
318
319
318
315
312
308
300
290
278
265
250
230
212
192
168
142
116
89
60
31
4
-23
-49
-74
-101
-126
-150
-175
-196
-217
-234
-250
-265
-276
-286
-294
-297
-296
-296
-293
-288
-280
-268
-256
-242
-229
-212
-198
-180
-163
-146
-126
-109
-92
-73
-55
-41
-23
-3
10
21
32
43
54
64
73
81
90
100
110
118
125
134
141
149
156
161
166
173
176
179
179
179
178
174
171
167
159
150
139
128
119
111
101
93
84
74
58
40
19
-5
-22
-39
-56
-75
-89
-105
-124
-139
-154
-167
-178
-186
-189
-194
-195
-199
-205
-209
-211
-216
-214
-210
-201
-185
-167
-148
-129
-115
-103
-90
-81
-72
-62
-52
-42
-28
-19
-9
0
8
19
30
41
47
55
66
75
82
83
85
91
93
98
105
108
114
122
133
139
143
150
154
158
162
163
162
155
150
146
142
141
137
133
124
112
99
88
76
72
64
53
46
35
25
13
-2
-15
-28
-39
-54
-74
-90
-103
-110
-114
-115
-120
-123
-127
-128
-126
-126
-128
-131
-132
-120
-102
-82
-68
-59
-53
-49
-46
-37
-24
-8
11
25
22
-11
-76
-161
-238
-276
-268
-225
-166
-122
-107
-118
-148
-182
-213
-224
-211
-166
-96
-13
62
109
115
95
75
78
105
151
202
244
271
273
240
178
100
33
4
13
41
61
55
21
-22
-60
-81
-82
-74
-63
-51
-36
-37
-55
-75
-87
-84
-64
-35
-9
4
4
-6
-13
-18
-20
-15
-9
1
20
42
56
63
60
56
56
60
68
69
70
74
76
82
80
72
69
72
84
96
92
66
36
21
36
78
123
160
182
206
238
278
322
352
362
367
381
398
404
398
381
358
346
342
332
305
260
212
164
123
84
44
3
-45
-86
-115
-136
-157
-190
-221
-249
-279
-294
-301
-313
-325
-341
-351
-359
-373
-381
-394
-414
-418
-403
-376
-348
-330
-307
-271
-229
-181
-135
-100
-62
-21
34
93
148
201
249
297
337
370
399
417
430
447
459
468
475
482
492
500
512
519
526
526
515
508
503
492
479
461
441
413
383
359
323
274
214
142
61
-26
-115
-203
-291
-378
-467
-559
-652
-741
-821
-892
-953
-1005
-1040
-1065
-1079
-1078
-1060
-1027
-984
-928
-856
-767
-669
-565
-462
-370
-282
-187
-91
-1
82
149
199
250
315
386
451
508
547
584
623
662
707
742
773
809
850
888
909
921
938
966
1006
1030
1012
949
861
770
684
594
492
374
245
115
-17
-151
-272
-377
-474
-572
-672
-768
-851
-906
-934
-946
-954
-962
-975
-979
-962
-925
-867
-805
-755
-719
-691
-656
-616
-571
-537
-519
-513
-510
-509
-503
-484
-458
-429
-396
-367
-342
-319
-284
-226
-152
-67
18
100
186
283
392
520
652
779
898
1016
1140
1281
1443
1602
1725
1783
1758
1676
1582
1489
1399
1300
1173
991
763
519
274
48
-149
-328
-515
-719
-927
-1119
-1274
-1369
-1408
-1406
-1375
-1343
-1306
-1246
-1151
-1018
-861
-710
-588
-491
-403
-316
-231
-151
-89
-61
-70
-110
-173
-237
-288
-340
-401
-481
-580
-685
-777
-842
-869
-859
-828
-796
-760
-706
-618
-493
-337
-163
17
205
398
597
810
1041
1284
1539
1792
2028
2232
2369
2411
2370
2289
2192
2071
1928
1753
1528
1251
933
595
261
-44
-322
-593
-873
-1163
-1437
-1667
-1835
-1941
-1981
-1964
-1911
-1835
-1725
-1568
-1365
-1125
-867
-621
-405
-217
-51
95
219
320
387
413
398
344
264
176
78
-44
-193
-374
-565
-746
-910
-1039
-1133
-1190
-1217
-1230
-1216
-1160
-1057
-904
-718
-516
-300
-69
182
451
725
1008
1301
1595
1886
2171
2455
2719
2892
2918
2833
2697
2537
2362
2169
1949
1669
1317
904
459
37
-314
-613
-904
-1214
-1530
-1812
-2030
-2166
-2215
-2184
-2083
-1953
-1820
-1659
-1442
-1157
-823
-496
-205
52
273
453
599
716
803
839
807
698
534
356
195
35
-150
-363
-595
-831
-1053
-1255
-1413
-1508
-1550
-1561
-1552
-1513
-1416
-1246
-1030
-791
-541
-280
-1
285
577
881
1200
1525
1835
2120
2396
2686
2963
3138
3140
2996
2785
2553
2305
2046
1774
1462
1078
618
116
-357
-740
-1042
-1324
-1623
-1916
-2168
-2349
-2450
-2460
-2366
-2189
-1976
-1772
-1562
-1293
-948
-551
-164
168
449
689
871
988
1059
1103
1116
1054
892
658
405
168
-64
-318
-593
-865
-1117
-1354
-1572
-1749
-1847
-1865
-1842
-1804
-1732
-1595
-1382
-1114
-830
-541
-236
82
405
719
1027
1350
1676
1977
2242
2499
2779
3073
3313
3385
3254
3004
2720
2417
2101
1796
1499
1136
666
110
-447
-902
-1228
-1485
-1744
-2011
-2246
-2421
-2532
-2559
-2457
-2224
-1921
-1637
-1395
-1136
-800
-396
29
417
744
1015
1208
1300
1311
1291
1256
1169
970
667
325
-3
-297
-592
-900
-1192
-1454
-1686
-1905
-2089
-2190
-2179
-2086
-1969
-1843
-1675
-1439
-1138
-809
-474
-128
230
575
890
1175
1459
1759
2051
2296
2499
2700
2931
3173
3318
3250
2989
2647
2289
1910
1527
1188
872
493
-5
-574
-1096
-1462
-1679
-1848
-2020
-2183
-2298
-2361
-2376
-2307
-2096
-1745
-1354
-1028
-760
-467
-104
298
683
1006
1278
1481
1574
1537
1399
1247
1101
913
631
252
-147
-511
-838
-1153
-1451
-1695
-1880
-2031
-2172
-2275
-2283
-2168
-1973
-1762
-1551
-1311
-1017
-679
-337
-15
307
631
932
1181
1383
1580
1805
2035
2227
2373
2526
2741
2987
3138
3051
2744
2364
1992
1603
1210
890
623
291
-176
-736
-1249
-1576
-1735
-1842
-1966
-2080
-2139
-2167
-2181
-2120
-1903
-1518
-1090
-746
-489
-227
92
444
774
1056
1291
1464
1522
1423
1209
988
795
576
274
-102
-488
-846
-1172
-1476
-1742
-1927
-2026
-2087
-2141
-2177
-2138
-1983
-1741
-1480
-1224
-946
-627
-294
23
313
596
887
1163
1393
1564
1721
1892
2064
2210
2330
2472
2691
2945
3089
2985
2646
2235
1841
1442
1058
749
498
188
-275
-842
-1352
-1668
-1812
-1895
-1985
-2063
-2104
-2125
-2127
-2050
-1812
-1406
-953
-587
-317
-48
265
598
901
1155
1367
1513
1536
1405
1171
925
698
451
130
-256
-663
-1044
-1385
-1687
-1932
-2091
-2163
-2195
-2210
-2201
-2134
-1962
-1697
-1399
-1101
-808
-506
-204
86
354
606
861
1112
1324
1478
1596
1711
1842
1978
2113
2268
2486
2761
2963
2924
2612
2188
1802
1436
1068
770
546
285
-120
-660
-1191
-1543
-1688
-1736
-1790
-1852
-1891
-1908
-1914
-1871
-1680
-1303
-838
-431
-145
94
356
633
908
1152
1352
1493
1537
1429
1181
877
588
318
5
-365
-763
-1152
-1503
-1807
-2050
-2202
-2248
-2220
-2162
-2097
-2017
-1859
-1602
-1284
-963
-661
-367
-84
176
395
595
804
1025
1231
1388
1488
1563
1649
1755
1870
2010
2210
2502
2796
2902
2696
2285
1872
1497
1127
797
553
346
37
-452
-1034
-1493
-1714
-1768
-1780
-1804
-1810
-1794
-1800
-1800
-1700
-1410
-954
-480
-120
133
357
588
805
999
1175
1336
1434
1385
1156
825
494
195
-106
-433
-780
-1125
-1454
-1751
-1997
-2152
-2189
-2135
-2029
-1911
-1797
-1659
-1458
-1176
-847
-516
-214
47
267
447
598
743
898
1072
1243
1373
1441
1474
1528
1628
1765
1952
2220
2557
2831
2848
2561
2131
1725
1350
991
699
487
260
-109
-643
-1197
-1596
-1780
-1834
-1856
-1856
-1839
-1836
-1850
-1828
-1681
-1348
-883
-429
-73
202
444
662
844
1006
1169
1316
1378
1290
1055
735
392
38
-327
-687
-1032
-1366
-1672
-1932
-2128
-2231
-2229
-2141
-1998
-1823
-1631
-1425
-1183
-890
-567
-246
29
256
456
637
782
890
996
1114
1235
1322
1365
1403
1473
1581
1719
1922
2231
2615
2900
2870
2512
2039
1616
1243
916
679
506
258
-196
-825
-1436
-1832
-1980
-1964
-1883
-1789
-1724
-1708
-1706
-1616
-1334
-843
-258
250
600
830
988
1094
1181
1268
1344
1337
1176
837
370
-121
-573
-981
-1348
-1671
-1954
-2201
-2395
-2493
-2447
-2254
-1965
-1647
-1330
-1023
-729
-446
-162
117
362
533
605
594
543
482
429
387
365
362
387
448
542
686
905
1210
1599
2093
2695
3294
3649
3556
3053
2405
1791
1267
845
502
143
-357
-1027
-1744
-2293
-2518
-2442
-2189
-1900
-1676
-1540
-1423
-1203
-801
-232
399
937
1298
1476
1501
1437
1362
1309
1217
1004
627
119
-421
-909
-1313
-1647
-1926
-2152
-2315
-2407
-2411
-2289
-2006
-1590
-1144
-762
-453
-179
78
297
449
535
551
477
294
45
-187
-349
-452
-518
-549
-527
-418
-206
99
476
914
1401
1925
2477
3063
3696
4298
4617
4384
3601
2539
1487
594
-128
-740
-1316
-1906
-2519
-3078
-3417
-3372
-2928
-2227
-1496
-921
-529
-185
245
774
1315
1762
2043
2109
1944
1561
1079
644
293
-64
-518
-1051
-1560
-1949
-2181
-2268
-2236
-2097
-1893
-1676
-1447
-1168
-801
-371
31
313
445
461
415
329
203
33
-178
-419
-690
-971
-1195
-1286
-1232
-1080
-889
-677
-419
-81
356
879
1449
2015
2533
2959
3294
3586
3924
4333
4624
4436
3541
2106
565
-710
-1602
-2184
-2551
-2793
-2994
-3175
-3245
-2995
-2282
-1202
-67
793
1253
1428
1525
1651
1785
1847
1770
1495
980
259
-500
-1089
-1416
-1559
-1675
-1829
-1956
-1964
-1811
-1518
-1129
-706
-341
-106
0
48
102
176
221
169
-13
-293
-602
-877
-1085
-1218
-1285
-1317
-1343
-1349
-1290
-1128
-847
-483
-117
200
476
744
1046
1396
1762
2101
2368
2538
2610
2652
2785
3108
3542
3742
3292
2120
639
-646
-1484
-1894
-2030
-2037
-2021
-2063
-2123
-2015
-1530
-649
375
1174
1517
1452
1223
1042
963
909
788
536
115
-446
-1027
-1448
-1591
-1498
-1332
-1240
-1231
-1205
-1064
-796
-460
-142
67
105
-3
-177
-343
-443
-483
-525
-630
-807
-1009
-1153
-1190
-1127
-1018
-911
-826
-751
-665
-535
-336
-91
151
342
471
574
714
920
1175
1431
1649
1813
1925
2019
2175
2493
3016
3583
3806
3308
2093
599
-664
-1444
-1786
-1889
-1906
-1922
-1984
-2019
-1850
-1313
-426
548
1265
1520
1385
1107
876
741
635
460
165
-266
-790
-1291
-1621
-1684
-1520
-1288
-1112
-1011
-901
-700
-419
-119
116
211
140
-73
-341
-543
-617
-611
-618
-716
-891
-1063
-1151
-1127
-1014
-853
-696
-592
-546
-516
-430
-247
7
249
417
505
560
641
783
981
1201
1408
1571
1687
1791
1965
2292
2812
3422
3784
3500
2452
991
-351
-1268
-1731
-1898
-1940
-1957
-1997
-2018
-1872
-1413
-602
372
1163
1511
1415
1090
762
527
366
202
-46
-417
-877
-1327
-1632
-1674
-1455
-1100
-787
-601
-480
-341
-162
35
196
261
177
-47
-337
-584
-709
-724
-699
-703
-772
-872
-937
-930
-848
-722
-586
-482
-434
-419
-388
-296
-125
80
257
368
424
477
571
728
931
1146
1361
1562
1737
1910
2161
2588
3196
3735
3745
2945
1545
71
-1049
-1684
-1935
-1970
-1916
-1860
-1854
-1809
-1515
-839
106
993
1489
1487
1143
717
382
173
26
-166
-455
-843
-1262
-1584
-1676
-1475
-1087
-712
-466
-330
-221
-95
44
161
204
119
-102
-397
-653
-784
-788
-724
-679
-709
-793
-859
-864
-805
-705
-596
-516
-483
-488
-485
-408
-246
-49
119
215
272
348
482
684
933
1198
1439
1646
1831
2020
2271
2665
3237
3786
3861
3112
1680
110
-1100
-1775
-2026
-2048
-1965
-1870
-1817
-1730
-1432
-777
162
1071
1611
1636
1265
764
351
92
-81
-281
-561
-918
-1298
-1584
-1653
-1445
-1045
-637
-352
-199
-107
-35
39
110
133
55
-151
-436
-692
-838
-863
-810
-754
-748
-787
-826
-828
-794
-737
-656
-568
-507
-489
-485
-436
-303
-108
91
249
372
482
604
757
961
1208
1456
1682
1876
2060
2278
2605
3108
3628
3747
3104
1754
186
-1085
-1838
-2133
-2152
-2039
-1883
-1744
-1596
-1291
-686
179
1051
1600
1655
1305
773
294
-22
-223
-414
-666
-981
-1297
-1527
-1560
-1336
-923
-490
-178
-16
51
76
98
140
152
66
-142
-422
-679
-825
-848
-790
-721
-704
-734
-770
-785
-771
-732
-674
-600
-534
-501
-472
-392
-232
-19
177
319
406
467
558
708
925
1168
1371
1515
1631
1774
2008
2403
2968
3534
3702
3085
1721
99
-1227
-1988
-2250
-2223
-2077
-1914
-1778
-1617
-1287
-658
228
1114
1666
1705
1305
702
160
-182
-369
-532
-755
-1039
-1318
-1492
-1463
-1199
-763
-307
25
191
220
173
117
85
47
-66
-275
-515
-703
-781
-763
-704
-647
-620
-615
-623
-632
-632
-627
-607
-573
-536
-496
-438
-326
-158
25
190
303
372
436
519
655
853
1074
1276
1428
1559
1731
1988
2361
2856
3349
3505
2965
1718
175
-1130
-1902
-2167
-2123
-1950
-1755
-1585
-1404
-1095
-543
240
1052
1591
1671
1317
734
183
-193
-414
-588
-806
-1061
-1290
-1422
-1382
-1126
-703
-247
87
221
198
99
10
-33
-64
-162
-362
-610
-807
-883
-837
-706
-575
-515
-534
-603
-663
-677
-645
-586
-525
-481
-460
-429
-345
-180
41
257
429
525
561
572
596
686
845
1041
1243
1426
1600
1792
2060
2480
3014
3379
3171
2222
781
-623
-1593
-2053
-2130
-2000
-1788
-1579
-1399
-1159
-729
-64
722
1358
1600
1396
892
337
-77
-320
-489
-680
-906
-1124
-1277
-1290
-1115
-779
-385
-61
113
132
47
-59
-124
-162
-232
-366
-542
-697
-777
-759
-674
-584
-542
-554
-598
-640
-660
-652
-627
-582
-524
-462
-404
-332
-215
-39
159
336
469
557
633
731
867
1039
1223
1391
1542
1688
1863
2123
2520
2988
3211
2812
1713
263
-1015
-1783
-2026
-1953
-1767
-1554
-1344
-1126
-819
-332
330
1013
1468
1506
1140
557
7
-352
-535
-659
-808
-991
-1144
-1191
-1087
-836
-507
-191
23
96
47
-71
-181
-230
-253
-315
-445
-615
-738
-758
-683
-562
-466
-443
-491
-575
-642
-670
-663
-629
-583
-531
-473
-401
-303
-157
31
225
378
470
521
582
689
846
1024
1194
1337
1447
1561
1734
2041
2510
3006
3186
2704
1545
98
-1128
-1835
-2022
-1895
-1662
-1433
-1238
-1030
-713
-213
450
1115
1533
1517
1087
445
-140
-497
-654
-748
-874
-1032
-1161
-1183
-1046
-763
-406
-82
118
142
17
-165
-298
-347
-355
-406
-533
-688
-790
-773
-652
-495
-376
-337
-384
-486
-585
-632
-637
-621
-581
-535
-481
-399
-269
-84
128
327
484
581
635
683
758
879
1035
1188
1316
1431
1576
1813
2191
2671
3034
2932
2167
901
-428
-1401
-1846
-1872
-1694
-1485
-1311
-1133
-868
-446
147
808
1332
1520
1292
746
116
-372
-637
-750
-823
-928
-1052
-1142
-1117
-936
-635
-298
-33
88
64
-54
-196
-300
-336
-355
-408
-522
-645
-706
-678
-570
-447
-365
-352
-411
-493
-557
-585
-583
-566
-531
-476
-400
-296
-155
16
193
347
465
552
616
671
753
878
1042
1214
1355
1458
1569
1781
2151
2604
2878
2637
1761
486
-745
-1584
-1926
-1896
-1683
-1414
-1163
-930
-654
-266
253
825
1267
1383
1118
579
-18
-478
-728
-839
-901
-962
-1018
-1019
-921
-703
-405
-108
106
184
127
-15
-174
-284
-335
-362
-418
-526
-641
-692
-647
-536
-413
-332
-329
-387
-469
-537
-575
-578
-545
-487
-412
-331
-244
-126
31
195
333
431
503
571
661
784
939
1104
1250
1362
1456
1595
1857
2262
2664
2766
2306
1296
75
-949
-1534
-1702
-1624
-1454
-1282
-1112
-905
-608
-172
374
900
1221
1192
831
304
-179
-491
-637
-706
-779
-872
-954
-957
-836
-598
-303
-55
80
82
-19
-162
-289
-367
-396
-428
-499
-603
-695
-711
-631
-502
-386
-327
-349
-413
-482
-535
-558
-547
-511
-461
-406
-335
-231
-84
89
253
384
492
582
678
791
913
1029
1136
1227
1324
1475
1721
2082
2491
2737
2559
1835
727
-388
-1191
-1564
-1611
-1507
-1363
-1214
-1038
-780
-412
59
562
959
1104
943
543
81
-289
-521
-657
-762
-851
-905
-890
-787
-600
-377
-184
-61
-26
-58
-122
-206
-285
-348
-398
-456
-539
-637
-699
-688
-607
-499
-421
-392
-400
-422
-449
-477
-497
-486
-446
-391
-332
-261
-164
-29
120
255
370
478
597
727
860
987
1095
1196
1285
1378
1525
1772
2120
2469
2581
2249
1455
411
-551
-1200
-1490
-1515
-1410
-1267
-1099
-891
-599
-204
260
717
1020
1056
814
394
-36
-351
-533
-644
-739
-829
-888
-880
-794
-642
-453
-276
-152
-108
-140
-220
-313
-391
-453
-515
-596
-683
-741
-728
-645
-537
-444
-385
-354
-339
-339
-368
-421
-464
-466
-427
-359
-267
-144
3
154
279
372
466
586
744
904
1035
1129
1209
1302
1426
1597
1839
2142
2418
2488
2156
1389
387
-535
-1143
-1398
-1420
-1344
-1248
-1135
-962
-685
-291
173
613
910
968
766
400
18
-269
-430
-531
-640
-758
-844
-841
-739
-573
-395
-247
-155
-137
-185
-267
-354
-401
-406
-404
-431
-505
-585
-611
-561
-468
-390
-354
-351
-354
-361
-386
-424
-460
-462
-425
-362
-288
-201
-87
44
162
253
330
427
561
729
897
1037
1156
1263
1379
1526
1730
2012
2305
2433
2187
1488
504
-456
-1126
-1433
-1482
-1421
-1329
-1198
-993
-695
-303
142
569
884
991
851
517
127
-205
-424
-569
-701
-826
-918
-921
-811
-632
-445
-296
-198
-155
-162
-211
-279
-331
-358
-377
-422
-498
-559
-559
-482
-368
-287
-281
-324
-356
-356
-342
-342
-357
-370
-359
-325
-273
-194
-76
75
231
350
436
519
627
775
941
1086
1190
1266
1340
1460
1649
1911
2180
2293
2074
1450
551
-344
-990
-1310
-1388
-1364
-1321
-1243
-1077
-793
-408
31
457
776
900
791
496
139
-157
-350
-477
-601
-738
-851
-889
-817
-662
-490
-352
-273
-253
-284
-345
-393
-394
-352
-305
-312
-399
-511
-575
-548
-458
-371
-343
-367
-406
-426
-417
-397
-373
-335
-288
-243
-207
-159
-80
42
187
320
421
508
612
754
921
1079
1206
1301
1387
1518
1732
2008
2241
2243
1869
1138
239
-560
-1062
-1262
-1268
-1209
-1156
-1088
-932
-644
-243
203
595
830
845
651
343
50
-142
-245
-327
-454
-631
-785
-836
-759
-597
-424
-306
-271
-294
-349
-403
-418
-385
-325
-289
-322
-424
-533
-584
-549
-451
-368
-343
-363
-407
-436
-431
-405
-370
-338
-316
-300
-265
-199
-92
45
183
296
393
501
627
773
928
1070
1198
1326
1480
1680
1931
2186
2316
2150
1598
763
-99
-757
-1108
-1213
-1215
-1209
-1187
-1083
-830
-415
86
545
858
953
827
557
261
32
-108
-219
-373
-578
-770
-871
-828
-674
-485
-339
-286
-317
-385
-435
-435
-380
-307
-276
-318
-424
-535
-590
-570
-508
-448
-418
-426
-449
-462
-458
-434
-399
-365
-335
-309
-272
-196
-69
84
224
334
423
506
611
734
864
1003
1140
1275
1432
1641
1905
2167
2291
2115
1578
780
-51
-685
-1032
-1150
-1148
-1124
-1097
-1028
-857
-539
-99
366
719
861
760
497
208
-6
-138
-244
-380
-557
-730
-826
-817
-725
-587
-451
-367
-347
-375
-407
-409
-373
-316
-293
-336
-418
-491
-514
-481
-425
-383
-373
-385
-403
-403
-385
-355
-320
-296
-293
-296
-268
-180
-30
144
287
381
443
517
634
786
947
1086
1198
1309
1461
1675
1932
2142
2152
1851
1232
448
-274
-762
-990
-1044
-1036
-1034
-1022
-933
-718
-372
41
421
660
682
518
264
29
-128
-223
-323
-472
-645
-784
-837
-798
-698
-575
-474
-408
-383
-389
-397
-375
-332
-301
-319
-391
-467
-502
-480
-430
-385
-358
-360
-379
-395
-402
-400
-393
-370
-330
-274
-205
-124
-19
95
208
323
442
578
725
867
991
1093
1177
1279
1446
1688
1965
2165
2143
1798
1177
448
-185
-599
-798
-873
-912
-950
-956
-871
-653
-315
75
421
626
650
515
291
69
-105
-238
-362
-502
-649
-772
-832
-813
-726
-603
-486
-405
-367
-357
-359
-353
-340
-345
-381
-446
-510
-538
-528
-490
-443
-409
-398
-405
-426
-446
-453
-448
-427
-390
-335
-254
-140
-8
121
240
348
462
597
747
894
1028
1143
1250
1376
1559
1800
2041
2153
1990
1512
827
147
-345
-595
-672
-700
-757
-828
-845
-735
-479
-123
235
486
545
424
213
23
-77
-122
-191
-334
-540
-730
-825
-808
-713
-600
-516
-475
-482
-508
-512
-461
-372
-299
-294
-365
-468
-535
-523
-453
-380
-342
-351
-391
-428
-449
-453
-442
-414
-377
-332
-264
-168
-43
102
254
404
546
669
782
891
997
1097
1192
1309
1488
1732
1979
2103
1965
1526
888
246
-235
-513
-641
-713
-783
-844
-848
-747
-512
-169
202
496
624
554
351
120
-54
-152
-230
-347
-510
-676
-802
-859
-835
-764
-678
-605
-558
-528
-487
-409
-306
-230
-216
-270
-359
-427
-449
-439
-420
-411
-401
-396
-406
-426
-446
-450
-430
-395
-356
-300
-214
-93
56
214
370
523
680
835
975
1084
1163
1239
1352
1524
1734
1897
1904
1659
1162
539
-30
-410
-595
-662
-696
-746
-780
-729
-557
-276
50
344
536
580
482
307
134
9
-81
-185
-334
-518
-687
-791
-815
-771
-708
-654
-615
-580
-526
-445
-348
-260
-221
-241
-300
-358
-386
-388
-378
-370
-374
-383
-404
-438
-470
-490
-490
-472
-439
-398
-346
-265
-145
19
219
434
632
808
955
1073
1184
1301
1451
1641
1842
1966
1897
1567
1019
421
-58
-342
-478
-566
-674
-787
-845
-791
-610
-328
6
318
526
584
505
369
257
194
131
11
-180
-398
-583
-699
-751
-765
-768
-768
-763
-744
-697
-609
-491
-377
-313
-299
-307
-309
-282
-246
-221
-223
-251
-292
-346
-404
-459
-505
-523
-509
-481
-440
-379
-282
-130
66
272
467
646
818
996
1165
1311
1443
1588
1765
1933
1982
1800
1359
764
184
-248
-513
-674
-799
-906
-961
-920
-763
-501
-169
170
436
569
568
485
404
374
364
306
156
-79
-328
-523
-637
-687
-715
-752
-805
-852
-870
-834
-736
-596
-460
-367
-324
-317
-304
-271
-233
-206
-207
-232
-272
-322
-375
-424
-456
-465
-462
-445
-416
-347
-225
-61
125
311
489
674
877
1087
1277
1440
1596
1772
1951
2038
1911
1517
941
358
-89
-371
-542
-689
-852
-998
-1069
-1015
-820
-504
-123
223
457
548
530
484
472
489
473
363
158
-87
-307
-463
-554
-620
-688
-761
-832
-871
-856
-784
-682
-582
-504
-460
-431
-382
-309
-221
-145
-108
-113
-157
-219
-288
-355
-411
-457
-485
-495
-485
-437
-340
-187
2
198
390
586
797
1015
1232
1440
1656
1883
2065
2095
1865
1381
783
251
-115
-335
-498
-680
-877
-1028
-1076
-988
-784
-498
-184
74
230
291
315
369
458
535
532
418
238
54
-93
-209
-319
-446
-587
-720
-823
-872
-852
-793
-715
-655
-609
-552
-473
-372
-266
-182
-128
-106
-104
-119
-146
-189
-249
-327
-409
-471
-499
-468
-381
-255
-113
36
197
390
627
892
1163
1426
1680
1916
2082
2089
1868
1439
922
452
104
-152
-384
-631
-865
-1029
-1084
-1021
-866
-645
-391
-153
27
136
205
281
382
473
497
429
298
155
37
-60
-165
-294
-446
-603
-738
-836
-890
-908
-891
-845
-782
-705
-615
-505
-376
-245
-127
-44
-10
-25
-63
-106
-145
-178
-211
-246
-276
-289
-272
-217
-123
6
161
340
525
718
938
1208
1527
1834
2027
1999
1727
1301
865
530
300
100
-150
-451
-740
-935
-996
-943
-819
-672
-532
-411
-310
-214
-87
84
275
427
486
447
354
261
195
129
26
-128
-310
-490
-639
-741
-802
-834
-850
-848
-820
-765
-678
-562
-440
-320
-203
-99
-13
41
66
68
50
21
-12
-49
-76
-88
-83
-52
-4
68
167
290
440
605
798
1023
1273
1495
1608
1560
1356
1074
815
629
489
326
83
-219
-504
-702
-795
-810
-780
-738
-692
-642
-575
-491
-372
-219
-61
77
164
208
230
249
264
254
203
109
-9
-133
-257
-390
-530
-668
-783
-851
-873
-850
-784
-692
-572
-447
-328
-218
-121
-34
46
109
151
166
167
165
166
180
203
231
265
309
365
438
538
672
832
1004
1143
1193
1127
971
789
636
525
430
307
142
-49
-228
-359
-430
-464
-486
-509
-537
-562
-560
-525
-454
-358
-258
-177
-119
-72
-22
39
98
134
129
86
18
-51
-113
-173
-251
-344
-446
-545
-630
-689
-715
-711
-675
-611
-530
-442
-348
-247
-140
-30
77
171
246
307
358
405
442
467
479
489
505
536
589
670
771
868
918
889
785
643
511
408
325
236
124
-16
-150
-251
-307
-328
-338
-360
-391
-417
-428
-416
-381
-330
-271
-220
-176
-134
-93
-43
0
32
37
20
-3
-29
-52
-76
-116
-167
-232
-301
-361
-412
-452
-472
-477
-472
-455
-429
-402
-365
-315
-258
-192
-113
-26
62
149
231
307
374
431
482
518
544
560
574
592
611
624
621
585
517
433
355
294
244
191
124
43
-38
-105
-155
-192
-228
-267
-306
-338
-357
-367
-367
-357
-335
-301
-261
-219
-177
-139
-102
-67
-41
-23
-9
1
9
8
-6
-33
-64
-97
-126
-156
-182
-197
-203
-196
-181
-168
-159
-153
-146
-128
-100
-67
-27
16
55
93
128
161
196
230
257
273
278
282
285
285
283
270
251
229
199
173
147
118
87
59
39
22
7
-7
-24
-40
-60
-83
-104
-124
-139
-157
-179
-193
-202
-204
-201
-198
-192
-189
-178
-162
-147
-127
-104
-74
-42
-15
8
33
54
71
78
73
62
47
31
23
17
8
-3
-16
-24
-30
-29
-32
-33
-29
-24
-10
9
24
42
58
69
76
84
91
101
109
111
105
91
76
65
59
57
60
61
59
58
53
47
37
31
27
27
20
4
-16
-34
-50
-52
-51
-52
-55
-63
-75
-85
-90
-92
-93
-93
-96
-97
-93
-83
-61
-37
-9
18
32
40
44
48
53
62
67
62
44
20
-4
-22
-32
-42
-50
-60
-71
-83
-91
-87
-77
-63
-56
-51
-48
-45
-32
-18
0
13
18
23
23
22
20
18
17
14
10
11
15
26
42
59
71
77
76
67
53
47
44
38
32
22
9
-2
-6
-8
-7
-5
-4
-6
-12
-19
-24
-24
-19
-12
-3
1
5
11
17
30
42
56
75
85
88
87
86
77
64
46
26
6
-10
-28
-45
-63
-81
-91
-97
-98
-92
-89
-83
-73
-69
-61
-53
-46
-36
-27
-28
-30
-34
-38
-41
-40
-39
-40
-42
-48
-48
-41
-26
-6
20
46
61
73
78
76
78
79
80
71
48
23
2
-10
-6
4
9
17
21
18
18
18
20
29
37
39
40
35
30
32
36
45
51
53
50
47
46
43
38
24
6
-15
-33
-53
-66
-71
-80
-82
-84
-86
-80
-75
-70
-66
-67
-70
-69
-63
-50
-32
-17
-1
5
0
-6
-17
-26
-30
-34
-39
-48
-53
-52
-42
-18
11
40
68
88
94
97
98
94
91
80
63
43
22
9
4
-2
-2
0
6
16
25
28
27
26
28
28
31
30
30
35
33
31
32
27
25
26
24
17
6
-2
-11
-16
-17
-16
-17
-19
-26
-35
-43
-52
-54
-56
-54
-43
-38
-29
-22
-16
-3
9
20
28
25
17
4
-19
-39
-59
-70
-71
-70
-64
-57
-46
-30
-12
13
38
56
72
78
77
73
66
60
56
52
47
34
20
6
-8
-16
-23
-24
-18
-15
-13
-8
-2
6
10
11
14
16
15
7
-1
-10
-20
-26
-29
-28
-24
-22
-17
-10
-5
-1
4
3
1
-5
-13
-19
-28
-31
-34
-30
-18
-6
9
20
27
28
27
26
19
7
-5
-18
-30
-40
-52
-60
-60
-57
-48
-32
-17
-3
9
25
42
58
76
88
95
97
93
86
78
69
62
50
37
24
3
-16
-28
-33
-29
-22
-14
-5
4
9
11
10
10
6
-3
-12
-26
-36
-43
-50
-50
-47
-42
-34
-25
-16
-13
-12
-15
-17
-18
-16
-17
-19
-21
-20
-19
-16
-7
4
14
20
17
7
-4
-17
-28
-39
-49
-56
-60
-63
-60
-52
-43
-29
-17
-6
7
16
21
31
44
56
67
80
89
93
93
90
80
65
47
26
7
-5
-17
-27
-35
-39
-40
-33
-21
-13
-5
-3
1
5
7
5
1
-2
-9
-13
-16
-20
-19
-15
-9
-6
-2
2
3
7
12
10
11
10
8
9
8
6
7
4
1
0
-4
-8
-11
-20
-25
-28
-36
-41
-44
-44
-42
-40
-37
-33
-30
-22
-8
9
25
36
43
50
56
61
62
64
69
68
65
59
46
34
20
6
-4
-17
-26
-38
-45
-49
-48
-40
-31
-20
-9
0
5
10
12
14
13
8
3
-2
-9
-12
-17
-20
-21
-20
-18
-12
-7
-5
0
6
6
3
2
3
5
10
9
3
0
-3
-1
-2
-2
-1
-6
-7
-7
-12
-16
-14
-13
-13
-11
-11
-11
-6
-1
9
17
18
23
26
27
32
35
33
32
31
26
19
10
1
-8
-18
-26
-36
-45
-50
-48
-41
-33
-26
-15
-7
4
17
24
28
29
29
25
19
14
10
5
1
-3
-3
-2
-3
-2
3
9
14
15
17
15
15
17
17
17
14
11
9
7
6
4
0
0
-1
-4
-8
-14
-16
-20
-21
-22
-25
-25
-25
-23
-17
-15
-14
-11
-8
-2
4
5
5
4
4
3
-1
-4
-7
-11
-14
-20
-21
-24
-28
-28
-27
-23
-21
-15
-10
-8
0
4
10
15
17
19
18
18
16
14
12
10
11
12
12
12
14
17
17
19
19
15
15
13
11
11
10
7
7
9
10
12
13
12
16
19
19
19
11
2
-5
-10
-18
-24
-28
-31
-31
-28
-23
-18
-12
-7
-3
0
3
8
11
12
10
9
8
8
7
4
0
0
-2
-6
-6
-10
-10
-8
-7
-5
-2
2
4
7
9
13
17
20
21
20
17
12
7
2
-1
-2
-5
-6
-7
-6
-4
-5
-7
-6
-8
-10
-10
-15
-16
-13
-10
-5
0
2
5
8
14
16
18
15
9
3
-3
-10
-18
-20
-22
-23
-22
-21
-18
-16
-9
-1
2
6
8
10
15
15
15
13
11
9
8
7
5
2
3
2
-1
-6
-6
-5
-1
2
2
7
12
17
25
30
33
35
35
34
31
25
20
14
8
6
0
-5
-6
-7
-4
-1
0
3
4
3
3
1
-1
-2
3
7
8
11
12
14
17
16
14
9
6
5
-3
-10
-15
-16
-14
-13
-10
-6
-4
1
7
9
12
16
15
16
17
15
15
12
8
8
5
2
0
-2
-3
-8
-11
-13
-14
-11
-8
-7
-4
-1
-3
1
2
3
7
6
6
4
-3
-3
-2
-3
-3
-7
-9
-12
-13
-12
-14
-15
-11
-10
-6
-2
-1
3
6
8
9
10
10
8
10
9
7
4
2
0
-3
-7
-10
-10
-13
-11
-10
-12
-9
-6
-4
0
3
4
6
7
9
9
5
1
-2
-6
-9
-11
-11
-11
-10
-5
-3
0
4
7
7
8
10
11
8
9
7
5
7
5
7
9
7
5
5
6
3
5
6
8
7
5
4
3
3
6
7
7
4
1
-2
-2
-2
0
2
2
2
1
4
5
5
6
3
3
3
-4
-5
-6
-9
-10
-9
-9
-6
-7
-3
2
2
0
2
2
-1
-3
-3
-6
-8
-10
-14
-15
-14
-15
-12
-11
-12
-8
-9
-10
-10
-11
-12
-17
-19
-21
-26
-26
-26
-25
-22
-17
-11
-8
-5
-1
-1
1
4
7
7
8
7
6
4
3
4
2
0
0
-3
0
1
3
7
8
10
14
15
16
16
16
13
10
6
2
-1
-3
-4
-4
-4
-3
0
0
1
2
6
8
9
11
13
12
12
13
13
15
15
15
13
13
10
9
7
2
-1
-5
-8
-10
-13
-15
-15
-15
-15
-16
-12
-10
-7
2
7
11
15
18
17
16
13
9
2
-6
-11
-15
-19
-21
-23
-22
-20
-18
-14
-10
-3
1
5
8
6
10
10
9
7
2
-4
-11
-15
-20
-23
-24
-23
-21
-20
-19
-16
-12
-8
-7
-7
-5
-4
-3
-2
-1
1
1
0
0
-1
4
3
1
3
3
2
-2
-4
-2
-5
-3
-2
-3
2
5
8
14
18
19
24
26
27
28
28
25
19
15
9
3
-1
-9
-15
-18
-21
-18
-14
-10
-2
6
13
19
23
23
25
22
18
15
9
6
2
-3
-6
-5
-6
-11
-11
-10
-11
-13
-16
-13
-11
-12
-10
-9
-9
-10
-14
-13
-14
-15
-11
-14
-14
-10
-12
-9
-7
-5
-2
-1
-2
-3
0
1
1
1
1
5
7
7
8
12
12
11
10
8
6
4
3
-3
-7
-8
-11
-11
-8
-10
-7
-4
-2
2
6
10
14
15
16
18
16
16
15
14
13
11
7
3
3
3
1
0
-3
-2
-1
-1
-2
-1
-4
-9
-10
-10
-12
-15
-16
-18
-21
-22
-24
-26
-26
-25
-23
-18
-13
-10
-7
-2
-2
-3
-3
-5
-5
-7
-7
-6
-6
-1
0
2
5
5
6
7
6
4
5
8
8
9
11
14
13
15
20
21
22
22
17
20
22
17
19
19
13
12
14
13
12
10
7
7
5
6
7
5
6
4
5
6
3
4
3
0
0
-5
-9
-10
-15
-19
-20
-20
-20
-16
-14
-15
-10
-9
-8
-6
-5
-3
-3
-4
-5
-7
-6
-8
-10
-10
-11
-13
-16
-18
-17
-18
-15
-11
-7
-3
0
3
4
7
7
7
7
5
6
6
3
-1
-3
-4
-6
-8
-8
-10
-9
-7
-8
-6
-3
-5
-4
-3
-2
0
3
8
8
10
11
13
11
13
14
15
15
15
17
14
15
13
13
16
15
16
16
13
14
14
15
15
16
18
16
14
12
7
4
0
-4
-7
-9
-14
-13
-12
-15
-13
-11
-13
-12
-12
-8
-8
-7
-3
-6
-5
-4
-9
-7
-8
-12
-10
-14
-15
-15
-17
-17
-17
-16
-15
-15
-15
-15
-14
-9
-6
-5
-3
-1
1
3
3
2
3
3
1
3
7
6
6
6
3
3
7
7
9
12
13
12
13
8
7
11
10
10
10
7
6
5
5
2
3
2
-1
-1
-1
-1
-2
-3
-2
0
0
-1
0
3
2
1
2
-1
-3
-2
-5
-6
-7
-9
-8
-8
-11
-10
-13
-14
-15
-18
-18
-17
-18
-15
-16
-12
-9
-10
-8
-8
-7
-7
-10
-8
-7
-10
-10
-12
-12
-7
-6
-5
-3
-1
0
2
3
5
6
11
13
16
17
17
18
17
16
17
19
21
23
23
20
21
22
23
23
24
23
21
20
21
20
20
17
15
16
14
10
8
5
3
2
-1
-3
-7
-7
-8
-9
-10
-11
-8
-8
-9
-10
-11
-11
-11
-11
-10
-11
-13
-13
-12
-12
-13
-14
-14
-15
-19
-17
-17
-21
-22
-21
-22
-22
-19
-17
-14
-11
-11
-11
-12
-11
-9
-11
-8
-10
-11
-8
-8
-6
-3
-3
-2
-2
0
1
4
6
5
9
10
8
6
6
4
2
3
4
3
6
6
6
4
2
5
5
3
4
6
6
8
8
9
11
13
13
13
13
12
10
9
9
6
7
7
9
9
9
12
9
10
9
6
6
4
3
3
2
2
2
3
3
5
6
6
8
5
4
3
2
2
-3
-4
-6
-8
-7
-8
-8
-11
-10
-11
-12
-14
-17
-17
-17
-16
-18
-19
-17
-19
-18
-19
-19
-20
-18
-15
-11
-7
-5
-1
-1
-1
2
3
1
0
1
5
5
4
6
5
5
6
5
2
2
0
-2
1
3
1
0
-1
0
0
-4
-2
-4
-5
-5
-4
-2
-2
-3
0
4
6
11
15
14
16
18
17
16
14
13
9
5
5
4
3
1
1
3
2
0
-3
-4
-1
-1
-4
-5
-4
-2
-1
1
1
3
4
2
1
3
4
1
0
4
4
5
7
7
7
8
8
8
12
13
13
13
10
10
6
5
6
5
3
-1
-5
-8
-11
-13
-14
-11
-13
-16
-17
-14
-12
-10
-6
-7
-1
5
4
7
11
11
12
10
9
8
8
8
5
3
4
4
1
1
7
8
8
12
13
13
15
14
10
3
0
-5
-9
-11
-14
-15
-13
-13
-13
-13
-19
-18
-17
-17
-16
-13
-11
-11
-6
-1
5
6
6
8
10
12
10
7
9
8
7
9
9
10
10
10
12
13
12
15
14
13
15
18
16
15
18
18
12
10
13
13
13
14
7
2
-2
-6
-6
-6
-3
-2
-3
1
8
13
15
18
18
18
19
20
20
17
13
8
2
-1
-2
-3
-7
-9
-10
-13
-16
-15
-16
-15
-17
-20
-23
-24
-26
-24
-21
-18
-15
-13
-9
-8
-9
-10
-10
-8
-7
-6
-2
-2
-1
4
4
5
9
12
12
14
13
13
11
8
5
1
-1
-3
-4
-4
-6
-6
-8
-8
-12
-16
-20
-23
-22
-22
-22
-16
-11
-4
-1
0
-2
-1
3
9
19
24
28
32
30
30
33
34
34
35
30
27
22
22
22
21
21
13
3
-4
-8
-8
-8
-9
-14
-20
-27
-30
-28
-26
-24
-19
-19
-17
-17
-18
-17
-12
-7
-5
-4
-2
3
7
9
8
4
-2
-3
1
2
2
7
5
2
2
0
0
0
1
0
-3
-6
-11
-13
-16
-15
-17
-19
-15
-8
-1
8
14
17
20
20
19
12
4
2
-4
-7
-4
-1
-2
-5
-7
-7
-8
-8
-8
-10
-11
-8
-5
-2
4
10
16
17
18
15
11
11
11
11
13
18
20
18
17
14
7
-1
-5
-9
-8
-5
1
8
15
21
19
13
9
4
-3
-5
-6
-8
-13
-17
-21
-22
-20
-17
-18
-18
-15
-10
2
14
24
36
42
47
52
58
62
63
57
44
35
36
40
34
0
-87
-224
-372
-472
-480
-391
-232
-54
78
135
136
107
92
111
158
203
224
227
209
180
146
91
-4
-122
-222
-278
-256
-159
-33
75
123
102
48
-1
-8
36
111
187
235
238
195
108
-7
-124
-219
-278
-285
-253
-201
-150
-121
-119
-127
-121
-82
-13
73
152
208
244
268
301
341
371
367
300
161
-20
-196
-319
-361
-319
-233
-148
-92
-84
-112
-128
-116
-65
13
88
130
135
122
109
122
161
203
224
209
163
111
78
71
70
41
-53
-197
-344
-452
-469
-386
-252
-116
-31
-15
-41
-61
-35
30
120
188
209
181
126
71
42
48
66
74
59
15
-38
-76
-88
-79
-58
-37
-27
-25
-23
-19
3
36
69
88
87
75
60
49
51
62
70
68
44
8
-33
-64
-76
-70
-49
-27
-14
-11
-11
-14
-14
-2
18
36
48
54
51
41
29
16
8
10
19
30
33
27
15
4
10
31
63
94
117
131
138
146
150
150
118
32
-86
-201
-284
-300
-243
-149
-64
-18
-27
-76
-122
-139
-112
-53
13
58
70
57
36
23
29
50
78
88
77
51
17
-5
-10
-5
-6
-17
-36
-60
-67
-48
-14
12
-3
-73
-184
-306
-383
-389
-322
-218
-121
-58
-47
-59
-62
-30
39
123
193
221
212
175
140
121
120
129
132
116
79
31
-18
-56
-77
-85
-84
-83
-83
-86
-85
-81
-65
-36
-6
25
41
49
52
52
62
85
115
142
159
153
128
99
75
64
67
80
89
84
66
39
9
-11
-20
-19
-5
0
-1
-5
-7
-8
-2
11
23
31
29
16
5
-1
-3
7
10
7
-3
-17
-30
-35
-26
-7
16
37
48
48
36
20
8
2
7
20
35
43
36
30
26
34
60
85
95
71
-4
-105
-196
-247
-242
-184
-122
-93
-107
-161
-219
-240
-205
-129
-42
27
53
48
35
30
53
95
124
132
110
62
8
-29
-44
-46
-38
-38
-52
-75
-103
-122
-128
-118
-92
-57
-24
-2
11
17
17
22
34
51
66
75
78
76
79
88
102
115
109
93
66
33
17
16
18
23
18
-3
-22
-37
-46
-32
-8
10
24
25
8
-8
-22
-24
-18
-7
7
8
-1
-17
-33
-33
-21
-2
17
30
25
16
8
4
14
25
30
29
20
15
18
21
28
31
25
11
-1
-11
-22
-26
-28
-32
-34
-41
-52
-56
-53
-42
-17
13
29
31
14
-12
-24
-4
40
83
105
84
21
-48
-95
-98
-47
22
70
70
17
-54
-109
-117
-69
3
66
92
69
23
-16
-30
-3
47
91
111
92
43
-7
-40
-39
-4
34
61
61
25
-18
-54
-64
-42
-2
33
43
25
-16
-54
-64
-46
-2
45
65
50
14
-26
-47
-31
13
51
70
57
11
-31
-57
-56
-28
-1
10
-6
-37
-69
-78
-54
-12
38
65
57
27
-12
-27
-17
8
31
33
9
-32
-68
-83
-74
-51
-32
-33
-58
-88
-107
-96
-55
-9
31
49
34
5
-13
-12
9
42
66
69
51
20
-11
-30
-31
-25
-20
-23
-33
-48
-61
-65
-60
-48
-37
-29
-19
-9
0
13
27
37
48
50
53
60
62
72
78
75
74
62
40
23
11
2
5
14
19
19
13
-2
-20
-33
-41
-43
-40
-37
-34
-31
-29
-23
-14
-12
-8
-5
-11
-13
-12
-13
-8
1
4
12
18
16
13
6
0
2
7
8
9
3
-12
-17
-13
-3
7
12
1
-24
-51
-68
-67
-51
-25
0
9
5
-6
-18
-19
-6
15
32
41
40
32
21
20
30
49
62
67
57
30
4
-15
-21
-7
11
16
9
-13
-39
-58
-62
-56
-43
-31
-33
-40
-45
-44
-26
-2
21
32
33
19
5
7
21
45
67
72
54
28
3
-9
-2
16
31
31
12
-18
-39
-40
-15
27
59
70
53
20
-13
-23
-8
15
34
39
18
-9
-30
-36
-15
14
35
40
27
5
-3
15
41
62
71
47
10
-16
-24
-13
7
19
8
-22
-54
-75
-70
-41
-6
19
18
-9
-41
-62
-59
-29
7
34
42
24
-8
-36
-51
-45
-19
9
29
30
4
-29
-54
-67
-59
-36
-13
-6
-13
-35
-60
-73
-68
-43
-10
17
30
25
9
-4
-10
-1
17
33
45
42
28
11
-4
-11
-9
-2
5
4
-6
-23
-36
-42
-38
-30
-24
-25
-31
-39
-44
-36
-21
-4
13
22
14
7
4
10
29
46
55
52
37
18
0
-6
1
16
32
37
26
4
-30
-52
-58
-47
-23
2
10
1
-16
-39
-54
-49
-32
-7
16
22
15
-3
-14
-11
1
22
40
44
32
13
-10
-24
-27
-22
-16
-13
-15
-24
-33
-40
-39
-36
-34
-35
-36
-31
-15
9
32
38
24
1
-23
-29
-11
25
58
77
67
34
-7
-37
-43
-28
-5
7
-1
-24
-47
-63
-64
-43
-13
13
27
31
31
26
22
22
27
34
41
48
47
44
34
15
-2
-15
-21
-18
-16
-12
-8
-4
9
23
36
44
39
35
32
35
47
61
72
75
62
44
25
13
16
26
35
36
28
15
7
9
12
16
16
9
0
-8
-11
-7
2
11
19
23
24
25
24
29
41
53
61
65
63
57
46
38
31
24
29
32
30
20
-5
-33
-55
-66
-59
-35
-9
6
8
-7
-31
-45
-41
-14
26
57
71
66
39
11
-11
-14
3
20
37
40
29
10
-9
-22
-29
-26
-22
-24
-26
-28
-26
-19
-16
-20
-28
-44
-59
-61
-54
-31
-1
16
20
2
-24
-34
-24
10
54
81
84
53
10
-30
-46
-27
6
35
45
20
-26
-70
-100
-97
-72
-40
-15
-11
-20
-34
-42
-37
-21
0
15
23
25
23
24
22
21
18
11
4
0
-3
-6
-13
-26
-42
-50
-50
-44
-35
-27
-26
-34
-46
-52
-54
-44
-21
-4
9
10
-3
-18
-27
-28
-16
1
12
18
17
3
-10
-18
-18
-6
10
25
33
31
15
-3
-19
-30
-30
-21
-12
-6
-7
-17
-32
-45
-45
-37
-21
-6
4
11
14
17
19
30
41
52
61
62
58
50
40
29
22
17
16
10
2
-11
-23
-31
-34
-29
-23
-21
-18
-18
-17
-8
8
26
43
46
39
29
20
21
38
58
71
72
59
43
27
20
24
32
39
36
21
3
-16
-22
-13
0
10
15
11
-4
-17
-14
-2
15
40
56
62
58
46
38
40
50
64
74
73
60
45
26
12
10
11
16
18
11
-1
-14
-24
-27
-25
-15
-4
4
6
9
10
10
13
16
22
30
40
46
51
58
57
52
48
42
37
30
25
24
20
14
7
-3
-11
-18
-24
-28
-30
-31
-27
-24
-24
-21
-19
-17
-11
-2
11
24
36
40
34
26
12
6
11
23
39
45
40
23
0
-23
-31
-25
-12
3
13
5
-8
-23
-31
-28
-14
8
24
31
26
13
0
-3
6
26
44
52
48
28
4
-14
-23
-17
-6
0
1
-13
-33
-49
-57
-50
-33
-18
-8
-7
-9
-14
-17
-12
-3
7
11
9
5
-5
-9
-6
-1
7
15
13
1
-14
-28
-37
-37
-32
-28
-25
-27
-35
-45
-54
-53
-50
-44
-37
-33
-32
-33
-35
-38
-38
-32
-27
-21
-17
-14
-16
-26
-35
-41
-42
-39
-29
-19
-13
-11
-19
-30
-39
-45
-43
-34
-27
-19
-18
-25
-39
-50
-56
-60
-55
-46
-37
-31
-35
-40
-53
-64
-68
-64
-52
-43
-35
-28
-30
-34
-39
-40
-36
-29
-19
-11
-12
-18
-28
-35
-40
-41
-35
-30
-25
-23
-27
-38
-50
-55
-56
-50
-38
-26
-22
-23
-32
-42
-46
-42
-29
-16
-6
-1
-6
-15
-24
-28
-25
-18
-14
-12
-15
-19
-28
-37
-38
-36
-36
-36
-34
-37
-36
-37
-36
-29
-28
-26
-22
-20
-19
-13
-13
-14
-14
-17
-20
-18
-18
-20
-16
-15
-15
-14
-21
-24
-23
-25
-25
-26
-26
-27
-29
-31
-36
-36
-34
-29
-25
-22
-20
-19
-22
-22
-19
-16
-16
-15
-18
-20
-18
-17
-12
-9
-10
-10
-17
-23
-26
-29
-25
-14
-6
-3
-2
-10
-18
-24
-28
-26
-17
-11
-6
-8
-18
-27
-34
-38
-32
-23
-12
-9
-7
-12
-17
-23
-29
-25
-20
-16
-10
-8
-7
-8
-11
-14
-13
-6
-4
-2
-5
-10
-12
-13
-14
-13
-9
-6
-5
-6
-6
-4
0
0
-1
2
6
8
6
8
9
12
17
13
10
10
4
3
0
0
5
8
6
2
-2
-7
-8
-9
-4
6
11
10
10
5
0
-1
0
5
9
11
17
16
13
11
4
-1
1
1
1
6
1
-1
-1
-5
-4
-3
-3
-1
-4
-3
-4
-2
-1
0
5
7
6
8
7
9
10
11
13
15
14
14
17
17
16
18
17
13
12
10
10
13
14
21
26
25
21
17
12
10
8
10
14
17
18
15
10
9
9
5
6
8
9
12
13
11
10
6
2
-2
-2
2
5
5
4
5
5
5
7
8
11
18
24
27
26
23
18
19
23
29
37
38
35
30
27
23
25
23
25
32
34
34
31
29
25
24
25
27
31
31
29
25
22
22
24
25
25
21
19
19
17
19
19
18
20
19
18
17
15
13
14
20
23
25
24
21
17
10
6
7
10
15
19
22
21
15
11
9
9
14
17
13
12
7
3
1
-2
-1
2
3
4
2
-1
-6
-10
-13
-11
-5
-1
4
3
1
0
0
1
2
4
7
10
14
13
14
13
12
10
10
11
8
8
8
6
8
9
5
3
5
3
4
5
9
11
10
10
9
9
12
13
17
16
17
15
11
9
8
10
12
15
14
13
12
6
5
4
6
11
12
13
14
13
14
14
18
21
25
26
26
24
25
30
25
25
27
27
25
24
24
20
20
19
19
19
19
19
14
12
10
8
8
10
15
12
7
3
-1
0
3
5
8
8
7
2
-2
-3
-6
-5
0
1
4
4
-1
-3
-7
-8
-7
-8
-6
-6
-10
-17
-20
-19
-21
-20
-17
-15
-15
-19
-19
-22
-22
-15
-10
-8
-7
-7
-8
-6
-8
-6
-2
-4
-6
-4
-6
-8
-8
-6
-5
-5
-5
-3
-5
-7
-5
-4
-2
4
6
5
7
5
5
5
7
9
10
9
9
11
10
7
5
4
5
6
4
5
6
5
8
11
15
17
15
16
17
16
16
16
15
15
17
17
16
16
17
18
18
20
23
21
18
17
17
17
21
23
21
18
16
14
11
9
11
11
11
10
9
5
-1
-2
-4
-2
0
1
3
0
-2
-1
-3
-3
-1
-4
-4
-4
-6
-6
-10
-11
-10
-8
-7
-6
-6
-9
-9
-11
-14
-12
-10
-10
-10
-10
-12
-13
-11
-12
-15
-13
-13
-15
-17
-19
-19
-21
-19
-19
-19
-18
-19
-20
-23
-24
-23
-26
-24
-22
-22
-18
-18
-20
-17
-19
-21
-19
-20
-21
-18
-16
-17
-16
-15
-13
-12
-12
-11
-11
-12
-12
-11
-7
-5
-3
-1
1
0
2
3
4
6
7
6
6
9
10
10
11
10
6
9
9
6
8
9
10
10
10
9
10
11
10
8
7
9
8
7
9
9
9
9
9
10
10
10
9
8
9
9
8
9
9
10
12
8
8
6
2
2
4
6
2
-2
-3
-8
-9
-7
-8
-8
-2
-1
-1
-1
-5
-3
-3
-5
-2
0
-1
0
0
-2
-2
-1
-2
-4
-5
-4
-6
-11
-12
-15
-16
-16
-14
-10
-8
-9
-12
-12
-12
-12
-11
-10
-10
-8
-7
-9
-4
-2
-3
-3
-1
-2
-3
-2
-5
-8
-8
-7
-6
-6
-5
-5
-4
-3
-4
-3
-2
-2
-2
-2
-4
-3
-1
0
1
4
7
8
7
10
9
8
12
12
11
12
10
11
15
17
17
14
13
12
10
8
8
7
10
12
13
14
15
13
12
10
9
14
16
18
17
18
18
15
16
14
14
17
15
12
10
10
9
10
10
10
10
7
5
6
5
8
9
9
8
4
5
6
4
2
2
-1
-2
-2
-4
-4
-4
-5
-6
-8
-8
-10
-12
-12
-13
-13
-13
-16
-16
-15
-16
-17
-19
-21
-19
-21
-20
-20
-20
-18
-19
-21
-21
-23
-20
-20
-20
-15
-15
-16
-12
-10
-13
-12
-11
-13
-11
-8
-9
-10
-7
-7
-7
-6
-6
-7
-8
-11
-10
-8
-8
-9
-7
-4
-3
-5
-4
-4
-1
1
3
0
1
3
1
5
1
-1
3
5
6
10
9
6
7
9
8
10
13
13
13
13
12
12
10
10
9
10
11
10
8
9
9
5
4
3
3
5
2
2
2
1
0
-2
-1
0
1
4
1
3
2
-2
-2
0
1
1
1
-1
2
4
3
3
2
3
5
4
6
4
6
7
5
2
2
3
5
7
5
3
3
3
2
1
2
2
0
-1
1
3
4
3
4
2
-2
1
1
1
0
1
2
2
2
3
2
2
4
6
7
4
7
7
6
6
4
6
8
4
6
5
3
5
4
4
6
5
2
-2
-4
-4
-6
-7
-6
-5
-5
-4
-3
-5
-1
0
-2
-1
-2
-2
-1
0
1
2
-2
-2
-3
-2
2
1
0
1
0
1
1
-1
-3
-3
-3
-5
-5
-5
-6
-6
-6
-10
-10
-8
-8
-8
-6
-4
-5
-8
-9
-8
-8
-7
-6
-6
-6
-6
-7
-10
-9
-8
-8
-6
-6
-5
-5
-7
-6
-5
-5
-5
-3
-2
-1
-1
-1
-2
-5
-3
-2
-2
-1
0
4
3
1
3
3
3
5
6
7
4
5
7
3
5
6
5
7
7
8
11
12
9
9
8
8
6
7
7
4
4
4
4
5
3
4
4
5
5
6
4
2
4
2
-2
-3
-1
0
1
1
0
-1
0
-1
1
3
3
2
3
0
1
1
0
1
3
3
3
3
-1
-4
-5
-7
-6
-6
-8
-7
-6
-7
-8
-9
-8
-8
-7
-4
-1
-2
-4
-4
-1
1
2
1
4
2
1
2
-1
-1
-2
-3
-3
-5
-3
-6
-7
-5
-6
-6
-8
-7
-5
-6
-4
-1
0
-2
-3
1
1
1
1
3
7
7
7
5
7
6
5
6
4
4
4
3
5
5
2
-2
-1
1
2
1
0
2
2
0
2
2
2
0
2
5
7
6
4
3
4
2
2
2
2
3
2
0
0
-2
-3
-1
-1
-4
-5
-6
-8
-8
-8
-6
-7
-6
-7
-7
-4
-3
-5
-4
-2
-1
0
-1
1
-1
-2
-1
-1
-2
1
1
1
1
1
1
-2
-3
0
-3
-6
-5
-3
-4
-3
-2
-1
0
-1
-1
1
-1
-1
1
3
3
3
2
2
1
3
4
3
1
2
2
4
3
3
3
0
0
2
0
-1
-1
-2
1
3
3
4
6
5
6
4
3
4
4
5
5
2
5
5
3
3
2
1
4
4
3
2
0
-1
0
1
1
1
1
-1
1
2
3
3
4
4
5
6
5
3
3
4
4
4
4
5
3
2
1
3
2
2
1
0
1
0
-2
1
1
-2
0
3
1
2
-1
-2
-1
-1
0
2
2
3
2
2
4
3
2
0
2
3
2
1
-1
-1
-2
-4
-1
-2
-5
-5
-5
-2
-3
-5
-3
-3
-4
-2
-3
-3
0
0
-3
-2
0
-1
-1
-1
1
2
2
3
2
2
2
-1
-1
2
1
0
2
1
0
1
2
2
1
-2
-1
1
0
2
1
1
0
2
2
2
3
2
-1
1
2
1
0
-1
0
0
1
2
2
3
3
-1
-2
-2
-5
-6
-5
-7
-6
-6
-6
-4
-4
-2
-3
-5
-2
-3
-2
0
-2
-1
2
-2
0
1
1
2
2
2
-1
0
-2
-2
-1
-1
-2
-2
-1
-6
-4
-4
-5
-5
-2
-3
-4
-1
-1
-2
2
1
1
3
3
3
2
3
4
2
2
2
1
2
2
-1
-1
-3
-2
-4
-3
-3
-5
-5
-7
-7
-5
-9
-10
-8
-7
-7
-8
-9
-8
-8
-10
-8
-7
-7
-6
-6
-5
-5
-7
-7
-5
-4
-5
-4
-4
-5
-4
-6
-8
-6
-4
-4
-3
-2
-2
0
0
0
3
2
1
2
3
3
5
8
7
6
9
6
7
8
7
6
5
4
6
7
7
5
5
5
4
3
2
3
2
2
3
1
0
-2
-3
-2
-2
-3
-2
-3
-3
-3
-6
-4
-2
-4
0
-1
-4
-2
0
1
0
-3
-2
-2
-5
-1
-2
-3
-2
-1
-2
-3
-1
-2
-1
2
1
1
3
3
2
3
5
6
6
6
7
9
9
9
10
9
9
11
10
8
7
6
5
4
4
4
3
2
-1
1
3
3
0
-1
-1
-3
-3
-1
-3
-6
-5
-5
-8
-8
-9
-12
-10
-7
-8
-10
-7
-8
-7
-6
-7
-7
-5
-5
-5
-5
-4
-6
-5
-4
-3
-2
-2
-2
0
0
1
-1
-2
0
1
1
4
6
7
7
8
9
7
7
8
9
9
9
8
7
7
7
7
5
4
6
3
3
5
3
3
4
3
4
1
0
3
5
2
2
1
1
-1
-2
0
-2
-2
-2
-5
-5
-6
-7
-5
-5
-4
-4
-9
-7
-6
-9
-7
-6
-8
-6
-6
-7
-6
-4
-4
-5
-4
-4
-4
-4
-6
-6
-7
-6
-2
1
-1
3
6
6
6
9
8
8
11
8
9
9
9
9
9
7
7
9
10
8
7
7
6
5
4
4
3
4
4
5
4
4
3
1
-1
-2
-2
-5
-8
-10
-11
-11
-14
-15
-16
-14
-16
-17
-19
-19
-17
-19
-19
-17
-17
-14
-14
-13
-10
-7
-6
-4
-1
0
0
0
1
1
2
4
5
5
8
10
10
10
11
10
11
12
11
11
12
13
11
11
12
11
10
12
14
14
15
16
16
15
13
10
10
7
7
7
6
7
7
8
8
5
6
6
2
0
-3
-4
-5
-8
-8
-8
-9
-9
-8
-9
-10
-8
-9
-8
-6
-6
-7
-8
-8
-5
-4
-5
-2
-1
-2
-2
-2
-1
-1
-1
-2
-3
-5
-3
-4
-3
0
-1
-2
1
2
3
1
3
3
3
5
3
3
5
4
5
4
3
4
2
5
4
2
5
5
5
3
0
-1
-1
-4
-3
0
-2
-2
0
-4
-5
-6
-5
-3
-3
-3
-1
-1
-3
-2
-3
-5
-4
-5
-3
-2
-3
-3
2
1
1
2
2
2
2
0
-1
6
6
5
4
5
3
3
3
6
4
3
5
4
4
3
1
5
5
1
3
5
4
3
2
3
2
1
-2
-3
-6
-6
-4
-4
-5
-4
-4
-6
-5
-7
-8
-7
-11
-10
-8
-11
-9
-8
-8
-8
-8
-7
-5
-7
-9
-11
-10
-11
-10
-7
-6
-5
-5
-5
-1
-1
-2
0
-2
-1
-1
-2
-2
1
0
0
1
0
1
1
2
5
5
4
5
5
6
6
6
7
8
10
11
13
12
10
7
7
6
5
8
7
7
9
8
6
5
6
7
3
1
1
1
0
-1
0
0
-1
0
-1
-2
-1
-3
-4
-1
-3
-3
-2
-2
-4
-4
0
-2
-3
-1
-1
1
1
0
0
-2
-3
-5
-6
-8
-9
-9
-8
-8
-7
-6
-9
-10
-10
-7
-7
-7
-6
-7
-4
-4
-6
-4
-3
-3
-2
-2
-4
-5
-4
-3
-3
-1
0
-1
0
3
2
4
4
6
7
6
9
9
10
12
11
11
9
8
9
9
8
7
8
7
8
7
3
3
0
-2
-2
-4
0
0
-3
0
-1
-4
-2
-1
-6
-5
-5
-5
-1
-1
0
-1
0
3
1
0
1
3
4
6
7
7
7
9
9
8
8
7
8
6
4
7
7
2
-1
-1
0
0
1
0
-1
-2
-5
-5
-4
-7
-6
-6
-10
-11
-13
-14
-13
-14
-16
-15
-16
-16
-14
-12
-12
-12
-11
-11
-14
-11
-6
-7
-7
-7
-6
-5
-6
-3
-3
-3
-1
-2
1
2
3
7
5
5
5
8
10
10
7
9
8
5
9
7
6
7
7
8
7
6
7
7
8
9
7
10
7
6
9
7
5
7
7
6
3
4
6
3
5
4
0
1
0
0
3
0
2
0
-2
0
-2
-3
-1
-2
-3
0
1
0
1
3
1
1
3
3
2
3
2
1
3
1
-1
1
1
0
-1
-1
-2
-5
-5
-4
-7
-6
-4
-7
-7
-5
-4
-4
-2
-2
-2
-5
-1
1
1
2
1
3
5
3
4
5
4
5
6
5
4
5
5
5
3
5
3
3
5
3
7
3
0
0
-3
1
1
2
2
0
0
-2
-1
-3
-3
-3
-3
-3
-3
-5
-7
-4
-6
-6
-3
-8
-7
-5
-6
-4
-4
-4
-5
-7
-6
-3
-1
0
1
0
1
-1
0
2
1
0
-1
-2
-1
-4
-3
-4
-5
-5
-6
-5
-7
-6
-5
-8
-6
-5
-5
-5
-4
-5
-7
-4
-2
-2
-1
-2
-1
0
-1
-1
0
-1
-2
1
0
0
2
-1
-3
-2
-3
-4
-5
-4
-5
-4
-4
-4
-2
-3
-3
-4
-2
-1
-3
0
1
2
3
5
5
6
8
7
10
9
9
12
10
12
12
10
12
12
9
9
9
8
9
10
10
9
8
6
7
6
4
5
6
4
5
7
6
7
6
5
5
4
6
5
4
7
3
1
3
2
3
3
3
3
1
2
1
-1
-2
1
1
-2
-1
-2
-3
-2
-5
-7
-4
-4
-7
-6
-6
-5
-5
-4
-2
-4
-5
-4
-6
-3
-5
-4
-2
-2
0
-2
-2
-1
-2
-3
-4
-2
-3
-5
-4
-5
-7
-6
-7
-4
-2
-3
-1
-2
-2
2
-3
-5
-2
-4
-3
-2
-1
-2
-4
0
-5
-3
-2
-5
-5
-6
-5
-4
-7
-4
-4
-3
-1
1
1
0
1
1
2
5
3
4
5
5
3
5
5
4
4
5
7
3
3
5
3
6
7
3
3
2
3
2
1
3
5
6
3
1
1
1
3
4
5
4
6
6
2
3
1
4
4
4
3
0
2
2
0
0
-4
-3
-3
-3
-5
-5
-6
-6
