-11
-15
-17
-16
-18
-20
-20
-24
-26
-26
-27
-27
-29
-27
-28
-25
-22
-23
-20
-20
-19
-14
-15
-14
-9
-7
-4
-1
2
4
4
6
6
6
8
9
9
9
8
8
10
8
5
7
10
12
11
11
8
8
7
4
4
5
4
6
5
5
3
5
7
6
7
8
8
8
8
8
8
8
10
12
15
17
18
21
20
21
22
20
22
24
24
22
22
23
21
15
13
10
9
6
4
3
3
4
2
-1
0
-2
-3
-3
-5
-7
-6
-8
-9
-6
-8
-8
-5
-6
-5
-5
-4
-1
-1
2
5
3
6
7
9
12
11
14
19
23
23
24
26
28
29
28
30
31
30
32
31
28
27
27
27
27
24
23
22
19
19
15
13
15
15
15
16
15
15
14
13
13
10
10
11
7
8
9
9
10
8
8
7
9
8
6
7
9
10
10
11
11
8
7
10
11
11
10
9
10
9
8
6
1
2
2
-3
-4
-7
-8
-10
-12
-14
-17
-16
-16
-17
-17
-17
-17
-17
-14
-17
-18
-19
-21
-21
-23
-24
-24
-24
-26
-23
-25
-25
-21
-24
-23
-20
-20
-19
-17
-16
-17
-17
-16
-16
-16
-19
-21
-20
-16
-17
-17
-18
-23
-23
-26
-29
-30
-31
-31
-31
-33
-36
-37
-39
-40
-38
-38
-35
-33
-34
-32
-31
-30
-29
-31
-30
-29
-27
-26
-26
-28
-28
-26
-25
-24
-22
-21
-22
-18
-18
-20
-18
-17
-16
-17
-18
-19
-19
-19
-22
-23
-22
-24
-23
-22
-24
-21
-19
-19
-17
-18
-18
-20
-18
-14
-17
-21
-19
-19
-20
-18
-16
-14
-14
-11
-8
-10
-7
-6
-6
-4
-2
0
1
3
3
5
8
6
7
7
5
5
5
6
7
6
6
7
9
11
12
12
15
14
13
11
9
7
5
9
7
7
6
5
8
6
5
5
2
6
6
7
7
6
7
7
8
9
8
8
6
3
3
1
-2
0
2
3
3
3
3
5
6
7
6
5
6
6
5
3
4
8
8
8
11
12
13
11
9
9
8
7
7
10
9
9
10
11
13
13
12
13
13
15
17
16
18
18
15
16
15
16
16
17
17
20
23
22
22
21
20
21
22
19
17
13
9
8
6
3
4
2
3
4
3
4
5
5
6
8
10
12
10
11
11
10
10
9
9
7
5
6
4
3
3
3
3
3
3
4
3
4
5
7
5
2
2
1
0
1
0
0
2
3
4
4
2
-1
1
2
1
-2
-3
-3
-5
-4
-3
-3
-2
-5
-4
-6
-8
-9
-10
-8
-9
-11
-6
-5
-6
-6
-8
-9
-9
-9
-7
-5
-9
-9
-8
-12
-16
-15
-14
-13
-11
-12
-11
-11
-10
-9
-6
-6
-6
-6
-6
-7
-8
-11
-12
-12
-15
-14
-12
-14
-11
-11
-12
-12
-12
-11
-8
-7
-7
-4
-2
-6
-9
-7
-7
-7
-7
-8
-7
-8
-7
-6
-7
-9
-9
-9
-9
-8
-6
-6
-6
-5
-5
-7
-10
-11
-11
-9
-11
-10
-10
-12
-11
-11
-13
-13
-15
-18
-21
-23
-23
-25
-25
-25
-23
-21
-18
-19
-22
-20
-18
-18
-16
-13
-13
-9
-7
-7
-5
-4
-3
-4
-1
2
1
4
6
9
9
9
9
8
10
14
13
11
13
11
13
11
11
13
9
9
10
8
9
6
5
2
4
4
2
-1
-5
-6
-7
-7
-7
-9
-10
-11
-11
-9
-10
-9
-12
-11
-9
-10
-10
-10
-8
-7
-5
-7
-10
-9
-7
-6
-7
-8
-9
-11
-9
-8
-7
-5
-7
-7
-5
-3
0
2
2
1
4
6
6
10
10
12
14
15
12
11
11
12
15
17
16
18
18
20
20
18
18
17
16
19
19
18
20
18
18
17
15
11
9
11
8
6
6
2
2
-2
-3
-3
-7
-7
-9
-10
-12
-12
-11
-10
-11
-11
-10
-10
-9
-9
-12
-11
-6
-7
-6
-6
-5
-4
-4
-2
-4
-2
1
1
7
8
9
11
12
13
12
15
17
17
19
21
25
22
23
23
24
25
23
23
23
20
22
21
22
20
18
20
19
18
20
16
18
18
16
14
14
12
10
9
9
6
4
1
-1
-1
-2
-3
-4
-7
-6
-6
-8
-9
-11
-14
-13
-15
-17
-14
-17
-17
-17
-18
-18
-18
-19
-17
-15
-12
-10
-10
-9
-6
-4
-5
-6
-3
-1
1
3
4
6
8
12
15
19
22
25
22
26
29
28
29
29
31
35
37
35
36
37
39
38
37
37
35
33
31
31
29
25
24
19
17
11
10
9
3
1
-1
-4
-8
-11
-15
-18
-20
-23
-28
-32
-33
-34
-36
-36
-38
-38
-38
-40
-42
-41
-37
-36
-37
-32
-30
-29
-27
-26
-28
-26
-23
-20
-16
-13
-9
-5
-2
1
5
7
6
8
12
12
14
17
17
21
23
23
24
25
26
26
25
27
28
30
30
28
26
26
26
22
20
18
18
18
13
10
7
6
1
-6
-8
-12
-17
-20
-25
-28
-31
-33
-36
-39
-42
-46
-49
-51
-51
-51
-51
-48
-48
-46
-45
-45
-44
-43
-41
-40
-38
-35
-33
-29
-23
-19
-15
-10
-7
0
3
8
14
18
23
28
31
37
38
38
43
46
49
53
56
58
58
59
61
62
63
62
63
59
57
55
52
49
45
40
37
32
28
22
18
15
10
5
0
-6
-11
-13
-19
-25
-30
-34
-37
-41
-43
-45
-48
-49
-54
-54
-56
-58
-59
-59
-58
-57
-58
-54
-51
-48
-43
-38
-33
-29
-23
-17
-13
-8
0
6
9
16
23
28
34
38
44
50
55
60
59
62
67
70
72
71
74
76
75
77
76
73
72
69
65
63
58
53
48
44
39
33
30
25
20
14
7
1
-4
-12
-19
-26
-33
-41
-46
-52
-55
-59
-62
-64
-67
-70
-70
-73
-75
-73
-77
-77
-74
-73
-72
-69
-68
-64
-61
-58
-55
-52
-45
-39
-34
-27
-22
-15
-11
-10
-4
1
6
12
14
21
26
30
35
40
42
46
48
49
52
54
57
57
58
56
57
57
54
55
57
57
58
58
56
56
53
48
45
42
39
34
30
24
22
20
15
8
4
-2
-7
-7
-14
-20
-23
-29
-34
-35
-40
-47
-51
-57
-63
-63
-67
-71
-72
-74
-71
-69
-68
-67
-67
-65
-64
-62
-62
-60
-59
-56
-50
-44
-41
-37
-32
-27
-21
-13
-8
-4
3
10
18
20
24
28
32
35
39
44
47
51
55
58
61
64
64
64
66
67
67
67
67
65
63
60
54
48
43
39
37
32
28
24
17
12
7
2
-4
-9
-17
-22
-28
-31
-34
-43
-44
-46
-50
-53
-56
-58
-59
-62
-61
-59
-57
-55
-56
-53
-50
-49
-45
-42
-38
-33
-31
-30
-27
-26
-22
-17
-13
-9
-4
0
3
6
9
11
15
13
15
19
24
28
28
30
33
33
35
36
34
36
35
34
34
34
33
32
30
27
23
23
21
18
16
14
14
13
8
3
-3
-5
-6
-9
-11
-13
-16
-18
-18
-19
-18
-20
-21
-19
-20
-19
-18
-18
-18
-21
-21
-24
-24
-21
-20
-18
-14
-11
-8
-6
-2
-2
-3
-4
-3
-2
0
3
5
6
8
6
6
6
7
7
9
12
15
18
20
22
22
21
20
19
21
20
20
19
18
18
19
19
18
18
16
18
16
14
12
10
7
5
2
1
-1
-4
-2
-5
-5
-5
-6
-6
-7
-5
-5
-7
-8
-6
-5
-7
-9
-11
-9
-8
-7
-6
-6
-6
-6
-4
-5
-6
-5
-7
-9
-11
-13
-12
-13
-12
-8
-9
-9
-9
-12
-13
-14
-15
-15
-12
-12
-14
-11
-11
-9
-7
-6
-4
-1
1
5
6
5
7
8
9
9
9
10
6
6
7
7
6
6
4
3
2
1
1
-1
-3
-3
-6
-6
-8
-11
-12
-12
-12
-10
-10
-14
-10
-10
-9
-7
-4
-3
-5
-4
-2
-4
-4
-5
-6
-4
-2
-3
-3
-1
-1
0
3
4
4
3
4
4
6
7
6
9
9
8
9
9
10
10
12
13
12
12
12
12
12
12
15
17
15
14
14
16
13
9
6
1
-2
-5
-9
-9
-9
-12
-12
-16
-16
-16
-20
-21
-20
-20
-20
-16
-14
-15
-13
-10
-11
-10
-7
-6
-3
0
3
5
7
8
6
3
2
1
3
4
5
8
11
9
8
5
4
5
0
-1
0
-3
-1
0
1
3
3
3
1
4
6
5
7
7
8
7
4
4
2
-2
1
4
3
6
5
3
5
3
2
1
2
2
-1
-1
0
2
2
1
0
0
-2
-3
-4
-8
-8
-9
-7
-2
-2
0
0
0
3
1
1
0
0
0
0
0
-4
-3
-6
-5
-4
-6
-6
-4
-2
-1
-3
-2
-1
0
1
5
6
4
5
5
4
7
4
4
5
5
7
8
10
12
15
18
19
19
24
26
24
26
26
25
23
19
18
15
16
16
13
11
11
8
10
10
8
7
4
5
4
0
4
2
0
0
-3
-4
-3
-5
-9
-11
-11
-11
-14
-14
-12
-9
-8
-7
-4
-6
-7
-9
-11
-8
-10
-10
-9
-9
-9
-7
-8
-10
-5
-3
-2
0
0
1
3
2
3
2
0
-1
-3
-2
-5
-8
-4
-5
-3
-2
4
8
7
10
14
18
16
13
7
6
7
4
2
2
3
3
2
-1
-2
-3
-7
-7
-9
-15
-12
-8
-2
4
6
14
21
24
24
25
25
25
26
28
29
27
25
24
25
25
23
18
16
14
14
11
9
11
9
7
3
2
0
-3
-5
-8
-7
-9
-10
-10
-11
-9
-11
-10
-6
-2
-1
-2
1
7
11
13
15
15
11
8
4
2
1
-3
-1
3
3
2
2
1
-1
-2
-6
-8
-12
-15
-16
-12
-5
-2
-4
-5
-7
-8
-6
-1
5
7
-1
-10
-17
-22
-21
-17
-11
-7
-3
0
5
13
15
17
16
13
11
10
10
7
4
0
-2
2
3
3
4
4
9
16
23
28
30
32
27
20
11
7
5
6
8
9
4
-4
-11
-15
-13
-10
-5
-2
-5
-5
-2
-1
-1
-3
-9
-13
-12
-5
6
12
13
13
10
7
6
6
10
8
6
10
12
14
20
22
22
22
21
21
20
19
17
13
13
11
8
6
3
2
-1
-2
-2
-2
-7
-15
-17
-21
-22
-21
-20
-19
-20
-22
-24
-28
-32
-34
-35
-35
-26
-18
-11
-8
-13
-12
-6
3
10
16
20
23
25
26
26
24
21
17
9
4
2
-3
-10
-16
-20
-25
-28
-23
-13
-4
1
2
3
7
9
10
0
-26
-57
-75
-89
-92
-87
-85
-86
-81
-72
-53
-30
-17
-9
-24
-58
-90
-117
-133
-152
-181
-217
-241
-242
-218
-178
-143
-122
-118
-122
-122
-113
-102
-95
-101
-114
-117
-110
-94
-70
-57
-57
-65
-78
-98
-110
-110
-102
-95
-90
-86
-89
-102
-143
-221
-331
-444
-524
-548
-521
-474
-419
-357
-295
-231
-172
-121
-80
-65
-66
-74
-78
-68
-56
-45
-48
-64
-91
-116
-116
-89
-50
-15
-9
-31
-70
-104
-130
-145
-152
-155
-152
-151
-147
-131
-96
-38
32
92
127
141
158
197
254
299
276
155
-23
-168
-220
-180
-101
-42
-27
-38
-38
-2
68
153
213
238
257
292
338
382
403
389
348
309
295
307
319
316
313
344
422
525
577
515
344
151
56
100
218
301
294
219
152
162
253
369
420
376
274
183
155
177
206
200
149
82
44
59
111
158
164
144
132
156
204
256
285
283
278
306
383
482
572
657
756
889
1044
1186
1281
1325
1329
1309
1283
1250
1182
1069
941
843
830
952
1245
1767
2562
3597
4709
5680
6353
6668
6675
6495
6242
5983
5741
5522
5325
5153
4990
4793
4512
4119
3615
3051
2526
2145
1999
2134
2499
2960
3371
3654
3815
3908
3982
4022
3979
3793
3452
3003
2506
1995
1434
759
-53
-933
-1699
-2201
-2384
-2333
-2213
-2165
-2254
-2451
-2690
-2928
-3151
-3353
-3527
-3665
-3743
-3755
-3701
-3587
-3392
-3128
-2866
-2736
-2856
-3242
-3794
-4358
-4805
-5060
-5117
-5017
-4804
-4496
-4097
-3638
-3169
-2775
-2542
-2515
-2681
-2975
-3310
-3597
-3779
-3844
-3828
-3779
-3730
-3671
-3573
-3420
-3232
-3040
-2854
-2682
-2505
-2303
-2071
-1819
-1575
-1358
-1180
-1027
-890
-789
-732
-728
-789
-917
-1105
-1338
-1593
-1858
-2117
-2337
-2495
-2586
-2615
-2585
-2511
-2420
-2333
-2261
-2203
-2155
-2106
-2035
-1946
-1851
-1762
-1690
-1636
-1595
-1571
-1567
-1572
-1580
-1587
-1590
-1585
-1578
-1563
-1543
-1520
-1491
-1461
-1430
-1401
-1374
-1326
-1250
-1163
-1076
-986
-884
-761
-622
-482
-353
-234
-127
-18
103
229
346
437
513
583
655
716
760
803
845
887
921
948
980
1029
1092
1163
1230
1270
1276
1269
1265
1266
1253
1216
1162
1102
1053
1024
1003
976
931
889
875
892
919
923
891
840
785
747
741
741
722
678
635
619
622
622
597
539
470
425
414
416
404
358
298
259
254
269
292
316
343
385
452
536
628
714
790
866
933
980
1006
1022
1034
1027
985
920
848
782
719
659
596
532
480
454
451
459
458
443
429
436
467
510
559
600
636
670
709
745
773
783
769
745
721
707
694
665
617
554
499
462
434
406
369
317
260
209
173
140
100
46
-22
-90
-137
-164
-189
-224
-280
-340
-381
-392
-396
-419
-456
-498
-529
-543
-547
-542
-524
-497
-461
-408
-345
-267
-179
-88
5
103
206
309
406
495
583
665
735
796
847
887
922
954
985
1022
1056
1088
1135
1202
1267
1332
1400
1468
1541
1614
1685
1746
1779
1770
1721
1645
1559
1470
1384
1287
1179
1062
956
860
756
626
478
329
198
88
-10
-108
-208
-298
-369
-427
-490
-567
-652
-724
-769
-786
-783
-772
-744
-684
-586
-471
-351
-231
-104
39
191
344
482
610
742
873
994
1089
1140
1159
1170
1183
1197
1192
1164
1129
1100
1085
1081
1078
1057
1020
984
957
944
931
905
879
864
865
885
904
887
826
731
630
534
432
309
151
-38
-241
-445
-637
-822
-1000
-1181
-1374
-1578
-1788
-1979
-2134
-2261
-2379
-2503
-2620
-2705
-2737
-2718
-2666
-2597
-2519
-2421
-2300
-2155
-1990
-1812
-1628
-1442
-1260
-1087
-911
-725
-531
-341
-169
-33
84
202
329
454
563
641
697
745
788
826
851
869
885
915
960
1000
1036
1078
1144
1240
1351
1448
1500
1492
1447
1412
1411
1428
1412
1320
1160
977
811
673
546
399
218
6
-228
-451
-637
-775
-889
-1014
-1167
-1344
-1509
-1635
-1702
-1726
-1742
-1776
-1821
-1847
-1835
-1780
-1684
-1573
-1467
-1377
-1299
-1210
-1087
-938
-785
-650
-539
-436
-316
-177
-23
134
268
371
463
549
639
735
820
884
926
954
981
1023
1081
1142
1199
1252
1309
1369
1444
1554
1687
1815
1903
1923
1890
1847
1828
1832
1829
1761
1610
1413
1220
1063
935
803
633
414
159
-103
-333
-512
-651
-790
-948
-1125
-1291
-1414
-1491
-1537
-1581
-1641
-1707
-1752
-1760
-1740
-1695
-1647
-1610
-1574
-1540
-1481
-1391
-1279
-1169
-1086
-1027
-961
-859
-723
-579
-451
-348
-252
-158
-62
40
144
243
328
388
432
483
549
630
718
789
849
917
1004
1104
1204
1305
1424
1556
1688
1788
1830
1832
1826
1835
1842
1809
1721
1590
1440
1283
1126
975
822
646
432
184
-67
-292
-473
-632
-797
-972
-1147
-1301
-1417
-1502
-1569
-1619
-1665
-1710
-1750
-1768
-1761
-1727
-1674
-1630
-1592
-1546
-1485
-1405
-1318
-1234
-1151
-1069
-986
-902
-811
-709
-597
-487
-398
-327
-254
-163
-59
41
126
200
280
366
449
522
585
653
737
830
930
1039
1165
1294
1420
1560
1723
1900
2043
2109
2115
2110
2122
2128
2095
2005
1870
1723
1573
1408
1221
1025
839
644
414
152
-107
-318
-476
-620
-788
-975
-1156
-1298
-1391
-1450
-1493
-1530
-1570
-1612
-1647
-1645
-1592
-1517
-1456
-1429
-1414
-1375
-1301
-1203
-1114
-1054
-1010
-954
-884
-813
-743
-663
-578
-506
-457
-415
-335
-216
-91
16
95
165
263
384
490
565
630
714
817
909
983
1066
1186
1324
1454
1579
1718
1870
2008
2094
2115
2110
2122
2139
2116
2027
1881
1716
1552
1387
1214
1036
852
644
397
132
-106
-289
-429
-589
-794
-1011
-1188
-1297
-1367
-1439
-1517
-1592
-1646
-1673
-1685
-1677
-1639
-1588
-1548
-1537
-1543
-1516
-1447
-1363
-1297
-1258
-1220
-1152
-1067
-977
-900
-829
-747
-663
-585
-507
-414
-305
-207
-134
-67
9
102
204
291
365
449
549
661
776
888
1015
1164
1315
1455
1589
1740
1898
2020
2089
2113
2124
2138
2139
2096
1988
1838
1674
1501
1314
1114
908
694
464
217
-25
-245
-448
-641
-836
-1041
-1230
-1387
-1509
-1602
-1673
-1728
-1770
-1797
-1816
-1816
-1790
-1745
-1701
-1668
-1646
-1614
-1551
-1467
-1387
-1319
-1263
-1201
-1132
-1064
-997
-928
-856
-780
-707
-628
-536
-436
-334
-235
-137
-31
89
218
342
455
567
670
780
908
1047
1181
1299
1410
1536
1694
1872
2029
2139
2201
2249
2309
2358
2372
2342
2280
2192
2066
1891
1694
1506
1330
1145
918
651
379
145
-55
-256
-473
-693
-885
-1046
-1188
-1321
-1436
-1522
-1585
-1640
-1702
-1750
-1765
-1750
-1722
-1706
-1694
-1666
-1617
-1556
-1500
-1449
-1395
-1335
-1269
-1200
-1132
-1058
-977
-888
-797
-703
-601
-495
-382
-269
-161
-59
40
141
235
321
397
474
559
649
742
847
951
1053
1159
1276
1408
1544
1668
1770
1833
1876
1911
1937
1946
1938
1910
1844
1731
1587
1441
1302
1151
981
788
574
352
137
-63
-249
-428
-605
-786
-957
-1103
-1221
-1309
-1387
-1462
-1533
-1593
-1630
-1643
-1646
-1634
-1603
-1566
-1535
-1501
-1444
-1374
-1300
-1235
-1180
-1124
-1061
-986
-909
-842
-787
-730
-653
-569
-490
-408
-317
-219
-124
-45
33
124
227
321
398
473
571
699
844
985
1116
1248
1375
1475
1572
1670
1753
1804
1810
1784
1766
1773
1776
1727
1622
1505
1400
1297
1178
1038
888
741
576
368
149
-44
-197
-338
-505
-690
-867
-1003
-1094
-1177
-1263
-1337
-1376
-1393
-1413
-1437
-1442
-1420
-1383
-1357
-1370
-1381
-1346
-1277
-1207
-1164
-1137
-1093
-1024
-960
-923
-895
-843
-770
-695
-629
-567
-482
-368
-253
-163
-96
-15
101
214
298
364
442
539
635
727
815
908
1024
1137
1213
1278
1377
1512
1641
1712
1726
1740
1788
1842
1852
1801
1725
1645
1551
1424
1276
1134
999
852
671
461
260
101
-34
-184
-357
-528
-670
-777
-861
-952
-1038
-1106
-1156
-1198
-1238
-1266
-1276
-1272
-1268
-1280
-1297
-1302
-1288
-1269
-1251
-1241
-1236
-1220
-1187
-1140
-1085
-1026
-962
-889
-805
-718
-624
-518
-411
-316
-226
-132
-29
71
152
224
297
384
469
541
621
713
809
891
956
1015
1090
1191
1304
1394
1442
1464
1489
1525
1555
1558
1538
1503
1453
1377
1274
1165
1069
973
849
691
510
340
208
97
-34
-195
-358
-489
-587
-669
-756
-841
-908
-955
-994
-1042
-1081
-1113
-1140
-1166
-1200
-1233
-1257
-1262
-1252
-1243
-1231
-1212
-1188
-1153
-1099
-1029
-960
-897
-828
-755
-675
-587
-503
-425
-348
-263
-174
-97
-30
40
122
202
272
336
399
486
590
684
745
786
839
929
1039
1124
1174
1223
1282
1328
1348
1354
1366
1390
1385
1338
1258
1173
1109
1041
945
815
675
550
427
301
175
52
-64
-181
-303
-426
-529
-612
-688
-767
-844
-914
-971
-1018
-1063
-1098
-1125
-1141
-1154
-1172
-1182
-1170
-1143
-1118
-1107
-1097
-1073
-1018
-940
-871
-827
-778
-704
-606
-512
-453
-411
-343
-236
-140
-100
-88
-34
77
177
213
223
278
385
470
506
534
608
723
817
865
903
972
1067
1145
1180
1190
1207
1249
1286
1274
1221
1163
1130
1100
1030
930
833
746
658
547
423
316
218
107
-16
-127
-218
-298
-386
-478
-548
-586
-610
-644
-700
-755
-783
-789
-808
-848
-892
-921
-942
-965
-988
-997
-983
-962
-949
-928
-886
-822
-760
-716
-675
-613
-545
-493
-454
-399
-313
-227
-159
-108
-50
30
106
155
195
254
334
415
463
482
523
625
722
704
597
563
689
851
881
801
771
870
992
1007
949
944
1014
1053
993
892
840
833
797
695
560
450
384
313
210
93
-4
-70
-133
-215
-312
-399
-456
-486
-533
-610
-690
-739
-762
-788
-835
-889
-926
-934
-934
-942
-953
-944
-912
-884
-882
-880
-838
-755
-669
-628
-616
-564
-451
-330
-250
-188
-106
-12
72
147
229
291
308
320
372
423
383
272
232
325
435
415
308
309
467
623
638
588
632
779
889
879
832
865
957
1003
949
857
808
819
813
734
604
492
435
393
315
192
71
-4
-48
-99
-174
-247
-297
-338
-385
-437
-507
-647
-863
-1051
-1139
-1180
-1272
-1424
-1536
-1522
-1408
-1308
-1275
-1244
-1150
-1016
-899
-810
-727
-629
-535
-488
-489
-459
-338
-198
-163
-225
-239
-107
95
202
158
90
153
331
452
451
426
487
600
682
716
751
835
952
1052
1116
1193
1316
1420
1426
1367
1334
1374
1434
1401
1249
1072
976
947
883
719
497
294
150
28
-129
-314
-493
-641
-766
-887
-983
-1044
-1089
-1143
-1217
-1277
-1276
-1227
-1186
-1200
-1249
-1257
-1190
-1086
-1022
-1023
-1042
-1012
-927
-827
-768
-768
-801
-812
-765
-703
-693
-733
-775
-770
-704
-620
-557
-494
-407
-297
-185
-48
123
298
443
559
677
840
1057
1273
1439
1557
1682
1873
2127
2336
2397
2334
2294
2363
2458
2420
2211
1941
1730
1595
1457
1218
879
527
229
-14
-258
-536
-826
-1097
-1324
-1516
-1673
-1793
-1889
-1979
-2073
-2143
-2138
-2061
-1977
-1939
-1928
-1876
-1742
-1564
-1426
-1360
-1321
-1234
-1078
-913
-814
-770
-732
-648
-523
-410
-352
-329
-291
-215
-119
-30
33
83
148
235
328
405
474
554
665
798
939
1086
1244
1411
1595
1808
2038
2228
2346
2404
2468
2563
2630
2591
2434
2235
2059
1906
1728
1463
1122
760
430
146
-134
-450
-792
-1117
-1391
-1607
-1781
-1932
-2067
-2187
-2277
-2324
-2316
-2272
-2224
-2186
-2142
-2060
-1922
-1768
-1645
-1558
-1463
-1319
-1140
-980
-872
-797
-717
-606
-479
-379
-331
-315
-295
-254
-204
-158
-124
-97
-56
4
77
159
247
338
443
594
787
991
1188
1377
1595
1869
2162
2391
2515
2589
2694
2844
2956
2929
2766
2567
2403
2271
2089
1791
1401
1011
674
365
44
-313
-686
-1024
-1307
-1540
-1738
-1919
-2070
-2186
-2267
-2313
-2316
-2272
-2196
-2116
-2041
-1940
-1784
-1584
-1394
-1249
-1130
-986
-810
-648
-532
-469
-419
-342
-247
-168
-133
-122
-97
-48
18
83
137
188
262
370
498
629
751
869
1018
1220
1456
1691
1907
2131
2413
2760
3092
3300
3386
3465
3629
3838
3939
3837
3602
3389
3279
3203
3032
2711
2316
1963
1701
1460
1154
775
383
56
-194
-417
-645
-871
-1070
-1225
-1343
-1433
-1499
-1551
-1602
-1656
-1693
-1687
-1644
-1608
-1598
-1603
-1576
-1500
-1397
-1314
-1274
-1251
-1200
-1107
-997
-917
-879
-851
-795
-703
-605
-542
-520
-495
-429
-330
-236
-171
-124
-49
89
278
463
619
776
993
1303
1646
1901
2021
2100
2248
2484
2687
2720
2586
2402
2287
2232
2128
1877
1495
1092
758
501
237
-109
-525
-927
-1238
-1463
-1677
-1935
-2223
-2480
-2662
-2773
-2845
-2905
-2959
-2971
-2903
-2752
-2564
-2381
-2221
-2065
-1875
-1648
-1429
-1276
-1201
-1163
-1107
-1013
-916
-850
-821
-789
-702
-551
-371
-212
-85
44
211
419
623
776
882
990
1132
1301
1453
1536
1574
1655
1828
2043
2177
2180
2126
2136
2251
2355
2318
2114
1858
1672
1567
1431
1148
747
335
-4
-269
-555
-919
-1334
-1714
-2000
-2216
-2415
-2639
-2863
-3022
-3091
-3103
-3096
-3092
-3084
-3048
-2955
-2813
-2660
-2525
-2418
-2306
-2144
-1939
-1722
-1525
-1364
-1223
-1070
-894
-729
-601
-518
-448
-357
-242
-125
-47
5
61
143
269
396
500
593
712
893
1119
1347
1536
1702
1918
2219
2555
2806
2916
2954
3037
3212
3367
3363
3172
2908
2713
2607
2481
2204
1782
1340
995
744
473
100
-341
-739
-1011
-1193
-1380
-1627
-1892
-2084
-2162
-2176
-2208
-2288
-2376
-2409
-2360
-2268
-2194
-2162
-2146
-2095
-1992
-1855
-1737
-1659
-1601
-1534
-1435
-1320
-1225
-1164
-1119
-1062
-973
-867
-767
-691
-635
-568
-469
-339
-206
-99
-10
106
287
522
768
976
1164
1400
1708
2056
2332
2473
2528
2606
2761
2909
2922
2758
2508
2301
2180
2067
1827
1449
1027
673
429
205
-98
-488
-873
-1157
-1326
-1452
-1629
-1852
-2042
-2135
-2127
-2102
-2124
-2181
-2209
-2153
-2031
-1907
-1832
-1801
-1757
-1648
-1498
-1358
-1263
-1196
-1121
-1020
-905
-806
-737
-682
-627
-562
-480
-400
-334
-284
-231
-155
-50
72
182
266
363
514
717
941
1147
1338
1560
1847
2175
2445
2607
2690
2775
2922
3064
3089
2959
2735
2533
2397
2277
2063
1717
1315
961
699
474
193
-163
-531
-827
-1014
-1145
-1305
-1504
-1685
-1778
-1775
-1747
-1752
-1797
-1815
-1755
-1636
-1519
-1449
-1411
-1355
-1252
-1114
-989
-905
-836
-756
-667
-572
-493
-449
-421
-387
-339
-281
-233
-201
-176
-138
-73
16
117
208
288
382
523
717
936
1145
1344
1568
1854
2177
2452
2617
2699
2783
2923
3064
3104
2992
2775
2559
2409
2286
2085
1754
1343
947
636
390
116
-231
-609
-942
-1172
-1317
-1458
-1631
-1812
-1928
-1957
-1936
-1921
-1944
-1959
-1916
-1816
-1695
-1604
-1546
-1483
-1386
-1253
-1118
-1007
-917
-833
-751
-667
-595
-545
-515
-488
-448
-405
-363
-329
-295
-250
-191
-111
-18
78
176
291
438
622
838
1058
1281
1534
1829
2136
2387
2538
2623
2708
2824
2926
2932
2788
2539
2289
2109
1960
1739
1398
964
550
231
-16
-274
-598
-964
-1294
-1521
-1660
-1773
-1900
-2031
-2116
-2123
-2074
-2018
-1979
-1942
-1871
-1753
-1616
-1491
-1384
-1284
-1166
-1031
-893
-771
-675
-592
-511
-435
-374
-326
-281
-238
-193
-155
-133
-111
-71
-16
48
118
189
267
365
498
665
862
1080
1303
1538
1811
2125
2435
2670
2809
2894
2985
3103
3196
3174
2991
2708
2433
2230
2055
1809
1437
979
533
171
-112
-391
-717
-1081
-1419
-1676
-1848
-1971
-2087
-2194
-2269
-2297
-2275
-2233
-2181
-2110
-2013
-1898
-1779
-1673
-1577
-1465
-1332
-1202
-1096
-1017
-951
-877
-787
-712
-675
-661
-648
-615
-576
-551
-552
-561
-550
-509
-434
-361
-292
-216
-119
22
206
419
646
883
1142
1441
1775
2081
2299
2427
2513
2615
2743
2827
2782
2590
2317
2055
1850
1663
1412
1061
641
231
-113
-400
-677
-968
-1264
-1536
-1753
-1912
-2028
-2107
-2144
-2144
-2119
-2085
-2045
-1973
-1847
-1685
-1520
-1385
-1281
-1179
-1045
-881
-724
-607
-538
-488
-423
-349
-289
-257
-255
-259
-250
-238
-240
-253
-268
-263
-227
-166
-104
-36
51
165
318
511
729
965
1222
1509
1837
2166
2441
2627
2734
2813
2903
2986
2998
2883
2650
2358
2081
1837
1581
1273
897
476
71
-291
-615
-916
-1195
-1456
-1687
-1884
-2049
-2166
-2224
-2224
-2182
-2130
-2086
-2037
-1953
-1823
-1646
-1459
-1310
-1203
-1098
-976
-829
-678
-559
-484
-440
-407
-376
-346
-327
-318
-310
-305
-305
-312
-316
-307
-277
-223
-158
-87
-5
94
232
414
629
875
1139
1426
1746
2085
2397
2639
2790
2871
2933
2999
3036
2982
2804
2523
2202
1899
1614
1314
971
580
166
-236
-621
-974
-1280
-1542
-1761
-1949
-2123
-2276
-2383
-2413
-2367
-2276
-2184
-2114
-2045
-1950
-1814
-1629
-1434
-1259
-1112
-986
-863
-743
-627
-518
-424
-351
-310
-297
-309
-322
-324
-310
-296
-297
-310
-329
-335
-315
-268
-200
-116
-16
112
276
479
717
988
1299
1651
2020
2360
2622
2792
2883
2942
3001
3045
3027
2897
2643
2318
1980
1654
1332
1002
643
252
-148
-555
-952
-1301
-1587
-1799
-1960
-2102
-2238
-2355
-2418
-2406
-2324
-2201
-2073
-1949
-1830
-1701
-1559
-1393
-1208
-1016
-822
-656
-534
-446
-379
-317
-252
-187
-153
-155
-182
-226
-257
-267
-271
-272
-273
-271
-254
-218
-165
-90
11
149
329
548
799
1083
1394
1737
2097
2430
2699
2880
2975
3016
3029
3016
2953
2813
2576
2259
1903
1524
1147
774
397
25
-352
-744
-1135
-1504
-1824
-2065
-2232
-2347
-2429
-2487
-2516
-2500
-2440
-2336
-2197
-2030
-1841
-1648
-1467
-1304
-1152
-993
-823
-652
-503
-388
-308
-254
-219
-199
-200
-221
-246
-270
-285
-293
-308
-330
-351
-361
-341
-274
-180
-66
70
225
408
633
897
1207
1563
1951
2341
2685
2938
3086
3150
3170
3166
3135
3049
2879
2612
2266
1865
1438
1004
584
188
-195
-573
-954
-1333
-1699
-2022
-2268
-2432
-2525
-2564
-2561
-2527
-2468
-2389
-2284
-2149
-1976
-1759
-1520
-1291
-1089
-923
-779
-639
-502
-372
-261
-175
-117
-84
-82
-112
-163
-221
-267
-293
-312
-329
-343
-359
-363
-340
-280
-181
-46
127
328
558
824
1123
1457
1825
2215
2594
2919
3147
3266
3300
3271
3201
3088
2925
2692
2392
2031
1609
1150
680
220
-211
-608
-982
-1335
-1671
-1980
-2246
-2454
-2606
-2691
-2705
-2657
-2558
-2431
-2296
-2157
-2002
-1820
-1614
-1380
-1139
-914
-713
-544
-412
-310
-231
-163
-106
-56
-23
-23
-52
-106
-170
-230
-281
-316
-331
-329
-312
-275
-221
-148
-41
103
284
504
766
1067
1413
1795
2190
2563
2876
3109
3247
3298
3280
3202
3082
2908
2678
2390
2039
1628
1175
699
228
-225
-645
-1030
-1394
-1733
-2035
-2295
-2496
-2640
-2732
-2762
-2727
-2631
-2489
-2321
-2144
-1962
-1766
-1553
-1326
-1095
-871
-653
-458
-296
-167
-76
-22
9
28
36
25
-4
-48
-104
-163
-221
-278
-327
-358
-360
-326
-265
-176
-57
92
276
497
755
1055
1400
1790
2205
2608
2950
3194
3329
3362
3316
3207
3045
2841
2596
2308
1973
1578
1133
653
153
-331
-783
-1192
-1546
-1854
-2119
-2341
-2518
-2649
-2730
-2755
-2721
-2629
-2489
-2311
-2110
-1898
-1679
-1454
-1234
-1023
-822
-631
-454
-296
-163
-66
-3
34
48
38
6
-41
-98
-157
-211
-261
-308
-355
-391
-401
-382
-325
-237
-112
59
271
521
803
1119
1469
1853
2260
2652
2997
3254
3406
3453
3403
3271
3069
2819
2532
2217
1867
1475
1034
553
51
-449
-933
-1383
-1782
-2113
-2371
-2565
-2701
-2794
-2845
-2849
-2805
-2715
-2582
-2415
-2220
-1993
-1741
-1477
-1217
-976
-754
-558
-382
-231
-111
-19
40
79
103
97
72
25
-42
-113
-184
-246
-298
-338
-356
-354
-314
-245
-150
-19
147
358
615
909
1256
1645
2060
2485
2876
3191
3407
3508
3496
3388
3202
2957
2668
2355
2018
1651
1254
813
338
-160
-666
-1152
-1605
-2003
-2329
-2572
-2732
-2821
-2856
-2844
-2801
-2723
-2618
-2487
-2324
-2129
-1903
-1646
-1369
-1092
-828
-592
-392
-230
-108
-22
31
65
78
75
60
25
-13
-63
-125
-190
-258
-316
-354
-370
-354
-304
-217
-91
69
270
507
785
1113
1478
1878
2301
2709
3072
3352
3522
3573
3505
3333
3080
2767
2416
2052
1680
1295
888
460
10
-460
-939
-1407
-1843
-2224
-2528
-2741
-2861
-2899
-2869
-2789
-2680
-2553
-2417
-2270
-2110
-1926
-1715
-1480
-1226
-960
-696
-458
-258
-105
-9
42
53
40
14
-23
-59
-91
-121
-150
-187
-235
-290
-345
-381
-394
-374
-311
-201
-39
177
445
757
1111
1497
1909
2331
2727
3071
3340
3515
3584
3547
3408
3176
2872
2524
2140
1736
1314
878
434
-20
-482
-945
-1399
-1828
-2206
-2517
-2752
-2902
-2966
-2946
-2864
-2733
-2569
-2396
-2223
-2050
-1871
-1677
-1470
-1240
-995
-752
-514
-299
-121
10
83
108
91
43
-21
-88
-149
-191
-210
-213
-211
-204
-199
-191
-174
-142
-86
2
138
333
597
921
1296
1713
2153
2588
2986
3314
3540
3651
3643
3529
3323
3041
2708
2343
1964
1577
1175
762
327
-130
-598
-1070
-1533
-1965
-2341
-2644
-2855
-2962
-2981
-2920
-2796
-2630
-2446
-2260
-2081
-1914
-1752
-1578
-1390
-1176
-943
-701
-455
-224
-33
109
185
198
156
78
-20
-122
-205
-260
-285
-281
-251
-210
-169
-131
-91
-47
16
111
250
451
718
1056
1453
1895
2358
2801
3191
3490
3666
3714
3629
3429
3142
2787
2398
1996
1599
1213
833
456
65
-350
-776
-1214
-1651
-2061
-2421
-2702
-2890
-2978
-2959
-2856
-2684
-2468
-2238
-2014
-1811
-1633
-1475
-1329
-1175
-1010
-828
-628
-419
-210
-25
120
210
235
201
117
4
-120
-235
-324
-378
-388
-360
-301
-227
-143
-56
34
130
246
397
600
869
1204
1605
2051
2511
2950
3322
3588
3724
3718
3567
3295
2928
2499
2049
1606
1187
799
444
113
-217
-557
-916
-1301
-1699
-2087
-2438
-2722
-2919
-3009
-2982
-2855
-2647
-2394
-2124
-1859
-1627
-1429
-1270
-1149
-1041
-929
-803
-648
-473
-287
-108
50
167
230
232
173
66
-61
-189
-297
-368
-396
-373
-299
-190
-58
87
234
390
556
740
959
1221
1530
1892
2289
2692
3066
3369
3567
3643
3580
3376
3053
2635
2159
1662
1177
721
308
-54
-381
-679
-960
-1248
-1549
-1858
-2161
-2438
-2667
-2832
-2916
-2905
-2803
-2623
-2383
-2106
-1822
-1550
-1305
-1103
-943
-819
-726
-647
-569
-489
-396
-296
-197
-106
-35
3
4
-33
-99
-182
-271
-348
-396
-408
-374
-295
-174
-8
190
412
666
942
1238
1557
1891
2232
2563
2865
3112
3276
3345
3300
3140
2878
2527
2111
1653
1183
720
279
-125
-494
-828
-1126
-1405
-1670
-1921
-2155
-2368
-2548
-2679
-2756
-2772
-2721
-2605
-2437
-2222
-1977
-1722
-1468
-1230
-1016
-828
-678
-558
-457
-376
-310
-252
-201
-152
-111
-73
-48
-39
-40
-53
-74
-93
-109
-117
-103
-62
11
124
274
468
711
995
1322
1679
2052
2425
2775
3067
3279
3401
3410
3304
3096
2794
2417
1995
1550
1104
675
277
-89
-428
-739
-1034
-1316
-1586
-1844
-2085
-2301
-2474
-2593
-2655
-2655
-2591
-2472
-2307
-2100
-1869
-1632
-1398
-1175
-968
-785
-629
-501
-401
-325
-266
-222
-190
-162
-134
-106
-73
-45
-23
-9
-2
9
12
15
29
60
117
208
348
534
771
1061
1398
1772
2162
2543
2881
3150
3334
3407
3364
3208
2951
2612
2212
1784
1342
914
516
153
-176
-474
-747
-1012
-1273
-1529
-1780
-2018
-2233
-2413
-2545
-2614
-2618
-2555
-2431
-2255
-2043
-1805
-1556
-1311
-1084
-886
-722
-586
-487
-419
-374
-342
-318
-292
-262
-226
-176
-119
-62
-14
25
47
55
55
48
45
55
95
178
310
500
748
1048
1390
1761
2138
2493
2797
3026
3158
3186
3101
2907
2620
2261
1855
1429
1007
610
242
-89
-382
-645
-890
-1124
-1357
-1584
-1808
-2021
-2216
-2382
-2497
-2562
-2568
-2510
-2394
-2222
-2007
-1760
-1500
-1240
-992
-775
-599
-455
-351
-289
-260
-250
-249
-245
-232
-203
-149
-84
-12
62
131
184
215
234
240
240
253
279
342
460
632
867
1156
1494
1864
2233
2578
2863
3060
3154
3127
2981
2722
2375
1968
1526
1084
665
285
-45
-322
-549
-740
-911
-1075
-1243
-1421
-1612
-1813
-2010
-2187
-2329
-2423
-2455
-2415
-2304
-2120
-1881
-1603
-1306
-1008
-731
-496
-315
-193
-132
-122
-151
-198
-248
-284
-287
-253
-179
-78
41
164
275
365
423
443
440
425
413
428
484
598
779
1030
1344
1704
2087
2455
2770
3007
3139
3153
3034
2795
2454
2036
1577
1110
660
254
-88
-365
-583
-749
-881
-997
-1118
-1253
-1407
-1582
-1772
-1965
-2140
-2280
-2368
-2387
-2330
-2196
-1988
-1723
-1422
-1105
-794
-515
-287
-120
-19
18
-3
-61
-139
-219
-279
-303
-286
-221
-117
8
139
265
372
449
492
508
506
503
517
566
668
831
1059
1347
1676
2023
2356
2633
2826
2913
2877
2713
2423
2034
1573
1073
576
110
-297
-628
-876
-1044
-1147
-1209
-1254
-1300
-1372
-1478
-1617
-1790
-1976
-2154
-2294
-2377
-2386
-2308
-2141
-1889
-1574
-1224
-861
-520
-228
1
147
208
197
124
10
-117
-230
-312
-344
-321
-242
-117
37
202
359
491
587
648
675
685
691
710
767
876
1046
1277
1554
1858
2160
2431
2643
2764
2774
2663
2433
2099
1682
1216
726
248
-187
-556
-842
-1046
-1178
-1250
-1283
-1302
-1329
-1384
-1470
-1593
-1744
-1903
-2046
-2147
-2191
-2158
-2035
-1828
-1550
-1218
-864
-512
-192
66
254
360
387
345
245
114
-22
-141
-222
-255
-234
-158
-37
119
289
453
599
716
799
852
883
909
947
1010
1120
1276
1472
1699
1939
2166
2353
2476
2509
2446
2283
2020
1674
1266
826
379
-49
-435
-762
-1022
-1214
-1344
-1421
-1467
-1500
-1536
-1590
-1662
-1752
-1857
-1956
-2027
-2058
-2028
-1927
-1752
-1502
-1200
-868
-527
-206
67
276
411
471
459
392
287
164
47
-49
-106
-119
-86
-9
101
228
360
486
597
684
751
798
835
879
935
1017
1127
1256
1407
1558
1695
1804
1859
1849
1762
1595
1356
1052
699
321
-64
-434
-775
-1072
-1317
-1511
-1661
-1770
-1853
-1916
-1970
-2020
-2070
-2117
-2151
-2167
-2155
-2103
-2006
-1862
-1669
-1436
-1177
-910
-651
-418
-222
-75
20
66
63
26
-29
-91
-143
-179
-189
-168
-112
-26
78
196
320
437
550
651
740
820
896
978
1071
1180
1298
1425
1554
1674
1770
1825
1833
1784
1671
1497
1269
996
692
372
52
-256
-537
-787
-1000
-1172
-1312
-1424
-1516
-1588
-1643
-1688
-1725
-1744
-1744
-1719
-1659
-1563
-1428
-1259
-1060
-838
-606
-381
-171
13
157
261
323
349
346
324
296
270
257
265
298
355
435
527
623
719
810
885
945
989
1024
1059
1100
1150
1216
1297
1394
1497
1590
1666
1712
1714
1660
1553
1383
1160
892
593
278
-39
-337
-613
-854
-1057
-1221
-1350
-1449
-1523
-1577
-1614
-1636
-1649
-1650
-1637
-1602
-1538
-1449
-1334
-1189
-1020
-830
-633
-437
-260
-108
18
107
157
169
152
108
55
7
-38
-61
-57
-25
35
117
216
322
431
531
627
705
772
837
899
968
1041
1121
1210
1299
1384
1449
1486
1485
1441
1345
1194
997
757
491
210
-76
-346
-599
-820
-994
-1135
-1231
-1290
-1316
-1314
-1296
-1256
-1197
-1130
-1047
-953
-849
-729
-600
-460
-316
-167
-22
114
234
337
418
476
510
522
511
489
461
428
399
374
361
362
372
398
433
476
527
581
638
696
756
820
884
948
1013
1074
1128
1168
1191
1184
1146
1077
970
828
659
466
253
29
-194
-413
-617
-805
-972
-1110
-1224
-1314
-1379
-1425
-1450
-1455
-1445
-1418
-1378
-1320
-1244
-1158
-1058
-947
-830
-709
-587
-472
-369
-275
-200
-146
-109
-89
-82
-84
-88
-92
-93
-79
-56
-25
20
70
128
190
251
315
376
439
499
558
618
681
746
807
863
912
950
966
954
917
846
741
605
444
259
60
-145
-344
-533
-704
-851
-978
-1077
-1146
-1193
-1215
-1218
-1200
-1166
-1118
-1054
-983
-900
-804
-706
-602
-498
-396
-295
-202
-115
-37
36
98
151
197
235
262
281
291
294
292
293
297
303
325
359
407
470
542
625
709
791
873
944
1005
1055
1088
1106
1109
1097
1067
1022
961
882
788
677
546
402
247
84
-82
-248
-404
-549
-678
-786
-871
-932
-966
-973
-957
-919
-865
-793
-712
-630
-542
-456
-379
-310
-251
-200
-159
-122
-90
-62
-33
3
41
79
121
166
209
248
283
315
343
365
388
417
450
491
541
605
683
768
858
945
1023
1091
1138
1160
1156
1124
1066
976
863
733
583
423
259
100
-53
-195
-324
-440
-542
-628
-699
-761
-810
-847
-875
-887
-889
-881
-862
-829
-785
-733
-670
-603
-531
-461
-398
-340
-294
-263
-243
-236
-240
-254
-277
-303
-323
-339
-347
-342
-324
-295
-257
-212
-164
-112
-64
-19
26
69
111
152
197
239
279
321
359
392
415
420
409
379
331
261
169
65
-48
-168
-284
-385
-475
-544
-589
-612
-613
-595
-562
-516
-461
-399
-335
-273
-213
-157
-106
-61
-23
12
40
61
82
103
123
142
160
178
190
200
207
206
198
181
163
142
123
112
110
122
149
189
242
308
385
467
547
624
695
750
788
810
814
800
773
730
675
615
550
485
426
368
317
271
236
208
187
172
165
160
158
156
155
150
148
149
148
149
152
160
171
182
191
197
199
196
182
159
127
83
32
-26
-85
-139
-191
-237
-276
-305
-327
-342
-352
-357
-354
-354
-348
-336
-323
-307
-288
-263
-237
-212
-190
-171
-147
-127
-116
-105
-97
-94
-94
-102
-115
-134
-156
-182
-212
-245
-279
-306
-330
-347
-359
-365
-369
-370
-368
-367
-371
-372
-373
-375
-376
-374
-372
-369
-365
-355
-343
-329
-313
-296
-278
-259
-241
-220
-199
-180
-159
-138
-118
-100
-79
-60
-35
-8
22
56
86
120
153
182
214
237
256
273
280
282
279
267
250
232
209
186
158
129
102
78
54
29
10
-9
-26
-37
-50
-61
-68
-74
-83
-92
-99
-104
-114
-121
-127
-132
-133
-136
-141
-143
-147
-152
-162
-175
-187
-201
-212
-218
-220
-217
-203
-185
-159
-129
-98
-65
-37
-8
17
33
49
62
74
91
105
119
134
149
166
182
196
203
211
216
216
215
210
201
195
185
172
157
143
130
116
106
100
98
98
100
104
109
113
108
97
82
62
37
8
-23
-53
-83
-111
-133
-152
-171
-185
-196
-202
-206
-210
-207
-203
-192
-178
-161
-139
-118
-93
-72
-52
-33
-15
0
11
21
34
44
57
71
84
101
115
127
136
139
138
131
118
106
91
73
60
50
40
33
33
39
49
60
72
82
94
102
107
109
109
105
98
91
84
74
65
56
52
48
41
35
27
21
17
6
-6
-19
-30
-40
-47
-56
-65
-70
-70
-64
-56
-48
-34
-17
1
20
41
59
75
91
105
116
120
120
118
115
110
104
98
92
88
90
95
98
105
110
115
119
119
120
117
113
114
109
102
100
95
95
98
98
105
114
120
130
139
146
152
151
144
134
117
94
69
41
15
-12
-33
-52
-67
-72
-76
-77
-76
-75
-77
-78
-79
-86
-92
-98
-104
-107
-109
-108
-105
-96
-88
-74
-61
-49
-37
-26
-16
-10
-4
-1
-3
-5
-9
-17
-26
-37
-53
-64
-74
-80
-82
-83
-80
-68
-57
-45
-33
-20
-9
-5
-6
-13
-21
-32
-48
-63
-74
-88
-96
-96
-95
-94
-91
-85
-80
-75
-78
-85
-94
-109
-128
-141
-156
-170
-178
-180
-176
-166
-152
-132
-107
-79
-51
-24
0
22
40
54
65
69
75
78
80
86
89
89
96
103
111
118
120
125
129
127
124
118
109
99
89
80
73
73
74
78
82
98
112
124
140
150
161
168
168
165
158
151
141
131
118
108
101
95
90
89
93
98
107
122
132
144
155
160
170
174
177
179
183
189
200
214
227
247
269
289
314
332
344
355
360
357
349
329
303
278
248
218
190
166
148
135
128
126
126
131
133
131
130
123
107
92
75
53
28
4
-24
-48
-66
-83
-95
-101
-103
-99
-94
-86
-80
-76
-72
-74
-81
-91
-106
-121
-134
-147
-157
-162
-165
-157
-146
-132
-117
-100
-82
-64
-45
-32
-25
-17
-15
-16
-19
-25
-36
-43
-50
-62
-67
-76
-85
-90
-93
-96
-103
-107
-113
-117
-126
-137
-146
-161
-175
-187
-203
-215
-224
-234
-240
-242
-239
-233
-228
-220
-212
-203
-194
-190
-184
-182
-183
-181
-183
-187
-191
-195
-194
-195
-192
-190
-183
-173
-168
-159
-146
-136
-125
-116
-108
-101
-96
-95
-92
-93
-92
-90
-87
-83
-79
-72
-68
-62
-56
-54
-51
-51
-52
-55
-61
-69
-80
-85
-98
-109
-115
-126
-131
-134
-134
-136
-135
-137
-137
-130
-128
-124
-121
-120
-117
-117
-113
-112
-109
-101
-97
-92
-86
-79
-70
-59
-50
-38
-22
-10
6
17
27
37
47
57
66
73
80
83
88
89
90
92
94
95
100
103
106
113
121
126
131
138
141
145
144
138
135
131
124
117
112
110
107
110
112
117
125
129
136
144
148
152
154
157
158
157
152
146
145
140
139
139
142
148
153
161
171
178
186
192
196
199
202
198
194
186
176
167
158
152
146
142
141
142
146
146
150
152
152
153
151
150
148
139
134
127
121
114
112
110
101
99
97
97
99
98
98
95
95
91
84
74
61
47
32
16
0
-15
-28
-40
-50
-60
-67
-72
-76
-76
-78
-84
-85
-89
-92
-101
-110
-119
-130
-139
-151
-162
-171
-174
-175
-171
-167
-162
-152
-145
-137
-128
-122
-116
-111
-111
-113
-119
-124
-132
-140
-147
-151
-149
-148
-145
-137
-130
-117
-105
-97
-92
-87
-86
-90
-96
-105
-115
-124
-133
-139
-145
-150
-148
-142
-136
-128
-120
-110
-99
-90
-77
-72
-71
-66
-67
-72
-78
-86
-93
-97
-100
-105
-103
-99
-94
-88
-83
-74
-63
-53
-41
-30
-19
-8
0
7
12
15
16
20
19
18
19
23
26
30
32
36
43
45
51
56
58
60
58
54
51
46
39
34
26
18
9
4
3
8
11
14
26
37
47
61
70
76
80
83
83
77
69
62
53
41
34
24
20
20
20
26
36
45
57
67
74
87
96
101
111
113
114
120
119
120
118
116
116
117
117
120
123
129
133
136
140
143
145
144
142
137
129
125
118
109
101
91
84
78
72
70
68
67
67
67
70
72
72
71
70
67
59
52
44
35
26
16
5
-1
-8
-10
-11
-11
-8
-3
-1
5
10
11
16
20
19
16
15
11
4
-5
-13
-20
-24
-26
-26
-27
-26
-23
-20
-16
-14
-11
-10
-8
-7
-8
-10
-14
-19
-23
-27
-31
-33
-36
-40
-45
-46
-49
-51
-51
-52
-54
-54
-54
-53
-51
-52
-52
-53
-54
-51
-52
-54
-53
-51
-50
-47
-44
-39
-34
-30
-26
-20
-16
-13
-11
-11
-9
-6
-7
-8
-9
-10
-9
-10
-14
-16
-15
-14
-13
-10
-7
-4
0
2
2
2
3
3
1
0
-3
-4
-7
-8
-6
-6
-5
-4
-2
0
-1
1
0
-1
1
1
3
4
6
9
9
9
11
13
14
16
17
16
17
17
19
21
21
21
21
26
31
34
38
42
45
48
50
55
59
62
65
68
71
68
70
68
65
64
60
56
55
52
50
48
46
42
40
38
35
34
30
29
30
28
27
24
21
20
16
12
9
3
-3
-8
-11
-16
-21
-24
-25
-28
-31
-32
-37
-39
-40
-39
-40
-41
-37
-38
-36
-30
-27
-24
-21
-17
-13
-10
-4
1
6
10
12
17
19
19
21
22
20
17
14
9
4
-1
-2
-10
-17
-20
-25
-33
-38
-40
-44
-46
-49
-52
-54
-56
-58
-59
-63
-64
-68
-73
-75
-75
-77
-77
-76
-74
-73
-73
-73
-73
-69
-68
-69
-68
-67
-67
-66
-61
-59
-58
-54
-51
-48
-43
-40
-37
-33
-29
-22
-17
-15
-7
-2
1
6
7
10
12
11
9
8
4
1
-1
-2
-3
-1
-2
-5
-6
-6
-8
-8
-8
-7
-4
-4
-4
-2
-1
-1
3
6
4
4
5
9
12
14
16
15
15
15
12
7
3
2
0
-3
-3
-1
0
2
4
8
11
15
19
22
24
30
32
33
35
38
39
38
40
41
44
44
45
46
43
42
41
38
34
31
29
23
18
13
9
4
-1
-2
-3
-8
-11
-12
-16
-19
-19
-22
-25
-24
-23
-26
-27
-27
-27
-25
-24
-22
-21
-19
-16
-15
-14
-12
-12
-15
-14
-10
-9
-7
-6
-5
-2
2
2
1
3
6
5
5
6
9
11
11
11
10
10
11
10
10
9
10
12
10
10
8
5
3
0
-8
-15
-17
-21
-24
-26
-29
-27
-31
-30
-32
-35
-33
-34
-37
-39
-40
-42
-40
-39
-42
-41
-39
-37
-31
-29
-27
-22
-23
-21
-17
-15
-12
-8
-6
-3
-4
-3
0
3
5
6
10
11
10
10
11
12
11
11
12
11
11
12
9
9
9
10
10
7
7
7
5
6
5
2
1
2
-3
-6
-7
-10
-13
-13
-13
-15
-21
-22
-24
-29
-30
-34
-37
-41
-45
-47
-47
-44
-41
-39
-35
-31
-29
-23
-17
-15
-14
-8
-4
0
6
8
12
19
24
27
32
36
39
41
40
41
39
39
40
37
36
35
32
31
29
27
27
26
27
29
28
28
29
28
27
26
26
26
25
25
27
26
25
24
22
23
22
20
20
17
14
9
10
7
5
7
4
3
3
2
4
3
3
5
8
8
10
14
17
25
27
30
35
40
44
46
50
52
51
51
53
51
51
51
51
49
46
44
42
38
36
34
29
27
29
27
25
26
27
26
24
21
20
18
20
22
22
23
22
24
24
23
22
21
19
16
13
8
5
2
0
-1
-3
-4
-3
-3
-7
-7
-8
-7
-5
-4
-4
-1
0
2
2
3
7
9
10
13
15
15
14
16
15
12
10
10
11
6
3
3
2
-1
-5
-6
-8
-9
-11
-11
-13
-16
-16
-16
-16
-17
-15
-14
-14
-13
-11
-10
-11
-11
-11
-13
-15
-12
-15
-16
-17
-20
-17
-20
-19
-17
-17
-16
-17
-17
-15
-17
-19
-18
-16
-18
-15
-13
-13
-12
-11
-12
-11
-10
-9
-9
-10
-11
-11
-14
-15
-13
-15
-14
-15
-15
-14
-14
-15
-15
-18
-20
-16
-18
-17
-17
-19
-18
-18
-17
-14
-15
-14
-11
-12
-12
-13
-13
-13
-12
-11
-11
-14
-16
-16
-17
-21
-20
-21
-21
-20
-22
-20
-16
-17
-15
-16
-15
-13
-11
-10
-12
-12
-12
-13
-9
-7
-7
-1
1
3
4
3
5
3
1
1
1
-1
-2
-2
-2
-2
-3
-3
1
5
3
0
3
2
0
0
-2
-4
-5
-6
-6
-5
-4
-1
-3
-4
-2
-3
-3
-3
-4
-4
-7
-8
-9
-8
-7
-5
-4
-4
0
0
4
8
6
7
7
6
7
5
2
4
3
5
8
8
10
10
9
9
10
10
6
6
5
1
-4
-3
-5
-7
-7
-7
-8
-6
-6
-6
-5
-5
-6
-4
-5
-6
-5
-6
-6
-3
-3
-3
-2
-2
0
1
0
-2
1
-1
-3
-2
-5
-5
-5
-7
-5
-5
-6
-4
-3
-4
-4
-1
0
1
0
-1
0
-1
-1
1
2
5
5
5
8
8
6
7
5
4
7
7
6
9
8
5
6
3
2
-1
-1
-2
-5
-4
-5
-5
-2
-3
-3
-4
-4
-7
-7
-7
-8
-8
-7
-7
-8
-6
-6
-6
-5
-5
-6
-5
-5
-4
-1
1
0
5
5
5
7
7
8
11
12
15
17
19
20
19
18
20
22
20
20
20
19
21
19
18
19
17
16
15
12
10
8
8
7
6
5
8
5
4
7
7
10
10
10
12
13
17
17
17
20
19
21
23
25
24
24
27
29
30
30
29
31
31
31
30
28
30
28
28
29
27
27
26
24
23
21
21
21
23
23
24
26
25
26
27
26
26
27
27
27
26
29
28
26
28
28
30
28
24
25
24
25
27
21
22
20
15
16
13
11
10
9
10
11
10
9
7
5
5
2
-2
-2
-3
-5
-5
-5
-6
-7
-5
-3
-5
-4
-4
-6
-5
-7
-10
-9
-6
-7
-6
-7
-8
-3
-4
-3
-4
-7
-4
-4
-5
-8
-9
-10
-11
-11
-12
-11
-12
-13
-12
-14
-15
-16
-15
-15
-17
-16
-18
-21
-22
-23
-23
-23
-24
-23
-19
-20
-22
-22
-24
-27
-25
-24
-24
-23
-26
-25
-28
-28
-24
-23
-21
-20
-22
-21
-20
-21
-20
-20
-19
-17
-15
-14
-15
-16
-15
-10
-9
-10
-10
-10
-11
-12
-10
-9
-12
-13
-12
-11
-10
-7
-7
-7
-8
-10
-9
-10
-9
-10
-9
-8
-7
-6
-5
-3
-3
-5
-4
-5
-4
-5
-4
-2
-7
-7
-9
-10
-8
-12
-9
-12
-17
-16
-16
-15
-17
-20
-19
-20
-20
-19
-21
-19
-19
-18
-17
-19
-19
-17
-16
-18
-18
-13
-13
-13
-11
-10
-7
-7
-7
-5
-6
-6
-5
-4
-2
-4
-4
-1
1
5
6
6
5
6
6
1
0
1
-1
1
3
2
1
4
7
6
6
6
5
8
7
9
10
7
9
10
15
17
15
17
15
16
18
16
19
17
19
18
16
18
16
16
16
14
16
17
14
14
14
13
11
11
10
9
10
8
7
7
7
7
9
10
8
10
9
6
7
7
5
3
6
8
8
10
9
7
7
5
6
8
6
5
8
7
7
11
9
8
8
7
6
9
8
6
6
6
5
9
10
8
8
5
5
6
7
6
3
3
1
0
3
2
0
1
-1
-3
0
1
-1
2
1
0
2
1
-2
-2
-2
-2
0
3
1
1
3
-1
0
-1
0
0
0
-1
-4
-5
-3
-3
-4
-7
-9
-9
-9
-9
-9
-9
-10
-13
-13
-13
-14
-16
-15
-15
-14
-11
-12
-10
-11
-11
-8
-8
-8
-4
-6
-8
-7
-5
-5
-4
-3
-6
-6
-4
-6
-6
-5
-5
-6
-7
-8
-8
-8
-8
-9
-9
-9
-10
-10
-11
-12
-10
-8
-7
-2
-1
-5
-5
-5
-7
-7
-4
-4
-7
-6
-8
-9
-5
-4
-6
-7
-8
-6
-8
-5
-3
-4
-4
-3
-4
-5
-5
-5
-4
-5
-5
-1
-3
-4
1
-1
-3
1
2
1
0
0
0
-1
1
2
2
4
3
2
3
3
3
2
1
2
0
0
2
1
1
2
3
3
-1
1
1
-1
0
3
4
4
3
1
0
0
1
1
1
3
2
1
1
2
6
6
6
7
5
5
5
4
4
2
4
2
1
3
3
3
4
3
3
2
0
-2
-3
-2
-3
-3
-2
-3
-4
-4
-5
-5
-5
-5
-6
-8
-8
-5
-7
-6
-5
-6
-5
-4
-5
-4
-1
-1
-1
-2
0
2
-3
-3
-3
-5
-5
-5
-8
-10
-9
-8
-7
-8
-8
-4
-6
-8
-7
-8
-8
-8
-9
-9
-9
-7
-7
-8
-3
0
-3
-1
0
-1
0
-2
-3
-1
0
2
1
2
4
4
7
7
5
6
4
4
5
4
2
1
1
-1
0
0
-1
-1
1
1
2
2
3
1
0
2
0
-1
-1
1
-1
-2
1
2
0
4
3
3
4
1
3
2
4
5
2
6
5
4
7
6
5
6
7
6
4
7
7
8
11
11
11
10
10
11
7
10
13
13
14
12
14
14
10
11
14
14
12
11
10
9
10
13
11
11
12
11
12
11
8
7
5
7
7
6
6
5
7
8
10
9
8
5
5
5
6
6
2
2
5
4
5
6
5
5
5
8
9
6
7
7
9
11
10
11
13
15
16
16
16
17
18
17
17
19
17
13
14
14
13
12
11
10
9
9
6
7
4
3
0
0
1
-1
-1
0
2
2
-1
0
-2
-2
0
0
-1
1
2
-1
2
2
0
-2
-2
1
1
0
-1
2
1
0
1
3
1
1
3
4
4
4
2
1
1
4
4
5
5
3
3
2
3
4
2
3
0
-2
-1
-3
-4
-4
-10
-9
-9
-11
-10
-12
-10
-8
-10
-9
-11
-14
-14
-15
-13
-15
-15
-12
-11
-12
-11
-9
-12
-11
-10
-11
-11
-12
-10
-10
-13
-12
-10
-9
-9
-9
-8
-9
-7
-8
-9
-6
-3
-4
-3
-3
-6
-5
-5
-4
-4
-6
-5
-5
-4
-3
-6
-7
-7
-8
-8
-9
-8
-5
-8
-7
-7
-9
-7
-8
-9
-8
-11
-9
-6
-8
-8
-9
-6
-7
-8
-4
-4
-6
-6
-5
-5
-6
-7
-6
-4
-2
-2
-4
-5
-6
-7
-7
-6
-5
-5
-5
-5
-4
-4
-7
-6
-1
0
0
1
1
3
3
3
3
2
5
5
5
7
8
6
4
7
9
6
6
7
5
3
4
5
3
5
6
4
6
8
5
4
4
4
3
2
0
-1
1
5
4
4
2
3
5
4
4
4
4
4
3
1
3
1
0
1
2
4
4
5
4
3
3
2
2
0
1
1
1
2
2
2
-1
-1
1
-1
0
-1
0
-2
-5
-3
-3
-5
-2
0
-2
-2
0
0
-2
-3
-3
-5
-5
-3
-5
-3
0
0
3
2
0
0
-1
-3
-3
-3
-3
-2
0
2
4
3
1
2
3
2
2
0
-2
-1
-1
1
2
3
3
4
2
0
0
0
0
1
4
5
4
2
3
2
1
2
-2
0
2
0
-1
0
-1
-3
-5
-6
-10
-8
-8
-8
-5
-5
-6
-6
-6
-10
-9
-9
-12
-12
-13
-12
-11
-11
-9
-8
-8
-7
-4
-4
-4
-1
0
-2
-1
1
3
3
4
3
3
5
6
6
5
5
6
5
4
2
4
3
0
2
1
2
2
3
4
2
0
0
-1
-4
-3
-3
-3
-2
0
-2
-2
-2
-1
-1
-3
-2
-3
-3
-2
1
0
-2
0
2
2
3
4
5
3
6
8
6
9
8
8
8
8
9
8
8
9
8
8
8
