-3
-4
-3
-1
-2
-2
-3
-4
-3
-2
1
0
1
4
1
0
2
0
-1
0
0
0
1
-2
-1
2
2
3
4
4
4
5
3
1
-1
-3
-1
-1
0
0
2
4
2
4
4
4
4
2
2
3
1
1
3
3
1
2
0
-1
0
0
2
0
-1
-1
-1
0
-1
0
0
-3
-2
-1
-3
-3
-5
-5
-3
-2
-4
-4
-4
-2
-1
-4
-4
-2
-3
-1
-4
-5
-7
-8
-5
-5
-6
-6
-5
-4
-3
-2
-2
-2
-2
-1
-2
0
2
0
0
3
4
4
5
6
6
6
8
6
2
3
4
3
2
1
1
0
2
-1
-3
-3
-2
-2
-3
0
-4
-3
-4
-5
-2
-2
0
0
-1
0
1
0
-1
-2
0
1
4
6
6
5
4
4
3
2
2
1
3
4
1
2
1
4
5
3
0
-2
2
4
2
0
0
2
0
0
-1
-2
-1
-1
-1
1
1
-1
-3
-1
-1
1
2
3
3
-1
0
0
-1
2
0
0
1
2
4
2
1
1
1
3
3
1
0
2
-2
-4
-4
-4
-3
-3
-3
-2
-4
-3
-1
-5
-3
-3
-5
-5
-3
-5
-4
-3
1
6
3
7
10
6
7
9
9
9
10
9
10
13
13
14
13
13
13
11
12
12
9
8
8
8
6
5
5
4
5
0
-2
-1
-2
0
-3
-4
-4
-6
-5
-6
-6
-6
-8
-7
-8
-9
-8
-6
-8
-9
-7
-7
-7
-7
-9
-9
-10
-7
-7
-11
-8
-8
-8
-7
-10
-8
-9
-9
-6
-9
-9
-10
-11
-9
-9
-8
-8
-8
-9
-10
-10
-10
-7
-7
-6
-3
-2
-2
2
2
2
4
2
1
3
5
4
5
4
7
11
10
12
10
9
13
15
16
14
12
11
10
10
11
9
8
8
8
6
6
7
6
6
5
4
3
1
0
1
0
0
2
1
2
2
-1
-1
-2
-4
-4
-4
-3
-4
-8
-6
-2
-5
-5
-8
-8
-4
-4
-4
-7
-10
-9
-7
-8
-8
-8
-8
-8
-5
-6
-7
-8
-6
-6
-9
-8
-6
-8
-5
-2
-3
-2
-2
0
1
0
4
4
3
3
3
4
4
5
7
7
10
9
6
7
8
8
6
7
7
5
6
7
9
7
7
7
4
3
4
2
-1
0
1
0
2
3
-2
-3
-3
-5
-4
-7
-10
-9
-9
-11
-8
-7
-8
-8
-8
-10
-9
-10
-10
-8
-6
-8
-9
-12
-8
-8
-9
-9
-10
-8
-9
-10
-10
-12
-11
-10
-12
-11
-10
-8
-8
-6
-6
-6
-7
-6
-5
-6
-5
-3
-2
2
2
3
1
4
6
3
3
4
4
6
9
8
9
12
14
14
13
12
12
13
14
13
12
12
13
14
13
11
16
16
15
16
15
14
12
14
11
12
14
13
12
11
11
11
9
7
8
7
5
5
5
5
5
7
4
5
7
4
2
5
3
3
2
0
3
0
-5
-3
-2
-7
-5
-5
-4
-2
-6
-9
-10
-11
-13
-13
-10
-9
-9
-8
-10
-8
-4
-5
-4
-4
-6
-7
-5
-6
-2
-1
-3
-1
0
0
-1
-2
-4
-3
-3
-5
-3
-2
-3
-2
-2
-3
-2
-2
-4
-4
-5
-5
-6
-7
-5
-3
-5
-4
-3
-4
-4
-2
-4
-1
-2
-5
-6
-4
-5
-3
-3
-3
0
-2
-3
-2
-1
0
-1
-3
-4
-5
-6
-5
-2
0
-2
-2
-3
-3
-2
-1
-1
0
2
1
2
4
4
3
4
6
7
9
6
7
7
5
7
8
10
11
10
11
13
13
14
16
15
15
15
12
8
6
9
10
9
8
11
11
9
9
8
5
3
4
3
-2
0
-2
-5
-2
-3
-4
-3
-4
-2
-6
-8
-9
-9
-10
-12
-10
-11
-9
-7
-9
-10
-6
-6
-7
-9
-9
-6
-7
-5
-4
-6
-6
-3
-3
-2
0
2
1
1
0
0
4
4
4
5
2
3
5
5
3
2
3
2
1
1
0
0
-1
0
1
-1
-2
1
2
0
-1
-1
-2
-4
-4
-2
-2
-4
-5
-3
-3
-5
-3
-3
-6
-6
-8
-8
-8
-6
-3
-3
-7
-8
-8
-7
-4
-4
-7
-10
-10
-9
-9
-9
-9
-7
-7
-8
-6
-5
-5
-4
-4
-5
-5
-2
-3
-1
1
3
5
3
5
7
6
6
6
7
6
6
7
7
6
6
7
7
6
8
7
8
8
9
7
9
10
8
8
7
7
7
3
6
6
5
2
1
3
-1
0
2
2
1
1
2
4
5
5
3
3
4
6
5
7
9
9
9
10
11
9
10
10
8
8
6
5
8
8
7
8
8
9
10
9
7
8
6
6
7
5
5
5
3
4
5
6
4
2
1
-1
-2
-2
-6
-7
-5
-4
-2
-3
-5
-5
-8
-7
-7
-9
-13
-15
-13
-12
-14
-12
-10
-11
-12
-11
-10
-13
-14
-14
-15
-15
-12
-12
-13
-8
-9
-11
-9
-9
-10
-8
-10
-9
-6
-6
-4
-3
-5
-5
-5
-4
-5
-5
-3
-3
-3
-2
-2
-1
-1
-1
0
3
1
1
2
1
4
4
3
3
1
1
3
6
7
5
4
5
6
5
4
5
4
5
4
5
6
5
6
8
10
8
7
6
3
2
2
0
-1
0
0
0
-2
0
1
-1
0
0
0
-3
-2
0
-2
-2
0
-1
-2
-2
-1
-1
-1
0
0
0
0
1
0
1
2
4
2
3
4
4
2
3
5
3
3
3
2
3
4
6
5
4
5
6
4
3
3
3
4
3
5
6
7
5
2
1
1
1
0
2
1
2
3
-1
-1
0
-1
-2
-2
-4
-6
-5
-8
-8
-7
-10
-12
-12
-13
-16
-14
-15
-14
-13
-11
-12
-11
-9
-11
-11
-13
-11
-7
-8
-5
-1
-3
-3
-2
-1
-2
-3
-2
-3
1
4
4
5
6
8
7
4
4
3
1
1
1
2
3
4
4
0
1
0
-1
0
-1
0
0
-2
-2
0
-3
-6
-6
-6
-8
-8
-6
-8
-9
-9
-11
-9
-11
-13
-10
-9
-7
-5
-6
-4
-4
-4
-5
-7
-4
-2
-4
1
1
1
5
6
4
8
6
6
8
8
8
11
11
10
11
13
13
11
12
12
14
16
18
18
16
15
15
15
14
14
12
13
17
15
16
17
14
15
16
14
10
11
8
7
6
8
8
4
3
2
2
-1
-1
-2
-5
-3
-4
-8
-11
-12
-13
-14
-14
-11
-11
-14
-12
-10
-13
-15
-13
-13
-13
-13
-14
-14
-13
-11
-10
-12
-11
-9
-12
-12
-8
-7
-8
-4
-4
-5
-3
-4
-4
-2
0
1
1
2
2
2
3
1
2
0
1
1
-3
0
3
0
4
7
6
3
2
2
0
0
-1
1
2
2
4
3
2
4
3
2
1
0
-1
-2
-1
0
-2
-3
-1
2
3
3
3
3
1
0
-1
-3
-1
-2
-2
0
2
3
6
8
8
5
5
5
5
4
5
4
6
9
8
10
10
8
9
10
7
4
4
4
2
1
1
0
-1
1
2
3
2
1
2
-2
0
-1
-3
-2
-2
-2
-3
-2
-1
-1
-3
-3
-2
-4
-7
-9
-9
-8
-7
-7
-5
-6
-7
-8
-9
-7
-7
-9
-8
-9
-9
-7
-7
-8
-7
-5
-8
-8
-8
-8
-8
-7
-5
-2
1
-1
0
1
1
2
4
5
5
6
7
9
7
8
8
9
11
11
10
9
7
8
8
8
9
8
8
9
8
8
11
10
12
11
10
9
8
6
5
7
5
6
5
6
4
1
2
0
1
2
3
2
0
-1
0
1
1
0
0
2
-1
-2
-2
-1
-1
-2
-3
-1
0
-1
-3
-1
-3
-2
-2
-1
-1
-1
-1
-1
-3
-3
-2
-2
-4
-3
-4
-4
-4
-5
-4
-6
-4
-5
-7
-6
-5
-6
-7
-8
-8
-6
-4
-2
-3
-3
-4
-5
-6
-7
-7
-6
-5
-2
-1
-3
-3
-2
-4
-4
-4
-5
-7
-6
-4
-8
-7
-6
-7
-7
-5
-7
-6
-5
-6
-8
-6
-6
-7
-8
-8
-6
-8
-8
-7
-5
-2
-2
-4
-2
-4
-5
-7
-7
-5
-6
-6
-5
-2
-3
-3
-2
-3
-4
-3
-4
-4
-2
-4
-5
-4
-3
-3
-3
-2
0
3
2
3
4
3
2
5
4
5
7
7
7
11
11
10
11
11
11
12
11
10
10
11
11
11
10
10
11
10
12
10
8
7
8
8
6
7
11
10
11
11
9
8
8
9
9
10
11
14
13
12
15
15
14
15
14
14
15
15
15
17
17
16
16
17
18
16
16
16
17
15
15
15
17
17
17
19
20
18
15
16
17
16
15
13
15
18
16
16
17
16
14
13
13
11
9
9
7
4
6
6
3
4
5
2
1
2
2
0
-1
0
-1
-2
-6
-6
-4
-4
-1
1
1
1
-2
-5
-5
-3
-7
-8
-7
-6
-5
-2
-3
-4
-1
-1
-3
0
-3
-6
-9
-12
-11
-10
-12
-12
-8
-7
-7
-7
-10
-14
-13
-11
-14
-15
-14
-15
-13
-13
-12
-10
-11
-10
-9
-10
-10
-13
-13
-12
-14
-13
-12
-13
-13
-13
-13
-13
-11
-10
-11
-9
-10
-10
-7
-7
-8
-4
-3
-5
-4
-4
-2
1
1
4
1
2
4
4
3
2
2
1
1
2
1
0
2
4
3
7
6
4
4
4
5
6
8
9
12
13
15
16
16
13
12
12
13
12
13
12
11
11
12
11
9
7
8
8
7
6
6
5
3
5
7
3
3
6
4
4
4
2
2
4
1
1
1
-1
-2
2
1
2
3
1
1
0
0
-2
-5
-3
-4
-5
-4
-3
-3
-4
-5
-4
-5
-6
-9
-9
-10
-10
-9
-8
-8
-8
-6
-9
-9
-8
-10
-9
-11
-12
-11
-9
-10
-10
-6
-6
-7
-4
-7
-7
-5
-8
-9
-11
-10
-9
-12
-9
-8
-6
-7
-5
-8
-9
-8
-11
-10
-10
-10
-10
-6
-2
-5
-4
-4
-5
-6
-6
-4
-6
-6
-2
-1
-2
0
0
-1
2
2
3
2
1
2
1
1
2
0
2
6
6
4
5
8
8
10
12
12
13
12
10
11
13
11
8
8
8
10
10
9
9
10
10
10
9
6
5
9
8
5
5
8
7
6
7
9
6
5
4
1
1
1
2
1
2
0
0
-1
-2
-3
-3
-4
-6
-8
-10
-11
-11
-11
-11
-9
-11
-12
-13
-14
-13
-15
-16
-15
-14
-15
-13
-13
-13
-12
-11
-12
-12
-12
-12
-13
-13
-11
-9
-7
-5
-4
-6
-4
-2
-2
-3
-1
0
0
1
2
1
2
3
4
3
4
5
5
5
6
6
5
8
7
7
7
7
8
9
7
8
6
8
9
9
9
8
6
4
4
4
3
3
2
1
-2
-2
-1
-3
-5
-7
-8
-9
-10
-10
-11
-12
-12
-14
-15
-16
-18
-18
-18
-19
-20
-18
-19
-20
-18
-17
-17
-16
-17
-18
-15
-16
-15
-14
-16
-18
-16
-14
-14
-13
-11
-12
-9
-10
-9
-6
-10
-8
-5
-4
-2
-3
-2
-2
-2
0
2
-1
-2
-1
-3
-4
-3
-5
-5
-4
-5
-6
-4
-7
-8
-8
-9
-9
-8
-8
-10
-12
-13
-14
-15
-17
-19
-17
-17
-20
-22
-22
-23
-22
-24
-24
-21
-23
-24
-24
-25
-23
-21
-23
-20
-19
-19
-17
-17
-14
-13
-10
-5
-6
-5
-2
0
1
2
4
7
9
12
14
16
18
21
24
27
27
28
33
31
35
38
37
42
41
45
47
47
51
53
53
51
52
51
48
49
48
47
48
46
46
44
44
41
41
39
35
32
26
24
20
16
14
9
2
-1
-2
-2
-4
-9
-12
-17
-18
-18
-22
-24
-23
-25
-24
-24
-25
-26
-27
-26
-27
-27
-24
-22
-20
-18
-17
-13
-12
-11
-8
-4
0
2
5
9
11
13
14
15
20
23
27
31
32
34
35
36
33
34
37
38
40
40
37
36
37
36
38
39
36
35
35
35
34
32
29
29
28
25
22
19
19
16
12
10
8
7
7
5
4
3
2
-3
-1
1
-2
-5
-6
-5
-5
-6
-5
-4
-4
-4
-5
-5
-3
-3
-5
-6
-4
-5
-7
-9
-11
-11
-12
-13
-12
-10
-8
-8
-10
-9
-9
-8
-7
-7
-7
-7
-9
-12
-14
-15
-15
-16
-15
-13
-16
-16
-17
-19
-18
-18
-17
-19
-19
-17
-17
-17
-17
-17
-15
-14
-14
-11
-11
-11
-10
-9
-6
-4
-3
-1
2
5
5
7
9
9
12
14
17
20
21
24
24
25
30
29
28
30
29
31
29
27
31
28
26
26
21
17
14
9
6
3
0
-4
-8
-12
-16
-21
-24
-25
-29
-31
-33
-34
-39
-43
-45
-49
-49
-48
-49
-49
-49
-48
-47
-45
-45
-44
-38
-34
-34
-31
-28
-24
-19
-16
-13
-9
-2
3
8
13
18
24
28
32
38
42
47
52
55
57
59
60
62
63
62
61
62
62
62
58
53
52
51
44
36
31
27
20
12
5
-2
-9
-16
-23
-33
-40
-46
-54
-62
-69
-77
-85
-90
-93
-99
-100
-103
-108
-109
-112
-116
-117
-118
-114
-112
-107
-100
-94
-86
-80
-75
-67
-59
-49
-36
-28
-14
0
12
24
38
51
59
71
82
90
98
107
115
123
132
135
137
139
141
141
137
132
128
117
108
100
83
69
58
40
25
9
-9
-22
-41
-61
-78
-96
-113
-124
-136
-150
-160
-166
-176
-183
-187
-191
-194
-193
-192
-191
-187
-179
-172
-160
-151
-141
-125
-111
-95
-81
-65
-48
-27
-7
13
38
62
85
110
134
153
174
196
214
231
246
259
273
282
284
287
286
278
269
259
246
227
209
189
168
145
123
99
71
45
20
-7
-31
-54
-77
-101
-124
-145
-164
-182
-200
-213
-223
-236
-244
-247
-254
-259
-259
-259
-259
-254
-249
-244
-234
-223
-209
-193
-177
-156
-138
-116
-90
-62
-34
-7
25
59
90
122
157
186
214
240
263
283
298
312
323
326
329
327
321
311
301
288
271
252
230
210
186
165
144
123
101
79
56
32
11
-12
-32
-52
-73
-91
-111
-131
-146
-162
-182
-200
-214
-226
-240
-253
-264
-275
-279
-284
-287
-290
-289
-286
-283
-277
-267
-254
-245
-230
-212
-197
-177
-156
-132
-107
-82
-57
-34
-12
13
35
56
76
95
112
131
145
158
169
179
187
196
202
207
211
213
213
213
212
208
204
197
191
184
176
167
155
142
129
115
100
83
67
53
37
21
3
-13
-29
-46
-59
-72
-86
-96
-106
-119
-132
-138
-145
-151
-158
-160
-163
-164
-164
-165
-161
-159
-155
-151
-146
-138
-128
-116
-107
-93
-77
-66
-52
-37
-23
-9
4
20
34
46
60
71
80
88
97
105
108
111
114
115
115
114
113
112
107
104
100
93
88
83
77
70
62
55
48
37
29
22
13
4
-6
-17
-27
-34
-43
-51
-59
-66
-73
-80
-88
-94
-99
-105
-108
-106
-108
-107
-103
-102
-99
-94
-89
-82
-72
-62
-55
-47
-38
-28
-19
-7
6
18
30
36
47
57
65
70
77
83
89
92
95
101
103
103
105
106
106
104
100
99
96
91
85
82
80
74
68
61
52
44
35
23
14
1
-12
-20
-29
-38
-45
-53
-60
-66
-70
-78
-84
-86
-88
-91
-93
-93
-93
-92
-92
-91
-89
-89
-85
-83
-77
-72
-66
-60
-54
-46
-39
-33
-23
-14
-7
3
16
23
32
42
49
56
63
69
76
80
86
91
94
100
103
107
110
109
110
109
105
102
97
95
94
89
83
81
76
67
65
57
47
42
31
22
13
5
0
-7
-15
-21
-25
-31
-39
-44
-49
-55
-57
-60
-63
-63
-63
-65
-65
-62
-61
-56
-53
-52
-50
-50
-44
-41
-35
-26
-21
-15
-10
-4
3
8
11
14
18
23
23
27
32
36
40
42
47
51
51
54
56
56
56
59
57
54
55
52
50
48
47
46
42
38
30
22
21
14
8
3
-4
-8
-12
-23
-31
-39
-45
-50
-58
-64
-68
-72
-74
-76
-80
-83
-84
-83
-86
-88
-85
-84
-80
-73
-70
-70
-64
-60
-57
-52
-50
-45
-36
-30
-19
-13
-7
1
8
16
22
27
34
42
49
58
63
66
74
81
86
92
92
95
100
99
100
97
93
90
87
86
79
71
63
56
51
39
27
15
4
-6
-15
-25
-37
-45
-54
-66
-74
-83
-90
-96
-100
-103
-106
-112
-117
-116
-115
-116
-114
-111
-105
-101
-94
-87
-78
-71
-65
-57
-46
-36
-24
-9
3
14
27
41
53
62
73
84
95
103
115
126
134
142
147
153
156
157
159
161
163
164
158
153
148
138
128
119
105
93
81
63
49
33
17
1
-17
-36
-54
-71
-91
-109
-124
-139
-153
-167
-177
-190
-200
-206
-213
-217
-220
-223
-220
-217
-214
-206
-199
-190
-179
-167
-152
-139
-127
-109
-93
-78
-56
-38
-17
4
20
41
60
80
101
120
141
160
175
193
208
222
235
246
257
262
264
266
264
259
254
245
234
223
205
183
162
139
112
87
60
31
4
-26
-57
-85
-112
-141
-166
-188
-212
-232
-253
-269
-282
-296
-305
-313
-316
-319
-322
-319
-314
-306
-295
-284
-271
-258
-239
-220
-200
-176
-154
-129
-101
-73
-45
-16
18
48
80
112
142
173
204
232
262
291
318
343
365
384
405
419
428
437
440
440
439
431
419
400
379
357
331
304
273
236
199
161
122
81
40
-3
-47
-86
-128
-167
-204
-240
-272
-303
-334
-361
-383
-400
-412
-424
-433
-438
-443
-444
-442
-436
-427
-419
-405
-387
-370
-351
-328
-303
-278
-250
-219
-186
-153
-120
-84
-47
-11
27
65
102
138
174
209
242
272
303
333
360
389
409
428
449
464
476
481
484
483
476
466
456
442
420
393
364
337
305
267
231
192
152
113
70
25
-19
-62
-103
-143
-186
-226
-261
-296
-327
-358
-387
-410
-428
-446
-459
-468
-476
-478
-480
-476
-467
-458
-445
-429
-407
-385
-361
-334
-304
-272
-238
-204
-167
-128
-88
-47
-7
33
73
112
151
189
224
258
292
322
349
375
397
418
437
451
463
471
479
482
482
476
465
453
438
422
403
376
348
320
290
257
221
183
145
108
68
29
-10
-49
-88
-123
-156
-189
-225
-255
-279
-305
-328
-347
-366
-381
-394
-403
-412
-418
-419
-423
-421
-417
-415
-407
-399
-389
-378
-366
-351
-332
-311
-292
-268
-243
-218
-193
-167
-142
-118
-89
-61
-35
-6
19
50
78
107
135
160
187
211
238
264
287
307
328
348
366
385
400
412
420
427
434
437
436
434
429
422
410
398
382
362
339
316
290
261
233
200
170
139
109
77
44
9
-22
-54
-86
-117
-144
-173
-201
-225
-250
-276
-299
-320
-338
-355
-370
-380
-394
-404
-409
-417
-418
-420
-420
-411
-405
-396
-384
-369
-350
-332
-309
-288
-265
-239
-212
-186
-157
-123
-91
-59
-24
7
40
76
108
140
169
196
227
254
283
310
334
362
382
403
419
429
442
450
454
456
454
449
442
432
420
400
378
357
331
304
274
240
207
176
142
110
74
37
2
-32
-65
-99
-130
-160
-190
-217
-243
-268
-293
-314
-334
-352
-370
-385
-398
-410
-420
-427
-429
-434
-434
-430
-426
-419
-409
-395
-380
-362
-341
-321
-298
-273
-246
-216
-186
-156
-121
-88
-55
-18
19
54
89
125
159
190
225
255
285
316
342
368
391
411
433
449
464
472
478
481
481
482
475
464
451
435
416
393
364
335
305
270
236
200
163
124
86
48
10
-28
-64
-99
-132
-163
-194
-225
-250
-271
-293
-311
-329
-345
-362
-373
-384
-395
-402
-406
-410
-411
-409
-406
-398
-389
-379
-366
-353
-340
-323
-302
-280
-256
-231
-204
-175
-145
-118
-87
-58
-29
4
32
61
88
116
142
166
189
214
234
257
276
295
309
322
340
354
366
379
389
397
401
404
405
400
396
388
376
360
345
327
303
279
258
230
200
172
140
109
78
47
12
-20
-51
-81
-113
-141
-169
-197
-222
-242
-263
-284
-300
-321
-338
-355
-366
-378
-391
-397
-403
-407
-407
-408
-403
-398
-390
-379
-368
-352
-335
-317
-293
-268
-240
-215
-188
-156
-126
-95
-61
-28
4
33
64
96
124
151
178
203
227
253
277
298
316
336
351
365
378
390
398
407
412
416
416
412
408
401
390
378
361
341
320
296
269
239
210
177
141
110
76
40
6
-29
-62
-94
-124
-154
-183
-208
-233
-257
-278
-298
-317
-330
-345
-360
-373
-380
-384
-386
-389
-388
-383
-378
-369
-358
-347
-332
-314
-296
-277
-254
-230
-207
-182
-154
-128
-99
-72
-43
-15
11
39
66
90
113
133
153
173
190
208
227
246
260
275
288
296
304
311
316
319
326
328
329
327
321
316
312
303
290
278
261
242
222
202
177
150
122
97
72
47
21
-6
-29
-52
-75
-99
-123
-146
-166
-186
-205
-220
-238
-253
-266
-282
-295
-303
-308
-315
-319
-322
-321
-316
-314
-309
-298
-288
-277
-266
-253
-234
-216
-193
-171
-149
-125
-103
-80
-55
-30
-7
17
44
66
89
113
132
153
172
188
207
221
237
256
271
284
296
304
313
322
329
334
336
334
334
329
319
308
296
281
264
247
227
204
181
155
127
100
71
40
12
-15
-43
-69
-96
-119
-144
-170
-193
-217
-235
-251
-268
-283
-294
-306
-316
-328
-336
-339
-340
-340
-336
-333
-335
-340
-341
-336
-322
-306
-284
-258
-230
-201
-170
-136
-101
-64
-32
-2
24
50
77
101
124
145
162
181
200
219
235
246
256
264
273
279
283
286
291
294
291
292
291
291
290
284
274
263
250
238
226
211
196
180
164
148
128
106
83
58
28
-8
-42
-72
-102
-130
-157
-181
-201
-221
-240
-256
-270
-286
-300
-310
-318
-318
-320
-322
-320
-317
-311
-308
-299
-289
-276
-260
-246
-232
-217
-199
-178
-157
-138
-123
-111
-95
-69
-40
-9
19
42
56
59
63
83
119
161
191
209
232
263
295
325
351
376
386
385
387
397
409
411
400
381
367
358
349
336
319
299
264
224
189
159
128
84
32
-22
-73
-122
-168
-213
-258
-304
-346
-383
-409
-426
-441
-459
-478
-488
-485
-476
-458
-439
-420
-406
-388
-360
-321
-281
-242
-209
-179
-142
-104
-62
-22
16
50
73
96
120
145
176
201
219
237
254
270
286
304
321
337
352
368
383
395
411
423
435
445
450
451
450
443
436
420
400
378
347
308
265
221
177
134
89
41
-10
-64
-116
-166
-213
-253
-293
-337
-379
-416
-448
-477
-498
-515
-529
-540
-545
-549
-548
-538
-528
-517
-501
-482
-457
-430
-401
-371
-337
-299
-255
-209
-160
-115
-76
-37
7
53
94
124
137
142
152
177
214
256
292
313
327
352
395
451
505
540
552
546
545
561
589
612
614
589
552
524
509
503
491
457
399
332
277
233
197
150
87
12
-64
-125
-169
-206
-249
-308
-371
-423
-456
-476
-496
-522
-551
-581
-597
-596
-590
-583
-585
-591
-592
-578
-554
-526
-498
-483
-466
-445
-419
-379
-336
-294
-250
-211
-168
-125
-78
-25
30
83
132
175
214
250
289
330
377
425
470
513
545
576
616
656
701
736
757
766
761
755
748
736
715
678
621
555
484
419
359
300
231
150
64
-22
-94
-159
-218
-277
-343
-403
-455
-496
-530
-554
-572
-587
-596
-605
-609
-609
-607
-601
-589
-577
-564
-554
-547
-539
-529
-515
-493
-464
-445
-428
-411
-391
-358
-318
-274
-235
-196
-159
-121
-69
-6
61
128
183
228
275
332
395
461
526
579
621
658
696
743
793
839
873
890
890
881
872
860
840
809
755
684
609
529
449
372
294
207
115
19
-73
-156
-232
-300
-362
-425
-483
-535
-580
-612
-628
-632
-632
-634
-640
-648
-650
-646
-629
-608
-595
-592
-595
-592
-576
-549
-524
-502
-484
-471
-452
-428
-391
-351
-315
-283
-252
-214
-165
-111
-58
-2
52
106
162
221
278
334
388
443
498
554
605
653
705
752
800
841
873
896
898
891
880
863
840
799
740
665
586
505
431
355
269
175
76
-30
-129
-213
-289
-366
-440
-511
-579
-628
-656
-672
-683
-690
-699
-706
-703
-691
-678
-663
-646
-638
-633
-620
-599
-573
-546
-518
-497
-476
-452
-424
-394
-363
-328
-300
-267
-225
-182
-133
-79
-25
32
89
148
205
258
311
367
425
486
545
605
659
715
777
836
891
936
967
982
991
990
977
949
910
855
788
710
624
535
442
349
252
141
29
-80
-179
-266
-346
-424
-502
-578
-638
-683
-712
-730
-739
-752
-762
-762
-755
-736
-715
-698
-686
-672
-655
-628
-596
-570
-544
-525
-506
-475
-443
-411
-376
-351
-325
-295
-260
-218
-172
-125
-80
-34
13
69
132
194
254
311
366
427
494
562
627
686
744
803
868
933
983
1011
1021
1030
1037
1031
1011
968
898
815
729
643
559
465
353
229
101
-19
-116
-210
-302
-399
-498
-583
-649
-699
-729
-753
-776
-800
-817
-822
-817
-802
-784
-767
-758
-749
-733
-709
-675
-636
-604
-574
-542
-508
-471
-435
-398
-361
-323
-280
-241
-203
-161
-120
-71
-18
37
89
140
188
240
295
358
427
495
556
620
685
751
829
903
968
1021
1057
1083
1101
1109
1104
1082
1043
978
895
800
707
613
514
412
293
159
31
-85
-187
-283
-377
-475
-568
-643
-698
-730
-751
-772
-797
-815
-821
-813
-794
-773
-755
-741
-728
-709
-680
-640
-601
-569
-544
-520
-491
-456
-420
-390
-358
-331
-295
-257
-222
-181
-135
-85
-32
15
64
111
157
208
263
319
375
435
500
564
629
699
779
860
929
981
1015
1040
1062
1077
1077
1055
1011
946
868
788
704
615
519
406
278
144
14
-103
-209
-307
-407
-508
-599
-674
-729
-766
-794
-816
-829
-841
-848
-848
-836
-813
-788
-765
-748
-729
-702
-668
-626
-583
-547
-514
-485
-461
-433
-404
-374
-344
-317
-289
-261
-223
-176
-124
-65
-11
43
95
150
212
279
348
418
491
564
630
701
776
850
929
1003
1061
1099
1118
1132
1134
1125
1094
1043
974
890
800
707
613
518
407
278
145
20
-96
-200
-297
-396
-492
-581
-654
-707
-743
-768
-791
-812
-829
-837
-835
-824
-804
-788
-771
-756
-739
-714
-682
-644
-608
-577
-550
-523
-490
-453
-419
-387
-354
-323
-288
-251
-211
-161
-106
-51
6
59
113
171
233
297
363
432
501
567
626
689
761
837
919
989
1039
1067
1085
1107
1121
1120
1097
1047
977
895
807
717
627
528
411
280
148
26
-84
-183
-279
-383
-483
-572
-644
-696
-736
-767
-797
-826
-848
-865
-868
-859
-845
-827
-811
-799
-787
-762
-724
-683
-642
-609
-573
-532
-499
-463
-417
-370
-321
-274
-236
-199
-154
-101
-40
23
80
127
171
217
276
341
409
477
531
577
632
696
771
847
914
965
995
1013
1034
1058
1074
1068
1037
985
916
840
763
681
596
494
371
240
109
-9
-116
-215
-315
-417
-515
-598
-662
-712
-754
-783
-808
-835
-856
-874
-880
-870
-850
-830
-821
-810
-794
-767
-727
-685
-645
-614
-585
-552
-521
-478
-431
-389
-348
-312
-274
-234
-182
-125
-69
-15
36
86
137
192
251
313
381
445
506
567
635
707
782
860
931
988
1026
1059
1092
1118
1129
1118
1088
1041
979
906
826
744
651
549
431
300
172
54
-47
-144
-244
-346
-449
-532
-597
-647
-685
-722
-755
-787
-812
-827
-830
-823
-809
-797
-790
-784
-771
-742
-705
-668
-636
-605
-575
-544
-512
-472
-427
-382
-338
-299
-263
-223
-170
-110
-53
3
56
104
153
207
266
327
393
455
513
572
627
687
759
834
899
946
978
1000
1020
1040
1049
1039
1011
968
903
830
760
685
606
514
403
280
162
58
-38
-126
-218
-315
-408
-494
-564
-615
-658
-693
-725
-763
-798
-820
-831
-824
-813
-809
-808
-809
-795
-771
-740
-706
-674
-648
-618
-586
-552
-510
-460
-415
-372
-333
-289
-238
-181
-120
-60
-3
53
107
164
220
275
337
397
454
508
558
608
669
738
803
855
898
932
955
973
989
998
988
959
913
853
787
718
646
570
479
376
259
146
46
-47
-132
-221
-315
-410
-491
-551
-602
-642
-681
-717
-747
-775
-796
-801
-797
-787
-778
-775
-772
-764
-740
-706
-675
-643
-616
-592
-559
-520
-477
-428
-379
-333
-287
-247
-203
-153
-95
-35
20
70
112
154
207
267
326
379
429
477
527
579
634
695
756
809
855
888
911
935
958
971
970
945
912
874
826
764
693
621
545
456
358
255
156
65
-23
-109
-197
-286
-368
-437
-494
-545
-586
-619
-650
-682
-715
-734
-740
-738
-734
-735
-742
-743
-734
-713
-686
-662
-640
-618
-592
-562
-531
-494
-448
-407
-372
-341
-301
-251
-199
-151
-106
-56
-8
40
90
141
199
253
302
356
413
464
515
576
639
695
742
781
823
860
880
895
908
909
892
857
813
763
710
646
572
495
409
313
213
121
37
-45
-128
-211
-287
-356
-417
-468
-505
-539
-573
-601
-626
-644
-658
-669
-666
-662
-661
-666
-666
-656
-641
-622
-597
-568
-542
-520
-494
-456
-414
-374
-333
-293
-255
-219
-175
-121
-65
-17
23
60
104
146
187
238
285
328
361
394
439
487
530
568
609
653
689
715
737
756
774
785
783
769
746
717
685
642
588
527
465
401
328
251
170
95
23
-47
-116
-185
-252
-313
-363
-412
-463
-512
-555
-596
-632
-664
-695
-716
-729
-733
-736
-734
-731
-720
-697
-663
-626
-594
-561
-525
-484
-441
-393
-340
-294
-251
-214
-171
-121
-67
-16
26
61
93
131
173
213
253
292
325
352
385
429
478
522
557
592
631
670
700
724
745
757
765
764
754
736
705
664
622
573
512
446
379
310
236
154
72
2
-60
-124
-192
-265
-331
-377
-414
-452
-495
-542
-585
-615
-636
-657
-675
-689
-702
-702
-697
-687
-668
-640
-601
-564
-529
-496
-456
-405
-357
-317
-276
-235
-195
-154
-110
-64
-15
28
68
113
156
196
233
269
306
340
367
389
408
427
450
476
504
531
564
600
634
663
691
721
744
759
747
725
704
672
627
566
492
417
341
255
165
82
5
-63
-128
-202
-283
-360
-427
-486
-550
-635
-740
-838
-915
-975
-1020
-1066
-1102
-1110
-1087
-1037
-962
-874
-772
-665
-564
-463
-359
-261
-172
-104
-64
-36
-7
29
59
69
68
73
91
125
155
189
225
265
323
392
464
535
617
701
780
855
931
1014
1096
1155
1181
1184
1190
1195
1187
1147
1066
962
859
762
658
531
378
214
58
-86
-225
-366
-502
-619
-726
-822
-900
-957
-988
-1005
-1018
-1030
-1029
-1006
-966
-922
-886
-858
-822
-770
-713
-672
-653
-643
-628
-605
-586
-579
-579
-578
-568
-542
-507
-458
-408
-363
-308
-230
-131
-16
97
204
307
416
544
691
842
986
1112
1225
1332
1450
1585
1714
1788
1785
1739
1705
1709
1688
1580
1387
1165
971
812
641
421
168
-84
-302
-484
-655
-825
-985
-1118
-1219
-1303
-1363
-1388
-1378
-1351
-1333
-1316
-1265
-1168
-1054
-967
-914
-858
-770
-662
-571
-523
-504
-477
-431
-383
-359
-368
-379
-367
-343
-328
-330
-326
-291
-239
-187
-143
-87
3
115
228
345
480
649
837
1008
1158
1307
1485
1689
1860
1942
1945
1941
1980
2022
1980
1817
1585
1367
1196
1029
805
509
192
-93
-327
-530
-742
-963
-1159
-1314
-1427
-1509
-1569
-1600
-1597
-1573
-1532
-1467
-1372
-1254
-1146
-1045
-944
-830
-698
-582
-503
-451
-401
-336
-280
-254
-263
-286
-297
-294
-293
-306
-335
-352
-340
-306
-264
-221
-173
-105
-9
112
253
409
578
754
923
1099
1294
1512
1730
1889
1960
1981
2020
2103
2151
2080
1885
1644
1443
1290
1118
859
515
158
-142
-367
-570
-803
-1068
-1309
-1476
-1572
-1633
-1687
-1731
-1754
-1733
-1661
-1554
-1433
-1325
-1222
-1116
-985
-833
-685
-570
-493
-435
-364
-281
-213
-184
-195
-213
-215
-201
-192
-209
-248
-273
-264
-232
-194
-164
-136
-85
-6
104
246
401
562
716
874
1057
1277
1520
1738
1868
1911
1932
2001
2093
2128
2024
1797
1558
1376
1229
1048
769
417
71
-206
-419
-622
-856
-1110
-1337
-1493
-1581
-1631
-1664
-1694
-1707
-1676
-1597
-1480
-1356
-1250
-1148
-1031
-890
-734
-589
-479
-397
-323
-244
-170
-120
-103
-108
-113
-116
-122
-137
-169
-197
-207
-200
-180
-164
-143
-114
-57
34
158
301
438
573
717
889
1094
1327
1559
1736
1826
1859
1907
2007
2101
2081
1907
1649
1422
1277
1158
963
649
269
-63
-281
-427
-608
-864
-1140
-1352
-1463
-1509
-1549
-1612
-1674
-1689
-1642
-1548
-1437
-1343
-1256
-1158
-1038
-901
-758
-629
-522
-436
-358
-275
-194
-128
-96
-92
-95
-92
-83
-78
-94
-114
-127
-122
-101
-75
-50
-18
27
105
219
355
494
630
763
918
1112
1340
1565
1724
1784
1793
1838
1947
2032
1988
1791
1528
1320
1201
1093
889
555
167
-152
-348
-487
-667
-931
-1214
-1421
-1520
-1550
-1578
-1642
-1720
-1757
-1712
-1605
-1490
-1403
-1332
-1238
-1103
-937
-775
-638
-528
-429
-324
-218
-128
-63
-25
-7
6
14
21
26
25
13
-5
-12
-1
23
52
79
109
165
260
382
508
630
748
888
1073
1296
1507
1648
1699
1717
1775
1878
1940
1875
1678
1431
1240
1124
1007
796
459
87
-206
-383
-516
-702
-966
-1241
-1435
-1515
-1527
-1546
-1613
-1689
-1716
-1658
-1537
-1416
-1329
-1265
-1180
-1052
-889
-725
-588
-481
-382
-280
-179
-87
-13
30
53
62
60
61
64
56
41
21
3
7
32
68
100
132
184
275
404
542
663
775
905
1087
1314
1528
1659
1694
1702
1760
1862
1918
1841
1627
1375
1187
1076
955
729
390
29
-249
-418
-548
-725
-975
-1238
-1422
-1497
-1499
-1506
-1567
-1651
-1684
-1627
-1500
-1364
-1274
-1222
-1157
-1032
-856
-680
-549
-460
-381
-286
-175
-66
7
44
59
64
73
83
92
97
88
63
45
49
82
135
176
200
232
302
423
567
698
798
894
1036
1232
1443
1593
1646
1640
1655
1725
1787
1763
1610
1376
1150
983
853
683
415
69
-255
-483
-630
-769
-960
-1196
-1410
-1532
-1563
-1557
-1570
-1619
-1656
-1632
-1537
-1410
-1291
-1200
-1117
-1011
-871
-716
-571
-447
-340
-248
-161
-79
-4
57
98
119
116
97
83
89
102
101
79
53
53
87
140
191
230
274
348
465
608
738
849
963
1112
1297
1469
1579
1612
1615
1636
1678
1690
1612
1436
1210
1000
839
690
485
200
-116
-388
-584
-733
-888
-1082
-1284
-1438
-1520
-1545
-1557
-1577
-1599
-1591
-1536
-1444
-1343
-1243
-1143
-1036
-911
-782
-654
-530
-417
-309
-213
-141
-80
-25
23
64
79
61
38
31
42
62
65
43
21
25
69
136
194
232
270
348
471
608
729
827
933
1076
1246
1394
1478
1498
1493
1511
1544
1539
1448
1268
1050
860
715
571
367
98
-185
-430
-611
-761
-919
-1097
-1275
-1413
-1496
-1540
-1567
-1589
-1593
-1571
-1519
-1449
-1376
-1296
-1195
-1072
-943
-824
-726
-632
-526
-406
-295
-208
-156
-121
-76
-24
14
26
22
16
27
50
62
58
51
67
110
163
212
248
293
376
486
601
703
798
907
1055
1225
1361
1431
1447
1452
1488
1534
1529
1429
1250
1052
888
759
610
401
142
-124
-350
-525
-682
-846
-1024
-1189
-1309
-1382
-1428
-1464
-1482
-1471
-1430
-1362
-1291
-1215
-1127
-1013
-877
-736
-611
-502
-388
-259
-123
-8
81
151
215
284
344
380
392
394
402
426
449
452
437
427
440
481
527
559
587
634
718
826
940
1044
1144
1270
1428
1597
1733
1805
1830
1846
1879
1913
1896
1801
1635
1435
1256
1102
937
736
492
237
1
-200
-379
-555
-723
-872
-996
-1094
-1176
-1229
-1253
-1240
-1196
-1144
-1092
-1039
-965
-857
-729
-606
-500
-407
-313
-209
-104
-12
52
99
141
177
203
206
189
175
176
187
190
173
150
137
146
178
215
245
273
320
398
502
612
718
823
947
1101
1261
1387
1458
1483
1494
1512
1529
1499
1399
1233
1035
849
678
499
297
68
-173
-409
-621
-813
-992
-1145
-1272
-1382
-1473
-1547
-1594
-1601
-1571
-1513
-1449
-1388
-1324
-1241
-1137
-1024
-911
-807
-715
-625
-541
-466
-405
-356
-309
-265
-229
-211
-214
-226
-231
-215
-187
-168
-161
-165
-161
-130
-85
-27
32
90
160
251
363
484
603
731
877
1045
1201
1310
1368
1384
1388
1397
1393
1346
1231
1060
864
673
492
306
106
-109
-331
-544
-744
-931
-1093
-1229
-1339
-1423
-1485
-1532
-1562
-1561
-1529
-1468
-1383
-1296
-1210
-1119
-1022
-913
-799
-686
-574
-473
-386
-313
-251
-196
-140
-90
-48
-31
-37
-51
-59
-53
-35
-23
-23
-34
-41
-24
11
57
110
174
253
354
467
586
715
857
1022
1199
1349
1452
1500
1506
1508
1508
1486
1419
1292
1116
914
708
508
297
76
-153
-381
-598
-806
-1009
-1192
-1347
-1462
-1536
-1589
-1625
-1649
-1645
-1606
-1530
-1435
-1334
-1233
-1132
-1022
-901
-781
-663
-551
-450
-360
-278
-213
-167
-132
-97
-71
-62
-72
-93
-107
-107
-95
-84
-79
-79
-69
-38
8
67
141
235
344
464
592
729
876
1039
1218
1392
1522
1596
1624
1620
1606
1579
1526
1427
1273
1081
871
658
442
215
-15
-243
-461
-668
-872
-1069
-1237
-1373
-1467
-1525
-1561
-1581
-1581
-1552
-1492
-1410
-1313
-1213
-1104
-987
-867
-744
-626
-517
-415
-312
-220
-146
-93
-58
-31
-9
-2
-9
-33
-63
-79
-81
-81
-77
-79
-76
-53
-13
45
119
213
327
459
602
754
913
1088
1276
1461
1618
1724
1773
1783
1766
1725
1660
1551
1403
1215
998
769
527
276
25
-215
-439
-651
-851
-1044
-1214
-1347
-1441
-1499
-1530
-1535
-1508
-1456
-1380
-1290
-1195
-1090
-976
-849
-718
-596
-486
-390
-299
-208
-125
-65
-27
-6
11
22
24
16
-11
-42
-65
-78
-77
-72
-64
-49
-19
29
90
167
261
373
506
652
813
982
1158
1342
1522
1672
1775
1829
1838
1816
1764
1684
1571
1418
1235
1033
807
566
316
62
-179
-402
-610
-803
-984
-1141
-1267
-1365
-1435
-1474
-1478
-1452
-1396
-1318
-1226
-1128
-1025
-909
-785
-658
-528
-407
-289
-181
-84
1
62
104
133
157
169
170
157
132
104
77
56
39
24
22
29
58
105
165
234
323
430
555
703
866
1039
1225
1418
1601
1750
1848
1890
1888
1856
1790
1691
1560
1397
1204
989
752
495
226
-42
-303
-544
-768
-968
-1139
-1284
-1399
-1486
-1546
-1573
-1564
-1522
-1448
-1352
-1246
-1131
-1010
-887
-761
-632
-508
-388
-274
-168
-76
-1
48
73
79
78
61
35
-1
-43
-79
-112
-136
-156
-177
-187
-180
-150
-95
-22
66
170
296
440
600
777
965
1162
1363
1546
1695
1788
1825
1813
1766
1682
1563
1415
1237
1044
831
593
339
70
-205
-469
-714
-935
-1131
-1293
-1425
-1524
-1586
-1626
-1639
-1621
-1572
-1486
-1375
-1255
-1126
-996
-862
-723
-588
-454
-327
-209
-103
-11
60
109
139
152
145
121
83
36
-9
-49
-78
-100
-118
-132
-133
-118
-85
-37
32
121
234
370
522
690
874
1067
1273
1474
1646
1777
1850
1869
1844
1777
1668
1522
1343
1145
931
703
457
190
-85
-360
-622
-866
-1086
-1279
-1439
-1554
-1631
-1672
-1685
-1671
-1629
-1554
-1447
-1323
-1188
-1049
-908
-763
-617
-475
-344
-220
-107
-10
71
129
166
184
186
171
139
94
38
-17
-62
-98
-130
-153
-161
-153
-129
-88
-27
51
152
280
427
590
773
971
1184
1403
1607
1775
1891
1951
1957
1913
1821
1678
1502
1298
1079
848
603
346
77
-200
-478
-744
-991
-1216
-1404
-1555
-1661
-1723
-1746
-1736
-1697
-1626
-1531
-1416
-1284
-1144
-1000
-847
-691
-538
-386
-239
-107
9
104
176
220
249
256
244
218
174
125
69
9
-43
-89
-125
-150
-159
-156
-130
-81
-10
89
211
353
515
692
887
1099
1322
1538
1725
1867
1956
1987
1959
1874
1736
1558
1352
1127
896
651
398
143
-120
-380
-641
-895
-1130
-1338
-1507
-1633
-1716
-1754
-1754
-1718
-1650
-1556
-1445
-1322
-1198
-1071
-938
-806
-673
-539
-404
-270
-143
-30
60
126
164
184
186
164
127
81
35
-8
-48
-78
-102
-119
-122
-113
-86
-45
14
98
208
339
491
659
844
1050
1263
1476
1669
1819
1919
1963
1946
1871
1739
1560
1350
1123
888
648
404
159
-91
-342
-591
-839
-1080
-1300
-1493
-1645
-1750
-1813
-1829
-1799
-1732
-1637
-1521
-1392
-1260
-1131
-1003
-873
-745
-618
-481
-345
-213
-87
21
114
182
229
247
234
201
148
87
33
-19
-63
-91
-104
-99
-81
-51
-5
51
125
220
337
480
643
831
1040
1261
1485
1692
1863
1976
2027
2010
1926
1784
1592
1365
1122
869
615
369
128
-113
-348
-586
-823
-1058
-1282
-1483
-1652
-1773
-1851
-1877
-1848
-1774
-1666
-1534
-1391
-1244
-1104
-969
-843
-726
-612
-500
-377
-248
-121
2
109
198
264
294
291
261
206
139
75
17
-27
-50
-52
-29
14
66
126
193
266
351
450
566
707
869
1059
1266
1483
1692
1867
1989
2049
2030
1935
1774
1555
1301
1035
769
512
270
42
-172
-379
-585
-793
-1009
-1220
-1422
-1600
-1740
-1838
-1879
-1864
-1799
-1687
-1540
-1374
-1206
-1043
-894
-764
-652
-554
-459
-368
-272
-166
-54
56
157
237
294
314
300
256
186
105
27
-41
-87
-103
-92
-51
11
88
178
274
375
487
605
737
890
1064
1259
1461
1659
1836
1966
2039
2041
1960
1810
1593
1329
1040
742
449
175
-73
-296
-500
-691
-873
-1056
-1238
-1413
-1579
-1723
-1830
-1891
-1897
-1850
-1750
-1605
-1429
-1237
-1043
-864
-707
-578
-473
-388
-310
-242
-175
-97
-16
68
151
215
261
277
265
229
172
99
25
-40
-80
-92
-72
-17
65
173
302
442
587
737
889
1045
1209
1374
1533
1678
1796
1884
1926
1911
1834
1691
1495
1252
975
684
387
100
-165
-407
-619
-804
-974
-1127
-1270
-1401
-1522
-1626
-1712
-1766
-1779
-1747
-1668
-1553
-1405
-1231
-1048
-866
-699
-553
-432
-335
-255
-187
-130
-83
-36
15
63
108
145
173
185
182
164
125
78
36
-2
-18
-5
34
106
207
333
488
653
830
1013
1193
1368
1528
1662
1766
1832
1859
1835
1762
1638
1467
1259
1016
760
497
232
-29
-273
-498
-703
-884
-1046
-1186
-1307
-1413
-1501
-1567
-1609
-1622
-1604
-1550
-1463
-1344
-1204
-1049
-888
-734
-588
-462
-358
-272
-206
-152
-106
-64
-29
3
29
52
72
84
89
89
79
67
51
38
32
42
72
124
201
303
430
579
742
912
1086
1262
1428
1572
1692
1772
1809
1799
1737
1625
1466
1269
1042
801
549
297
59
-166
-374
-564
-740
-901
-1049
-1183
-1302
-1408
-1495
-1560
-1598
-1606
-1583
-1524
-1430
-1312
-1166
-1013
-858
-703
-561
-437
-334
-251
-185
-136
-94
-57
-23
9
41
69
93
111
124
130
131
128
128
130
135
155
191
248
331
440
573
730
899
1076
1258
1430
1584
1706
1784
1811
1782
1704
1575
1402
1192
960
715
465
223
-5
-222
-424
-605
-773
-931
-1076
-1210
-1327
-1429
-1510
-1567
-1595
-1591
-1555
-1488
-1396
-1277
-1142
-997
-851
-714
-587
-472
-369
-284
-213
-156
-115
-82
-52
-26
-3
22
49
76
105
129
151
170
184
204
228
257
301
359
430
520
635
768
913
1072
1236
1392
1534
1647
1722
1749
1721
1638
1505
1324
1111
878
631
385
151
-65
-262
-433
-588
-726
-849
-964
-1070
-1173
-1264
-1344
-1410
-1453
-1466
-1450
-1403
-1321
-1215
-1094
-954
-811
-674
-547
-431
-334
-257
-196
-153
-123
-102
-85
-67
-49
-22
10
47
87
127
166
202
234
262
285
312
347
393
457
538
644
768
909
1067
1225
1374
1505
1603
1658
1662
1611
1507
1353
1157
937
699
460
227
7
-191
-365
-517
-650
-770
-879
-985
-1084
-1180
-1270
-1346
-1409
-1450
-1461
-1444
-1391
-1306
-1198
-1065
-917
-766
-616
-476
-354
-254
-174
-116
-79
-54
-39
-35
-32
-23
-6
18
53
90
129
173
213
249
283
312
341
375
417
477
552
651
774
917
1069
1224
1368
1485
1568
1605
1589
1518
1394
1223
1012
776
527
282
48
-167
-348
-504
-634
-744
-835
-911
-980
-1050
-1118
-1185
-1245
-1291
-1323
-1332
-1317
-1268
-1190
-1083
-954
-812
-662
-512
-372
-256
-162
-91
-47
-23
-19
-23
-29
-34
-28
-9
23
69
129
195
261
329
387
440
483
518
554
595
642
703
780
881
997
1128
1259
1377
1473
1528
1538
1494
1392
1239
1041
810
561
305
54
-176
-374
-541
-672
-771
-851
-910
-956
-1004
-1048
-1095
-1149
-1201
-1249
-1286
-1302
-1295
-1254
-1185
-1085
-955
-805
-644
-483
-334
-201
-96
-22
22
34
28
12
-10
-26
-29
-16
18
73
140
221
307
390
464
525
572
606
634
661
693
740
800
882
979
1089
1201
1301
1378
1419
1413
1347
1227
1054
835
589
327
64
-183
-403
-588
-731
-832
-898
-939
-964
-983
-1002
-1026
-1061
-1100
-1143
-1184
-1210
-1218
-1194
-1142
-1055
-931
-782
-610
-433
-259
-104
23
114
168
182
162
123
70
21
-18
-37
-26
10
71
156
250
348
447
530
602
657
695
726
753
784
829
886
961
1051
1145
1232
1301
1341
1337
1285
1183
1027
825
590
333
73
-179
-407
-599
-755
-867
-940
-981
-999
-1006
-1009
-1018
-1034
-1060
-1098
-1135
-1167
-1181
-1171
-1132
-1057
-950
-812
-651
-479
-303
-140
0
112
180
213
208
172
123
68
17
-14
-20
5
60
142
243
352
461
563
652
720
770
811
842
875
911
954
1004
1061
1124
1179
1219
1235
1213
1151
1048
898
712
494
253
10
-227
-448
-640
-800
-921
-1007
-1064
-1097
-1117
-1129
-1144
-1159
-1176
-1193
-1205
-1207
-1189
-1149
-1080
-981
-856
-705
-539
-368
-202
-52
73
166
224
251
249
225
191
154
122
99
100
125
172
242
324
417
514
607
696
771
832
884
926
964
998
1034
1069
1100
1123
1134
1123
1082
1010
904
768
601
409
206
-5
-212
-408
-584
-735
-866
-969
-1047
-1105
-1150
-1184
-1204
-1219
-1228
-1228
-1219
-1194
-1156
-1093
-1006
-895
-762
-616
-459
-301
-157
-27
84
164
216
246
255
250
235
223
220
226
247
277
321
379
438
503
571
637
698
753
806
853
900
942
979
1014
1041
1057
1057
1036
990
922
829
710
567
410
239
60
-116
-288
-449
-593
-723
-838
-935
-1016
-1084
-1141
-1184
-1216
-1236
-1242
-1233
-1202
-1154
-1084
-992
-884
-757
-620
-476
-335
-202
-81
25
111
178
225
256
274
278
282
284
290
306
331
366
409
463
519
575
629
680
730
773
811
852
889
919
947
965
972
966
941
897
832
741
632
505
363
213
56
-103
-258
-406
-545
-668
-775
-872
-951
-1010
-1056
-1087
-1102
-1105
-1090
-1058
-1009
-945
-867
-776
-679
-575
-465
-361
-265
-174
-92
-21
37
86
128
162
197
227
256
283
312
341
371
404
436
471
509
550
595
637
682
727
772
814
850
876
893
895
879
843
788
712
614
502
376
239
92
-54
-194
-328
-450
-560
-658
-739
-807
-861
-908
-943
-970
-988
-994
-987
-966
-928
-875
-804
-717
-620
-512
-400
-293
-192
-101
-27
31
73
99
114
127
137
149
170
202
241
293
352
414
476
536
583
624
657
678
693
705
719
733
746
760
773
776
772
751
710
649
567
464
339
199
51
-104
-252
-392
-518
-623
-707
-773
-820
-849
-867
-875
-872
-861
-845
-820
-788
-751
-706
-651
-587
-514
-436
-351
-267
-186
-110
-39
18
65
103
129
148
159
168
176
190
209
235
274
316
364
417
471
526
577
619
655
683
704
720
724
719
710
691
662
627
578
515
441
346
241
124
-2
-132
-266
-396
-516
-625
-721
-797
-854
-890
-904
-898
-874
-834
-781
-715
-646
-572
-493
-418
-348
-277
-220
-168
-125
-91
-59
-32
-6
19
44
69
95
119
144
167
187
205
218
229
240
253
270
290
315
352
398
447
502
555
602
645
673
681
671
642
593
523
431
327
210
86
-40
-168
-289
-402
-505
-594
-665
-721
-760
-778
-781
-769
-742
-706
-661
-605
-544
-482
-416
-352
-287
-222
-162
-102
-45
6
53
96
133
159
178
187
186
181
166
147
127
108
88
75
70
75
93
123
161
210
261
313
363
408
442
468
477
468
447
409
358
294
222
140
59
-24
-103
-174
-238
-297
-343
-384
-416
-441
-461
-472
-476
-477
-472
-456
-432
-405
-366
-317
-263
-203
-141
-77
-15
43
90
125
153
166
171
166
156
144
124
110
100
92
89
89
93
103
113
124
132
139
149
154
158
163
166
171
176
177
180
177
168
152
128
101
62
16
-30
-79
-124
-166
-205
-237
-258
-271
-274
-271
-261
-245
-224
-199
-174
-152
-130
-109
-88
-70
-55
-37
-19
0
21
40
62
86
107
123
137
147
151
151
146
142
139
132
126
122
124
124
130
138
141
146
153
154
155
149
136
119
100
72
40
8
-29
-63
-93
-121
-147
-166
-179
-187
-188
-185
-177
-166
-154
-135
-118
-101
-83
-65
-45
-25
-8
13
33
54
78
96
115
131
138
143
141
134
127
113
97
86
77
69
63
60
58
60
67
72
77
82
89
96
103
110
113
114
110
102
93
78
60
41
16
-11
-36
-60
-85
-105
-118
-128
-135
-136
-135
-133
-127
-120
-110
-95
-78
-54
-28
-1
29
61
92
120
149
173
191
209
218
221
222
216
204
187
169
154
135
116
96
75
59
41
22
5
-7
-16
-25
-29
-32
-30
-24
-19
-12
-6
-3
2
0
-1
0
1
-3
-6
-10
-11
-13
-15
-15
-17
-24
-35
-45
-57
-68
-74
-79
-78
-68
-52
-30
1
36
71
105
136
159
177
186
183
177
161
143
129
112
98
93
89
88
88
86
85
81
71
60
45
25
4
-19
-41
-61
-79
-92
-101
-104
-102
-97
-88
-74
-60
-46
-30
-18
-12
-8
-5
-10
-16
-24
-33
-39
-42
-39
-33
-21
-4
17
34
48
62
67
67
63
55
46
37
32
30
31
38
49
62
72
82
91
93
94
90
83
76
70
67
62
61
63
65
66
63
58
48
34
16
-11
-40
-68
-92
-114
-131
-145
-151
-153
-150
-146
-142
-137
-136
-133
-133
-130
-123
-112
-99
-81
-59
-37
-17
4
18
30
41
47
49
47
40
34
26
21
18
15
14
15
16
20
24
26
28
24
19
15
9
5
5
3
3
6
10
16
21
28
33
35
34
28
14
-5
-27
-55
-86
-116
-145
-170
-188
-203
-211
-213
-210
-202
-193
-181
-167
-155
-147
-140
-133
-128
-121
-114
-106
-93
-74
-50
-22
4
34
59
75
81
85
81
70
56
37
20
5
-8
-13
-13
-9
0
11
21
29
34
34
29
19
4
-18
-39
-60
-79
-91
-94
-93
-84
-70
-54
-37
-23
-9
-2
-2
-8
-19
-38
-57
-76
-94
-110
-120
-121
-118
-111
-102
-88
-74
-58
-47
-41
-32
-25
-24
-23
-21
-22
-19
-14
-10
0
8
17
31
39
50
60
70
78
81
80
74
66
58
47
36
23
9
-3
-15
-24
-33
-40
-40
-40
-36
-29
-21
-11
-3
7
14
23
29
32
35
36
34
34
31
26
23
21
16
10
6
1
-4
-5
-9
-10
-8
-5
-2
0
1
2
7
10
10
11
11
13
15
19
23
30
42
57
72
87
97
106
116
119
115
105
88
67
47
21
1
-14
-27
-28
-25
-18
-3
17
38
53
63
71
69
60
43
20
-3
-24
-42
-55
-59
-56
-45
-23
0
28
54
79
99
107
107
99
81
55
28
-2
-30
-47
-60
-62
-54
-35
-11
19
50
78
101
114
120
114
99
80
51
21
-8
-35
-53
-59
-58
-47
-32
-10
17
42
65
83
93
95
88
72
51
29
1
-22
-38
-53
-59
-56
-48
-38
-19
1
23
41
53
61
63
61
53
39
21
5
-12
-25
-32
-34
-29
-21
-5
14
32
48
63
73
79
81
75
60
41
18
-6
-30
-52
-68
-78
-82
-79
-68
-55
-32
-10
9
28
40
52
56
53
44
33
19
5
-8
-18
-22
-20
-10
2
19
38
55
70
81
81
73
62
44
21
-6
-33
-59
-81
-94
-100
-100
-92
-80
-59
-38
-16
4
20
31
35
35
31
18
8
-2
-16
-25
-32
-37
-37
-37
-34
-26
-20
-13
-7
-6
-7
-11
-16
-22
-31
-38
-44
-47
-43
-38
-27
-13
5
21
37
55
69
78
84
87
85
77
65
49
32
16
2
-12
-24
-33
-42
-47
-48
-50
-51
-48
-46
-43
-41
-39
-36
-34
-32
-29
-24
-19
-14
-8
0
7
12
21
28
29
34
36
35
32
27
21
11
2
-6
-16
-24
-28
-31
-28
-26
-20
-10
-3
8
19
26
35
41
41
44
44
41
39
33
31
25
24
24
22
21
22
23
25
25
24
23
19
14
6
-2
-10
-18
-27
-36
-39
-41
-43
-40
-37
-31
-23
-15
-8
-1
6
9
14
20
21
25
25
28
26
26
30
29
28
28
26
25
25
24
20
16
14
9
6
3
0
-4
-6
-8
-12
-12
-12
-9
-5
0
5
10
13
19
23
26
28
25
24
24
22
18
13
8
3
-3
-7
-11
-16
-18
-22
-26
-27
-27
-28
-30
-29
-28
-27
-21
-17
-11
-4
4
12
22
32
38
43
52
56
57
60
55
50
48
43
36
27
19
13
3
-5
-9
-15
-24
-30
-33
-34
-33
-30
-26
-23
-20
-13
-8
-6
-4
-3
-3
-3
-5
-4
-8
-14
-16
-19
-19
-19
-18
-17
-17
-15
-13
-12
-11
-13
-16
-15
-19
-22
-20
-21
-21
-18
-14
-9
-5
1
8
13
17
23
27
30
29
29
25
20
17
11
4
-1
-7
-11
-17
-19
-18
-21
-23
-21
-19
-21
-20
-17
-16
-17
-18
-18
-18
-13
-15
-14
-10
-9
-7
-2
3
5
8
13
15
15
13
15
11
7
5
2
-3
-7
-8
-13
-14
-14
-16
-16
-15
-14
-10
-7
-4
1
5
6
8
10
10
8
7
5
-1
-6
-8
-12
-18
-16
-17
-17
-13
-11
-9
-6
-6
-6
-7
-7
-10
-13
-18
-23
-26
-27
-24
-17
-17
-11
-1
6
15
25
32
34
35
38
32
23
16
8
-4
-14
-20
-25
-28
-29
-29
-25
-22
-11
-1
4
10
15
17
17
16
14
9
5
1
-2
-6
-6
-6
-3
2
9
16
21
24
25
29
25
22
18
8
-1
-10
-16
-26
-28
-32
-35
-33
-30
-23
-14
-3
5
13
22
29
34
34
33
28
22
15
7
-2
-11
-12
-16
-18
-16
-14
-9
-4
0
4
6
7
7
2
-4
-7
-8
-11
-15
-14
-12
-8
1
8
16
23
32
40
43
47
46
46
43
36
31
25
14
9
5
-1
-3
-7
-9
-6
-7
-4
-3
-3
-4
-3
-3
-4
-4
-5
-4
-2
-2
0
2
4
7
10
13
13
15
15
12
9
9
3
0
-2
-7
-10
-13
-13
-13
-13
-12
-9
-7
-3
-2
-1
2
6
8
9
13
13
15
17
18
19
22
22
21
21
22
20
22
20
13
12
6
-1
-3
-9
-15
-16
-18
-17
-17
-16
-15
-11
-8
-6
-6
-4
-1
4
5
8
11
14
16
13
12
8
7
4
0
-2
-3
-5
-3
-5
-5
-3
-5
-5
0
0
0
-3
-2
1
2
0
-2
0
4
4
6
10
14
20
25
28
31
36
34
33
31
23
20
15
9
2
-5
-11
-13
-19
-22
-22
-23
-22
-20
-20
-21
-18
-17
-17
-16
-18
-22
-23
-24
-28
-30
-31
-30
-27
-22
-21
-18
-14
-10
-7
-5
-4
-4
-3
-6
-7
-9
-13
-10
-9
-8
-6
-6
0
4
10
14
19
27
32
35
37
35
35
34
30
26
21
17
13
10
6
2
-2
-5
-5
-8
-14
-17
-20
-23
-23
-26
-29
-30
-33
-37
-37
-38
-37
-36
-36
-30
-29
-29
-24
-23
-23
-22
-21
-18
-18
-20
-19
-18
-18
-16
-15
-14
-12
-8
-4
-1
1
7
12
13
17
22
24
25
25
24
27
27
25
26
24
22
22
21
22
21
20
16
13
11
10
8
4
2
1
-1
-2
-3
-7
-8
-7
-8
-10
-11
-13
-17
-18
-20
-20
-23
-25
-25
-26
-26
-28
-29
-27
-25
-26
-24
-21
-21
-22
-18
-14
-10
-4
1
7
14
19
21
27
32
35
38
40
43
43
40
39
38
36
33
30
29
23
20
18
17
15
12
10
9
11
6
1
-1
-6
-10
-14
-16
-17
-20
-23
-25
-24
-22
-23
-25
-27
-30
-31
-32
-33
-33
-36
-37
-38
-40
-41
-39
-38
-38
-35
-34
-30
-24
-20
-15
-11
-6
1
7
11
15
19
23
26
30
36
37
38
38
39
39
39
38
36
33
26
24
20
16
14
10
8
5
3
0
-4
-8
-11
-14
-15
-18
-18
-20
-20
-20
-21
-18
-16
-12
-12
-16
-15
-16
-17
-19
-21
-20
-22
-24
-24
-23
-24
-23
-23
-20
-18
-15
-14
-11
-6
-2
-1
3
7
10
13
14
16
20
23
25
26
29
31
33
32
30
26
20
16
11
6
2
-3
-9
-12
-12
-11
-15
-17
-16
-20
-24
-24
-24
-23
-22
-21
-20
-18
-14
-13
-15
-13
-9
-7
-4
-3
-3
1
-1
-2
-1
-2
-3
-3
-4
-4
-3
-2
-1
0
1
4
7
6
10
12
12
16
17
19
22
23
26
22
21
24
23
23
25
25
23
24
18
14
11
4
0
-6
-11
-16
-19
-19
-20
-23
-21
-18
-23
-23
-23
-22
-19
-19
-17
-17
-17
-14
-12
-11
-8
-6
-5
-2
-1
-2
-1
-1
0
0
-3
-4
-4
-4
-3
-4
-5
-6
-5
-3
-1
1
2
5
6
11
13
15
20
19
23
27
24
24
25
21
19
17
14
12
12
10
6
2
-4
-7
-9
-12
-17
-21
-24
-23
-23
-25
-24
-25
-23
-20
-18
-15
-12
-12
-9
-5
0
4
5
10
11
12
15
13
12
12
8
9
8
6
7
8
5
5
3
5
7
7
7
9
8
9
9
10
8
6
8
7
5
7
8
6
7
8
6
7
5
1
-2
-4
-7
-7
-9
-10
-13
-20
-20
-19
-22
-22
-20
-22
-21
-20
-19
-17
-17
-13
-10
-8
-7
-4
-1
0
3
4
5
8
8
10
8
11
14
14
16
15
13
13
10
10
9
7
7
5
3
1
1
-3
-6
-8
-8
-6
-7
-8
-5
-5
-4
-3
-1
1
-1
-4
-5
-3
2
1
2
3
1
2
-1
-1
-1
-1
-2
-1
-1
0
0
1
0
-2
-1
-3
-2
0
0
-1
2
3
3
7
10
8
5
3
3
1
3
5
5
6
6
8
10
7
6
5
4
4
2
2
1
3
1
1
1
0
-1
-4
-6
-6
-5
-4
-3
-2
-2
-3
-3
0
0
-1
-5
-4
-4
-5
-6
-4
-1
2
3
5
6
8
9
11
10
11
10
8
9
8
10
9
6
6
7
7
7
7
3
3
6
4
3
4
4
3
2
3
2
2
3
3
6
6
6
7
7
9
9
12
12
10
9
7
1
-3
-4
-7
-7
-10
-10
-10
-10
-8
-8
-8
-9
-10
-7
-8
-3
-1
-2
0
3
4
5
5
8
7
6
7
7
6
6
8
8
8
8
8
8
7
9
7
7
4
1
0
0
1
1
0
2
3
4
5
6
7
7
9
8
7
5
4
5
4
1
0
-3
-6
-7
-9
-10
-10
-10
-7
-4
-2
-1
-2
-2
-1
-1
-3
-5
-4
-6
-6
-7
-4
-2
-1
2
3
4
5
6
2
1
0
-2
2
1
1
1
-4
-2
-2
-5
-4
-3
-1
-2
-2
-1
-2
0
2
-1
-1
2
3
3
3
2
2
6
7
9
8
6
7
7
8
7
4
4
2
1
-1
-1
-2
-5
-6
-7
-8
-9
-11
-12
-12
-10
-8
-9
-10
-12
-11
-12
-14
-10
-9
-8
-6
-3
-3
-1
2
1
2
3
3
5
5
5
4
3
1
1
-1
1
2
1
3
3
1
3
4
6
8
7
6
7
8
8
8
7
11
9
6
5
8
8
8
9
10
8
6
3
1
-1
-3
-5
-6
-6
-6
-8
-10
-10
-11
-12
-10
-9
-11
-9
-8
-8
-9
-8
-6
-6
-4
-4
-3
-1
-1
-2
-1
-2
-2
-1
-1
-2
0
-1
0
2
2
0
-1
-2
-1
-3
-1
0
-1
0
-2
-2
-2
0
1
2
4
3
2
0
-3
-3
-4
-3
-2
1
-1
-2
-2
-3
-4
-5
-4
-1
-2
-2
-1
-2
-5
-6
-5
-7
-8
-6
-7
-1
2
2
4
5
5
5
4
6
8
9
9
11
9
7
6
7
8
4
5
7
5
4
1
1
1
-1
0
-1
-2
-3
-5
-5
-8
-9
-7
-5
-2
-4
-2
-5
-6
-5
-6
-4
-6
-7
-5
-3
-2
-1
-3
-3
0
1
-2
1
3
4
6
4
6
9
8
7
8
8
6
5
6
7
7
7
6
6
4
4
6
8
7
9
7
5
5
2
1
4
2
1
1
0
-1
-3
-1
1
2
1
0
-3
-5
-3
-2
-2
3
1
0
2
1
1
-1
-5
-5
-6
-10
-7
-8
-6
-7
-7
-4
-2
-2
-2
0
1
3
5
3
6
5
8
9
9
9
9
9
9
6
3
4
3
2
3
1
2
4
1
0
-2
-7
-5
-4
-5
-5
-6
-6
-5
-5
-5
-3
-3
-2
-1
-2
-3
-3
-2
0
2
3
3
2
3
3
3
3
3
3
2
1
5
6
6
9
9
8
6
2
-2
-3
-4
-5
-3
-1
-4
-3
-3
-2
-3
-4
-1
-1
-1
-2
-1
-1
-3
-2
0
-2
1
1
0
0
-3
-5
-4
-4
-3
-4
-2
-1
0
1
1
-1
-2
-4
-4
-3
-2
-1
-4
-3
0
-1
0
1
-1
1
1
-2
-2
-1
-1
-2
-2
-2
-1
-1
-1
-4
-7
-6
-4
-6
-4
-3
-4
-2
-1
-2
-1
1
-1
1
2
1
2
2
3
4
3
3
2
1
2
2
1
3
2
4
4
2
2
2
2
1
1
3
2
3
1
1
4
3
5
4
3
4
5
6
10
7
5
8
10
4
4
4
0
3
1
2
1
-1
-3
-4
-2
-3
-2
-2
-3
-4
-7
-6
-4
-3
-3
-3
-4
-2
-2
-3
-3
-5
-5
-1
-1
-3
-1
-1
-2
2
1
-1
0
-1
2
1
0
4
2
1
2
4
4
5
6
6
5
6
5
2
3
4
4
6
5
6
4
2
3
-1
0
0
-1
3
1
-3
-1
-2
-5
-5
-6
-4
-5
-6
-6
-8
-8
-8
-12
-9
-8
-10
-8
-10
-9
-8
-8
-6
-7
-7
-7
-8
-1
-3
-2
1
1
1
-2
-3
-2
-3
-2
-1
0
3
3
2
3
3
2
1
0
0
0
0
1
0
-1
-2
0
3
3
5
5
4
4
4
3
1
1
4
4
3
1
3
3
1
2
0
-1
2
2
3
5
2
2
3
2
5
5
7
9
7
8
8
6
6
7
8
6
7
10
10
9
10
9
7
9
5
5
5
3
3
2
2
3
1
4
2
1
1
0
0
0
2
1
-1
1
-1
-2
0
-1
-2
-1
-2
-1
-1
-3
-3
