1
0
2
-2
-1
2
-1
-2
1
0
3
6
5
6
6
2
1
2
2
5
4
5
6
4
2
3
2
0
2
0
0
3
2
1
1
0
1
-1
-2
-6
-7
-7
-7
-4
-3
-1
-2
-4
-4
-5
-6
-7
-5
-7
-8
-7
-8
-7
-4
-2
-3
-4
-4
-4
-2
0
-2
-1
0
0
0
1
2
2
1
1
3
3
2
4
5
4
5
6
5
7
10
7
5
4
6
7
8
5
2
5
4
4
3
2
6
7
6
6
6
5
6
7
4
2
0
-2
-2
-1
-2
-3
-1
-2
-2
0
-1
-4
-2
-1
-3
-4
-3
-6
-8
-7
-6
-9
-7
-5
-7
-6
-3
-6
-6
-2
-4
-4
-2
-1
-2
-3
-3
-3
-4
-5
-4
-2
-3
-1
-1
-3
-1
-2
-2
1
0
-2
-2
0
0
0
-1
-3
-3
-4
1
2
0
1
2
2
6
8
5
5
6
4
6
3
4
7
6
5
5
3
0
1
4
5
7
6
5
5
3
2
5
2
2
3
-1
-1
2
0
0
1
0
-1
2
0
-2
-3
-4
-3
1
0
2
4
1
-1
-2
-2
-1
0
1
4
6
6
4
6
5
1
4
1
0
-1
0
1
3
5
2
1
1
0
-4
-3
-1
0
4
5
3
1
0
-1
-3
-1
0
-3
-7
-6
-3
-3
-2
-3
-1
-2
-3
-6
-7
-5
-4
-5
-6
-6
-8
-10
-6
-5
-6
-5
-4
-3
-2
-1
-2
-6
-4
-3
-3
1
0
-1
-2
-2
0
3
4
3
5
7
5
4
6
7
8
9
7
8
6
5
7
7
2
3
5
2
4
2
0
-2
-2
-4
-2
-3
-5
-7
-7
-8
-8
-8
-6
-6
-8
-8
-7
-6
-7
-3
-4
-9
-9
-8
-8
-8
-7
-8
-5
-4
-4
-3
-4
-5
0
0
0
-1
-1
0
-2
-3
-1
0
-3
-2
-1
-3
-2
-1
-2
2
3
3
1
3
3
2
4
7
7
7
9
8
8
8
8
8
8
7
7
7
9
9
9
6
6
5
3
0
0
1
-1
-2
-1
-2
-2
-2
-2
-2
-2
0
-1
-3
-1
2
-1
1
2
0
3
-1
-2
0
-2
-4
-1
1
-2
-2
0
1
2
2
0
1
2
2
3
3
1
0
1
2
2
3
3
2
3
3
5
7
6
5
6
3
3
4
1
4
8
5
5
7
7
5
5
3
3
5
4
3
4
8
6
7
7
6
5
3
4
8
6
2
5
4
2
2
4
5
1
0
-1
-4
-5
-8
-4
-2
-5
-2
-3
-4
-6
-4
-3
-2
-2
-5
-5
-5
-4
-4
-3
-2
1
2
0
1
4
3
4
5
2
0
1
-1
-3
-1
0
-1
-1
-1
-1
0
0
-2
-3
-1
-1
-3
-3
-1
1
-1
-1
-1
-2
-2
-4
-4
-2
-3
-6
-5
-2
-5
-5
-2
0
0
-1
1
3
1
-1
-1
0
-2
-4
-4
0
2
-3
-3
2
-2
-4
-2
1
0
-1
2
3
1
0
-1
3
1
1
0
0
3
1
0
3
4
1
1
1
1
3
5
6
10
10
6
8
8
6
5
8
8
7
4
6
5
3
5
2
3
4
2
1
1
0
-2
1
-1
-3
-4
-9
-6
-4
-7
-6
-5
-4
-7
-8
-6
-5
-4
-3
-3
0
-2
-5
-4
-4
-6
-5
-6
-7
-7
-8
-7
-4
-6
-6
-5
-7
-4
-5
-5
-1
-2
-5
-4
-4
-4
-6
-5
-3
-2
-1
-1
0
1
2
2
1
2
3
4
4
4
2
2
0
1
-1
1
4
2
2
3
2
5
4
3
5
6
3
3
5
4
5
6
6
3
3
5
6
5
3
4
4
4
1
0
1
0
-1
-1
-3
-1
-2
-2
0
-2
-3
-2
-2
-5
-7
-6
-6
-4
-3
-5
-4
-6
-9
-9
-10
-11
-12
-10
-11
-11
-12
-12
-9
-8
-6
-6
-10
-10
-8
-8
-5
-3
-4
-2
-1
-1
-1
1
4
4
5
5
4
5
6
6
4
3
4
4
5
8
8
9
10
6
2
-1
-2
-1
1
2
4
2
4
6
2
1
0
-1
-1
1
1
-1
0
0
-1
-1
0
0
0
5
6
6
8
5
5
4
4
1
1
6
9
8
7
8
7
3
4
1
-1
2
3
2
5
6
5
5
6
5
3
2
1
0
-3
-2
-1
-4
-3
-4
-5
-2
-5
-5
-4
-5
-5
-5
-7
-6
-7
-7
-6
-6
-4
-4
-4
-5
-5
-4
-5
-3
-4
-4
-4
-3
-2
1
2
4
5
5
5
4
4
4
3
4
4
6
5
4
4
3
3
4
5
3
0
3
-1
-2
0
-1
1
3
3
2
2
2
-3
-4
-4
-6
-6
-6
-6
-5
-4
0
-1
0
-1
-2
-1
-3
-2
-1
0
1
3
3
4
6
3
2
3
4
4
4
4
3
4
5
5
5
3
2
3
2
3
4
3
2
-2
-4
-4
-5
-7
-6
-2
-2
-2
0
-4
-4
-6
-8
-9
-10
-6
-8
-8
-4
-5
-5
-6
-6
-7
-8
-7
-7
-4
-5
-2
2
1
2
3
2
3
3
5
7
7
7
6
6
8
6
6
7
6
6
5
4
5
6
5
7
5
4
4
2
0
-1
-1
0
1
-1
-5
-7
-6
-7
-6
-6
-4
-2
-3
-3
-3
-4
-6
-6
-2
0
-1
-2
-2
-1
0
2
4
6
7
8
9
7
9
9
8
10
7
8
11
11
10
7
7
5
2
2
1
2
2
2
4
2
-1
-3
-4
-5
-7
-6
-6
-5
-7
-8
-8
-10
-11
-11
-10
-7
-8
-6
-8
-11
-9
-9
-8
-9
-7
-5
-3
-4
-6
-4
-3
-2
-2
-3
0
0
1
6
7
5
4
5
4
5
6
7
7
5
3
3
2
3
1
2
2
2
4
0
-2
-3
-5
-4
-2
-3
-3
1
1
-1
-2
-2
1
2
0
1
2
1
1
2
2
3
4
3
4
4
4
7
7
6
5
3
4
5
5
6
8
9
7
6
9
8
7
7
6
5
3
3
4
2
2
3
3
2
0
-2
-2
-4
-5
-4
-4
-3
-5
-6
-5
-6
-8
-7
-7
-5
-5
-7
-6
-5
-5
-4
-3
-3
-4
-5
-5
-6
-5
-3
-2
-5
-5
-6
-4
-4
-4
-1
-1
-2
-2
-3
-3
-5
-2
-2
-3
-1
0
1
-1
-1
1
2
3
4
1
1
0
-3
1
1
-1
-1
-1
-2
-4
-4
-2
-1
-2
-1
-1
-1
-2
-1
1
0
4
5
4
6
7
6
5
3
4
4
5
4
6
10
7
8
9
8
9
6
4
3
5
5
3
3
3
0
1
-1
-1
1
0
1
0
0
-1
-2
0
-1
-1
2
3
3
4
2
3
2
-1
1
2
0
3
2
0
3
0
-2
-3
0
1
0
3
2
3
5
5
4
2
0
0
0
1
2
2
4
3
3
3
4
4
1
2
6
4
1
4
2
1
2
-1
-2
-2
-3
-5
-5
-8
-9
-9
-8
-9
-10
-10
-9
-9
-10
-7
-5
-5
-3
-6
-4
-4
-5
-6
-8
-6
-6
-5
-4
-4
-5
-7
-7
-7
-9
-9
-8
-8
-11
-9
-8
-11
-14
-13
-14
-13
-12
-12
-12
-10
-9
-9
-11
-10
-9
-9
-7
-7
-7
-6
-7
-7
-9
-8
-5
-8
-10
-9
-13
-12
-13
-12
-12
-12
-9
-10
-12
-13
-13
-12
-15
-13
-10
-9
-8
-7
-6
-5
-2
-1
-3
-1
-1
-1
1
1
1
0
2
4
4
3
0
1
0
0
1
2
4
5
5
4
2
1
1
5
5
5
8
10
11
11
15
18
17
18
15
12
11
10
9
8
9
12
12
10
11
7
5
8
8
11
10
9
12
11
9
10
12
12
8
6
7
6
4
-1
-1
-3
-5
-4
-4
-4
-3
-5
-7
-8
-10
-12
-13
-16
-17
-15
-14
-13
-14
-10
-8
-6
-3
-2
3
8
9
10
10
10
10
8
3
3
-2
-11
-21
-26
-28
-33
-37
-37
-33
-31
-29
-24
-19
-15
-9
-4
-1
1
1
5
5
4
4
1
-3
-13
-21
-27
-35
-40
-42
-44
-45
-44
-46
-50
-47
-45
-45
-45
-44
-42
-43
-42
-44
-43
-41
-39
-36
-34
-29
-27
-19
-12
-10
-4
1
6
12
15
17
19
20
17
13
5
-6
-17
-26
-35
-41
-42
-46
-47
-45
-45
-44
-40
-35
-26
-19
-10
1
10
14
17
19
19
17
13
12
8
3
2
1
0
-3
-2
0
3
5
12
19
23
28
33
36
39
40
41
42
42
44
43
42
42
43
44
46
50
53
54
57
61
64
64
63
64
65
62
60
57
52
47
41
35
31
28
24
23
22
21
22
22
25
29
32
34
34
35
34
32
31
27
24
21
20
17
14
11
10
12
12
13
15
18
21
21
23
27
29
32
37
40
40
41
43
46
50
52
58
61
63
66
68
67
65
64
61
59
53
49
43
35
31
25
17
9
4
2
-3
-8
-13
-19
-23
-29
-33
-34
-38
-43
-43
-45
-50
-54
-61
-65
-71
-73
-75
-75
-75
-73
-72
-72
-68
-66
-63
-60
-53
-48
-41
-30
-20
-11
-4
4
12
17
23
29
37
45
51
59
66
70
76
81
84
89
91
92
94
88
81
74
69
61
53
43
28
12
-5
-29
-52
-74
-98
-118
-133
-147
-158
-166
-173
-174
-173
-171
-168
-160
-152
-147
-138
-128
-119
-109
-101
-89
-75
-64
-54
-44
-38
-32
-27
-24
-18
-10
1
16
30
45
62
80
101
123
143
167
195
223
247
271
297
319
339
358
374
382
385
383
375
360
339
307
270
228
180
127
75
21
-36
-93
-151
-209
-268
-330
-389
-445
-492
-528
-551
-560
-557
-542
-517
-485
-448
-411
-369
-330
-291
-249
-207
-158
-107
-58
-7
42
83
121
150
173
187
196
205
212
220
230
246
269
301
340
386
439
496
559
627
698
769
835
893
939
964
965
940
880
783
647
482
288
73
-151
-371
-574
-752
-893
-995
-1059
-1084
-1075
-1039
-985
-914
-829
-735
-633
-526
-413
-296
-178
-66
31
108
163
197
204
187
151
100
45
-10
-65
-108
-138
-154
-153
-130
-86
-24
62
170
295
436
587
750
918
1088
1256
1422
1581
1726
1851
1943
1983
1956
1854
1673
1411
1084
710
318
-70
-422
-711
-931
-1080
-1157
-1171
-1135
-1061
-965
-843
-699
-535
-345
-135
89
316
533
717
851
922
921
845
703
509
275
27
-222
-452
-657
-827
-960
-1055
-1112
-1130
-1111
-1052
-954
-817
-651
-459
-245
-29
181
377
552
707
834
935
1012
1065
1100
1119
1130
1138
1141
1146
1151
1147
1125
1069
962
798
577
304
-14
-355
-689
-988
-1235
-1408
-1507
-1533
-1495
-1417
-1311
-1192
-1072
-949
-817
-674
-513
-340
-157
22
183
301
364
365
295
164
-18
-239
-483
-731
-968
-1188
-1383
-1539
-1661
-1744
-1783
-1773
-1709
-1597
-1442
-1248
-1028
-793
-559
-340
-139
46
206
350
481
593
687
765
824
848
841
817
779
743
719
723
769
851
948
1034
1075
1044
927
720
430
88
-274
-621
-905
-1110
-1233
-1274
-1252
-1187
-1100
-1020
-953
-883
-807
-705
-566
-391
-184
41
264
456
596
664
647
561
416
221
-3
-244
-492
-728
-946
-1149
-1323
-1469
-1575
-1622
-1610
-1537
-1407
-1231
-1014
-775
-534
-303
-95
93
262
415
554
682
797
895
971
1016
1031
1012
971
922
879
863
887
955
1065
1189
1289
1329
1283
1145
909
589
215
-167
-514
-796
-995
-1107
-1144
-1122
-1067
-999
-936
-885
-836
-767
-661
-517
-331
-107
130
361
563
703
771
763
679
546
375
171
-46
-273
-499
-719
-933
-1132
-1302
-1427
-1496
-1494
-1422
-1287
-1098
-872
-631
-395
-181
12
183
331
466
598
727
852
969
1061
1119
1140
1121
1078
1018
963
940
961
1027
1141
1282
1412
1484
1467
1344
1121
804
420
13
-372
-697
-943
-1093
-1159
-1162
-1130
-1078
-1022
-974
-923
-855
-750
-603
-414
-180
77
325
539
694
782
791
728
612
452
266
62
-153
-375
-603
-833
-1054
-1256
-1417
-1519
-1556
-1515
-1398
-1218
-988
-733
-483
-246
-31
150
311
456
594
735
866
990
1099
1174
1213
1215
1181
1127
1069
1031
1035
1085
1186
1328
1477
1582
1607
1531
1344
1056
687
271
-141
-509
-801
-999
-1103
-1135
-1116
-1066
-1012
-958
-910
-857
-773
-645
-465
-237
23
293
542
747
884
936
908
808
653
453
222
-25
-280
-536
-784
-1018
-1226
-1397
-1511
-1559
-1535
-1435
-1273
-1064
-819
-565
-318
-87
123
316
487
645
794
929
1046
1138
1198
1224
1210
1168
1109
1050
1013
1010
1060
1158
1296
1451
1574
1624
1571
1409
1146
795
387
-40
-430
-753
-989
-1138
-1213
-1234
-1216
-1176
-1126
-1073
-1012
-917
-775
-577
-339
-73
207
466
680
829
895
883
804
675
511
318
99
-135
-378
-628
-882
-1126
-1341
-1504
-1599
-1611
-1538
-1391
-1182
-933
-672
-417
-189
9
186
339
477
610
737
856
960
1041
1092
1100
1071
1021
961
910
883
904
982
1107
1268
1431
1547
1576
1493
1303
1016
645
225
-188
-562
-861
-1074
-1211
-1275
-1292
-1270
-1217
-1155
-1085
-986
-847
-657
-421
-154
134
412
655
841
948
977
922
802
640
435
196
-68
-347
-633
-920
-1193
-1433
-1618
-1736
-1772
-1723
-1596
-1407
-1175
-919
-654
-409
-185
25
216
393
558
716
851
960
1041
1086
1095
1065
1011
956
912
898
926
1002
1126
1286
1456
1584
1626
1560
1386
1118
760
352
-65
-449
-763
-1000
-1159
-1249
-1292
-1293
-1266
-1218
-1154
-1069
-937
-746
-513
-247
38
315
564
755
874
918
883
780
634
457
241
-1
-265
-551
-847
-1141
-1409
-1630
-1788
-1862
-1848
-1746
-1569
-1342
-1078
-808
-548
-306
-87
118
306
480
648
795
921
1021
1087
1117
1106
1071
1028
997
989
1010
1079
1195
1354
1539
1699
1785
1765
1632
1396
1061
649
205
-228
-605
-910
-1133
-1274
-1351
-1367
-1339
-1276
-1197
-1096
-954
-765
-531
-262
24
313
584
814
978
1062
1062
989
849
658
426
154
-146
-460
-784
-1108
-1404
-1651
-1829
-1928
-1936
-1854
-1692
-1477
-1222
-946
-671
-411
-173
51
252
437
610
759
882
972
1026
1047
1038
1004
955
910
879
873
910
998
1132
1306
1492
1641
1704
1657
1497
1233
871
443
3
-405
-752
-1020
-1200
-1296
-1330
-1317
-1265
-1199
-1125
-1028
-890
-705
-480
-226
49
323
571
768
901
963
944
860
726
545
317
53
-238
-558
-895
-1224
-1521
-1755
-1909
-1970
-1931
-1801
-1598
-1347
-1073
-799
-543
-309
-92
111
302
487
658
812
937
1023
1073
1084
1056
1005
952
908
891
908
974
1090
1247
1430
1608
1717
1724
1614
1399
1086
693
262
-170
-560
-886
-1129
-1288
-1380
-1411
-1395
-1339
-1261
-1163
-1030
-851
-628
-373
-96
182
445
666
825
916
930
877
773
624
428
192
-78
-374
-695
-1025
-1343
-1624
-1842
-1979
-2018
-1958
-1810
-1592
-1323
-1033
-746
-475
-228
-1
207
403
586
746
879
977
1041
1068
1057
1018
970
925
893
889
926
1009
1138
1307
1499
1666
1757
1745
1623
1400
1076
677
243
-189
-577
-898
-1142
-1310
-1413
-1458
-1452
-1408
-1342
-1250
-1115
-927
-696
-427
-136
155
424
654
817
905
920
866
766
627
445
225
-34
-326
-650
-989
-1322
-1620
-1853
-1995
-2034
-1964
-1802
-1565
-1281
-980
-687
-421
-175
48
254
449
630
797
939
1051
1130
1163
1151
1111
1057
1009
973
968
1001
1077
1197
1358
1538
1678
1740
1695
1539
1282
930
515
74
-348
-717
-1014
-1230
-1372
-1448
-1461
-1426
-1355
-1260
-1141
-977
-767
-521
-254
24
295
537
731
865
931
935
886
791
649
454
201
-95
-431
-796
-1167
-1511
-1795
-1984
-2065
-2031
-1894
-1683
-1413
-1121
-836
-573
-336
-114
95
298
496
682
851
985
1076
1117
1107
1065
1004
941
894
874
888
945
1048
1197
1381
1566
1703
1756
1695
1529
1257
891
467
25
-393
-763
-1058
-1268
-1405
-1477
-1487
-1447
-1379
-1286
-1167
-1002
-793
-548
-278
3
278
522
714
841
899
890
825
716
560
356
118
-160
-471
-804
-1140
-1452
-1706
-1879
-1964
-1947
-1843
-1662
-1427
-1165
-893
-634
-382
-145
72
274
459
628
772
883
959
1001
1015
1006
983
961
942
934
943
987
1068
1190
1359
1540
1685
1748
1704
1556
1298
948
529
80
-349
-730
-1032
-1240
-1370
-1427
-1426
-1377
-1298
-1199
-1077
-912
-704
-459
-188
103
383
632
833
967
1027
1017
948
821
642
415
142
-169
-512
-868
-1211
-1515
-1751
-1905
-1960
-1916
-1796
-1605
-1373
-1122
-866
-620
-381
-151
71
285
490
676
829
939
1005
1030
1015
986
951
924
912
920
957
1025
1131
1274
1450
1616
1721
1734
1642
1447
1152
775
347
-90
-494
-843
-1111
-1302
-1423
-1478
-1477
-1426
-1347
-1244
-1103
-918
-689
-428
-145
142
412
645
824
942
992
985
927
809
630
393
95
-252
-636
-1027
-1393
-1697
-1921
-2045
-2058
-1976
-1818
-1609
-1373
-1126
-883
-645
-403
-162
87
335
572
785
955
1073
1143
1170
1165
1144
1121
1108
1106
1121
1156
1213
1303
1425
1570
1693
1741
1691
1543
1292
947
538
97
-330
-708
-1011
-1224
-1360
-1431
-1438
-1401
-1333
-1244
-1137
-994
-803
-570
-302
-19
255
501
700
835
899
899
847
746
597
398
141
-159
-499
-861
-1212
-1531
-1788
-1960
-2033
-2006
-1898
-1724
-1509
-1270
-1024
-781
-539
-290
-42
202
439
657
838
976
1069
1121
1145
1144
1136
1133
1133
1139
1158
1197
1263
1362
1496
1644
1748
1771
1699
1520
1246
884
463
28
-389
-750
-1033
-1232
-1362
-1429
-1436
-1391
-1314
-1216
-1086
-915
-699
-442
-162
122
383
604
779
898
954
953
903
806
647
427
148
-193
-571
-959
-1327
-1640
-1875
-2020
-2056
-1998
-1872
-1695
-1488
-1266
-1035
-800
-555
-301
-40
222
473
697
873
997
1076
1117
1129
1123
1113
1103
1097
1095
1105
1132
1187
1281
1410
1538
1612
1596
1483
1275
977
603
192
-224
-599
-907
-1140
-1292
-1380
-1409
-1380
-1311
-1219
-1106
-957
-765
-534
-278
-12
240
466
651
794
885
919
903
844
729
549
309
11
-331
-699
-1067
-1394
-1654
-1832
-1920
-1922
-1844
-1708
-1537
-1336
-1116
-889
-652
-402
-145
117
373
610
807
961
1070
1138
1177
1190
1193
1195
1190
1183
1184
1200
1237
1312
1426
1558
1655
1670
1576
1381
1095
728
314
-107
-497
-823
-1071
-1242
-1353
-1411
-1418
-1382
-1318
-1229
-1103
-927
-701
-441
-165
106
354
565
732
851
912
922
887
804
667
462
192
-126
-484
-854
-1197
-1486
-1703
-1837
-1886
-1859
-1772
-1638
-1469
-1275
-1060
-830
-585
-325
-59
200
447
664
837
964
1054
1114
1153
1181
1204
1222
1228
1228
1226
1241
1289
1379
1510
1641
1712
1687
1555
1323
998
606
184
-232
-604
-906
-1133
-1292
-1393
-1442
-1443
-1407
-1341
-1241
-1092
-892
-647
-381
-113
140
366
558
713
819
878
892
866
789
636
404
100
-261
-653
-1038
-1384
-1663
-1857
-1961
-1981
-1926
-1817
-1670
-1487
-1276
-1048
-798
-533
-258
27
300
561
787
966
1102
1204
1277
1324
1353
1367
1361
1342
1312
1291
1296
1338
1428
1539
1621
1619
1508
1299
1004
640
235
-171
-543
-851
-1080
-1238
-1341
-1398
-1403
-1367
-1293
-1185
-1043
-852
-620
-362
-99
146
364
554
711
826
894
914
887
814
682
480
212
-110
-463
-824
-1160
-1443
-1662
-1807
-1880
-1880
-1821
-1717
-1572
-1388
-1169
-928
-668
-401
-132
131
380
600
783
928
1042
1130
1198
1244
1274
1288
1288
1277
1262
1258
1288
1359
1476
1596
1660
1623
1479
1240
929
564
168
-215
-555
-835
-1049
-1204
-1317
-1386
-1407
-1378
-1305
-1197
-1044
-844
-610
-362
-127
96
297
475
635
762
853
896
890
833
701
487
201
-136
-500
-858
-1180
-1444
-1639
-1769
-1836
-1839
-1796
-1710
-1583
-1412
-1199
-957
-691
-416
-142
124
371
596
787
944
1076
1185
1271
1330
1364
1379
1372
1350
1323
1309
1336
1412
1527
1643
1685
1617
1442
1178
851
477
88
-279
-595
-845
-1032
-1168
-1271
-1338
-1359
-1327
-1254
-1142
-990
-792
-562
-328
-105
99
287
460
611
735
818
856
848
783
654
449
176
-144
-482
-815
-1120
-1378
-1579
-1718
-1801
-1830
-1809
-1745
-1633
-1469
-1264
-1030
-776
-509
-239
22
273
504
711
895
1053
1181
1287
1363
1410
1435
1439
1425
1405
1402
1439
1521
1629
1714
1717
1609
1396
1114
778
407
33
-321
-630
-880
-1075
-1230
-1345
-1416
-1438
-1402
-1322
-1201
-1037
-835
-603
-364
-138
77
276
457
621
750
835
873
853
780
644
436
168
-139
-461
-774
-1059
-1301
-1496
-1644
-1743
-1792
-1790
-1741
-1640
-1485
-1289
-1054
-798
-531
-257
8
264
508
728
923
1086
1218
1324
1408
1469
1507
1524
1519
1507
1507
1544
1619
1701
1734
1672
1506
1252
942
598
236
-125
-460
-747
-980
-1166
-1309
-1414
-1470
-1469
-1413
-1309
-1172
-997
-786
-553
-314
-85
128
331
521
686
815
902
935
902
809
657
436
150
-169
-496
-802
-1075
-1308
-1492
-1630
-1721
-1763
-1751
-1693
-1587
-1434
-1238
-1013
-766
-508
-247
21
284
537
769
974
1152
1294
1404
1490
1557
1598
1612
1606
1593
1598
1641
1712
1775
1770
1654
1430
1131
785
416
39
-320
-639
-900
-1107
-1272
-1400
-1488
-1529
-1510
-1440
-1326
-1171
-980
-756
-512
-269
-43
165
357
537
693
818
901
929
896
798
635
403
116
-204
-527
-827
-1093
-1318
-1501
-1639
-1730
-1773
-1762
-1707
-1607
-1457
-1264
-1038
-794
-545
-291
-26
249
518
764
989
1188
1355
1490
1594
1667
1705
1707
1691
1676
1677
1713
1780
1827
1802
1671
1430
1120
778
419
58
-287
-596
-850
-1052
-1218
-1351
-1449
-1502
-1496
-1439
-1341
-1207
-1043
-844
-624
-401
-185
17
205
383
550
687
785
831
820
758
638
463
240
-17
-286
-540
-773
-983
-1173
-1331
-1448
-1524
-1558
-1553
-1513
-1428
-1295
-1121
-920
-712
-499
-268
-20
233
480
708
908
1089
1249
1383
1486
1551
1583
1594
1597
1612
1654
1712
1754
1735
1626
1421
1155
857
551
249
-53
-338
-582
-785
-951
-1089
-1211
-1304
-1349
-1344
-1300
-1215
-1095
-949
-785
-605
-423
-252
-85
78
240
399
545
660
732
748
711
621
486
312
112
-98
-297
-476
-638
-791
-936
-1068
-1181
-1264
-1311
-1314
-1277
-1205
-1100
-973
-821
-649
-465
-266
-58
154
367
576
779
956
1102
1209
1281
1329
1362
1392
1433
1483
1531
1549
1517
1421
1265
1068
848
622
402
187
-20
-207
-373
-522
-654
-769
-863
-937
-985
-1000
-983
-931
-861
-778
-689
-599
-497
-379
-247
-110
25
150
248
326
378
398
378
321
236
134
29
-74
-170
-266
-365
-474
-583
-675
-750
-800
-825
-836
-821
-781
-722
-644
-546
-436
-316
-185
-49
92
235
373
498
602
681
735
774
805
834
869
906
944
978
1002
1000
962
897
807
699
587
478
369
263
160
54
-44
-139
-227
-307
-378
-440
-487
-519
-540
-550
-549
-538
-517
-483
-438
-392
-337
-273
-208
-145
-91
-53
-36
-36
-45
-60
-84
-108
-137
-170
-202
-233
-261
-286
-312
-337
-357
-369
-371
-364
-355
-342
-323
-299
-273
-240
-199
-148
-87
-23
40
98
154
201
245
286
324
363
402
448
501
548
588
622
649
662
669
664
644
612
566
515
462
407
355
301
245
186
126
64
1
-62
-127
-189
-247
-300
-342
-376
-400
-414
-416
-412
-402
-385
-362
-332
-295
-258
-220
-187
-167
-159
-158
-166
-180
-196
-206
-216
-231
-246
-262
-285
-311
-337
-366
-385
-392
-394
-380
-362
-336
-301
-256
-207
-152
-94
-32
32
96
155
213
274
331
388
438
483
531
588
649
708
758
790
803
796
773
738
693
642
585
522
455
381
306
223
134
43
-43
-124
-196
-262
-322
-372
-414
-450
-477
-496
-501
-489
-462
-419
-368
-317
-265
-222
-189
-165
-155
-151
-153
-160
-176
-199
-228
-262
-297
-339
-379
-410
-437
-458
-470
-472
-464
-445
-419
-384
-346
-304
-245
-177
-110
-44
18
77
137
195
246
297
351
407
471
527
585
638
684
734
780
820
851
859
850
827
788
741
684
615
534
445
351
257
165
68
-21
-108
-193
-272
-351
-422
-480
-525
-551
-565
-567
-558
-537
-502
-459
-408
-356
-304
-256
-212
-179
-155
-145
-143
-156
-179
-206
-237
-270
-299
-327
-354
-378
-397
-411
-423
-432
-436
-427
-408
-372
-334
-296
-248
-194
-132
-62
6
82
154
222
287
348
406
461
514
562
607
650
693
734
769
794
810
810
792
761
713
657
592
520
444
365
285
206
122
39
-37
-110
-178
-236
-290
-335
-376
-403
-416
-421
-414
-400
-379
-352
-322
-291
-258
-225
-200
-186
-181
-184
-194
-207
-222
-241
-259
-283
-309
-329
-349
-368
-383
-393
-397
-392
-381
-371
-355
-332
-304
-269
-228
-178
-121
-60
3
66
126
178
222
261
297
330
362
392
418
440
463
484
498
510
520
527
533
536
536
527
507
478
435
385
336
285
235
184
132
81
33
-14
-66
-121
-175
-227
-272
-312
-339
-354
-364
-366
-366
-363
-355
-346
-334
-316
-294
-270
-246
-228
-216
-205
-198
-191
-182
-172
-158
-142
-126
-115
-108
-106
-110
-115
-114
-115
-109
-99
-85
-66
-47
-23
2
20
34
47
61
84
106
126
146
163
179
195
213
234
254
278
300
318
333
339
340
340
333
321
306
286
265
243
219
192
160
128
90
51
10
-26
-62
-97
-128
-159
-186
-207
-225
-236
-246
-252
-253
-252
-248
-242
-236
-229
-217
-201
-180
-159
-141
-122
-106
-90
-79
-74
-69
-64
-58
-50
-46
-39
-37
-35
-33
-34
-32
-36
-35
-34
-36
-29
-21
-15
-9
-5
3
14
29
50
67
85
104
119
132
144
156
169
182
193
204
213
220
229
234
233
228
221
208
192
176
155
136
116
89
58
26
-5
-31
-56
-79
-101
-116
-130
-140
-147
-155
-157
-161
-164
-163
-159
-150
-139
-131
-130
-128
-130
-131
-129
-128
-123
-118
-113
-107
-103
-95
-87
-81
-78
-77
-75
-69
-58
-45
-30
-15
-3
13
27
41
60
76
93
107
117
127
136
142
144
146
149
150
150
153
156
157
157
151
146
141
129
120
112
101
91
82
70
56
42
28
10
-4
-17
-30
-40
-50
-57
-63
-71
-77
-82
-84
-86
-84
-84
-87
-93
-101
-110
-115
-113
-113
-110
-109
-106
-101
-99
-98
-98
-96
-97
-97
-96
-91
-80
-66
-55
-47
-37
-27
-13
5
22
38
56
72
85
94
98
100
102
98
100
104
104
109
111
110
108
99
91
83
75
72
71
72
70
61
56
46
31
20
9
0
-7
-12
-16
-23
-28
-33
-38
-44
-45
-44
-45
-43
-40
-44
-49
-55
-63
-68
-69
-70
-68
-63
-58
-52
-49
-50
-51
-53
-55
-58
-62
-62
-57
-53
-51
-44
-39
-31
-20
-11
4
20
29
39
44
53
59
63
69
75
81
84
83
81
73
66
56
42
34
27
23
20
20
24
21
17
14
11
7
6
3
2
0
-1
-3
-4
-4
-4
-2
1
6
12
14
15
13
10
3
-3
-9
-13
-15
-14
-16
-19
-24
-29
-37
-45
-60
-71
-76
-82
-82
-81
-78
-68
-64
-59
-50
-42
-33
-22
-6
12
27
39
50
57
67
76
83
86
87
88
87
87
85
78
69
57
46
36
24
16
10
4
-1
-5
-13
-21
-24
-30
-38
-39
-40
-43
-44
-42
-37
-30
-25
-18
-14
-10
-4
-2
0
0
-1
5
5
5
6
1
-3
-10
-18
-25
-35
-45
-54
-67
-78
-90
-100
-110
-115
-115
-113
-109
-100
-92
-80
-62
-44
-27
-6
11
29
45
59
75
85
97
105
106
107
104
102
98
88
79
72
68
60
53
43
33
23
11
3
-4
-11
-15
-17
-25
-29
-36
-40
-45
-51
-50
-45
-43
-37
-29
-22
-12
-7
-4
0
3
11
17
23
29
31
29
27
19
8
-3
-13
-22
-33
-42
-53
-61
-69
-79
-86
-93
-98
-97
-89
-77
-63
-47
-32
-19
-7
6
17
31
45
59
72
81
85
87
88
84
77
73
65
57
52
44
36
29
18
8
0
-9
-18
-25
-30
-36
-35
-38
-46
-48
-48
-49
-46
-41
-34
-24
-17
-7
1
9
16
21
34
45
53
63
69
73
71
70
66
59
51
44
32
15
-1
-20
-36
-53
-66
-75
-79
-79
-77
-68
-61
-56
-46
-39
-29
-19
-6
9
24
38
47
57
64
67
71
73
73
72
68
65
59
50
42
34
29
20
10
5
-1
-8
-18
-25
-29
-41
-49
-53
-55
-57
-55
-52
-48
-42
-37
-31
-28
-23
-17
-7
5
16
30
43
53
61
65
66
62
56
48
39
29
19
3
-12
-27
-43
-59
-73
-82
-85
-83
-83
-80
-70
-61
-53
-41
-32
-18
-6
5
20
33
46
55
63
69
69
71
69
66
62
53
46
40
31
19
7
-3
-13
-24
-31
-39
-45
-46
-50
-53
-56
-55
-54
-53
-50
-49
-45
-38
-35
-32
-25
-16
-8
0
11
21
32
43
50
58
61
62
60
51
42
36
20
3
-11
-27
-40
-54
-67
-75
-82
-81
-83
-80
-76
-71
-63
-57
-46
-32
-22
-6
10
20
29
38
46
54
59
61
62
65
64
64
63
57
52
47
39
34
27
21
17
12
8
5
2
0
-1
-2
-2
-5
-6
-9
-13
-16
-21
-20
-21
-19
-14
-10
-2
9
18
27
34
42
46
48
48
46
44
37
27
17
6
-4
-19
-33
-42
-53
-58
-63
-63
-58
-56
-53
-47
-43
-34
-26
-15
-4
4
15
21
26
33
33
36
36
32
30
28
25
21
15
8
3
-1
-4
-7
-9
-15
-15
-15
-14
-12
-12
-9
-5
-4
1
4
5
5
7
6
5
6
7
6
6
8
12
14
16
21
23
28
30
28
25
21
18
11
2
-7
-16
-23
-31
-40
-44
-48
-52
-58
-55
-50
-44
-37
-30
-21
-9
1
10
20
28
35
39
40
42
42
41
37
30
25
20
12
6
-2
-9
-14
-20
-23
-26
-28
-27
-26
-23
-21
-16
-12
-7
-1
3
8
14
15
17
17
18
22
22
23
22
20
19
17
15
11
5
2
2
1
-1
-4
-7
-11
-14
-17
-20
-26
-27
-28
-28
-28
-30
-27
-23
-20
-12
-7
-2
5
10
20
29
35
38
38
37
39
37
33
28
21
13
7
1
-9
-16
-22
-30
-36
-41
-45
-44
-42
-39
-35
-30
-22
-13
-3
6
14
22
28
37
46
50
50
53
55
54
52
51
45
39
32
24
16
6
-1
-8
-15
-21
-27
-34
-38
-39
-42
-42
-45
-46
-44
-43
-41
-38
-33
-26
-17
-8
4
15
24
27
32
36
39
42
40
37
37
33
30
25
17
9
3
-2
-11
-19
-24
-35
-40
-44
-47
-48
-50
-47
-41
-37
-31
-25
-16
-5
2
7
14
20
27
34
38
39
39
42
41
41
40
34
28
24
16
11
2
-6
-13
-19
-19
-23
-27
-29
-34
-34
-36
-39
-41
-41
-37
-29
-26
-20
-16
-11
0
10
18
25
31
35
38
42
43
39
39
39
35
32
26
18
14
8
3
-5
-13
-19
-24
-27
-30
-36
-35
-33
-30
-30
-27
-20
-16
-13
-6
2
6
11
18
21
26
31
32
36
38
38
38
36
34
27
21
14
8
3
-4
-11
-14
-20
-26
-32
-35
-38
-44
-45
-45
-44
-42
-39
-35
-29
-25
-18
-10
0
8
14
21
26
31
34
40
42
43
39
35
34
28
25
20
16
6
-3
-8
-15
-18
-25
-28
-29
-31
-31
-29
-29
-29
-26
-21
-17
-12
-5
1
8
13
16
21
26
30
35
38
38
38
36
33
30
26
21
15
9
4
-4
-9
-17
-22
-29
-35
-39
-43
-43
-45
-45
-40
-38
-37
-33
-26
-19
-11
-7
-1
11
18
24
31
35
37
36
40
39
39
40
35
31
25
17
11
4
0
-9
-15
-19
-24
-26
-31
-33
-35
-35
-34
-31
-28
-26
-21
-16
-11
-5
-2
5
8
12
21
26
30
35
37
36
36
37
31
28
24
19
13
3
-1
-7
-15
-21
-28
-34
-38
-42
-42
-44
-44
-42
-40
-36
-32
-28
-20
-13
-5
0
5
11
19
26
29
33
35
37
37
37
35
30
25
20
16
10
3
-1
-8
-15
-19
-23
-27
-28
-29
-29
-26
-24
-21
-19
-13
-8
-5
-1
3
8
13
22
28
32
36
40
41
42
39
37
38
33
30
26
19
14
7
-1
-7
-15
-25
-28
-32
-38
-37
-40
-41
-40
-39
-36
-33
-27
-19
-12
-5
3
9
15
20
28
33
35
37
37
38
39
36
33
28
22
17
11
4
-1
-6
-13
-18
-23
-26
-30
-30
-32
-34
-31
-28
-23
-18
-14
-9
-4
1
5
10
16
23
27
31
32
33
33
33
32
28
22
18
11
5
0
-6
-10
-16
-22
-27
-29
-30
-33
-35
-35
-35
-33
-29
-23
-18
-13
-5
0
4
12
17
22
26
26
28
30
31
29
27
23
18
15
7
2
-2
-7
-14
-21
-27
-35
-38
-40
-41
-36
-34
-32
-26
-23
-19
-13
-10
-2
3
7
15
22
29
34
37
40
40
38
40
37
34
31
24
20
12
8
1
-7
-12
-20
-27
-30
-33
-32
-32
-31
-30
-31
-26
-23
-20
-14
-6
-1
5
13
19
24
26
29
31
31
29
27
26
25
21
17
11
3
-2
-7
-13
-20
-26
-30
-32
-34
-36
-37
-37
-37
-33
-29
-25
-17
-10
-5
1
6
10
17
21
25
29
34
35
36
36
37
31
29
22
15
12
6
0
-6
-11
-20
-25
-28
-34
-36
-39
-42
-40
-38
-36
-32
-25
-21
-18
-11
-4
3
10
19
24
30
37
38
39
39
36
35
32
26
26
20
12
6
-1
-5
-9
-18
-23
-28
-36
-39
-39
-42
-42
-39
-35
-33
-29
-25
-19
-14
-7
-1
4
12
20
27
32
35
36
39
41
41
42
41
37
34
29
23
17
11
6
0
-6
-11
-17
-21
-23
-25
-27
-31
-33
-31
-30
-26
-20
-15
-9
-6
-3
3
5
12
19
23
28
28
29
33
31
28
24
22
17
12
9
4
-3
-7
-11
-17
-22
-26
-28
-28
-30
-30
-30
-28
-26
-26
-23
-17
-12
-6
1
9
13
16
19
22
24
26
28
29
28
29
27
23
20
16
12
5
1
-6
-14
-19
-21
-26
-31
-35
-39
-41
-41
-41
-40
-35
-29
-23
-18
-13
-6
4
10
15
22
29
33
36
41
40
40
39
37
34
29
25
20
13
9
4
-3
-9
-13
-17
-21
-23
-28
-30
-29
-30
-27
-26
-23
-19
-14
-6
0
6
9
14
19
21
25
29
30
31
34
32
32
32
30
28
24
17
12
5
-3
-8
-14
-17
-22
-23
-25
-28
-29
-33
-33
-34
-32
-32
-30
-24
-20
-16
-10
-5
0
5
10
16
18
20
22
19
19
18
15
9
3
1
-3
-7
-9
-14
-20
-19
-19
-19
-20
-21
-18
-17
-17
-16
-13
-12
-10
-6
-3
1
6
8
11
14
17
19
20
21
25
23
25
23
21
20
17
12
10
5
4
1
-3
-5
-10
-9
-12
-13
-12
-13
-10
-8
-4
-1
3
7
11
16
20
24
26
31
33
34
37
35
35
33
31
32
27
23
19
16
8
1
-2
-12
-18
-18
-23
-26
-25
-22
-19
-19
-13
-10
-7
-4
-4
1
5
9
15
16
19
22
21
21
20
18
14
12
11
8
7
2
-1
-3
-10
-15
-18
-25
-28
-29
-34
-37
-39
-41
-40
-39
-34
-30
-26
-18
-15
-11
-1
4
9
12
15
20
18
15
13
11
8
0
-5
-12
-18
-22
-24
-28
-28
-33
-34
-33
-34
-27
-27
-28
-27
-29
-28
-29
-31
-30
-30
-30
-28
-24
-19
-15
-8
0
2
6
11
7
0
-7
-15
-26
-43
-54
-64
-75
-80
-82
-78
-70
-61
-47
-33
-18
-6
7
18
21
24
21
10
-4
-21
-40
-60
-82
-100
-112
-123
-125
-118
-106
-92
-77
-61
-44
-36
-27
-20
-19
-19
-25
-31
-41
-51
-56
-59
-58
-51
-38
-22
-3
19
38
57
72
85
95
99
102
100
100
97
89
77
63
48
35
23
17
16
15
19
24
29
33
35
39
42
43
48
50
55
57
57
57
56
51
44
36
35
36
37
36
34
30
26
11
1
-10
-27
-37
-46
-53
-56
-61
-58
-50
-42
-29
-15
4
24
43
60
76
90
101
110
119
127
136
142
144
148
147
144
140
129
121
108
93
82
64
53
41
27
18
9
0
-10
-17
-21
-26
-31
-34
-37
-41
-44
-47
-49
-57
-66
-72
-83
-89
-91
-98
-103
-103
-104
-105
-103
-101
-94
-88
-76
-60
-42
-23
-2
19
41
59
79
95
112
132
148
162
180
190
199
206
216
224
227
231
231
229
226
219
214
208
204
199
193
185
171
151
117
79
33
-26
-87
-148
-213
-274
-330
-379
-422
-458
-487
-507
-521
-526
-519
-501
-470
-430
-381
-319
-252
-184
-114
-42
30
100
169
236
297
355
408
455
504
548
587
626
664
702
741
785
829
871
902
919
911
864
774
635
455
246
22
-207
-427
-626
-794
-928
-1030
-1093
-1124
-1126
-1088
-1012
-899
-749
-566
-358
-132
98
315
502
655
768
833
851
813
724
582
398
180
-63
-314
-562
-789
-986
-1152
-1275
-1362
-1416
-1428
-1395
-1315
-1190
-1016
-790
-521
-216
112
447
779
1098
1396
1678
1935
2171
2374
2533
2632
2637
2527
2295
1941
1489
968
406
-150
-680
-1163
-1573
-1916
-2193
-2399
-2530
-2578
-2530
-2384
-2141
-1805
-1398
-936
-451
27
479
890
1251
1560
1816
2004
2121
2157
2100
1960
1733
1431
1077
677
254
-180
-623
-1069
-1517
-1948
-2328
-2631
-2828
-2904
-2845
-2652
-2341
-1946
-1500
-1040
-585
-155
241
611
946
1247
1520
1753
1931
2054
2107
2099
2054
1980
1897
1824
1758
1688
1589
1424
1181
850
444
4
-443
-864
-1232
-1520
-1724
-1845
-1904
-1907
-1855
-1757
-1601
-1391
-1128
-819
-479
-125
219
530
799
1007
1158
1259
1307
1310
1274
1185
1043
852
616
344
51
-244
-527
-795
-1040
-1255
-1454
-1620
-1745
-1825
-1844
-1797
-1685
-1505
-1267
-989
-683
-371
-80
181
400
579
712
801
854
874
862
817
744
657
562
474
412
398
439
531
672
848
1036
1196
1300
1323
1259
1121
926
691
431
155
-119
-372
-607
-821
-1014
-1181
-1308
-1378
-1390
-1341
-1238
-1091
-902
-680
-439
-194
47
279
499
706
884
1026
1121
1166
1154
1082
951
764
525
252
-53
-379
-704
-1023
-1319
-1573
-1772
-1903
-1962
-1942
-1849
-1690
-1476
-1224
-947
-653
-359
-65
225
514
790
1045
1274
1470
1626
1745
1835
1909
1969
2019
2054
2055
1995
1845
1598
1261
855
399
-75
-540
-977
-1354
-1668
-1910
-2071
-2159
-2171
-2092
-1934
-1702
-1400
-1052
-675
-288
86
440
756
1023
1243
1415
1530
1580
1558
1464
1295
1064
787
471
132
-218
-566
-902
-1217
-1512
-1773
-1980
-2120
-2177
-2150
-2036
-1844
-1593
-1288
-949
-600
-255
74
369
629
854
1036
1182
1289
1354
1390
1396
1378
1349
1319
1301
1299
1307
1318
1313
1263
1149
971
734
448
140
-173
-476
-754
-991
-1188
-1336
-1433
-1475
-1457
-1376
-1237
-1050
-827
-578
-315
-61
191
429
638
822
974
1087
1154
1161
1115
1015
865
680
469
245
13
-227
-468
-713
-955
-1182
-1385
-1547
-1657
-1712
-1701
-1621
-1490
-1308
-1079
-823
-543
-259
11
259
477
663
816
946
1049
1130
1196
1254
1303
1347
1397
1448
1503
1554
1585
1574
1498
1348
1132
859
551
221
-116
-436
-734
-998
-1214
-1381
-1489
-1534
-1509
-1410
-1250
-1041
-790
-516
-231
55
326
580
805
994
1138
1227
1262
1234
1150
1017
845
643
421
184
-64
-326
-605
-888
-1158
-1404
-1602
-1745
-1823
-1823
-1759
-1638
-1466
-1257
-1015
-755
-481
-208
54
289
495
670
813
927
1021
1098
1160
1208
1247
1278
1309
1344
1386
1422
1438
1413
1321
1162
940
673
373
59
-250
-542
-805
-1030
-1209
-1338
-1411
-1423
-1370
-1248
-1074
-858
-618
-364
-107
140
377
594
779
931
1041
1101
1107
1052
945
794
612
407
184
-50
-304
-570
-843
-1110
-1354
-1570
-1734
-1834
-1866
-1829
-1730
-1577
-1376
-1135
-870
-593
-313
-51
182
381
550
688
800
891
964
1022
1061
1090
1112
1138
1179
1239
1314
1386
1429
1420
1336
1174
942
663
361
47
-258
-543
-799
-1022
-1205
-1333
-1401
-1404
-1339
-1210
-1033
-817
-579
-331
-78
170
403
613
797
945
1051
1103
1100
1047
943
807
645
466
272
54
-188
-453
-741
-1035
-1307
-1535
-1705
-1803
-1828
-1792
-1692
-1531
-1324
-1075
-793
-500
-207
62
286
473
624
750
862
963
1054
1130
1189
1232
1264
1293
1324
1367
1413
1447
1441
1365
1216
996
719
416
101
-215
-511
-778
-1007
-1190
-1317
-1384
-1388
-1318
-1187
-1005
-780
-534
-274
-5
258
502
719
898
1034
1120
1156
1134
1056
931
769
579
366
142
-103
-361
-625
-891
-1143
-1360
-1535
-1663
-1732
-1746
-1705
-1607
-1459
-1260
-1020
-749
-467
-188
72
298
490
648
780
887
975
1048
1099
1133
1152
1166
1186
1217
1263
1318
1367
1382
1330
1208
1020
777
503
217
-73
-355
-621
-863
-1067
-1218
-1310
-1335
-1291
-1183
-1020
-820
-600
-362
-118
128
368
583
773
919
1015
1059
1046
979
873
730
564
384
187
-34
-280
-546
-822
-1090
-1328
-1525
-1666
-1746
-1763
-1721
-1623
-1475
-1279
-1039
-771
-488
-211
47
275
470
632
768
885
989
1082
1159
1224
1266
1292
1311
1333
1370
1407
1426
1408
1324
1170
952
689
401
106
-184
-461
-718
-947
-1140
-1286
-1369
-1381
-1322
-1194
-1019
-809
-577
-336
-89
151
381
593
775
915
1009
1045
1028
961
848
705
541
346
130
-111
-374
-645
-914
-1163
-1382
-1562
-1688
-1758
-1768
-1712
-1597
-1429
-1214
-963
-695
-415
-144
110
340
538
705
848
970
1072
1157
1226
1277
1310
1336
1363
1392
1430
1465
1475
1432
1311
1119
867
582
279
-25
-320
-603
-860
-1082
-1258
-1384
-1441
-1422
-1342
-1198
-1014
-803
-571
-323
-65
189
432
652
837
975
1059
1082
1043
965
854
710
541
334
88
-186
-479
-778
-1063
-1319
-1539
-1706
-1817
-1870
-1856
-1782
-1641
-1435
-1184
-908
-623
-337
-63
191
423
629
806
963
1103
1217
1307
1366
1401
1422
1442
1461
1480
1496
1481
1420
1298
1100
852
574
279
-19
-308
-587
-851
-1083
-1264
-1385
-1437
-1410
-1313
-1164
-979
-770
-550
-324
-84
162
406
638
837
990
1087
1124
1101
1022
901
751
572
359
107
-174
-472
-777
-1065
-1319
-1527
-1684
-1777
-1811
-1790
-1707
-1563
-1362
-1114
-835
-546
-261
10
258
479
674
852
1011
1145
1252
1332
1389
1428
1447
1469
1496
1517
1528
1508
1425
1273
1065
810
528
238
-49
-327
-596
-846
-1066
-1247
-1368
-1415
-1392
-1304
-1164
-992
-800
-594
-374
-145
86
314
526
712
852
943
986
981
939
862
747
591
391
152
-119
-404
-697
-978
-1225
-1434
-1591
-1700
-1754
-1750
-1680
-1551
-1372
-1151
-900
-632
-363
-103
140
362
567
763
945
1104
1240
1346
1424
1483
1536
1580
1626
1670
1685
1640
1517
1313
1049
751
439
123
-190
-498
-793
-1064
-1293
-1470
-1583
-1616
-1571
-1461
-1310
-1125
-919
-697
-447
-182
90
359
611
820
982
1087
1136
1142
1107
1037
923
753
527
261
-39
-366
-692
-1001
-1271
-1485
-1644
-1748
-1796
-1783
-1703
-1557
-1360
-1120
-846
-560
-265
19
286
542
783
1011
1219
1393
1531
1629
1688
1719
1741
1758
1775
1779
1735
1616
1409
1133
819
485
153
-169
-482
-773
-1041
-1278
-1464
-1589
-1636
-1602
-1502
-1357
-1187
-1001
-793
-567
-325
-70
181
420
639
812
933
997
1004
968
893
784
638
457
236
-23
-311
-608
-895
-1145
-1348
-1501
-1604
-1665
-1683
-1648
-1555
-1400
-1187
-929
-641
-350
-75
186
434
672
907
1134
1341
1516
1656
1755
1819
1860
1884
1896
1881
1816
1678
1460
1175
855
516
176
-147
-459
-752
-1021
-1265
-1465
-1603
-1674
-1668
-1593
-1470
-1308
-1122
-914
-689
-439
-179
86
342
574
769
910
1000
1043
1031
974
874
733
550
321
49
-252
-563
-858
-1114
-1322
-1484
-1603
-1678
-1702
-1675
-1587
-1441
-1245
-995
-716
-429
-141
144
430
725
1015
1292
1543
1757
1932
2067
2161
2225
2255
2241
2168
2007
1759
1441
1077
685
283
-121
-512
-879
-1208
-1491
-1716
-1871
-1946
-1941
-1868
-1738
-1563
-1351
-1108
-837
-547
-244
57
347
611
839
1017
1136
1200
1208
1159
1065
921
731
498
219
-92
-416
-723
-997
-1235
-1428
-1572
-1675
-1728
-1718
-1644
-1508
-1315
-1076
-809
-523
-227
75
386
701
1011
1307
1573
1805
1996
2145
2260
2335
2371
2344
2233
2036
1758
1420
1037
626
203
-216
-623
-1014
-1366
-1670
-1906
-2063
-2132
-2118
-2034
-1896
-1706
-1472
-1194
-883
-555
-218
118
426
698
921
1093
1212
1270
1269
1207
1084
905
676
402
92
-229
-549
-849
-1115
-1348
-1536
-1670
-1748
-1766
-1726
-1621
-1457
-1244
-988
-700
-390
-63
274
618
957
1280
1579
1838
2054
2231
2371
2475
2530
2516
2417
2219
1942
1603
1220
810
382
-49
-478
-891
-1272
-1607
-1874
-2056
-2153
-2169
-2117
-2006
-1846
-1634
-1373
-1064
-721
-360
2
339
629
870
1054
1184
1264
1288
1248
1139
965
728
443
132
-188
-500
-790
-1060
-1305
-1513
-1673
-1771
-1797
-1751
-1637
-1473
-1265
-1020
-746
-438
-95
273
651
1027
1380
1693
1965
2196
2388
2539
2642
2682
2632
2487
2253
1946
1585
1190
771
339
-100
-534
-953
-1334
-1660
-1912
-2082
-2171
-2185
-2136
-2028
-1866
-1650
-1382
-1070
-725
-356
10
347
647
890
1075
1204
1274
1273
1199
1050
830
553
238
-86
-403
-701
-973
-1222
-1442
-1624
-1758
-1825
-1813
-1728
-1575
-1376
-1139
-872
-576
-246
114
496
884
1260
1603
1906
2167
2379
2549
2672
2718
2668
2523
2280
1964
1590
1185
757
315
-129
-572
-993
-1383
-1715
-1969
-2141
-2226
-2238
-2180
-2063
-1894
-1667
-1388
-1063
-706
-339
22
355
644
879
1066
1206
1294
1317
1266
1128
909
630
316
-10
-329
-630
-911
-1179
-1415
-1600
-1723
-1775
-1746
-1647
-1488
-1282
-1045
-772
-461
-116
258
643
1022
1383
1703
1987
2234
2437
2601
2713
2742
2671
2491
2221
1886
1506
1094
662
219
-227
-665
-1077
-1448
-1754
-1983
-2125
-2187
-2187
-2128
-2015
-1846
-1617
-1334
-1010
-655
-298
45
351
613
831
1000
1119
1180
1175
1092
933
712
444
158
-134
-421
-694
-956
-1201
-1410
-1573
-1670
-1693
-1642
-1528
-1362
-1150
-893
-591
-250
121
515
907
1282
1629
1938
2209
2438
2617
2737
2777
2709
2541
2286
1960
1585
1174
738
285
-179
-632
-1056
-1433
-1743
-1977
-2131
-2211
-2228
-2186
-2077
-1908
-1677
-1391
-1067
-724
-376
-46
255
514
735
913
1044
1114
1113
1031
868
650
397
127
-146
-423
-695
-961
-1208
-1418
-1574
-1661
-1670
-1613
-1502
-1337
-1130
-873
-565
-215
168
565
959
1328
1663
1963
2229
2459
2643
2763
2794
2721
2552
2299
1980
1614
1210
781
334
-122
-572
-998
-1374
-1678
-1903
-2045
-2119
-2132
-2082
-1971
-1797
-1565
-1275
-946
-600
-259
56
332
565
761
922
1037
1088
1060
950
765
530
268
-1
-264
-525
-782
-1034
-1272
-1475
-1616
-1690
-1689
-1623
-1506
-1343
-1130
-866
-550
-183
213
624
1027
1398
1736
2044
2317
2545
2716
2802
2785
2667
2456
2173
1838
1455
1045
609
154
-307
-756
-1168
-1524
-1807
-2008
-2137
-2202
-2210
-2156
-2026
-1822
-1552
-1233
-884
-528
-193
109
379
617
825
988
1092
1124
1068
935
738
500
245
-22
-290
-565
-848
-1119
-1360
-1544
-1658
-1697
-1671
-1592
-1463
-1285
-1051
-758
-405
-3
419
843
1242
1603
1940
2247
2525
2752
2892
2919
2833
2646
2377
2046
1666
1252
813
351
-124
-589
-1028
-1408
-1715
-1946
-2104
-2203
-2235
-2197
-2087
-1902
-1650
-1344
-1002
-648
-300
16
299
551
765
930
1033
1066
1017
899
734
531
299
45
-221
-492
-765
-1026
-1260
-1442
-1559
-1608
-1585
-1513
-1387
-1208
-972
-675
-326
66
479
887
1275
1637
1971
2273
2537
2740
2847
2845
2733
2530
2256
1929
1559
1145
695
216
-269
-732
-1150
-1495
-1763
-1960
-2098
-2186
-2212
-2167
-2040
-1834
-1558
-1241
-911
-584
-277
7
274
520
736
898
989
997
924
792
619
426
220
-7
-259
-528
-798
-1050
-1256
-1401
-1484
-1502
-1473
-1400
-1283
-1118
-888
-595
-247
134
522
910
1275
1619
1947
2253
2516
2703
2789
2757
2618
2406
2130
1816
1460
1066
639
179
-283
-728
-1124
-1443
-1698
-1884
-2018
-2103
-2124
-2075
-1941
-1731
-1457
-1147
-829
-520
-235
29
277
505
701
844
913
899
814
679
509
321
114
-113
-357
-618
-878
-1113
-1302
-1425
-1485
-1485
-1431
-1333
-1181
-974
-711
-397
-43
331
704
1064
1408
1737
2044
2319
2531
2647
2658
2570
2399
2161
1874
1540
1165
757
326
-112
-531
-906
-1219
-1467
-1657
-1793
-1882
-1912
-1877
-1767
-1584
-1349
-1077
-793
-525
-274
-40
184
389
568
698
758
751
680
568
428
266
85
-118
-343
-582
-824
-1037
-1208
-1321
-1374
-1385
-1355
-1281
-1152
-955
-698
-390
-48
305
655
990
1310
1625
1928
2196
2405
2526
2531
2434
2262
2031
1758
1446
1087
687
263
-164
-568
-926
-1224
-1457
-1632
-1759
-1838
-1864
-1824
-1706
-1521
-1283
-1014
-739
-476
-241
-19
191
389
559
677
728
706
628
509
364
202
21
-172
-382
-603
-821
-1014
-1158
-1246
-1284
-1275
-1224
-1125
-974
-767
-498
-192
141
483
823
1150
1459
1753
2022
2253
2413
2473
2436
2318
2131
1896
1615
1286
913
512
99
-305
-675
-992
-1252
-1460
-1624
-1741
-1800
-1790
-1709
-1561
-1360
-1127
-879
-625
-381
-143
85
293
470
604
680
691
649
566
451
309
142
-53
-274
-506
-731
-931
-1096
-1216
-1299
-1340
-1335
-1283
-1164
-976
-729
-436
-112
223
559
891
1219
1539
1843
2114
2320
2435
2444
2362
2210
1999
1741
1440
1092
706
294
-120
-512
-856
-1135
-1356
-1533
-1668
-1762
-1800
-1767
-1652
-1470
-1242
-986
-729
-483
-249
-28
184
377
537
645
688
668
599
491
352
195
23
-172
-386
-609
-823
-1011
-1157
-1254
-1310
-1320
-1281
-1189
-1037
-827
-560
-251
82
429
772
1106
1429
1733
2008
2226
2367
2424
2384
2265
2079
1827
1525
1180
801
397
-8
-400
-757
-1058
-1308
-1507
-1655
-1755
-1798
-1775
-1687
-1534
-1337
-1109
-859
-603
-349
-99
144
370
564
710
799
826
799
730
627
488
317
121
-100
-328
-551
-756
-931
-1065
-1158
-1208
-1213
-1173
-1077
-923
-710
-452
-167
137
453
773
1091
1401
1686
1925
2099
2189
2198
2134
2009
1831
1600
1315
985
618
236
-136
-480
-786
-1046
-1270
-1465
-1627
-1736
-1785
-1763
-1675
-1527
-1339
-1131
-911
-685
-454
-215
23
238
421
551
622
643
622
569
490
385
257
108
-60
-238
-408
-554
-662
-729
-756
-741
-689
-595
-460
-289
-84
145
391
652
913
1158
1370
1532
1635
1683
1679
1625
1520
1360
1152
900
612
311
15
-265
-516
-732
-914
-1069
-1192
-1283
-1328
-1325
-1273
-1174
-1043
-890
-723
-553
-378
-200
-18
155
306
423
490
509
488
434
352
249
124
-22
-184
-357
-524
-674
-790
-871
-921
-937
-917
-856
-749
-599
-407
-179
68
323
577
827
1073
1309
1518
1685
1791
1824
1788
1697
1558
1379
1158
899
605
291
-32
-342
-626
-874
-1081
-1248
-1381
-1477
-1532
-1536
-1485
-1382
-1232
-1050
-848
-636
-425
-217
-13
176
348
484
585
642
655
628
561
465
353
224
81
-68
-222
-363
-480
-564
-607
-609
-570
-491
-381
-240
-69
127
341
566
793
1005
1187
1329
1426
1473
1473
1423
1323
1176
985
756
499
225
-51
-314
-558
-780
-974
-1142
-1276
-1370
-1420
-1420
-1372
-1281
-1149
-993
-810
-610
-399
-184
28
226
395
528
620
666
674
646
585
494
376
233
75
-89
-248
-393
-514
-609
-676
-704
-694
-642
-548
-415
-245
-48
171
400
624
839
1040
1208
1335
1417
1443
1422
1357
1243
1090
892
662
412
141
-130
-397
-648
-874
-1073
-1243
-1374
-1464
-1505
-1495
-1438
-1336
-1202
-1042
-861
-669
-468
-258
-53
141
315
454
558
623
649
646
616
560
478
373
251
119
-8
-118
-211
-284
-327
-346
-335
-285
-204
-96
42
195
358
523
686
844
982
1096
1175
1211
1210
1164
1084
968
818
640
435
211
-22
-254
-478
-681
-860
-1019
-1143
-1233
-1287
-1293
-1264
-1195
-1092
-960
-806
-639
-466
-291
-121
46
198
326
425
491
524
527
502
455
392
311
220
120
11
-91
-180
-241
-275
-286
-267
-219
-154
-68
42
168
307
460
606
742
857
945
1003
1028
1028
1001
939
843
705
533
337
132
-73
-270
-462
-646
-819
-974
-1097
-1188
-1244
-1261
-1246
-1204
-1136
-1043
-927
-791
-635
-469
-307
-149
-6
119
227
313
379
425
447
445
419
374
316
258
203
151
113
78
57
55
68
98
144
203
272
345
422
502
578
653
719
768
794
793
771
724
651
559
447
317
173
12
-156
-321
-472
-603
-712
-802
-875
-924
-951
-955
-929
-884
-812
-727
-637
-541
-442
-341
-238
-134
-38
45
111
158
189
208
209
195
175
150
116
86
61
47
49
66
94
130
181
245
314
391
468
547
617
678
728
765
790
802
793
762
704
619
514
398
271
132
-15
-172
-329
-476
-619
-741
-841
-922
-981
-1019
-1039
-1037
-1005
-947
-868
-770
-659
-541
-416
-288
-161
-41
72
171
251
311
351
373
377
366
347
319
284
248
211
180
156
139
136
144
159
186
223
274
333
395
459
523
586
641
680
706
716
701
669
613
530
430
308
171
24
-127
-279
-426
-562
-685
-797
-890
-960
-1007
-1027
-1025
-1001
-954
-889
-801
-694
-575
-446
-311
-176
-49
68
175
261
333
392
428
445
448
436
415
388
357
326
294
265
242
227
216
210
215
230
249
273
301
329
358
384
407
421
425
420
397
361
309
238
156
61
-45
-154
-271
-385
-492
-593
-684
-760
-812
-840
-855
-850
-823
-778
-712
-632
-542
-436
-327
-217
-103
6
107
200
279
344
394
429
442
446
437
410
380
342
301
262
223
189
164
143
132
132
141
159
185
218
259
303
340
376
409
430
440
437
417
384
332
266
190
100
3
-97
-201
-307
-406
-494
-574
-641
-691
-726
-744
-737
-717
-680
-621
-554
-474
-378
-279
-176
-70
31
122
208
282
335
375
398
407
403
387
363
329
291
246
201
158
119
89
63
44
34
31
34
45
65
92
126
159
192
225
253
274
286
288
276
249
212
161
98
24
-56
-139
-222
-304
-380
-449
-509
-559
-592
-613
-621
-611
-588
-553
-504
-446
-379
-302
-222
-135
-48
38
119
190
252
302
342
370
386
394
383
365
344
310
276
240
199
161
123
88
62
39
19
10
6
8
16
29
47
66
86
106
126
138
146
151
149
135
114
86
53
15
-30
-75
-118
-164
-207
-246
-280
-309
-328
-337
-336
-324
-307
-285
-252
-212
-166
-115
-63
-12
41
90
134
177
212
236
257
272
281
285
277
263
247
225
199
173
145
117
88
59
33
13
-3
-11
-15
-15
-15
-11
-4
2
9
14
16
17
13
3
-8
-21
-34
-50
-70
-87
-106
-126
-146
-169
-190
-206
-218
-226
-229
-227
-222
-210
-193
-173
-151
-123
-93
-62
-32
-1
29
58
81
102
119
130
140
144
141
135
130
121
108
99
89
76
65
51
41
32
25
25
27
26
28
28
27
25
21
18
17
11
4
-6
-18
-32
-45
-57
-66
-72
-80
-91
-99
-106
-114
-118
-116
-113
-105
-92
-81
-67
-49
-29
-7
16
38
58
76
93
106
117
123
127
130
129
123
112
105
96
84
72
60
47
33
22
16
9
2
-1
-4
-2
0
4
9
13
15
12
11
9
5
3
-1
-7
-13
-26
-36
-44
-56
-62
-70
-75
-76
-82
-84
-87
-85
-80
-74
-63
-50
-36
-19
-4
11
28
41
52
59
67
73
70
68
65
51
37
23
5
-14
-33
-49
-64
-78
-93
-102
-107
-108
-106
-101
-90
-74
-56
-37
-12
10
29
48
69
87
102
112
116
119
120
118
107
91
75
57
35
17
-2
-17
-27
-39
-48
-56
-59
-60
-56
-47
-36
-22
-6
9
26
40
54
66
78
81
84
84
76
65
54
37
16
-4
-23
-47
-70
-85
-101
-113
-119
-125
-125
-122
-112
-99
-83
-62
-39
-17
9
33
54
74
93
108
121
126
126
128
122
110
95
75
52
31
6
-20
-44
-64
-81
-96
-111
-118
-121
-126
-120
-111
-100
-86
-71
-48
-27
-7
11
30
43
54
64
67
69
65
62
54
37
24
10
-7
-25
-39
-53
-69
-80
-89
-94
-96
-91
-87
-79
-65
-47
-27
-7
14
35
53
69
82
92
99
107
110
111
113
108
97
84
70
55
40
23
8
-8
-19
-28
-37
-43
-47
-46
-44
-42
-38
-30
-19
-9
3
10
17
25
29
33
35
37
36
33
29
21
9
-1
-13
-22
-28
-38
-49
-54
-59
-61
-62
-61
-57
-49
-39
-29
-17
-2
11
28
39
49
61
65
69
71
71
67
62
56
44
31
17
2
-16
-30
-44
-55
-64
-72
-74
-74
-75
-76
-73
-68
-61
-52
-42
-31
-18
-5
7
14
23
30
36
43
45
45
44
37
28
20
11
1
-5
-15
-23
-31
-37
-39
-40
-38
-36
-32
-27
-21
-11
-1
12
26
39
52
59
63
64
64
64
58
52
44
36
23
9
-3
-15
-27
-37
-46
-55
-57
-58
-59
-57
-51
-43
-34
-22
-12
3
16
26
38
46
52
55
58
62
63
59
54
50
43
34
25
15
4
-7
-17
-27
-39
-48
-49
-53
-54
-49
-43
-37
-31
-24
-16
-8
4
14
20
27
31
37
41
42
41
43
41
38
34
29
23
17
11
8
2
-6
-12
-16
-21
-21
-21
-20
-20
-20
-15
-14
-11
-9
-6
-5
-4
-1
2
6
8
10
11
10
8
5
1
-2
-6
-12
-17
-22
-26
-27
-29
-34
-34
-36
-35
-35
-34
-33
-29
-21
-14
-9
-2
3
9
15
20
25
31
34
35
36
35
33
31
30
27
21
17
10
3
-2
-9
-16
-23
-26
-31
-35
-37
-41
-42
-39
-38
-41
-38
-33
-30
-23
-19
-11
-3
5
12
18
23
27
31
35
35
35
34
30
26
20
17
13
2
-7
-17
-26
-33
-37
-44
-48
-49
-48
-46
-43
-37
-28
-20
-8
4
12
22
32
44
52
61
66
65
66
62
59
54
45
36
28
19
9
-4
-12
-18
-26
-28
-34
-39
-38
-36
-31
-21
-12
0
15
26
34
44
51
59
62
64
65
63
58
51
42
33
22
6
-7
-21
-36
-50
-62
-67
-74
-80
-81
-80
-78
-71
-62
-52
-39
-24
-7
5
16
31
46
56
65
74
77
78
78
73
66
57
50
37
25
11
-5
-18
-33
-45
-55
-65
-71
-75
-75
-72
-66
-58
-47
-35
-24
-15
-3
7
17
26
32
35
36
34
32
26
18
10
1
-12
-23
-36
-51
-61
-68
-75
-81
-82
-81
-82
-74
-65
-57
-42
-25
-15
-1
14
28
43
56
67
75
82
86
88
86
82
79
73
64
53
40
27
17
10
2
-6
-12
-16
-18
-17
-14
-12
-9
-1
6
11
19
26
37
42
49
55
53
53
52
45
39
29
21
10
-2
-14
-24
-34
-41
-48
-55
-60
-61
-61
-59
-55
-50
-42
-35
-28
-19
-11
0
8
14
22
31
36
39
39
40
38
34
30
25
19
11
3
-2
-8
-14
-22
-27
-31
-36
-38
-39
-41
-39
-37
-34
-30
-26
-20
-16
-15
-11
-8
-8
-6
-6
-5
-5
-5
-7
-9
-11
-13
-17
-21
-22
-24
-26
-29
-28
-26
-27
-24
-21
-15
-12
-7
-1
3
8
15
20
23
27
30
32
36
37
37
38
39
38
37
34
31
30
27
26
26
23
23
24
22
21
21
20
18
17
14
9
5
1
-2
-9
-13
-11
-13
-14
-16
-16
-17
-18
-17
-15
-15
-13
-8
-4
-5
-3
2
2
2
2
4
3
2
1
0
-2
-5
-5
-2
-2
-4
-5
-5
-8
-7
-6
-4
-1
4
9
8
9
13
11
12
17
18
17
14
13
10
5
-1
-5
-11
-19
-24
-29
-38
-46
-48
-51
-56
-59
-59
-59
-60
-57
-53
-49
-42
-34
-26
-17
-9
0
8
15
20
24
32
32
32
35
31
29
25
22
18
14
12
8
5
0
1
-2
-4
-1
3
7
12
18
23
23
29
33
37
42
43
45
44
42
40
36
30
26
22
14
5
-1
-10
-16
-20
-25
-27
-29
-30
-31
-31
-27
-28
-23
-18
-15
-7
0
7
12
19
24
28
33
34
36
33
31
30
25
21
15
9
4
1
-4
-12
-16
-20
-20
-19
-20
-17
-13
-11
-8
-3
4
5
11
18
18
24
23
23
21
16
13
6
1
-6
-9
-14
-21
-25
-31
-36
-38
-41
-43
-43
-42
-43
-44
-39
-35
-27
-20
-13
-4
2
6
11
13
15
19
20
22
25
24
24
24
22
20
19
21
19
13
15
12
11
11
7
10
10
14
19
17
16
18
19
17
16
17
14
11
10
8
4
0
-1
-4
-7
-12
-16
-19
-25
-29
-32
-35
-35
-35
-35
-30
-27
-24
-22
-17
-13
-8
-5
-2
-1
0
3
4
6
9
9
12
12
8
6
2
0
-1
-4
-8
-12
-12
-15
-15
-15
-14
-12
-10
-7
-8
-7
-5
-6
-6
-7
-9
-12
-9
-10
-11
-10
-10
-13
-16
-19
-21
-23
-25
-25
-26
-26
-23
-19
-16
-15
-11
-8
-7
-2
2
5
7
13
15
16
20
19
19
21
19
20
17
17
17
14
12
8
5
2
1
2
0
2
5
4
5
6
6
8
14
15
16
20
23
21
22
20
17
18
17
15
9
7
3
2
-2
-3
-3
-5
-3
-3
-1
2
6
11
14
17
23
26
26
31
35
36
37
38
38
37
33
33
31
24
19
15
9
5
1
-5
-12
-15
-16
-20
-22
-21
-20
-20
-17
-16
-15
-14
-13
-10
-8
-6
-4
-2
0
0
-4
-3
-4
-7
-10
-15
-15
-17
-24
-26
-28
-31
-32
-30
-30
-28
-25
-21
-18
-14
-7
-1
6
12
14
20
22
23
26
25
24
23
19
18
13
8
5
0
-7
-13
-17
-22
-25
-24
-24
-23
-22
-17
-15
-10
-7
-5
1
6
9
15
19
23
25
27
27
27
26
25
25
23
21
19
14
8
4
0
-3
-5
-5
-2
-1
-3
-1
2
5
4
10
14
15
18
22
25
25
27
24
20
19
16
12
5
-2
-6
-9
-15
-22
-26
-34
-37
-38
-42
-43
-40
-37
-36
-35
-33
-28
-22
-20
-18
-14
-11
-8
-3
-1
-2
-3
-4
-7
-11
-15
-18
-20
-23
-24
-27
-30
-34
-37
-36
-36
-36
-35
-35
-31
-27
-24
-19
-13
-7
-4
2
8
11
13
15
15
13
12
12
14
11
5
2
1
-1
-2
-3
-4
-4
-3
0
3
5
8
13
18
22
27
32
37
42
47
50
52
52
52
52
51
46
43
43
37
33
31
26
20
15
12
6
1
-2
-6
-8
-9
-9
-8
-7
-4
-2
1
4
8
10
12
15
19
23
21
23
22
19
19
15
12
7
1
-2
-3
-7
-15
-18
-21
-24
-30
-30
-25
-23
-21
-20
-20
-16
-11
-9
-7
-5
-2
-2
-1
1
0
-2
-1
-4
-5
-9
-15
-17
-23
-23
-24
-32
-36
-38
-35
-36
-40
-37
-38
-35
-31
-28
-24
-21
-17
-11
-5
-2
3
9
10
16
19
22
25
22
24
23
20
18
14
14
13
9
6
3
2
0
0
-1
-1
0
2
5
6
8
10
12
15
18
17
19
19
18
16
17
16
12
13
13
11
9
9
8
6
4
3
1
-1
1
4
3
2
2
4
7
7
9
7
7
11
10
11
12
10
9
9
10
5
4
1
-2
-1
-5
-10
-14
-14
-14
-17
-21
-26
-26
-28
-29
-27
-30
-28
-26
-26
-25
-27
-25
-26
-26
-21
-21
-21
-21
-18
-15
-11
-10
-12
-9
-5
-5
-3
-4
0
2
3
5
7
7
7
8
10
10
11
9
8
9
8
9
8
7
9
10
9
6
6
9
8
11
10
10
12
12
15
15
15
16
14
15
11
10
11
8
8
6
5
3
2
1
2
0
-3
3
4
6
9
5
7
10
13
13
14
14
15
17
15
16
17
15
13
11
10
6
3
2
-4
-7
-9
-13
-15
-21
-23
-23
-24
-25
-25
-20
-20
-20
-18
-18
-17
-17
-15
-14
-15
-12
-9
-5
-6
-6
-6
-7
-9
-10
-11
-11
-10
-10
-11
-9
-10
-12
-10
-7
-6
-4
-1
3
8
7
9
13
14
16
16
16
17
17
14
12
12
8
4
1
-2
-3
-6
-8
-8
-9
-9
-9
-9
-10
-10
-7
-4
3
4
5
8
12
14
15
18
18
19
21
19
22
19
14
16
13
8
4
3
1
-1
-2
-5
-3
-2
-6
-8
-7
-8
-8
-7
-7
-4
0
2
4
2
0
0
0
0
0
-1
-3
-2
-4
-9
-9
-11
-13
-16
-18
-15
-17
-18
-14
-14
-9
-9
-7
-1
0
1
7
14
19
21
24
25
28
27
25
23
23
22
15
14
14
11
7
3
2
-1
-4
-4
-4
-4
-2
-2
-1
2
0
1
5
5
5
8
10
13
13
12
12
9
10
10
9
9
4
2
-1
-5
-7
-9
-9
-10
-11
-13
-14
-13
-12
-10
-7
-4
-6
-3
-1
-2
-1
2
0
0
-1
-3
-3
-7
-4
-5
-10
-12
-15
-16
-20
-21
-23
-26
-25
-25
-24
-21
-19
-19
-18
-14
-13
-8
-9
-5
-3
-4
-4
-1
1
2
-1
-2
-4
-6
-8
-8
-9
-11
-12
-12
-11
-10
-10
-8
-3
-1
2
7
11
13
13
12
15
16
14
18
19
21
20
20
23
21
18
19
14
10
7
3
2
3
2
3
3
5
12
10
9
15
15
15
17
21
23
22
23
24
25
23
20
18
16
14
9
7
5
0
-4
-5
-6
-7
-9
-9
-8
-7
-5
-3
0
0
0
1
6
7
7
9
13
15
15
18
16
13
10
6
5
-1
-5
-9
-13
-17
-18
-21
-22
-22
-21
-21
-20
-17
-14
-15
-13
-10
-8
-7
-7
-4
-1
-1
1
1
1
0
-4
-5
-7
-13
-14
-15
-21
-23
-25
-27
-27
-29
-31
-29
-29
-25
-25
-21
-14
-11
-7
-2
1
5
8
8
11
15
14
15
16
15
15
12
9
7
3
-1
-3
-4
-5
-6
-8
-8
-6
-4
-2
2
3
5
10
13
16
21
24
27
27
29
30
28
26
26
25
21
19
17
14
11
6
1
-3
-5
-5
-5
-9
-7
-6
-5
1
5
7
9
10
12
14
15
16
18
20
19
18
15
12
10
8
3
0
-1
-5
-9
-13
-17
-20
-25
-23
-22
-23
-22
-22
-22
-18
-16
-13
-12
-8
-6
-4
-3
-3
-3
-3
-3
-3
-4
-7
-10
-12
-15
-18
-20
-23
-25
-25
-25
-26
-24
-22
-21
-17
-14
-10
-9
-8
-5
-3
-1
2
4
9
8
10
13
10
11
10
8
8
4
4
3
3
2
0
-1
-3
0
0
2
8
8
10
12
17
18
19
23
23
25
26
24
25
26
27
24
23
20
14
10
7
5
4
2
2
2
3
3
1
-2
-4
-1
-1
-2
-2
-2
-1
-1
0
3
2
1
3
1
-4
-6
-8
-9
-9
-11
-12
-18
-22
-19
-20
-19
-16
-16
-17
-17
-14
-13
-10
-7
-6
-3
-1
-1
2
2
2
2
2
1
-1
-1
-3
-6
-9
-11
-13
-15
-14
-17
-17
-16
-19
-20
-18
-18
-15
-13
-9
-6
-4
-1
2
6
9
11
11
11
14
16
17
14
14
14
12
11
11
12
13
10
9
10
8
9
11
12
14
16
20
21
23
23
26
28
30
31
30
31
27
28
26
23
22
19
18
15
12
9
6
4
0
1
1
-2
-4
-3
-2
-2
-1
1
4
4
6
7
6
8
8
7
7
5
5
-1
-5
-6
-9
-13
-17
-19
-23
-27
-29
-30
-32
-32
-34
-34
-35
-32
-29
-30
-26
-23
-23
-21
-18
-15
-14
-10
-9
-10
-10
-9
-13
-12
-12
-13
-15
-18
-18
-22
-23
-22
-20
-19
-19
-20
-15
-15
-10
-9
-6
-4
-4
-1
2
4
6
10
11
13
12
12
15
15
17
13
11
12
9
8
9
8
6
1
4
5
2
2
2
5
7
10
11
12
16
20
21
25
23
24
24
25
26
23
23
21
19
19
15
15
13
10
10
10
9
8
7
4
6
7
8
7
10
12
13
15
17
17
16
15
16
14
12
10
7
5
3
1
0
-3
-6
-8
-8
-11
-14
-17
-19
-17
-17
-20
-21
-18
-16
-15
-14
-12
-10
-8
-7
-5
-2
-4
-1
-1
-2
-1
-4
-6
-7
-10
-12
-15
-17
-19
-22
-23
-23
-23
-25
-25
-23
-22
-24
-23
-20
-20
-16
-11
-6
-6
-4
0
0
1
1
1
2
5
4
3
6
4
4
2
2
3
1
0
1
4
3
3
4
7
7
7
11
12
16
18
19
23
25
26
26
27
28
27
24
19
18
16
14
13
9
7
5
1
1
1
-5
-3
-3
-6
-4
-3
-1
0
3
7
9
11
12
11
14
15
16
14
14
14
9
9
10
6
5
3
0
-1
-5
-4
-5
-8
-11
-11
-12
-17
-17
-14
-13
-12
-11
-12
-10
-10
-11
-11
-15
-16
-16
-17
-14
-15
-16
-17
-16
-16
-18
-18
-20
-22
-22
-21
-23
-21
-16
-14
-14
-12
-10
-10
-8
-6
-2
2
4
7
9
8
11
12
13
11
13
12
9
9
8
8
7
6
6
6
5
2
1
4
3
2
1
3
10
9
8
7
8
8
8
8
9
7
7
11
10
12
11
8
5
6
6
2
2
1
0
-1
-2
-1
-2
-3
-3
-2
-2
-4
-6
-3
-2
-4
-2
0
1
1
-1
-4
-2
-3
-4
-3
-4
-5
-5
-4
-2
-4
-6
-4
-5
-8
-8
-6
-5
-4
-1
0
1
4
5
3
8
11
9
12
13
13
12
13
12
9
8
6
6
8
6
5
4
3
0
0
-1
-2
-3
-5
-6
-5
-8
-4
-2
-2
2
0
-3
-1
0
-1
1
1
0
-1
1
2
3
4
3
1
0
-1
-1
-2
-3
0
-3
-6
-7
-8
-9
-9
-9
-7
-7
-11
-9
-7
-7
-8
-8
-9
-11
-10
-9
-8
-8
-7
-5
-4
-4
-4
-4
-3
-2
-6
-4
-3
-4
-3
1
4
3
2
3
4
4
3
1
0
-2
2
6
4
4
6
3
2
2
2
1
1
1
0
1
0
-1
2
0
-1
2
-1
0
-1
0
-1
-1
-1
-2
-4
-3
-3
-6
-3
-5
-5
-2
-3
-1
1
4
2
-1
1
3
3
3
4
6
7
6
6
7
2
1
3
3
3
2
6
4
2
3
1
-1
-2
-1
-1
-3
-2
-1
-3
-3
0
0
2
5
3
5
6
6
6
3
6
6
7
7
8
8
5
5
7
5
5
5
3
5
4
4
4
5
5
3
5
4
3
4
3
3
5
4
3
2
2
2
2
2
1
1
2
2
1
0
-1
2
1
-1
-2
-3
-2
-5
-4
-4
-4
-4
-6
-7
-8
-8
-5
-3
-4
-5
-1
-2
-4
-5
-3
-6
-6
-3
-3
-7
-10
-7
-8
-10
-11
-11
-12
-13
-13
-15
-16
-17
-17
-18
-16
-14
-13
-11
-10
-11
-9
-10
-10
-9
-10
-9
-6
-7
-6
-6
-6
-6
-8
-7
-4
-5
-4
-5
-4
-3
-4
-4
-4
-4
-2
-1
-3
-3
0
4
3
6
9
9
10
11
12
13
13
15
15
17
19
18
18
17
17
19
19
20
20
21
20
21
19
18
18
17
17
19
19
19
21
22
23
22
20
18
19
17
17
19
19
18
15
15
16
14
14
14
12
12
8
8
7
6
4
3
5
6
5
3
1
1
-1
0
-1
0
0
0
0
-3
-3
-4
-7
-5
-4
-8
-7
-11
-14
-15
-14
-14
-15
-15
-15
-13
-13
-15
-12
-14
-16
-14
-13
-15
-13
-13
-14
-14
-13
-15
-17
-19
-17
-17
-15
-15
-17
-18
-17
-17
-17
-17
-17
-16
-19
-18
-17
-17
-15
-16
-18
-14
-15
-17
-12
-9
-7
-5
-4
-3
-1
-1
-1
0
0
0
-1
0
4
3
4
3
3
0
0
2
4
6
7
4
5
8
9
12
9
12
12
9
12
12
8
10
10
8
6
7
7
7
6
5
5
2
3
4
-1
0
-1
-3
-1
0
1
1
2
0
-1
-1
0
3
2
3
3
1
3
5
5
7
8
6
4
3
2
2
-1
-1
1
-2
0
1
-2
-1
-2
-2
-1
-4
-3
-1
1
1
2
3
1
1
3
3
5
4
3
1
0
3
3
1
0
-1
-2
-5
-6
-4
-4
-4
-5
-5
-4
-2
-3
-2
0
-1
-1
-1
-2
-2
1
2
3
7
7
5
10
8
7
9
7
7
7
7
9
9
7
7
3
1
2
3
3
3
1
0
0
1
5
6
4
7
8
7
8
8
9
10
7
9
9
9
8
8
8
8
7
7
8
8
7
7
3
2
3
2
-1
2
2
1
1
1
1
0
1
1
-1
0
-3
-5
-5
-5
-4
-3
-2
-2
-3
-2
-1
-2
-5
-5
-2
-1
-5
-5
-5
-7
-6
-7
-6
-4
-5
-2
-2
-6
-7
-6
-5
-5
-4
-4
-7
-9
-8
-10
-11
-9
-8
-11
-12
-13
-15
-16
-14
-17
-20
-18
-19
-18
-16
-17
-18
-17
-16
-13
-13
-11
-10
-13
-9
-8
-6
-5
-4
0
2
-1
-1
1
2
3
4
2
5
4
1
5
5
6
5
3
5
4
3
1
0
-1
-4
-5
-4
-4
-4
-1
-5
-3
-3
-3
1
-1
-3
-2
-4
-1
-1
-1
1
3
7
5
5
8
6
6
10
11
11
13
13
15
18
16
16
17
16
19
19
21
19
18
19
17
17
18
19
19
15
13
9
6
6
4
2
1
3
1
-1
0
-1
-3
-5
-5
-3
-8
-10
-7
-8
-7
-7
-6
-2
0
1
4
2
2
3
0
2
4
3
1
2
5
5
2
4
5
2
2
-1
-2
0
-2
-3
-1
-3
-2
-1
-2
-2
-3
-5
-5
-5
-4
-8
-10
-8
-8
-10
-10
-10
-7
-2
-3
-4
-6
-6
-9
-8
-7
-7
-4
-4
-5
-2
-3
-3
-2
-1
-1
0
-1
-2
1
-2
-5
-5
-3
-1
2
2
0
-2
-3
-4
-5
-7
-7
-7
-6
-8
-8
-10
-14
-14
-11
-12
-10
-10
-6
-4
-6
-5
-3
-3
-4
-1
1
0
1
1
2
3
3
2
2
4
3
2
4
4
5
5
4
7
4
2
3
3
3
5
4
3
3
0
-1
-3
-4
0
2
0
1
3
0
-2
-1
-2
-1
2
0
-1
-4
-5
-5
-4
-6
-4
-3
-2
-1
1
1
-1
2
0
0
2
2
3
7
7
5
7
7
7
12
9
9
9
5
7
9
9
10
9
8
9
10
6
10
9
9
10
7
7
8
6
7
8
5
5
4
3
3
3
1
1
0
2
3
-1
0
-1
-3
-5
-4
-1
-2
-3
-2
-2
-1
0
1
0
-1
-1
-3
-2
-3
-2
0
1
3
1
0
-1
1
5
4
2
2
1
2
3
0
-1
-1
-4
-2
-3
-4
-2
-6
-3
-3
-8
-3
-5
-7
-5
-6
-8
-5
-6
-7
-4
-4
-7
-10
-10
-10
-8
-9
-9
-6
-7
-10
-9
-8
-8
-9
-9
-4
-5
-7
-6
-6
-5
-6
-5
-3
-2
-2
-1
-2
-3
-4
-5
-3
-1
-1
2
2
0
1
1
0
-2
-1
-2
-1
0
0
-1
0
4
2
3
3
2
3
5
4
7
9
9
8
8
8
6
7
6
6
7
7
8
9
9
6
7
5
3
3
3
3
4
2
2
3
1
1
1
-2
-1
-2
-3
0
1
0
1
1
1
3
1
1
2
2
2
1
1
0
0
1
2
2
-3
-4
-2
-2
-1
1
0
0
-2
-1
0
-2
-1
1
0
-1
-1
-3
-2
-2
-3
-1
-3
-4
-4
-7
-5
-6
-6
-4
-5
-5
-2
-3
-5
-3
-2
-4
-2
0
0
-1
-2
1
0
-1
0
-1
2
3
1
1
1
0
0
3
1
-4
-2
-1
-1
-1
-1
-2
-2
-1
0
0
-1
-2
-2
0
-2
1
0
2
4
5
6
4
3
2
1
0
0
-1
-1
-1
-2
0
1
0
0
-1
-1
-1
0
0
-1
0
5
5
4
5
6
4
4
7
7
8
7
7
7
7
7
6
6
6
7
6
5
3
1
3
0
-1
0
-3
-2
-2
-3
-4
-4
-4
-3
-2
-4
-6
-6
-10
-10
-6
-5
-5
-2
-3
-1
-1
-3
-2
-2
-6
-7
-7
-7
-7
-5
-4
-4
-2
0
1
-1
-1
2
1
1
2
0
1
2
4
4
1
1
5
4
3
3
2
2
-1
-2
2
-1
-3
-1
0
0
-2
-2
-1
-1
-1
-2
0
-3
-2
0
0
3
1
0
1
0
1
2
1
-2
-2
0
0
1
2
2
4
5
6
4
3
2
2
1
1
2
2
3
3
5
6
3
4
6
6
7
7
3
3
2
3
4
3
2
2
2
2
3
0
2
0
-2
1
0
-1
1
-1
0
2
-1
1
0
0
1
0
-2
-3
-2
0
0
0
-1
0
-1
-1
1
0
-3
0
-1
0
1
-1
0
2
2
3
1
2
1
0
0
0
-2
-1
-2
-1
1
0
0
0
-2
-3
-2
-2
-5
-9
-7
-5
-5
-4
-5
-6
-5
-2
-4
-5
-4
-4
-5
-4
-2
-2
-4
-2
-1
-1
-2
-1
0
1
0
-1
1
-2
-2
-2
-2
0
0
1
3
3
5
8
7
5
3
5
4
3
5
4
5
8
9
7
8
9
4
2
1
2
1
-2
0
1
0
0
1
3
1
0
-2
-3
-1
2
3
2
3
4
2
3
3
3
4
4
4
4
3
4
2
0
2
2
1
1
0
0
0
-3
-6
-6
-6
-7
-6
-7
-7
-4
-5
-3
-4
-5
-3
-5
-5
-5
-7
-6
-7
-5
-6
-7
-4
-4
-4
-5
-6
-4
-6
-4
-4
-4
-4
-4
-2
0
-2
0
2
2
2
0
-2
0
-1
1
3
3
5
2
2
5
5
3
3
3
2
2
2
4
2
1
3
2
1
4
4
4
2
1
1
0
0
-2
0
0
0
0
0
0
1
3
0
-2
0
-2
-2
0
0
-1
-3
-3
0
-2
-1
3
4
4
1
3
2
2
4
4
6
6
8
8
8
9
9
7
6
4
5
3
3
3
2
5
4
2
2
-1
-2
0
-1
-1
-1
0
1
1
2
2
3
2
1
1
1
-2
-3
-3
-3
-5
-6
-5
-6
-6
-7
-8
-6
-7
-7
-8
-9
-8
-11
-9
-7
-8
-7
-7
-4
-1
-3
-1
2
2
4
3
2
2
4
4
3
2
3
1
1
1
0
1
0
-1
-1
-4
-2
-1
-1
0
-1
0
-1
-3
0
-1
-5
-6
-6
-4
-5
-4
-4
-4
-3
-6
-9
-7
-10
-10
-10
-10
-9
-11
-9
-9
-9
-7
-7
-8
-7
-6
-8
-7
-5
-3
-6
-5
-4
-4
-4
-4
-4
-4
-4
-4
-5
-4
-4
-3
-3
-6
-6
-6
-7
-4
-5
-4
-2
-6
-6
-2
-2
-3
-4
-3
-3
-3
0
-1
-2
-1
1
2
3
3
3
0
1
1
-1
2
2
1
2
0
1
-1
-1
-1
-1
0
1
0
-1
2
1
-1
1
0
0
1
3
3
3
0
1
3
5
6
4
3
3
1
5
6
6
9
7
10
9
4
7
6
6
10
10
11
12
16
17
15
17
16
18
18
16
19
18
18
19
18
16
14
11
12
11
11
11
9
8
8
7
9
8
6
6
4
6
7
4
5
6
6
6
7
5
3
3
0
-2
1
1
2
-1
0
2
-5
-5
-4
-7
-5
-4
-3
-4
-6
-5
-7
-5
-2
0
-2
-2
0
1
-2
-4
-1
-2
-1
-2
-5
-3
-5
-8
-6
-6
-6
-5
-5
-7
-7
-8
-8
-7
-8
-7
-8
-7
-8
-9
-8
-8
-8
-7
-5
-2
-5
-7
-7
-4
-4
-2
-3
0
-2
-6
-4
-1
-1
-1
-2
-1
-3
-3
-1
1
2
1
1
-1
0
-1
0
0
0
3
0
0
2
3
0
-2
-1
-1
-1
1
3
3
1
2
0
1
2
0
1
1
0
0
1
2
4
4
5
6
4
4
3
4
6
5
2
0
-1
1
1
3
2
0
-1
1
0
-2
-2
-2
-3
-3
-2
1
0
-1
-4
-4
-5
-3
-1
0
1
2
0
-2
0
2
2
3
2
0
2
0
-2
2
2
0
-1
-3
-2
-1
0
3
3
1
0
-2
-2
-5
-4
-2
0
-3
-6
-4
-5
-3
-3
-2
-1
-2
0
-3
-3
-3
-5
-6
-4
-3
-3
-4
-4
-4
-6
-5
-5
-4
-2
-5
-6
-3
-3
-5
-4
-3
0
-1
-1
-1
-1
-3
-4
-2
0
2
3
2
4
4
3
3
1
2
1
-1
2
0
-2
0
-1
0
1
1
1
-1
0
0
-1
1
2
-1
0
0
1
0
0
2
2
2
2
0
3
3
2
7
5
2
1
0
0
-1
1
3
3
3
3
1
2
2
3
4
6
8
6
6
6
6
6
6
7
8
9
6
4
4
5
5
6
5
2
1
1
1
0
-2
-4
-1
-2
-4
-5
-5
-4
