-8
-5
-5
-4
-5
-7
-3
-2
-4
-4
-3
-1
-3
-2
-3
-4
-1
-1
0
4
3
4
4
4
2
1
2
3
3
2
0
2
3
3
5
7
5
5
3
-1
-1
-1
-2
-2
-2
0
-1
1
0
-3
-2
0
-3
-2
0
-4
-5
-4
-2
-3
-4
-4
-2
0
-3
-2
-2
-3
-4
-4
-4
-5
-4
-2
-3
-4
0
-1
1
1
0
1
1
-2
-1
1
-4
-3
-1
-2
0
1
-1
-1
0
0
0
1
-1
2
4
2
3
2
2
2
4
5
2
3
3
4
3
2
2
4
3
1
0
0
0
-1
0
-1
1
2
1
0
1
1
1
0
-1
1
0
-2
0
2
2
3
3
1
0
-1
-2
-1
1
1
2
3
-1
0
-1
-3
-2
-2
-2
-2
-2
-3
-4
-3
-2
-2
-2
0
-1
0
1
-1
0
-2
-2
-1
-2
-2
-1
0
1
1
3
2
0
1
0
1
-3
-4
-1
-3
-3
0
1
1
0
1
-2
-2
-1
-1
-2
-4
-1
-1
-1
1
3
1
0
0
-1
-2
-1
-3
-1
0
-2
1
2
1
2
3
3
3
0
2
5
3
5
9
5
5
8
8
7
6
5
4
1
1
2
1
2
2
1
-2
-1
0
0
-4
-6
-5
-7
-7
-6
-9
-9
-8
-4
-5
-8
-8
-8
-8
-7
-5
-5
-5
-6
-4
-2
-4
-3
-1
-1
-2
1
3
0
0
1
3
5
6
7
6
6
5
6
9
9
9
8
8
9
8
7
9
11
8
7
5
3
4
1
0
0
-2
-1
-1
-2
-3
-3
-2
-2
-3
-3
-6
-7
-5
-5
-3
-4
-7
-4
-6
-7
-9
-7
-8
-9
-5
-5
-7
-3
-5
-7
-3
-3
-3
-1
-2
-2
-1
-4
-4
-4
-3
-3
0
2
2
2
1
2
2
2
3
1
1
2
1
0
0
2
2
1
2
1
-2
-2
-1
0
-1
-1
0
0
-2
-1
0
0
2
2
1
3
1
1
2
1
0
0
0
-3
-2
-1
-3
-2
0
-1
-1
2
3
1
-2
1
3
1
2
3
1
0
0
0
0
3
4
5
2
4
4
4
4
4
4
2
3
4
5
4
4
5
4
5
4
3
-1
0
-1
-2
-3
-3
-2
-2
-1
-4
-5
-3
-4
-3
-3
-5
-5
-2
-3
-2
-2
-4
-3
-2
-2
-1
-2
-1
-1
0
1
2
2
1
1
2
2
1
1
3
4
4
4
3
2
2
1
1
2
2
1
-1
1
3
0
2
2
-1
2
0
-3
-2
-4
-3
-2
-5
-4
-2
-2
-3
-2
-4
-2
-4
-3
-3
-4
-3
-3
-3
-4
-2
-1
2
1
0
2
3
-1
3
5
3
4
5
6
8
6
8
11
8
8
9
7
8
7
6
4
2
3
3
-1
-1
-1
-2
-3
-1
0
-2
-2
0
-4
-6
-4
-5
-6
-4
-2
-5
-4
-3
-1
0
2
5
4
2
2
2
3
1
6
4
5
8
6
7
5
4
2
2
0
-3
-3
-3
-4
-1
-2
-2
-2
-2
-3
-2
-4
-6
-5
-5
-6
-6
-6
-6
-5
-3
-2
-1
0
-1
0
1
1
2
5
7
6
6
5
4
3
3
2
4
5
5
7
6
3
3
1
-1
3
0
-4
-2
-3
-3
-2
-3
-1
-1
0
-2
-3
-2
-4
-4
-5
-6
-4
-3
-4
-5
-3
-1
0
-1
-2
0
0
0
2
2
1
4
4
3
4
2
2
2
1
-1
1
2
2
2
2
0
-2
-1
-1
-2
-3
-3
-4
-4
-3
-3
0
-1
-2
-2
-5
-7
-9
-7
-8
-7
-5
-7
-6
-5
-5
-4
-5
-7
-9
-6
-6
-6
-6
-6
-3
0
-2
-2
-1
0
-1
-3
-2
-2
0
2
2
3
2
1
3
3
1
5
5
3
6
5
6
4
6
5
4
7
5
5
4
1
3
3
1
5
3
3
3
1
1
0
0
1
1
2
0
-1
0
-1
0
-1
-2
-3
-1
-3
-4
-2
-3
0
-3
-3
-2
0
1
0
-1
0
1
2
1
1
1
1
1
2
1
0
2
2
2
2
0
2
4
1
1
1
-1
-2
-1
0
-2
0
0
-2
-2
-1
-1
-1
2
0
1
0
1
3
0
2
4
4
3
6
9
8
9
7
4
4
6
6
7
10
9
9
9
9
7
10
9
6
5
3
4
5
3
5
4
2
5
5
2
2
2
0
1
1
1
0
-1
-1
0
0
-1
-1
0
2
0
-1
0
-1
0
0
-2
-1
-3
-6
-3
-3
-4
-3
-3
-2
-1
-4
-4
-5
-7
-6
-5
-7
-6
-7
-5
-6
-6
-4
-6
-5
-4
-4
-5
-4
-6
-4
-5
-3
1
1
0
0
-2
-2
1
4
3
3
4
3
4
5
7
7
7
7
8
7
6
9
7
5
9
10
6
5
6
6
5
5
2
-2
0
2
2
0
-3
-1
-2
-2
-4
-6
-7
-7
-4
-4
-4
-4
-5
-4
-3
-6
-7
-7
-6
-3
-1
-1
1
0
-2
-1
0
-2
-5
-7
-9
-9
-10
-8
-8
-10
-9
-10
-9
-10
-13
-10
-14
-11
-6
-9
-9
-8
-9
-10
-9
-9
-8
-4
-1
1
1
1
2
3
3
5
5
5
3
6
9
7
8
10
9
11
10
8
9
7
5
6
8
6
4
4
5
6
4
4
5
2
1
3
2
0
0
-1
-2
-2
-1
-1
-2
-2
-3
-4
-2
-4
-4
0
-1
-2
-2
-1
0
1
1
2
4
5
6
8
8
7
9
10
8
7
8
10
14
13
14
16
17
19
21
20
16
16
14
14
15
14
11
10
10
7
6
3
4
3
0
0
-3
-7
-7
-9
-10
-12
-14
-15
-19
-19
-16
-16
-15
-15
-13
-13
-12
-10
-9
-8
-9
-9
-7
-6
-7
-6
-5
-3
1
1
0
1
-2
-2
-1
-3
-4
-4
-5
-6
-4
-6
-9
-7
-8
-7
-7
-9
-9
-8
-8
-9
-7
-8
-7
-6
-6
-6
-5
-6
-6
-6
-4
-1
-1
-1
-3
-2
2
0
2
3
1
1
1
3
3
1
2
5
4
2
2
2
5
3
5
9
5
6
5
6
7
8
8
8
8
7
10
11
8
9
8
8
12
9
8
9
8
7
8
6
7
10
6
6
6
5
6
7
5
5
5
6
5
5
4
1
-1
-3
-4
-3
-4
-4
-2
-3
-3
-1
-2
0
-1
-2
-2
-4
-4
-4
-5
-5
-4
-7
-6
-7
-9
-7
-7
-7
-6
-5
-5
-5
-4
-4
-5
-7
-4
-2
-1
-2
0
1
0
3
3
1
4
2
3
2
2
2
3
4
5
3
-1
-2
-2
-2
-5
-3
-3
-5
-4
-3
-4
-7
-11
-9
-9
-9
-8
-9
-10
-9
-7
-8
-7
-6
-7
-4
-6
-6
-4
-4
-3
-3
-1
-1
-1
-1
-5
-3
-2
-2
0
2
3
2
0
1
0
-1
1
2
1
3
2
3
3
3
4
4
6
6
7
8
6
7
6
5
7
7
6
5
5
5
5
4
4
3
1
0
0
-1
1
2
2
3
2
1
1
0
-3
-3
-2
-5
-3
-2
-3
-3
-1
0
-1
-2
-2
-3
-3
-3
-1
-1
-1
1
1
1
4
4
4
4
2
2
5
4
2
4
3
4
5
3
2
6
6
5
5
7
3
2
1
0
1
0
-1
-1
0
0
-2
-2
-1
-3
-4
-4
-2
-3
-2
-1
-4
-5
-3
-3
-2
-2
-2
0
0
1
1
-1
0
3
1
0
1
0
0
0
-2
-3
-3
-4
-3
-2
-4
-3
-4
-7
-8
-4
-7
-9
-7
-8
-7
-7
-9
-8
-7
-2
-1
-4
-6
-4
-6
-2
-1
-2
-2
0
1
1
3
1
0
2
1
0
2
2
0
3
4
0
-2
-1
-2
-2
-2
-3
-3
0
0
1
-2
-4
0
-2
-3
-4
-1
-1
-3
1
1
0
-1
1
2
1
1
-1
-1
1
3
4
3
3
5
7
9
9
7
6
8
8
7
8
6
9
12
12
12
13
12
9
12
10
12
12
10
10
10
9
9
8
6
6
8
6
5
2
4
4
0
1
1
0
-3
0
1
-1
1
2
0
0
-2
-2
-5
-5
-4
-1
-1
-3
-5
-5
-6
-6
-6
-6
-6
-5
-4
-5
-9
-8
-5
-7
-7
-6
-9
-10
-11
-11
-12
-12
-9
-8
-7
-6
-6
-6
-7
-4
-7
-7
-3
-4
-4
-2
-3
-2
-1
-3
-3
-1
-2
-3
-1
-1
0
0
0
1
0
-1
-1
3
0
-3
1
-1
-3
-3
-5
-4
-5
-4
-2
-1
-1
-3
-3
-3
-5
-2
-2
-2
0
0
2
-1
-1
1
1
1
0
4
4
4
8
7
7
10
13
12
10
10
8
10
9
10
12
11
11
10
12
9
8
10
8
8
6
3
4
3
4
3
2
0
-2
-2
-4
-6
-4
-4
-6
-6
-4
-7
-9
-10
-9
-9
-10
-7
-9
-8
-7
-6
-5
-5
-3
-1
-2
-4
0
4
3
5
4
6
8
7
6
8
9
11
14
12
13
14
10
11
8
5
6
6
5
6
5
4
4
2
-1
1
-1
-4
-6
-9
-8
-8
-10
-12
-8
-9
-12
-11
-12
-14
-13
-13
-12
-12
-14
-12
-12
-14
-13
-7
-6
-6
-4
-3
0
-1
-1
2
2
1
6
8
7
8
10
10
11
10
13
12
10
10
11
13
11
11
10
10
10
7
6
5
1
4
2
-1
-1
-3
-8
-9
-11
-13
-15
-15
-15
-17
-18
-17
-16
-19
-21
-20
-21
-25
-26
-25
-24
-23
-21
-21
-21
-20
-19
-20
-17
-15
-14
-13
-12
-11
-9
-5
-4
-2
1
4
9
10
11
13
14
18
23
26
29
32
36
38
40
42
44
45
47
46
46
47
46
48
47
47
47
42
40
37
34
32
27
24
21
16
12
7
1
-5
-11
-16
-23
-25
-31
-35
-38
-45
-48
-49
-56
-58
-60
-61
-64
-66
-66
-66
-63
-65
-63
-59
-58
-55
-49
-44
-40
-34
-30
-21
-17
-12
-3
2
13
20
26
35
42
49
54
60
65
69
73
75
81
83
85
87
86
87
85
84
83
78
73
69
62
54
47
43
36
25
18
5
-5
-14
-23
-30
-39
-48
-55
-66
-75
-82
-91
-97
-101
-106
-112
-116
-119
-121
-121
-121
-121
-118
-114
-110
-101
-97
-89
-79
-72
-63
-51
-39
-26
-10
4
16
31
44
59
72
87
100
110
125
136
150
160
168
175
181
186
187
188
187
184
180
174
166
156
144
133
117
101
85
66
46
24
5
-16
-37
-56
-76
-96
-117
-139
-158
-176
-191
-206
-218
-224
-234
-240
-245
-249
-246
-245
-241
-233
-228
-215
-202
-190
-176
-160
-144
-126
-106
-85
-62
-39
-14
10
34
59
81
107
130
153
183
205
226
246
263
280
293
305
312
319
323
323
324
317
308
301
284
264
247
222
193
164
134
103
70
31
-5
-41
-80
-116
-155
-189
-218
-248
-278
-302
-325
-346
-364
-378
-385
-391
-392
-388
-385
-377
-365
-349
-332
-313
-289
-263
-237
-211
-181
-150
-119
-90
-55
-21
10
44
81
115
147
184
218
248
281
311
338
366
392
410
426
439
445
450
447
442
434
420
404
381
352
324
289
254
217
175
136
94
51
9
-36
-77
-117
-153
-190
-225
-259
-290
-318
-345
-368
-388
-408
-420
-427
-436
-440
-439
-436
-427
-420
-408
-391
-377
-353
-330
-305
-277
-247
-214
-183
-150
-113
-74
-36
2
47
89
125
168
213
252
293
332
370
406
438
468
495
515
529
541
546
545
540
526
511
491
463
435
400
360
319
277
234
188
144
95
47
4
-39
-82
-123
-165
-202
-234
-267
-299
-328
-355
-377
-401
-418
-433
-447
-457
-467
-475
-480
-483
-481
-478
-473
-466
-455
-442
-425
-403
-383
-356
-327
-297
-263
-228
-191
-148
-105
-60
-15
33
83
132
182
232
283
330
374
417
458
494
525
554
576
590
601
607
603
595
583
563
539
510
476
439
397
350
304
256
207
157
109
63
19
-28
-70
-107
-145
-181
-212
-241
-271
-294
-314
-337
-355
-371
-386
-399
-411
-418
-427
-435
-440
-443
-446
-455
-457
-456
-453
-449
-440
-431
-422
-409
-388
-367
-343
-318
-290
-257
-221
-180
-136
-94
-50
-3
43
94
145
194
242
287
333
378
416
454
488
520
549
575
595
609
618
624
625
617
604
586
560
536
507
468
430
386
340
294
244
195
146
99
53
7
-37
-77
-118
-157
-189
-218
-242
-269
-291
-308
-325
-339
-351
-363
-371
-378
-383
-388
-393
-399
-403
-406
-407
-406
-408
-409
-407
-404
-399
-392
-384
-372
-363
-347
-325
-306
-286
-262
-233
-200
-168
-131
-91
-55
-11
35
80
128
172
219
267
312
359
403
442
478
510
541
568
587
604
612
614
611
602
588
566
538
508
473
435
391
346
299
252
206
157
110
65
22
-21
-61
-99
-133
-170
-201
-226
-248
-268
-289
-304
-319
-334
-342
-352
-364
-375
-383
-387
-397
-407
-413
-422
-428
-436
-441
-441
-444
-441
-436
-431
-419
-408
-392
-370
-344
-315
-283
-245
-206
-165
-122
-77
-28
24
75
125
177
227
274
320
363
406
446
484
517
548
576
596
613
626
629
624
617
603
582
558
530
494
457
415
371
326
273
224
175
123
72
23
-23
-68
-107
-144
-179
-211
-241
-267
-289
-310
-327
-344
-358
-371
-378
-385
-394
-400
-406
-410
-413
-417
-419
-424
-424
-425
-428
-427
-424
-418
-413
-402
-388
-373
-355
-333
-307
-281
-251
-217
-183
-141
-99
-55
-7
40
89
136
185
232
276
322
367
409
449
487
522
550
580
602
617
631
636
633
628
617
601
580
551
516
478
437
388
338
284
234
179
121
69
15
-36
-84
-132
-177
-218
-253
-287
-316
-339
-361
-379
-394
-408
-418
-424
-425
-429
-430
-431
-432
-429
-427
-426
-423
-420
-414
-408
-400
-392
-381
-367
-354
-335
-314
-292
-268
-246
-219
-186
-152
-117
-82
-41
-3
37
80
115
154
194
236
275
312
351
387
422
453
482
509
533
553
569
582
593
593
590
581
566
544
515
484
447
405
365
315
266
212
158
108
52
1
-49
-96
-135
-179
-216
-249
-278
-302
-322
-340
-354
-365
-372
-376
-377
-379
-377
-374
-372
-365
-362
-354
-346
-343
-335
-329
-323
-316
-309
-303
-294
-283
-275
-262
-246
-231
-210
-190
-169
-144
-119
-90
-63
-35
-2
29
61
93
126
162
193
225
255
286
316
347
375
400
426
448
468
485
499
508
513
514
509
497
480
460
433
402
365
325
282
236
188
140
92
42
-10
-53
-94
-137
-172
-203
-234
-257
-276
-296
-309
-317
-323
-331
-332
-332
-334
-332
-328
-323
-321
-318
-315
-313
-307
-307
-306
-300
-298
-296
-289
-283
-274
-263
-253
-242
-227
-212
-195
-180
-158
-135
-113
-86
-61
-33
-3
26
60
88
120
159
196
232
267
300
337
369
403
435
463
490
516
535
548
559
563
559
547
528
505
478
443
402
362
315
260
210
156
98
44
-9
-59
-109
-152
-193
-231
-260
-288
-312
-333
-348
-360
-374
-377
-380
-382
-384
-381
-377
-378
-373
-368
-364
-357
-352
-345
-340
-333
-324
-314
-307
-296
-282
-272
-258
-240
-224
-206
-187
-165
-143
-121
-96
-68
-37
-6
23
60
97
132
168
210
249
288
328
365
404
444
479
511
536
559
578
589
597
598
589
574
553
524
487
443
396
349
294
235
180
121
61
4
-51
-105
-153
-198
-237
-269
-299
-326
-347
-362
-371
-383
-390
-392
-394
-389
-385
-381
-374
-367
-357
-348
-337
-328
-318
-306
-295
-284
-272
-258
-248
-236
-221
-211
-196
-182
-170
-154
-136
-121
-104
-83
-61
-39
-13
16
49
84
120
163
205
250
295
338
385
429
471
512
549
584
612
627
639
648
645
632
609
580
544
499
446
386
323
260
187
112
43
-30
-102
-166
-225
-283
-332
-374
-410
-440
-463
-479
-489
-495
-495
-489
-480
-466
-451
-436
-420
-401
-380
-363
-346
-329
-310
-294
-276
-262
-248
-232
-217
-203
-190
-177
-166
-153
-141
-131
-119
-108
-95
-78
-62
-43
-20
8
40
73
118
164
207
260
316
371
430
488
544
598
649
696
732
760
780
787
787
768
738
699
648
589
519
445
363
275
185
95
9
-79
-165
-248
-318
-382
-439
-485
-526
-558
-578
-588
-591
-588
-582
-568
-545
-519
-492
-463
-438
-411
-380
-350
-328
-306
-285
-268
-249
-234
-224
-217
-212
-208
-202
-195
-192
-189
-188
-180
-171
-163
-148
-134
-114
-89
-57
-17
22
67
122
183
249
320
394
467
542
616
691
764
830
880
916
944
965
969
947
913
864
803
729
640
543
439
322
203
90
-23
-134
-246
-352
-439
-516
-587
-648
-696
-733
-750
-759
-761
-748
-727
-704
-669
-625
-577
-534
-491
-445
-400
-353
-314
-281
-252
-225
-203
-186
-173
-166
-165
-168
-170
-170
-176
-183
-189
-190
-184
-178
-171
-155
-134
-105
-67
-21
31
91
155
233
319
407
500
591
687
783
877
959
1021
1067
1107
1136
1140
1114
1065
1000
922
830
722
599
460
314
165
20
-117
-254
-393
-521
-630
-720
-792
-857
-904
-931
-937
-923
-895
-860
-811
-753
-689
-617
-543
-473
-408
-345
-285
-225
-175
-143
-118
-97
-85
-79
-84
-100
-121
-150
-176
-204
-232
-259
-285
-303
-311
-311
-301
-280
-249
-205
-146
-76
10
104
211
327
448
574
703
833
963
1088
1194
1271
1325
1368
1400
1401
1357
1275
1178
1068
937
792
624
439
249
58
-118
-285
-448
-608
-757
-875
-963
-1027
-1076
-1107
-1115
-1093
-1046
-976
-892
-806
-714
-613
-508
-400
-302
-222
-150
-91
-36
7
29
29
16
-7
-36
-76
-130
-193
-262
-327
-385
-434
-478
-515
-543
-554
-548
-513
-463
-404
-327
-233
-118
17
164
321
488
653
818
987
1153
1313
1452
1555
1615
1651
1674
1668
1611
1496
1339
1166
985
791
573
330
77
-171
-397
-598
-783
-957
-1115
-1241
-1324
-1365
-1370
-1355
-1316
-1247
-1143
-1006
-852
-695
-546
-396
-242
-89
51
157
233
287
324
345
340
298
225
140
49
-52
-162
-282
-411
-528
-628
-709
-773
-822
-849
-854
-828
-768
-677
-566
-443
-301
-134
50
246
452
659
861
1058
1248
1432
1606
1755
1870
1929
1936
1921
1885
1805
1661
1451
1213
965
713
452
168
-126
-413
-682
-908
-1099
-1263
-1402
-1520
-1596
-1607
-1565
-1483
-1385
-1275
-1134
-955
-746
-530
-334
-161
-4
146
286
397
462
476
461
426
377
299
182
39
-112
-257
-397
-538
-678
-812
-925
-999
-1041
-1054
-1039
-998
-920
-805
-658
-482
-290
-91
117
337
570
804
1035
1242
1424
1590
1743
1894
2027
2113
2127
2059
1963
1868
1748
1556
1274
948
627
325
37
-258
-559
-854
-1115
-1316
-1450
-1540
-1607
-1652
-1668
-1621
-1499
-1334
-1158
-984
-807
-602
-362
-123
87
248
369
477
568
624
626
565
457
335
206
60
-113
-320
-531
-716
-873
-1005
-1124
-1230
-1307
-1339
-1313
-1240
-1137
-1011
-859
-670
-446
-198
52
288
514
733
956
1175
1377
1548
1682
1785
1875
1965
2049
2111
2095
1977
1811
1652
1510
1325
1036
671
305
-13
-280
-533
-794
-1050
-1265
-1414
-1487
-1503
-1485
-1445
-1389
-1295
-1144
-944
-730
-533
-356
-176
19
220
393
503
557
578
582
562
492
356
178
-7
-186
-364
-558
-761
-952
-1112
-1236
-1316
-1364
-1386
-1379
-1330
-1230
-1086
-905
-708
-503
-288
-57
190
431
642
825
983
1130
1268
1395
1501
1576
1620
1641
1659
1696
1743
1755
1668
1490
1303
1163
1035
835
532
186
-121
-359
-548
-733
-926
-1100
-1219
-1273
-1262
-1210
-1138
-1058
-970
-849
-687
-499
-318
-160
-26
107
251
377
456
477
452
412
354
263
120
-65
-253
-427
-587
-752
-916
-1072
-1193
-1264
-1297
-1296
-1270
-1222
-1133
-1006
-845
-659
-460
-264
-78
112
314
515
684
812
912
1001
1091
1173
1237
1285
1318
1341
1358
1390
1452
1528
1550
1464
1313
1173
1084
984
782
479
160
-106
-307
-478
-659
-843
-997
-1096
-1142
-1144
-1107
-1040
-961
-881
-782
-647
-479
-309
-165
-48
67
189
293
352
357
329
292
235
128
-31
-211
-375
-523
-669
-832
-997
-1128
-1206
-1244
-1255
-1243
-1201
-1127
-1015
-873
-704
-511
-311
-126
49
230
424
609
755
855
931
1012
1098
1173
1225
1270
1309
1341
1374
1428
1518
1612
1627
1514
1336
1198
1106
974
729
386
43
-228
-431
-610
-789
-954
-1075
-1152
-1181
-1158
-1086
-977
-866
-767
-661
-517
-339
-165
-21
87
179
263
327
344
312
250
171
59
-101
-294
-483
-641
-773
-913
-1064
-1198
-1276
-1289
-1266
-1226
-1166
-1076
-949
-795
-620
-425
-222
-30
136
284
437
592
723
808
841
853
877
916
952
980
1007
1038
1074
1132
1231
1380
1526
1577
1489
1336
1227
1168
1054
810
460
109
-170
-381
-565
-744
-905
-1033
-1123
-1172
-1163
-1086
-967
-849
-759
-667
-528
-340
-142
24
141
229
308
373
400
376
320
235
106
-78
-286
-476
-625
-759
-916
-1092
-1238
-1305
-1300
-1261
-1220
-1162
-1064
-927
-760
-571
-370
-164
21
181
328
473
619
741
811
829
832
856
896
936
967
999
1042
1096
1171
1289
1455
1617
1662
1555
1385
1257
1177
1043
769
395
13
-289
-508
-687
-848
-988
-1103
-1184
-1219
-1186
-1071
-914
-774
-677
-592
-457
-264
-58
99
188
235
272
304
306
265
187
73
-87
-292
-497
-661
-780
-891
-1034
-1191
-1301
-1322
-1268
-1189
-1115
-1031
-914
-754
-563
-368
-171
19
180
311
422
527
638
725
758
745
723
737
779
823
866
912
973
1054
1163
1327
1542
1734
1793
1687
1511
1378
1291
1143
843
423
-1
-341
-584
-775
-948
-1103
-1232
-1323
-1367
-1322
-1181
-990
-825
-715
-606
-443
-213
30
212
306
351
388
418
413
359
264
126
-61
-293
-525
-710
-844
-972
-1130
-1300
-1420
-1440
-1369
-1267
-1163
-1051
-910
-727
-514
-296
-78
116
267
370
456
550
647
720
738
710
679
678
715
764
803
844
898
981
1112
1305
1550
1765
1837
1737
1559
1423
1335
1179
871
437
-3
-349
-587
-762
-912
-1053
-1176
-1271
-1306
-1246
-1091
-891
-731
-630
-532
-372
-140
98
260
330
348
355
356
328
250
129
-30
-234
-467
-693
-873
-998
-1113
-1251
-1398
-1489
-1476
-1385
-1257
-1117
-972
-808
-618
-405
-176
45
230
362
445
509
583
665
723
729
689
649
639
662
704
748
795
856
950
1091
1295
1558
1804
1915
1842
1670
1514
1403
1238
927
484
11
-386
-670
-867
-1022
-1161
-1290
-1397
-1445
-1385
-1207
-980
-788
-661
-548
-373
-120
145
338
429
455
467
469
440
361
237
79
-122
-366
-610
-813
-954
-1068
-1198
-1339
-1444
-1459
-1380
-1246
-1090
-930
-766
-587
-383
-159
65
256
387
465
508
554
611
659
666
622
564
530
536
573
628
693
768
860
991
1187
1447
1710
1869
1845
1687
1513
1380
1224
956
551
79
-356
-687
-909
-1061
-1183
-1307
-1427
-1498
-1457
-1278
-1023
-794
-632
-501
-331
-81
195
418
543
586
588
574
529
447
329
172
-40
-307
-579
-802
-956
-1066
-1177
-1306
-1410
-1441
-1375
-1233
-1062
-892
-724
-551
-361
-150
65
250
378
439
458
472
501
533
534
492
423
363
352
381
441
517
602
703
831
1015
1272
1570
1814
1913
1848
1700
1554
1410
1198
870
432
-39
-447
-753
-960
-1110
-1242
-1373
-1479
-1500
-1397
-1188
-945
-740
-590
-444
-243
4
251
440
542
578
576
546
482
385
258
88
-138
-398
-645
-849
-993
-1102
-1214
-1322
-1398
-1409
-1334
-1196
-1022
-845
-674
-495
-301
-95
109
280
397
454
475
491
523
550
539
490
429
391
401
446
514
604
705
825
975
1181
1451
1738
1952
2013
1915
1747
1580
1405
1156
790
327
-150
-555
-849
-1049
-1199
-1338
-1471
-1561
-1555
-1426
-1207
-965
-766
-613
-451
-240
16
260
440
541
570
552
493
410
310
174
-18
-272
-559
-809
-989
-1106
-1199
-1301
-1404
-1460
-1425
-1303
-1126
-934
-752
-581
-407
-209
7
212
373
471
512
532
559
597
617
592
538
487
462
478
525
595
678
769
873
1019
1234
1511
1780
1943
1944
1819
1658
1513
1340
1072
682
211
-244
-616
-880
-1061
-1217
-1367
-1505
-1583
-1552
-1403
-1185
-967
-793
-643
-459
-229
25
250
416
514
549
536
488
415
324
200
16
-224
-482
-703
-866
-986
-1098
-1223
-1338
-1396
-1375
-1272
-1122
-965
-805
-638
-455
-249
-38
162
322
434
508
560
606
645
652
636
610
578
565
578
614
667
726
792
880
1017
1220
1458
1658
1745
1697
1564
1425
1288
1101
812
420
-10
-396
-689
-887
-1036
-1170
-1306
-1414
-1452
-1388
-1228
-1030
-848
-699
-554
-376
-158
72
275
421
501
518
497
453
400
322
192
-10
-259
-502
-694
-824
-937
-1062
-1196
-1303
-1334
-1275
-1155
-1013
-870
-731
-578
-395
-181
35
222
368
469
540
605
665
714
729
705
663
622
597
597
617
642
664
690
760
890
1077
1295
1472
1542
1499
1392
1285
1177
1019
766
419
36
-305
-553
-722
-853
-995
-1142
-1265
-1325
-1290
-1178
-1031
-892
-791
-692
-557
-372
-157
44
193
282
320
334
341
338
310
226
74
-124
-328
-493
-619
-733
-865
-1014
-1145
-1214
-1206
-1143
-1049
-948
-843
-717
-561
-374
-172
23
185
313
413
503
593
676
745
778
780
777
777
795
823
848
866
883
922
1009
1152
1319
1448
1476
1398
1270
1144
1033
881
642
324
-20
-312
-523
-671
-789
-912
-1047
-1161
-1219
-1194
-1097
-976
-871
-794
-716
-592
-423
-234
-59
74
160
211
241
263
274
261
200
74
-92
-258
-390
-489
-594
-724
-866
-986
-1050
-1053
-1016
-966
-910
-841
-746
-611
-447
-270
-103
46
177
297
419
539
650
739
800
838
866
896
927
951
970
978
983
1008
1066
1156
1260
1320
1295
1196
1063
943
825
668
450
183
-85
-310
-476
-596
-699
-801
-901
-979
-1021
-1013
-963
-897
-833
-779
-716
-629
-518
-395
-272
-156
-62
4
48
76
103
119
108
55
-36
-141
-237
-319
-394
-476
-571
-660
-727
-765
-772
-755
-725
-687
-632
-563
-477
-374
-250
-122
4
121
225
325
437
549
652
734
796
842
880
915
944
972
993
1004
1025
1066
1113
1137
1116
1048
948
845
738
608
451
266
78
-87
-227
-345
-447
-542
-620
-690
-752
-785
-795
-783
-760
-737
-711
-670
-613
-545
-471
-391
-313
-244
-185
-133
-86
-48
-31
-34
-61
-100
-133
-161
-194
-242
-296
-348
-389
-414
-431
-439
-442
-441
-424
-393
-349
-296
-233
-166
-95
-26
42
118
198
283
359
420
473
518
556
591
622
650
672
690
714
745
775
799
811
802
774
734
685
625
552
472
389
305
213
121
38
-35
-103
-174
-251
-331
-407
-466
-515
-558
-594
-620
-647
-665
-665
-650
-614
-577
-545
-508
-468
-428
-384
-350
-318
-283
-247
-209
-174
-146
-124
-105
-89
-85
-86
-88
-97
-109
-126
-146
-163
-174
-176
-168
-159
-147
-121
-89
-43
16
78
146
217
276
327
380
432
489
546
596
645
688
721
759
793
809
810
785
738
681
617
554
489
409
316
214
117
33
-45
-118
-196
-276
-351
-421
-484
-533
-570
-598
-617
-634
-644
-636
-612
-571
-527
-485
-446
-418
-391
-358
-321
-281
-237
-209
-192
-172
-151
-126
-105
-98
-91
-92
-101
-106
-116
-125
-127
-130
-134
-137
-135
-119
-95
-61
-21
22
73
132
195
258
321
375
428
478
526
575
613
643
670
693
713
728
725
704
670
630
588
542
489
429
359
282
210
137
61
-11
-90
-171
-251
-331
-397
-454
-507
-546
-580
-607
-621
-620
-607
-585
-558
-528
-502
-476
-449
-428
-401
-370
-336
-302
-270
-241
-217
-196
-181
-167
-153
-145
-146
-156
-166
-166
-162
-156
-148
-138
-121
-102
-79
-46
-8
40
93
145
198
252
311
374
437
494
546
592
634
674
707
737
762
773
767
751
723
690
656
614
566
512
446
373
295
214
130
46
-42
-140
-240
-331
-413
-483
-546
-600
-645
-682
-703
-712
-707
-690
-662
-633
-606
-579
-555
-524
-491
-457
-419
-383
-348
-317
-286
-259
-238
-219
-202
-187
-180
-174
-162
-145
-124
-97
-73
-48
-19
11
43
82
129
180
231
279
326
382
446
513
578
635
689
743
795
839
876
908
925
925
911
879
835
785
723
650
570
475
372
259
148
39
-69
-176
-288
-400
-505
-603
-684
-758
-821
-870
-909
-934
-946
-941
-920
-880
-828
-773
-715
-656
-587
-511
-434
-358
-286
-218
-158
-105
-56
-20
7
15
12
-1
-18
-38
-56
-70
-81
-85
-85
-78
-64
-41
-9
37
98
166
238
314
407
511
623
733
831
930
1019
1099
1156
1182
1190
1180
1150
1089
1006
913
807
691
560
423
287
155
21
-122
-257
-381
-490
-582
-672
-753
-827
-883
-925
-951
-963
-957
-928
-892
-858
-810
-748
-671
-588
-515
-452
-395
-335
-280
-226
-183
-148
-121
-108
-98
-99
-104
-110
-121
-143
-175
-206
-228
-242
-248
-250
-242
-218
-186
-149
-100
-38
39
123
213
299
396
504
617
732
843
955
1059
1147
1207
1239
1254
1254
1230
1175
1092
992
884
771
640
506
373
240
106
-38
-185
-319
-434
-539
-640
-734
-819
-884
-931
-967
-982
-977
-952
-918
-883
-839
-783
-708
-627
-549
-479
-415
-350
-287
-231
-182
-139
-101
-80
-75
-82
-91
-96
-104
-121
-151
-188
-221
-242
-254
-258
-254
-244
-225
-198
-163
-115
-51
23
100
180
265
361
470
585
704
822
937
1041
1123
1176
1210
1234
1236
1208
1147
1067
976
871
757
633
510
383
252
108
-42
-180
-306
-416
-526
-636
-732
-811
-868
-911
-937
-945
-936
-911
-885
-851
-806
-745
-673
-602
-539
-482
-419
-357
-298
-243
-195
-151
-117
-103
-100
-103
-101
-98
-108
-130
-157
-183
-195
-201
-205
-204
-195
-176
-153
-130
-99
-52
11
74
140
209
288
384
486
594
701
809
917
1009
1075
1119
1157
1186
1192
1162
1108
1042
966
875
771
664
554
436
307
155
2
-130
-251
-367
-488
-609
-711
-787
-845
-893
-922
-927
-921
-905
-888
-861
-810
-743
-669
-605
-550
-490
-424
-355
-300
-254
-209
-170
-141
-132
-135
-134
-129
-130
-144
-172
-201
-218
-229
-240
-243
-239
-227
-207
-189
-170
-134
-79
-12
54
117
190
280
383
490
599
712
831
939
1025
1085
1133
1180
1207
1200
1164
1108
1045
967
871
762
652
539
418
277
124
-23
-149
-262
-382
-506
-618
-706
-774
-828
-874
-898
-899
-888
-878
-867
-840
-782
-708
-639
-583
-530
-472
-405
-347
-299
-259
-218
-179
-158
-156
-159
-150
-138
-141
-159
-189
-215
-225
-232
-242
-248
-241
-223
-206
-194
-175
-135
-74
-6
56
123
202
297
400
510
622
737
861
973
1055
1117
1178
1235
1265
1260
1222
1167
1106
1027
927
814
704
591
460
307
140
-15
-144
-270
-406
-546
-675
-772
-851
-924
-982
-1012
-1015
-1006
-1000
-990
-953
-880
-796
-722
-661
-602
-527
-449
-382
-327
-275
-221
-173
-145
-137
-130
-115
-103
-105
-119
-142
-160
-171
-184
-197
-200
-191
-176
-162
-153
-134
-88
-27
37
97
160
238
334
437
540
649
769
891
998
1073
1129
1189
1240
1263
1247
1205
1150
1092
1018
918
805
697
590
457
298
128
-23
-150
-277
-418
-562
-686
-779
-854
-927
-987
-1013
-1013
-1002
-996
-984
-943
-868
-783
-709
-647
-582
-506
-423
-355
-301
-245
-189
-142
-120
-119
-119
-111
-100
-106
-131
-164
-190
-212
-236
-259
-277
-283
-274
-266
-264
-250
-214
-152
-83
-17
51
137
242
352
465
585
721
863
984
1076
1145
1212
1281
1320
1319
1287
1242
1194
1122
1025
913
800
687
552
385
206
46
-92
-222
-360
-506
-637
-736
-812
-884
-943
-976
-979
-968
-959
-948
-919
-856
-776
-699
-641
-585
-511
-432
-365
-311
-264
-212
-169
-149
-150
-151
-144
-130
-128
-152
-185
-212
-232
-250
-275
-295
-303
-293
-281
-277
-262
-221
-158
-89
-25
42
126
229
343
461
583
721
860
983
1075
1143
1211
1276
1322
1324
1287
1237
1179
1103
1002
884
762
641
506
341
163
-3
-137
-254
-386
-526
-655
-749
-813
-874
-927
-957
-956
-937
-924
-915
-889
-827
-743
-668
-609
-555
-488
-412
-344
-293
-255
-214
-172
-148
-147
-154
-152
-140
-136
-158
-197
-223
-240
-256
-278
-297
-302
-294
-276
-262
-247
-212
-148
-72
0
74
161
266
385
502
618
748
884
1009
1105
1169
1223
1279
1323
1328
1290
1232
1171
1095
994
877
757
637
507
352
178
14
-120
-236
-357
-491
-620
-722
-793
-850
-903
-935
-946
-942
-933
-930
-914
-868
-797
-729
-682
-641
-587
-521
-456
-405
-362
-320
-277
-244
-233
-231
-218
-195
-178
-183
-205
-225
-229
-230
-234
-240
-237
-222
-202
-183
-161
-123
-57
19
93
164
244
342
454
568
680
797
922
1035
1113
1169
1220
1268
1299
1295
1252
1193
1124
1046
951
837
718
598
468
318
151
1
-120
-232
-348
-476
-596
-684
-743
-789
-833
-862
-871
-865
-853
-849
-826
-779
-720
-664
-629
-601
-552
-486
-428
-388
-359
-328
-295
-271
-263
-263
-255
-243
-236
-251
-280
-296
-297
-293
-296
-310
-311
-293
-268
-244
-219
-178
-110
-33
43
121
213
325
443
561
677
794
916
1025
1106
1164
1218
1271
1302
1294
1253
1195
1130
1048
943
828
705
582
447
293
132
-15
-145
-261
-382
-510
-623
-708
-771
-820
-863
-889
-894
-891
-886
-883
-861
-813
-758
-713
-680
-644
-591
-529
-471
-427
-393
-356
-318
-287
-272
-262
-244
-221
-209
-214
-223
-220
-210
-201
-196
-193
-179
-151
-122
-94
-65
-17
49
117
183
253
332
425
527
629
734
839
942
1023
1083
1130
1172
1210
1216
1185
1135
1072
999
910
804
690
576
453
312
159
14
-113
-223
-329
-441
-553
-648
-716
-763
-803
-835
-850
-853
-849
-842
-829
-796
-742
-684
-636
-605
-564
-509
-449
-393
-353
-319
-284
-255
-237
-231
-227
-215
-203
-206
-223
-239
-241
-234
-228
-228
-221
-208
-186
-161
-136
-105
-54
10
75
138
209
297
395
495
597
700
810
914
996
1056
1105
1157
1196
1204
1176
1130
1075
1009
929
830
726
619
499
364
222
86
-34
-141
-249
-368
-482
-578
-646
-698
-747
-783
-804
-815
-819
-822
-816
-791
-752
-707
-676
-647
-611
-566
-510
-464
-433
-403
-374
-350
-329
-317
-304
-287
-272
-268
-274
-279
-270
-256
-246
-237
-226
-204
-173
-139
-104
-65
-9
50
111
176
246
327
421
517
615
716
822
914
982
1035
1084
1130
1156
1150
1119
1067
1012
950
871
775
675
572
454
322
184
59
-49
-153
-260
-372
-479
-565
-622
-665
-705
-737
-755
-765
-768
-764
-747
-716
-674
-632
-599
-573
-535
-483
-432
-393
-364
-340
-317
-292
-271
-258
-249
-238
-232
-236
-242
-242
-231
-222
-216
-204
-187
-159
-126
-95
-64
-21
36
97
160
228
301
385
479
574
675
781
879
962
1023
1068
1112
1152
1163
1142
1095
1031
962
883
797
698
589
471
338
196
60
-62
-170
-276
-394
-509
-608
-686
-735
-772
-803
-828
-844
-850
-848
-834
-800
-754
-709
-670
-638
-597
-544
-485
-432
-396
-366
-339
-313
-289
-275
-257
-240
-231
-229
-236
-241
-238
-228
-216
-205
-194
-173
-142
-111
-81
-40
13
73
134
198
266
347
439
535
632
733
831
922
992
1042
1090
1138
1165
1160
1125
1069
1005
932
853
764
664
553
430
295
156
32
-77
-185
-300
-415
-526
-616
-679
-726
-764
-797
-823
-836
-841
-835
-812
-776
-730
-694
-664
-628
-581
-522
-467
-425
-396
-371
-347
-326
-308
-298
-291
-286
-291
-299
-307
-307
-300
-291
-284
-279
-258
-226
-188
-148
-109
-59
4
73
145
223
310
404
502
605
713
826
931
1019
1083
1133
1184
1223
1243
1231
1191
1136
1067
992
906
810
708
590
453
307
165
40
-68
-181
-302
-422
-532
-618
-680
-730
-768
-800
-828
-844
-850
-846
-818
-777
-735
-702
-677
-645
-602
-551
-496
-454
-423
-395
-375
-359
-345
-330
-312
-301
-303
-307
-310
-305
-291
-276
-260
-241
-219
-189
-154
-120
-76
-22
43
111
179
248
330
422
522
622
724
828
919
988
1046
1094
1138
1171
1175
1149
1099
1038
970
893
803
706
602
477
341
203
77
-34
-137
-239
-354
-469
-561
-627
-677
-715
-745
-772
-789
-796
-794
-771
-737
-692
-646
-610
-580
-540
-487
-430
-385
-354
-332
-314
-297
-287
-279
-272
-271
-273
-283
-298
-309
-308
-302
-298
-294
-288
-276
-255
-229
-196
-154
-100
-39
28
99
182
275
376
483
589
698
807
903
976
1035
1087
1135
1171
1176
1150
1106
1041
970
892
804
708
597
471
339
204
79
-30
-133
-238
-346
-454
-545
-609
-653
-685
-710
-733
-747
-752
-746
-725
-685
-639
-595
-563
-533
-493
-446
-395
-354
-327
-308
-299
-292
-282
-272
-262
-254
-256
-264
-273
-282
-279
-267
-256
-245
-233
-222
-197
-167
-131
-86
-27
40
107
173
251
341
437
539
644
747
843
917
975
1024
1072
1112
1129
1118
1077
1019
951
877
799
709
608
492
357
219
92
-26
-128
-226
-331
-439
-540
-622
-675
-709
-737
-763
-786
-796
-793
-774
-733
-681
-630
-580
-543
-505
-460
-407
-351
-309
-285
-274
-267
-261
-251
-244
-243
-247
-260
-277
-293
-306
-304
-295
-290
-286
-284
-274
-251
-218
-177
-124
-60
11
89
172
261
363
475
593
707
814
908
982
1048
1107
1156
1189
1192
1173
1123
1056
982
904
821
727
617
486
347
210
88
-20
-124
-229
-340
-452
-548
-622
-672
-709
-740
-768
-794
-807
-806
-786
-746
-702
-664
-633
-605
-574
-536
-493
-453
-421
-405
-395
-389
-382
-368
-352
-341
-336
-337
-338
-337
-327
-310
-286
-262
-242
-219
-190
-154
-107
-47
22
97
177
258
346
439
539
648
763
871
967
1040
1097
1145
1189
1221
1228
1206
1160
1092
1010
921
831
738
636
514
375
232
96
-22
-120
-224
-334
-448
-556
-643
-707
-751
-778
-804
-824
-837
-844
-831
-795
-744
-690
-646
-615
-583
-544
-501
-455
-409
-378
-359
-349
-344
-336
-328
-317
-306
-305
-312
-324
-332
-330
-318
-301
-283
-267
-249
-225
-192
-144
-81
-8
67
144
226
316
414
524
643
763
872
961
1030
1081
1131
1174
1197
1198
1168
1111
1038
953
866
781
693
590
464
327
192
69
-34
-125
-222
-329
-434
-528
-604
-659
-698
-717
-729
-745
-760
-765
-751
-716
-666
-624
-595
-571
-546
-515
-483
-449
-414
-391
-374
-367
-366
-362
-352
-335
-322
-323
-329
-333
-333
-321
-297
-271
-243
-217
-189
-160
-122
-65
8
86
165
242
325
416
513
621
734
841
931
998
1049
1092
1130
1162
1172
1151
1105
1039
958
869
781
696
601
493
367
231
103
-7
-101
-193
-289
-388
-483
-564
-629
-674
-701
-720
-729
-736
-742
-737
-713
-674
-629
-591
-562
-538
-516
-491
-462
-435
-408
-391
-387
-390
-393
-394
-386
-374
-366
-367
-376
-382
-378
-361
-334
-302
-269
-236
-204
-162
-104
-33
56
153
243
334
431
537
650
769
886
991
1068
1124
1163
1194
1220
1223
1202
1152
1082
994
895
793
689
583
469
342
206
69
-53
-163
-261
-354
-448
-538
-617
-681
-727
-756
-768
-768
-763
-751
-738
-712
-673
-625
-577
-536
-506
-478
-450
-424
-399
-377
-360
-347
-341
-343
-348
-349
-345
-332
-329
-336
-341
-342
-337
-321
-297
-266
-231
-194
-151
-94
-26
53
146
238
336
434
534
639
748
858
957
1037
1095
1132
1156
1167
1162
1137
1088
1018
936
836
729
625
518
407
289
163
37
-82
-189
-282
-368
-448
-524
-593
-648
-687
-713
-721
-716
-705
-687
-667
-649
-620
-582
-541
-502
-472
-447
-427
-412
-395
-380
-364
-352
-345
-346
-349
-352
-348
-341
-333
-328
-319
-311
-300
-277
-249
-216
-176
-136
-92
-41
19
92
170
254
343
430
522
619
717
816
911
989
1048
1080
1098
1109
1102
1080
1036
973
896
801
701
605
511
413
313
201
85
-32
-136
-230
-316
-394
-474
-546
-607
-652
-679
-696
-701
-691
-674
-655
-631
-606
-574
-534
-499
-463
-427
-395
-366
-344
-326
-311
-296
-277
-265
-260
-263
-272
-282
-289
-296
-301
-308
-313
-312
-309
-298
-279
-253
-223
-187
-135
-72
1
86
177
277
383
500
621
747
867
967
1049
1103
1141
1163
1173
1160
1119
1053
966
864
758
649
542
428
308
183
52
-79
-197
-304
-396
-479
-555
-621
-674
-709
-724
-725
-716
-690
-654
-619
-582
-541
-500
-457
-416
-380
-348
-322
-302
-288
-283
-287
-294
-299
-308
-316
-326
-340
-357
-373
-383
-389
-387
-376
-360
-341
-310
-276
-235
-188
-133
-68
10
112
231
363
500
639
788
948
1117
1272
1391
1465
1488
1479
1448
1399
1321
1201
1036
831
611
397
200
17
-172
-368
-566
-751
-901
-1020
-1106
-1164
-1203
-1221
-1211
-1165
-1081
-969
-839
-695
-539
-376
-208
-48
95
213
306
373
414
426
409
361
282
182
67
-64
-203
-347
-487
-619
-738
-842
-929
-997
-1042
-1053
-1028
-962
-858
-729
-581
-411
-218
6
255
518
780
1035
1275
1498
1707
1909
2085
2214
2280
2268
2183
2050
1876
1664
1415
1121
788
436
82
-254
-563
-846
-1100
-1319
-1506
-1652
-1754
-1804
-1803
-1754
-1657
-1516
-1343
-1138
-907
-653
-385
-111
162
417
643
833
983
1086
1135
1123
1045
910
731
522
293
41
-232
-511
-786
-1040
-1261
-1438
-1576
-1679
-1743
-1764
-1739
-1658
-1521
-1329
-1091
-827
-541
-238
75
400
731
1060
1380
1675
1935
2161
2355
2517
2648
2731
2742
2664
2491
2241
1937
1593
1216
811
383
-49
-472
-862
-1208
-1506
-1748
-1928
-2044
-2092
-2087
-2027
-1910
-1737
-1512
-1247
-955
-648
-330
-8
298
588
854
1081
1259
1379
1434
1414
1315
1151
930
665
366
38
-309
-661
-1005
-1324
-1605
-1838
-2021
-2147
-2210
-2211
-2151
-2031
-1855
-1621
-1334
-998
-636
-260
124
502
869
1217
1544
1834
2084
2294
2458
2583
2665
2704
2697
2619
2451
2195
1871
1494
1082
641
182
-265
-693
-1082
-1417
-1694
-1913
-2067
-2149
-2154
-2089
-1963
-1785
-1554
-1280
-974
-648
-317
15
339
641
914
1153
1344
1479
1552
1555
1482
1335
1116
844
533
186
-180
-549
-914
-1257
-1563
-1826
-2035
-2179
-2255
-2255
-2188
-2063
-1881
-1651
-1374
-1048
-694
-324
53
425
783
1124
1440
1722
1967
2164
2312
2417
2480
2515
2514
2480
2388
2218
1972
1663
1303
901
475
33
-406
-810
-1166
-1466
-1707
-1889
-2007
-2055
-2034
-1952
-1811
-1617
-1378
-1098
-790
-473
-157
148
436
700
933
1129
1285
1396
1448
1434
1351
1194
972
704
400
70
-278
-630
-970
-1281
-1553
-1777
-1951
-2075
-2135
-2121
-2037
-1891
-1694
-1449
-1167
-854
-520
-179
162
497
818
1122
1400
1640
1843
2002
2118
2190
2228
2237
2224
2196
2135
2014
1824
1562
1247
886
490
75
-337
-719
-1051
-1326
-1540
-1699
-1801
-1845
-1834
-1772
-1660
-1499
-1289
-1032
-747
-449
-158
121
386
626
834
1007
1143
1240
1295
1303
1244
1111
912
660
366
43
-301
-646
-976
-1282
-1545
-1765
-1937
-2057
-2115
-2106
-2037
-1906
-1717
-1475
-1192
-879
-550
-216
117
442
760
1061
1336
1580
1790
1963
2090
2170
2216
2232
2228
2208
2151
2039
1864
1623
1328
983
588
164
-263
-663
-1009
-1288
-1494
-1639
-1727
-1755
-1732
-1665
-1557
-1406
-1210
-969
-693
-402
-107
178
440
677
876
1033
1150
1232
1273
1266
1195
1054
848
591
288
-45
-393
-738
-1061
-1345
-1582
-1771
-1914
-2010
-2057
-2050
-1986
-1865
-1687
-1455
-1178
-865
-528
-184
149
467
763
1032
1272
1486
1673
1827
1942
2022
2074
2097
2097
2077
2025
1923
1760
1538
1264
943
581
191
-210
-591
-926
-1195
-1398
-1543
-1633
-1663
-1643
-1580
-1480
-1340
-1159
-940
-688
-414
-131
142
399
634
830
982
1096
1176
1213
1203
1137
1012
826
582
292
-38
-393
-749
-1088
-1384
-1630
-1819
-1950
-2025
-2048
-2019
-1946
-1826
-1659
-1445
-1182
-881
-551
-202
151
495
816
1111
1368
1583
1755
1890
1995
2073
2128
2161
2176
2167
2110
1989
1796
1536
1215
846
437
6
-415
-800
-1125
-1378
-1559
-1674
-1727
-1724
-1671
-1576
-1444
-1276
-1067
-820
-544
-249
52
345
616
852
1043
1181
1276
1325
1329
1287
1189
1035
824
558
251
-93
-468
-847
-1201
-1516
-1770
-1955
-2072
-2118
-2100
-2022
-1896
-1735
-1543
-1315
-1049
-753
-431
-96
247
584
901
1189
1436
1633
1781
1883
1949
1988
2006
2017
2025
2010
1954
1836
1642
1374
1038
643
210
-229
-646
-1015
-1303
-1511
-1637
-1688
-1684
-1632
-1543
-1431
-1290
-1121
-919
-681
-416
-130
163
445
712
939
1112
1231
1290
1297
1254
1157
1013
825
595
329
33
-292
-636
-979
-1302
-1586
-1812
-1971
-2058
-2062
-1994
-1867
-1696
-1496
-1272
-1031
-771
-497
-209
93
404
718
1021
1295
1528
1712
1844
1926
1959
1961
1950
1935
1915
1881
1813
1690
1493
1225
884
478
33
-422
-846
-1203
-1475
-1651
-1729
-1727
-1659
-1548
-1412
-1269
-1118
-952
-769
-557
-319
-61
222
506
776
1012
1187
1301
1350
1337
1258
1112
918
684
417
136
-164
-480
-792
-1095
-1374
-1618
-1818
-1960
-2034
-2032
-1957
-1816
-1621
-1389
-1127
-845
-565
-280
3
282
562
836
1100
1345
1557
1738
1875
1960
1998
1998
1973
1940
1898
1834
1731
1578
1367
1089
744
341
-95
-537
-948
-1291
-1550
-1715
-1776
-1747
-1641
-1492
-1324
-1146
-967
-785
-598
-407
-199
29
275
535
783
1005
1182
1303
1357
1329
1221
1043
801
519
210
-111
-427
-739
-1027
-1287
-1516
-1703
-1845
-1937
-1972
-1950
-1860
-1714
-1514
-1265
-982
-682
-368
-59
239
524
786
1024
1240
1432
1599
1741
1856
1938
1987
2003
1990
1954
1882
1771
1615
1403
1137
813
443
39
-377
-775
-1133
-1426
-1632
-1748
-1769
-1707
-1585
-1421
-1235
-1041
-846
-653
-460
-266
-60
161
389
619
841
1038
1193
1294
1320
1270
1135
921
649
333
-9
-357
-697
-1006
-1273
-1491
-1663
-1781
-1852
-1877
-1856
-1789
-1679
-1527
-1330
-1091
-813
-512
-195
129
447
749
1022
1253
1443
1596
1713
1801
1865
1912
1942
1959
1958
1924
1839
1695
1489
1214
872
482
55
-380
-788
-1146
-1433
-1639
-1752
-1770
-1714
-1596
-1436
-1256
-1065
-875
-685
-496
-303
-99
124
363
610
851
1066
1242
1360
1401
1353
1219
1003
718
383
26
-332
-670
-971
-1224
-1423
-1570
-1671
-1724
-1740
-1722
-1671
-1590
-1473
-1315
-1113
-867
-578
-257
82
423
756
1053
1300
1495
1637
1731
1789
1819
1840
1858
1875
1891
1887
1843
1739
1561
1300
950
530
64
-421
-879
-1278
-1591
-1798
-1893
-1889
-1800
-1646
-1458
-1258
-1056
-869
-691
-517
-342
-152
61
298
555
816
1063
1268
1407
1460
1411
1262
1019
696
326
-65
-447
-793
-1084
-1313
-1474
-1575
-1622
-1630
-1615
-1583
-1533
-1469
-1375
-1241
-1063
-831
-548
-217
146
512
870
1189
1457
1660
1797
1880
1913
1919
1918
1917
1922
1922
1900
1842
1717
1510
1210
812
344
-168
-684
-1166
-1571
-1869
-2044
-2086
-2011
-1848
-1623
-1374
-1127
-898
-702
-537
-388
-233
-57
147
387
652
926
1186
1402
1545
1584
1505
1315
1023
644
214
-230
-656
-1030
-1337
-1562
-1708
-1781
-1794
-1762
-1699
-1619
-1527
-1419
-1292
-1129
-927
-681
-391
-61
300
668
1025
1347
1618
1827
1968
2047
2073
2059
2032
1990
1941
1877
1785
1655
1465
1204
861
444
-25
-524
-1010
-1448
-1807
-2059
-2183
-2176
-2055
-1848
-1582
-1284
-984
-708
-470
-265
-88
77
250
443
651
878
1108
1322
1482
1560
1533
1386
1128
767
335
-134
-598
-1021
-1372
-1628
-1787
-1852
-1836
-1764
-1655
-1526
-1401
-1274
-1144
-1001
-827
-617
-362
-52
293
657
1023
1366
1664
1896
2057
2144
2164
2132
2067
1979
1873
1749
1607
1434
1218
944
611
222
-213
-672
-1122
-1533
-1870
-2112
-2235
-2235
-2120
-1905
-1622
-1294
-963
-646
-361
-120
86
261
422
585
751
931
1116
1284
1411
1476
1454
1330
1097
764
353
-105
-572
-1011
-1388
-1676
-1862
-1945
-1933
-1842
-1696
-1517
-1328
-1142
-960
-785
-604
-404
-186
66
350
661
986
1308
1607
1869
2072
2211
2285
2295
2246
2140
1988
1795
1562
1293
983
630
247
-159
-571
-974
-1349
-1670
-1918
-2077
-2140
-2106
-1986
-1794
-1540
-1245
-936
-624
-328
-54
199
429
639
827
991
1137
1252
1330
1350
1308
1197
1008
750
433
76
-304
-678
-1028
-1331
-1569
-1731
-1813
-1819
-1760
-1647
-1487
-1294
-1074
-839
-594
-337
-71
203
478
749
1016
1269
1504
1714
1888
2028
2130
2190
2206
2170
2080
1934
1726
1454
1117
720
282
-180
-644
-1084
-1474
-1792
-2014
-2139
-2159
-2084
-1934
-1722
-1467
-1195
-919
-654
-404
-166
59
281
503
725
937
1128
1287
1389
1417
1364
1217
980
666
295
-113
-523
-902
-1225
-1472
-1636
-1719
-1724
-1665
-1563
-1428
-1273
-1107
-932
-749
-551
-329
-81
196
500
820
1145
1464
1758
2004
2196
2323
2388
2388
2324
2198
2016
1784
1500
1172
798
392
-41
-483
-914
-1321
-1676
-1959
-2160
-2256
-2259
-2169
-1991
-1749
-1459
-1144
-825
-507
-210
64
317
540
744
925
1081
1208
1292
1325
1297
1198
1019
764
444
82
-305
-693
-1054
-1364
-1602
-1762
-1835
-1832
-1758
-1626
-1452
-1247
-1022
-783
-538
-287
-26
242
516
794
1074
1352
1620
1864
2079
2255
2381
2453
2458
2390
2248
2032
1740
1382
967
506
23
-460
-929
-1352
-1714
-2001
-2196
-2290
-2289
-2198
-2031
-1805
-1535
-1242
-938
-641
-354
-79
178
421
647
855
1046
1204
1323
1397
1403
1334
1188
961
660
298
-107
-527
-934
-1298
-1596
-1813
-1933
-1965
-1906
-1771
-1577
-1343
-1086
-819
-554
-293
-38
211
460
706
960
1220
1480
1735
1973
2189
2367
2492
2550
2528
2416
2222
1938
1574
1139
652
144
-369
-860
-1301
-1677
-1973
-2176
-2285
-2297
-2228
-2088
-1885
-1640
-1366
-1078
-789
-496
-208
73
346
599
834
1046
1217
1335
1390
1377
1288
1122
882
582
239
-119
-478
-816
-1107
-1346
-1515
-1615
-1644
-1612
-1525
-1391
-1223
-1026
-811
-581
-336
-83
179
450
723
999
1269
1526
1760
1964
2133
2256
2331
2346
2298
2183
1995
1739
1417
1031
600
140
-331
-788
-1218
-1595
-1899
-2119
-2245
-2278
-2219
-2078
-1872
-1616
-1324
-1021
-715
-418
-140
121
353
562
749
911
1046
1146
1204
1209
1158
1044
866
621
326
-6
-362
-718
-1051
-1341
-1566
-1719
-1785
-1764
-1665
-1496
-1271
-1004
-716
-419
-127
151
415
659
890
1111
1323
1537
1751
1960
2159
2332
2462
2532
2521
2412
2197
1875
1451
952
395
-180
-739
-1250
-1683
-2015
-2233
-2336
-2329
-2230
-2059
-1836
-1584
-1321
-1063
-818
-580
-351
-128
96
321
544
755
946
1095
1190
1217
1167
1034
823
550
227
-118
-461
-784
-1063
-1287
-1440
-1516
-1524
-1472
-1367
-1221
-1047
-852
-641
-420
-186
55
306
566
834
1104
1374
1635
1880
2097
2274
2397
2457
2440
2339
2150
1875
1520
1102
634
143
-348
-812
-1230
-1585
-1854
-2038
-2131
-2137
-2065
-1928
-1738
-1514
-1270
-1017
-761
-507
-260
-24
203
415
608
774
908
1001
1044
1028
949
807
604
351
58
-254
-570
-868
-1130
-1338
-1480
-1550
-1549
-1474
-1336
-1151
-928
-680
-422
-161
94
345
587
823
1058
1295
1532
1766
1993
2201
2369
2478
2517
2465
2311
2052
1692
1246
730
178
-372
-891
-1346
-1712
-1976
-2132
-2179
-2132
-2007
-1824
-1607
-1377
-1142
-915
-699
-492
-288
-86
116
321
523
709
871
993
1062
1064
989
841
617
332
-1
-354
-706
-1033
-1306
-1514
-1640
-1683
-1638
-1515
-1330
-1095
-826
-546
-263
9
265
507
732
945
1154
1364
1575
1786
1987
2172
2321
2410
2431
2358
2186
1909
1526
1061
537
-18
-571
-1078
-1513
-1853
-2076
-2181
-2173
-2069
-1887
-1651
-1394
-1128
-870
-637
-433
-252
-85
74
222
375
527
671
800
906
966
972
912
778
575
307
-10
-352
-704
-1031
-1315
-1534
-1673
-1725
-1682
-1557
-1357
-1098
-802
-490
-177
124
397
639
856
1049
1222
1386
1546
1709
1871
2020
2146
2229
2251
2195
2047
1800
1457
1025
528
-4
-541
-1045
-1490
-1839
-2075
-2191
-2187
-2077
-1878
-1619
-1324
-1027
-745
-491
-273
-94
48
164
259
340
420
492
557
611
640
636
592
496
349
153
-84
-350
-627
-898
-1138
-1331
-1454
-1495
-1457
-1331
-1131
-870
-565
-238
99
422
718
984
1215
1411
1584
1730
1854
1963
2054
2116
2139
2106
2009
1835
1574
1233
818
349
-149
-646
-1113
-1516
-1837
-2060
-2167
-2166
-2068
-1885
-1639
-1357
-1062
-768
-494
-253
-47
122
260
369
457
526
577
611
617
599
548
457
324
146
-64
-303
-558
-814
-1053
-1257
-1410
-1499
-1515
-1453
-1315
-1108
-844
-539
-201
146
485
808
1105
1369
1595
1794
1960
2090
2190
2254
2270
2242
2156
1997
1767
1464
1091
663
197
-289
-762
-1197
-1572
-1862
-2055
-2142
-2125
-2015
-1823
-1574
-1285
-981
-681
-397
-150
61
235
365
460
529
571
586
585
565
519
446
345
212
41
-161
-386
-627
-869
-1098
-1293
-1441
-1524
-1538
-1471
-1326
-1112
-838
-517
-171
188
542
874
1178
1446
1673
1868
2024
2145
2229
2270
2263
2202
2075
1880
1615
1284
895
461
5
-452
-892
-1280
-1594
-1831
-1972
-2016
-1968
-1839
-1643
-1399
-1125
-844
-565
-307
-78
116
272
396
486
548
585
597
584
547
485
392
271
118
-64
-270
-491
-716
-936
-1129
-1281
-1384
-1422
-1389
-1288
-1118
-892
-623
-316
7
333
651
950
1220
1460
1670
1843
1981
2081
2139
2152
2108
2009
1844
1616
1324
976
582
159
-267
-682
-1059
-1379
-1627
-1793
-1870
-1859
-1771
-1620
-1422
-1193
-943
-699
-469
-264
-93
45
155
237
293
333
359
368
367
345
299
230
131
3
-154
-331
-518
-705
-874
-1011
-1102
-1136
-1110
-1022
-870
-666
-419
-138
160
462
762
1041
1297
1524
1716
1867
1970
2025
2026
1968
1851
1672
1439
1152
824
470
102
-257
-597
-896
-1141
-1329
-1450
-1505
-1500
-1439
-1336
-1202
-1054
-892
-726
-567
-414
-274
-145
-29
75
172
253
314
351
361
341
286
200
82
-64
-231
-409
-584
-748
-886
-987
-1039
-1036
-981
-875
-719
-527
-306
-66
180
429
667
897
1110
1302
1470
1610
1722
1795
1818
1794
1713
1570
1372
1123
832
508
169
-167
-483
-766
-1000
-1179
-1300
-1356
-1351
-1299
-1203
-1076
-927
-770
-612
-460
-324
-205
-103
-22
42
90
124
148
158
157
142
112
66
3
-73
-169
-280
-399
-515
-619
-706
-762
-782
-758
-686
-564
-400
-200
28
270
517
756
980
1177
1342
1469
1552
1584
1573
1519
1415
1268
1084
868
624
363
101
-155
-396
-612
-793
-936
-1039
-1094
-1106
-1081
-1018
-926
-813
-682
-545
-406
-271
-151
-43
45
107
149
168
163
137
93
32
-44
-126
-216
-311
-403
-489
-563
-624
-668
-686
-680
-644
-579
-484
-359
-206
-30
166
374
587
796
995
1177
1328
1449
1530
1564
1555
1494
1383
1231
1032
802
547
278
6
-255
-489
-693
-856
-974
-1050
-1074
-1061
-1015
-936
-835
-717
-585
-454
-323
-194
-79
21
105
162
198
213
199
164
108
32
-57
-153
-254
-358
-457
-547
-628
-694
-739
-763
-764
-736
-675
-584
-464
-314
-134
66
281
501
719
926
1114
1276
1401
1491
1538
1538
1491
1400
1265
1092
886
654
408
151
-104
-340
-554
-736
-879
-979
-1037
-1054
-1031
-969
-880
-770
-645
-515
-386
-260
-145
-45
37
96
141
163
166
155
126
83
29
-37
-110
-189
-270
-352
-431
-499
-561
-602
-622
-623
-596
-538
-451
-339
-202
-49
123
300
475
650
812
957
1080
1174
1242
1281
1285
1255
1188
1086
952
789
603
396
180
-35
-243
-430
-591
-720
-808
-859
-873
-858
-815
-753
-676
-592
-507
-420
-342
-266
-196
-132
-75
-25
16
49
71
84
81
63
30
-17
-74
-139
-206
-270
-327
-373
-399
-406
-388
-347
-287
-204
-111
-7
106
216
324
428
521
600
668
727
770
799
815
816
801
765
708
632
533
412
281
139
-8
-149
-281
-399
-489
-555
-597
-608
-597
-568
-523
-473
-414
-356
-302
-251
-210
-180
-157
-143
-137
-139
-146
-154
-162
-174
-182
-189
-197
-203
-204
-205
-203
-193
-177
-150
-113
-62
-2
67
145
226
307
385
453
515
561
589
601
598
583
558
524
485
440
388
334
279
211
139
65
-16
-100
-184
-263
-334
-396
-442
-469
-478
-468
-439
-397
-343
-287
-231
-178
-130
-93
-73
-65
-67
-81
-105
-133
-163
-192
-220
-236
-246
-249
-241
-225
-198
-166
-126
-81
-35
11
63
117
170
220
265
307
345
379
409
434
452
467
479
480
474
458
434
399
349
291
221
142
58
-33
-124
-209
-286
-351
-401
-432
-448
-442
-417
-379
-327
-269
-211
-153
-103
-61
-27
-8
-1
-3
-10
-24
-38
-53
-62
-63
-60
-49
-33
-17
3
20
30
37
40
37
34
30
31
33
40
60
90
125
167
212
255
292
323
344
349
345
327
298
263
220
168
114
60
3
-56
-112
-166
-215
-260
-295
-323
-346
-356
-356
-345
-325
-301
-270
-236
-202
-167
-136
-106
-76
-53
-27
-5
19
44
65
87
108
124
133
137
135
126
114
98
81
66
52
42
40
43
52
64
83
106
123
142
158
168
177
176
172
164
152
142
126
105
84
53
21
-13
-56
-102
-144
-185
-225
-258
-282
-300
-306
-303
-292
-275
-257
-233
-208
-181
-155
-127
-98
-70
-39
-9
18
50
83
111
135
151
168
174
176
174
165
153
138
119
103
83
64
50
38
29
23
18
17
17
24
37
54
72
91
111
129
144
157
159
156
149
135
113
89
58
22
-17
-61
-106
-144
-181
-215
-244
-267
-281
-289
-286
-278
-264
-247
-226
-197
-167
-133
-97
-59
-19
24
66
107
150
188
218
242
256
259
252
236
213
183
145
108
71
31
-4
-35
-62
-84
-103
-116
-120
-120
-113
-104
-92
-75
-57
-36
-12
12
39
61
84
105
123
131
134
132
122
109
88
60
32
-2
-39
-75
-112
-148
-175
-195
-216
-226
-228
-222
-207
-187
-161
-126
-89
-51
-12
26
66
105
137
170
197
218
233
244
250
247
236
216
186
152
113
71
25
-19
-56
-95
-120
-139
-154
-152
-152
-151
-141
-131
-122
-113
-104
-96
-89
-79
-67
-52
-35
-14
10
31
50
67
75
78
76
66
55
38
17
-1
-19
-33
-44
-51
-55
-52
-45
-40
-31
-20
-11
-2
5
14
27
38
54
68
84
100
116
130
144
152
151
144
133
117
96
72
48
23
-4
-28
-50
-68
-82
-94
-101
-106
-112
-120
-125
-131
-134
-135
-136
-132
-122
-112
-97
-79
-60
-39
-20
-3
20
38
47
59
65
62
60
51
45
40
36
34
32
35
39
47
51
57
67
66
67
69
65
63
56
49
47
40
36
33
33
31
29
27
25
23
16
10
1
-8
-17
-26
-34
-44
-48
-51
-54
-53
-52
-51
-46
-42
-39
-38
-37
-38
-43
-48
-53
-57
-58
-62
-64
-61
-57
-50
-43
-36
-28
-18
-13
-6
0
5
13
19
28
39
51
67
80
98
110
121
129
133
133
126
116
100
82
63
42
19
-2
-23
-39
-54
-61
-69
-72
-70
-67
-63
-60
-57
-51
-51
-50
-42
-37
-27
-16
-4
13
27
40
55
66
72
75
71
63
51
33
15
-6
-28
-48
-66
-79
-88
-95
-98
-99
-95
-89
-79
-69
-55
-37
-21
-6
14
30
50
67
80
94
105
113
113
112
108
98
84
66
48
24
3
-18
-42
-60
-75
-89
-100
-111
-118
-118
-113
-107
-101
-92
-76
-56
-37
-15
7
30
51
69
84
98
104
108
108
104
99
91
81
72
59
44
29
15
2
-12
-24
-36
-48
-54
-62
-63
-61
-56
-47
-37
-22
-4
13
34
52
71
82
90
99
98
94
83
68
54
36
13
-9
-26
-42
-57
-69
-78
-84
-88
-90
-87
-84
-81
-76
-69
-60
-57
-52
-45
-33
-19
-7
5
20
35
49
59
69
75
77
75
71
61
47
31
15
0
-14
-25
-35
-41
-43
-44
-41
-36
-30
-25
-21
-16
-7
-5
-4
1
3
5
7
7
9
11
11
14
15
13
10
5
-7
-15
-25
-35
-43
-51
-59
-66
-70
-75
-77
-77
-74
-68
-63
-55
-47
-36
-24
-16
-6
6
12
21
24
26
30
32
34
34
36
38
35
36
35
33
29
22
14
3
-9
-20
-28
-35
-42
-43
-45
-44
-41
-36
-34
-29
-24
-22
-20
-17
-14
-10
-6
1
10
17
23
28
31
28
24
19
11
1
-8
-18
-29
-40
-48
-52
-58
-59
-57
-60
-58
-54
-50
-46
-41
-35
-31
-22
-15
-8
1
10
21
33
43
51
59
64
65
63
58
51
43
34
24
14
3
-6
-15
-18
-22
-28
-32
-34
-34
-34
-36
-35
-34
-33
-32
-27
-23
-14
-5
3
12
19
29
36
40
44
44
40
32
23
10
-4
-19
-35
-49
-60
-68
-71
-73
-68
-62
-53
-43
-35
-23
-14
-5
5
13
21
30
39
48
56
68
72
80
88
90
92
86
80
73
61
47
32
16
1
-12
-28
-42
-52
-58
-61
-62
-61
-55
-47
-41
-31
-23
-16
-7
2
8
15
23
27
36
40
42
43
40
38
30
22
13
3
-5
-15
-25
-32
-39
-41
-43
-45
-43
-40
-34
-30
-23
-17
-8
4
8
22
33
41
52
59
65
70
73
77
75
71
69
62
55
46
37
24
13
1
-7
-14
-23
-26
-30
-33
-33
-32
-30
-28
-23
-17
-10
-4
4
11
18
24
31
37
41
44
45
44
39
32
21
11
3
-9
-18
-27
-36
-41
-46
-46
-44
-42
-40
-36
-27
-21
-16
-7
1
11
16
25
34
40
49
57
61
66
68
64
63
58
49
37
25
13
3
-11
-21
-28
-37
-42
-45
-47
-47
-50
-44
-35
-32
-25
-16
-8
-1
7
16
21
28
34
33
36
37
40
37
35
33
26
17
6
-3
-13
-25
-33
-43
-48
-51
-55
-52
-47
-40
-33
-25
-15
-7
3
12
18
24
30
35
40
45
44
45
46
45
44
41
36
31
22
13
4
-5
-16
-24
-27
-31
-32
-31
-30
-30
-28
-27
-22
-18
-11
-4
1
7
12
14
16
17
15
12
10
6
4
0
-5
-10
-17
-23
-28
-36
-41
-47
-52
-55
-60
-57
-52
-46
-40
-29
-20
-11
0
7
15
21
25
27
27
29
30
30
29
24
19
14
8
5
1
-4
-7
-10
-13
-16
-20
-23
-26
-30
-30
-26
-21
-16
-6
5
15
25
34
41
44
48
49
51
53
50
49
45
39
33
23
15
6
-3
-14
-23
-27
-36
-40
-45
-49
-47
-46
-46
-41
-37
-31
-26
-19
-8
0
8
17
27
32
33
33
34
33
30
26
20
17
12
9
8
6
5
4
2
-2
-5
-9
-10
-9
-11
-11
-8
-1
4
13
20
30
38
41
45
46
43
41
39
34
29
20
12
4
-4
-13
-21
-26
-32
-36
-34
-35
-34
-32
-31
-29
-24
-19
-18
-14
-7
-3
3
8
13
18
18
18
16
12
8
3
-2
-7
-14
-20
-25
-30
-38
-40
-41
-40
-38
-40
-39
-32
-27
-22
-18
-9
-1
7
17
21
28
32
37
42
45
48
52
51
50
46
39
30
19
9
-2
-13
-20
-26
-29
-32
-35
-33
-28
-23
-17
-13
-11
-3
5
13
21
26
31
35
38
41
40
40
37
34
29
23
15
5
-3
-12
-21
-28
-36
-41
-44
-49
-54
-58
-58
-55
-52
-47
-41
-33
-24
-19
-14
-6
1
9
16
24
31
32
37
39
35
31
28
24
17
10
2
-4
-7
-13
-15
-17
-18
-17
-16
-13
-8
-2
4
7
12
16
17
20
26
30
32
35
36
34
35
30
27
23
16
12
11
5
-5
-13
-20
-25
-26
-28
-31
-33
-28
-25
-27
-23
-23
-23
-19
-15
-13
-10
-4
-1
2
5
3
4
4
4
1
-3
-5
-8
-14
-15
-19
-21
-20
-23
-22
-18
-15
-14
-12
-8
-4
-1
0
4
8
14
20
23
30
34
34
35
35
34
31
30
28
25
21
14
7
2
-1
-3
-7
-11
-15
-17
-16
-18
-21
-18
-19
-18
-17
-16
-11
-7
-2
3
4
7
10
10
10
12
12
11
11
7
5
3
-1
-3
-7
-10
-16
-17
-16
-17
-17
-18
-17
-14
-10
-7
-3
3
7
11
16
20
22
25
30
34
38
42
41
41
39
35
32
28
22
15
9
5
0
-6
-11
-15
-16
-19
-20
-20
-21
-20
-18
-15
-12
-12
-11
-6
-4
0
3
3
6
8
9
11
13
11
9
8
2
-1
-5
-14
-17
-20
-24
-26
-25
-22
-22
-18
-18
-18
-15
-13
-8
-4
2
9
14
19
20
21
24
25
27
30
31
31
29
29
27
22
18
15
6
2
-3
-9
-12
-20
-22
-21
-21
-19
-18
-15
-12
-7
-6
-8
-5
-4
-1
0
4
9
9
10
10
9
9
8
5
2
0
-2
-7
-10
-14
-18
-22
-22
-21
-21
-21
-21
-19
-17
-16
-13
-9
-5
0
6
10
16
20
20
22
23
28
29
29
30
27
23
22
16
11
5
-1
-5
-11
-13
-13
-17
-18
-16
-17
-17
-16
-14
-12
-9
-8
-6
-3
-5
-4
-2
-2
2
3
2
5
6
5
3
4
2
-2
-5
-10
-13
-17
-20
-21
-23
-22
-20
-18
-17
-16
-11
-7
-3
2
4
7
10
12
16
20
18
18
20
18
19
20
19
16
15
13
10
5
0
-5
-7
-9
-10
-14
-16
-18
-20
-18
-16
-16
-15
-13
-11
-11
-5
-4
-3
0
-3
-4
-2
-2
-5
-5
-5
-5
-4
-5
-9
-11
-13
-13
-14
-14
-15
-15
-14
-14
-13
-12
-7
-5
-1
1
5
9
12
16
21
21
21
23
23
24
27
25
22
22
20
15
16
13
9
6
3
-1
-2
-2
-2
-5
-6
-6
-8
-14
-14
-13
-13
-9
-6
-9
-11
-11
-11
-12
-13
-13
-12
-11
-10
-10
-9
-10
-7
-5
-8
-9
-9
-10
-10
-7
-7
-4
-3
-2
0
-1
-2
3
7
9
11
12
13
15
14
12
11
9
9
10
13
12
12
13
10
9
8
8
5
3
1
0
-2
-6
-7
-10
-11
-11
-11
-11
-8
-9
-11
-8
-5
-6
-7
-6
-5
-6
-7
-6
-6
-5
-1
3
4
2
1
4
2
2
3
3
3
-1
-2
-3
-4
-3
-5
-6
-5
-6
-5
-3
-1
0
3
4
8
10
8
10
12
16
18
19
20
19
21
22
19
19
18
16
13
11
7
2
2
-2
-9
-11
-14
-18
-19
-17
-16
-16
-16
-17
-13
-8
-10
-10
-7
-2
1
3
5
6
9
9
12
10
9
10
9
10
10
7
1
1
0
-6
-5
-7
-11
-11
-10
-9
-9
-8
-6
-4
-1
1
4
4
7
10
11
15
17
14
16
16
14
14
13
12
8
4
0
-3
-6
-9
-12
-13
-11
-15
-15
-15
-15
-15
-17
-18
-17
-17
-19
-14
-12
-10
-8
-9
-7
-7
-9
-7
-3
-2
0
3
-1
-3
1
0
-3
-6
-8
-7
-6
-5
-5
-6
-2
-1
2
3
5
5
6
5
7
8
5
5
4
3
3
2
2
3
1
-1
-2
-4
-7
-8
-8
-12
-11
-9
-10
-13
-11
-12
-12
-12
-10
-7
-5
-5
0
3
4
4
6
8
9
11
11
13
16
15
13
13
15
17
15
17
17
17
20
19
17
19
20
20
20
19
17
14
18
20
17
17
15
13
16
14
12
10
9
8
7
6
3
2
1
0
-2
-2
-3
-7
-6
-5
-4
-2
-2
-6
-5
-3
-4
-3
-3
-4
-6
-6
-7
-6
-7
-10
-11
-6
-5
-6
-7
-9
-9
-9
-8
-9
-10
-6
-4
0
3
2
3
5
4
7
8
6
5
5
6
3
1
-2
-1
-1
-3
-5
-7
-9
-11
-12
-13
-17
-19
-19
-21
-24
-24
-25
-26
-21
-18
-11
-8
-7
-4
-3
-3
-4
1
3
4
8
9
5
2
-2
-3
-3
-4
-5
-4
-5
-5
-6
-7
-9
-11
-10
-8
-9
-5
-3
-2
3
5
8
10
12
16
21
24
24
25
21
21
22
22
20
16
13
10
6
4
-1
-7
-8
-9
-15
-18
-21
-24
-24
-26
-23
-24
-24
-19
-13
-9
-7
-2
2
3
8
10
14
15
16
17
17
16
15
13
14
12
10
8
6
3
2
1
-3
-4
-5
-6
-6
-7
-4
-5
-7
-5
-4
0
3
4
5
7
7
8
8
4
4
4
4
5
5
3
2
-1
-2
-2
-5
-5
-7
-8
-9
-9
-5
-4
-4
-1
0
5
10
11
16
23
22
25
28
27
28
25
24
22
22
22
20
20
19
14
12
7
0
-3
-5
-7
-8
-11
-13
-14
-18
-21
-19
-16
-13
-10
-11
-7
-7
-5
0
1
4
6
1
3
4
2
2
2
1
-1
-3
-5
-10
-13
-15
-16
-16
-18
-18
-19
-19
-20
-18
-17
-17
-13
-12
-11
-5
0
4
5
7
10
12
12
13
11
11
10
8
9
9
8
9
6
3
2
1
-2
-4
-6
-7
-7
-8
-9
-8
-6
-4
-3
-1
1
3
6
8
11
14
14
14
13
14
14
16
15
12
12
11
8
7
7
5
4
2
0
-1
-3
-3
-4
0
0
3
5
6
6
9
12
14
15
13
13
11
13
12
13
16
13
15
17
14
11
12
13
13
11
8
8
7
5
6
4
7
7
9
9
8
9
9
9
11
11
8
7
3
1
4
2
-1
-4
-6
-7
-11
-14
-15
-18
-19
-17
-20
-20
-22
-24
-21
-22
-23
-22
-25
-24
-23
-22
-22
-20
-19
-17
-16
-17
-15
-16
-17
-15
-16
-16
-15
-15
-15
-14
-14
-17
-15
-16
-12
-10
-8
-5
-5
-6
-7
-4
-3
-5
-4
-1
-1
1
3
3
5
5
4
-1
-2
-5
-7
-6
-8
-9
-10
-11
-10
-11
-11
-10
-7
-8
-8
-4
-3
-1
0
1
2
6
7
10
12
13
15
18
19
18
18
18
15
17
14
11
12
12
13
10
11
11
10
8
7
9
8
8
9
9
10
12
14
16
18
19
20
18
18
19
20
22
21
18
19
18
15
16
11
9
6
3
4
2
-2
-4
-4
-9
-10
-11
-10
-11
-11
-11
-13
-14
-13
-14
-17
-16
-14
-13
-12
-10
-9
-8
-5
-3
-3
-2
-3
-4
-6
-9
-9
-9
-9
-8
-8
-9
-7
-4
-6
-8
-8
-8
-8
-8
-7
-7
-6
-7
-5
-3
-3
-2
-1
-1
0
2
-1
-2
-1
-1
-4
-5
-6
-6
-5
-8
-6
-7
-12
-11
-14
-15
-13
-14
-13
-12
-12
-14
-14
-13
-13
-10
-10
-8
-8
-5
-4
-4
-4
-4
-3
-5
-2
2
0
-1
0
0
-2
-2
-1
-2
-1
1
2
2
4
7
9
11
11
12
15
15
12
13
14
15
14
13
10
12
14
11
8
5
6
5
1
-2
-5
-9
-10
-10
-11
-12
-11
-11
-13
-15
-15
-19
-18
-16
-17
-15
-14
-11
-11
-8
-6
-4
0
3
4
4
6
7
8
9
15
16
13
13
14
14
15
13
16
17
16
16
14
13
13
13
13
14
15
14
12
13
14
16
16
15
17
16
13
13
14
12
12
13
13
9
8
7
4
4
3
4
3
4
1
-4
-3
-4
-4
-4
-3
-2
-2
-2
-5
-6
-4
-3
-2
2
3
2
3
3
3
3
5
7
6
6
7
6
5
7
9
6
10
11
8
7
6
9
10
10
10
10
12
10
10
12
15
15
15
17
17
15
13
14
12
9
12
10
7
6
2
-1
-5
-7
-12
-12
-13
-16
-19
-18
-20
-22
-22
-22
-22
-18
-21
-21
-19
-20
-19
-19
-18
-15
-12
-12
-9
-9
-10
-8
-6
-6
-6
-5
-3
-2
-3
-6
-3
-3
-5
0
3
2
4
6
6
4
3
4
5
4
3
4
5
6
7
9
7
5
4
2
1
1
-1
-4
-3
-4
-8
-6
-7
-10
-9
-10
-10
-10
-8
-9
-12
-12
-11
-7
-8
-9
-5
-1
-1
2
1
0
3
4
3
5
5
4
4
6
8
5
5
5
5
6
5
5
5
0
1
1
1
-1
-1
1
0
0
1
-2
-2
-2
-2
-1
-1
-2
-3
-5
-3
-3
-4
-6
-3
-3
-2
-2
-3
-1
0
-1
-2
-4
-2
-2
-2
-4
-5
-4
-6
-4
-4
-4
-4
-5
-6
-8
-8
-5
-4
-1
-1
-1
0
-3
-2
2
4
5
6
8
5
4
3
3
3
3
4
4
3
6
4
3
5
3
3
0
0
2
0
-1
-1
-1
-1
-2
-3
0
1
1
0
0
2
0
-2
-2
-3
-1
-1
1
4
4
5
4
5
9
6
8
9
7
6
7
7
9
9
10
7
5
7
7
5
3
3
4
2
1
2
2
1
2
1
1
0
0
0
0
0
-3
-4
-3
-3
-3
-1
0
-1
-2
-1
-3
-4
-4
-5
-4
-6
-5
-2
-3
-4
-4
-3
-4
-5
1
-3
-7
-4
-7
-7
-5
-6
-6
-8
-6
-4
-5
-7
-6
-5
-6
-7
-7
-9
-7
-5
-2
-1
-1
-1
0
1
2
1
0
-1
0
0
-3
-1
1
1
3
4
2
2
0
1
3
2
1
0
-2
-3
-3
-3
-2
-1
0
0
2
2
-1
0
1
-1
1
2
4
5
3
1
1
-1
-2
0
-1
-3
-3
1
0
0
3
1
-2
-1
-1
-3
-4
-3
-5
-5
-6
-5
-3
-4
-5
-3
-3
-3
-3
-2
-2
-3
0
0
0
0
1
0
0
2
1
4
4
2
3
2
4
3
3
5
5
5
4
4
4
2
5
2
1
3
2
2
2
1
1
0
1
0
1
1
1
3
1
-1
-1
-1
-3
-3
-4
-4
-3
-3
-2
-4
-2
-3
-3
-1
-3
-4
-6
-9
-7
-6
-8
-6
-5
-6
-7
-9
-5
-7
-7
-4
-2
-3
-3
-1
0
2
0
0
0
0
-1
-1
2
2
0
0
-1
0
2
2
0
2
3
1
0
-1
-2
-1
-1
0
-1
-5
-3
-2
-2
-4
-3
-2
-2
-1
-1
-1
-3
-3
-5
-5
-3
-5
-6
-5
-5
-5
-5
-6
-10
-10
-9
-9
-8
-8
-6
-7
-8
-5
-4
-4
-2
-1
1
1
2
1
3
5
5
6
6
5
5
6
8
9
9
8
7
5
5
6
5
7
6
5
4
4
3
1
2
3
2
1
1
4
4
5
5
5
6
4
4
3
1
0
1
1
3
1
2
3
2
2
2
1
1
0
1
1
1
6
5
6
9
9
9
9
10
8
8
10
10
11
15
17
16
14
12
11
8
8
6
5
6
5
4
5
2
1
1
-1
-3
-3
-3
-4
-4
-5
-5
-4
-3
-3
-2
-1
-1
3
3
-1
1
2
0
4
5
3
2
1
-2
-2
-2
-2
0
0
-2
-3
-4
-4
-3
-3
-3
-5
-6
-6
-5
-4
-3
2
3
4
5
3
4
6
7
5
6
7
9
9
9
8
6
8
8
5
4
5
6
6
4
2
0
-4
-4
-5
-4
-5
-5
-6
-5
-4
-4
-5
-6
-5
-5
-7
-6
-5
-4
-4
-2
-6
-5
-4
-6
-5
-3
-3
-5
-3
-3
-7
-6
-5
-5
-4
-1
-1
-3
-1
-1
-1
-1
0
-1
-1
0
1
1
1
2
4
2
3
2
-2
-1
0
0
0
-1
-3
-6
-2
-5
-9
-10
-12
-10
-9
-8
-7
-6
-4
-4
-1
0
1
2
2
0
2
1
2
3
1
3
4
2
0
3
3
1
2
2
1
1
1
-2
-1
1
0
3
3
2
2
2
4
7
6
6
9
6
6
8
8
7
10
11
8
9
8
7
7
7
5
1
0
-2
-6
-4
-5
-8
-6
-7
-5
-5
-6
-7
-8
-9
-10
-12
-9
-9
-11
-10
-8
-6
-7
-6
-1
-1
-5
-4
-2
-2
1
2
1
3
5
5
3
2
1
2
3
4
6
5
4
4
5
4
4
3
3
3
3
1
1
2
-2
-2
-4
-9
-8
-10
-12
-13
-12
-11
-9
-10
-10
-11
-12
-11
-9
-8
-6
-3
-1
-1
0
1
1
0
3
3
5
6
4
5
8
5
4
7
7
5
4
4
6
6
6
7
6
6
7
8
8
9
10
9
11
13
12
13
13
10
11
12
10
10
11
11
12
9
7
9
7
4
5
5
3
1
-3
-4
-5
-4
-3
-4
-1
-3
-5
-4
-3
-1
-1
-4
-4
-5
-6
-7
-5
-4
-4
-5
-4
-5
-7
-4
-4
-7
-5
-4
-6
-7
-5
-4
-4
-6
-8
-8
-7
-6
-6
-6
-6
-3
-6
-8
-6
-5
-7
-5
-5
-4
-1
-4
-3
0
1
1
2
-3
-3
0
-2
3
6
6
6
4
7
7
4
8
8
6
9
10
10
11
9
10
12
11
10
10
9
10
10
9
8
8
7
5
5
5
2
0
-2
-5
-5
-6
-5
-3
-4
-6
-3
-5
-6
-6
-6
-5
-5
-4
-6
-6
-2
1
3
3
0
-1
-2
0
4
4
5
4
4
2
0
1
1
0
-1
0
0
-1
0
-1
-4
-3
-1
-2
-2
-1
-4
-5
-4
-4
-5
-7
-7
-8
-8
-8
-9
-11
-9
-9
-9
-7
-9
-9
-10
-10
-11
-7
-6
-6
-2
-1
-4
-3
-4
-5
-4
-4
-3
-4
-3
-2
-3
-4
-4
0
2
2
1
0
0
-1
0
3
3
4
3
1
1
2
1
4
5
4
3
3
5
4
7
7
6
6
7
8
6
5
8
9
8
8
8
9
9
9
7
7
9
9
6
4
4
4
3
1
3
2
1
1
-2
-3
-3
-4
-5
-3
-1
-2
-2
0
-2
-5
-3
0
-1
1
-1
0
2
1
2
2
2
5
7
8
8
9
10
13
14
12
10
11
11
10
12
13
13
13
13
12
11
14
10
10
10
6
6
8
10
10
8
6
5
3
2
-1
-2
-2
-1
-2
-3
-4
-4
-4
-7
-7
-9
-9
-9
-11
-8
-6
-7
-6
-8
-8
-7
-9
-9
-7
-7
-6
-6
-6
-7
-10
-9
-8
-8
-8
-7
-8
-11
-11
-11
-14
-15
-14
-12
-12
-14
-14
-14
-13
-15
-15
-14
-14
-14
-17
-17
-14
-12
-11
-9
-8
-11
-10
-8
-6
-5
-2
1
0
-3
-1
0
1
2
2
4
7
5
6
8
7
4
5
6
7
8
9
11
9
7
10
11
10
13
12
9
10
11
10
9
8
10
11
9
10
8
7
7
5
6
4
3
3
3
4
3
3
3
3
2
0
1
2
2
3
6
8
10
8
7
5
6
7
6
9
9
6
8
7
5
4
4
3
2
1
0
-1
-3
-4
-6
-10
-12
-10
-11
-16
-13
-14
-15
-15
-19
-18
-18
-19
-17
-19
-18
-17
-16
-13
-16
-15
-14
-15
-13
-12
-14
-13
-11
-8
-6
-3
-4
-3
0
0
-1
-3
-1
-1
1
2
2
4
8
11
11
10
8
6
6
5
6
6
7
8
6
3
3
2
0
1
3
1
3
3
0
-1
0
-2
-3
-3
-3
-3
-1
0
1
1
-1
0
0
2
2
3
7
8
10
12
9
9
10
8
6
4
7
7
9
12
11
9
7
8
8
6
7
8
7
6
4
3
2
5
5
3
3
3
4
6
3
1
1
-2
-2
-1
-3
-1
1
2
-1
-2
-4
-5
-5
-5
-3
-3
-3
-1
1
2
1
1
1
0
-1
1
3
3
5
3
3
3
1
1
1
-3
-5
-8
-7
-4
-6
-4
-3
-4
-4
-8
-8
-10
-8
-7
-10
-11
-11
-9
-7
-6
-8
-7
-7
-6
-2
-3
-4
-3
0
1
0
1
3
4
4
4
5
3
3
3
4
4
6
6
5
7
6
4
6
4
5
4
3
4
4
4
3
-1
1
1
1
1
2
2
2
1
0
3
1
-1
-3
-5
-7
-7
-8
-5
-5
-6
-6
-7
-5
-6
-7
-6
-5
-5
-6
-5
-3
-2
0
1
1
2
1
2
3
3
3
5
4
7
8
5
6
7
5
6
6
4
4
4
3
3
2
1
2
-1
-3
-3
-4
-4
-4
-5
-6
-5
-7
-7
-7
-9
-5
-4
-6
-5
-7
-6
-4
-5
-7
-7
-5
-4
-4
-3
-4
-5
-4
-4
-4
-1
0
-2
-2
-3
-3
0
-1
-1
0
0
0
1
0
-1
1
3
1
-1
-2
-2
-2
-2
-3
-2
-2
-4
-5
-4
-6
-6
-3
-3
-4
-4
-1
0
-1
1
3
1
1
3
2
2
5
6
6
10
9
9
8
8
10
9
6
6
4
5
7
7
5
4
3
4
5
5
4
2
1
-3
-1
-1
-3
-4
-4
0
-1
0
0
-3
-2
-4
-4
-3
-4
-4
-1
-2
1
1
-1
0
-1
-2
-1
-2
-1
-1
0
2
1
1
3
1
-1
0
-1
-1
0
0
1
-1
-2
0
0
-2
-1
0
1
0
-2
-2
-3
-3
-2
-3
-2
-2
-2
0
1
1
-1
-1
0
0
0
0
-1
-1
-1
3
4
5
4
4
4
3
3
5
4
4
2
3
5
4
4
4
3
3
3
2
3
3
3
3
3
3
1
2
3
3
1
1
-1
-2
0
0
1
0
0
0
0
0
2
3
0
0
1
-1
0
3
2
1
1
2
1
-1
-1
-1
1
1
2
2
0
0
2
2
2
0
1
0
-1
0
2
3
4
4
4
3
1
1
0
-1
-3
-4
-4
-5
-4
-6
-9
-11
-12
-12
-10
-12
-12
-11
-12
-12
-13
-12
-11
-10
-11
-8
-7
-11
-10
-4
-6
-3
-3
-3
0
1
4
4
4
5
6
6
4
5
5
4
5
7
8
7
8
6
3
6
8
6
3
5
6
3
4
5
2
2
3
4
5
5
5
4
5
8
8
5
4
6
3
2
3
5
3
2
4
3
2
2
4
5
3
3
4
1
2
2
1
1
2
2
0
2
3
4
2
0
-1
-1
0
-1
-4
-4
-4
-2
-3
-4
-5
-7
-5
-6
-8
-9
-7
