0
2
1
1
2
3
4
3
4
7
5
8
8
6
5
3
6
7
5
5
7
8
5
6
4
2
-1
-4
0
0
-2
-2
-4
-5
-5
-5
-7
-7
-8
-8
-7
-7
-6
-10
-8
-6
-7
-6
-6
-6
-6
-7
-5
-2
-1
-1
-2
-2
-2
-3
-3
-4
-4
-3
-2
-4
-1
2
-1
2
2
2
4
2
4
4
1
-2
-1
0
-1
-2
-5
-5
-5
-5
-6
-7
-8
-7
-8
-9
-7
-9
-10
-9
-7
-3
-4
-4
-3
-3
-1
-1
-1
0
-1
1
5
4
6
8
8
10
10
7
6
6
2
-1
1
-1
-3
-3
-2
-2
-2
-2
-4
-2
-3
-4
-3
-3
-2
-3
-4
-3
-1
0
0
0
-3
-4
-4
-3
-4
-2
-3
-5
-3
-1
-1
0
1
1
2
1
3
3
3
2
3
2
4
7
7
7
6
6
8
9
7
5
4
4
5
5
2
2
0
-1
0
0
2
3
2
0
-1
1
0
-2
-3
-2
-2
-2
0
-2
-3
-3
-1
1
1
2
2
2
3
3
3
2
1
4
5
7
7
7
8
8
8
8
10
11
9
7
7
5
5
4
4
3
2
4
2
-1
0
-1
-4
-3
-4
-4
-3
-4
-5
-5
-3
-3
0
2
-1
-1
2
-1
-2
0
-1
-2
-2
-2
2
2
2
4
4
2
2
2
1
1
-1
1
3
3
2
4
5
4
6
8
6
7
8
5
6
7
6
8
7
4
5
6
4
4
6
3
2
2
3
3
3
1
0
0
2
4
4
0
-1
0
-1
2
1
1
2
3
3
1
2
1
0
1
1
1
-1
-2
-3
-4
-4
-3
-2
-4
-3
-1
-4
-3
-6
-5
-7
-8
-4
-4
-4
-3
-4
-2
-5
-7
-6
-5
-3
-3
-4
-3
1
1
0
2
2
3
3
3
3
1
0
-1
-1
-1
-1
0
-1
-3
-3
0
-1
0
4
5
8
8
7
7
8
8
6
6
9
8
9
9
10
10
10
10
10
7
6
5
3
1
1
0
0
1
2
4
4
3
4
2
4
6
7
5
4
6
5
4
3
0
-2
0
-2
-7
-6
-6
-7
-8
-9
-8
-7
-8
-7
-4
-5
-5
-4
-7
-8
-6
-7
-6
-6
-4
-3
-4
-4
-1
-2
-5
-1
2
0
1
1
3
3
2
2
-1
0
-1
1
-2
-5
-2
-3
-4
-2
2
3
5
5
2
1
3
3
5
2
1
2
2
2
2
3
2
3
2
-1
-5
-4
-5
-7
-9
-7
-5
-7
-6
-4
-3
-3
-1
-1
-1
3
6
8
11
8
10
14
10
14
15
15
17
16
17
16
15
18
22
27
27
29
29
28
29
31
32
33
35
36
37
39
40
44
46
48
51
54
54
55
58
60
62
63
64
66
68
67
67
65
65
61
59
57
51
51
49
47
46
45
43
42
41
38
35
35
32
31
33
37
38
40
40
41
39
37
39
40
37
34
35
35
29
27
25
22
17
16
13
11
8
3
0
-3
-7
-9
-9
-13
-17
-17
-20
-21
-20
-21
-23
-22
-21
-22
-24
-25
-26
-27
-29
-28
-28
-29
-30
-31
-36
-42
-43
-43
-48
-50
-50
-53
-55
-56
-58
-61
-64
-63
-65
-70
-70
-69
-68
-68
-65
-66
-66
-65
-66
-66
-65
-67
-63
-64
-66
-62
-63
-64
-65
-65
-62
-66
-67
-68
-69
-68
-67
-70
-69
-68
-66
-63
-64
-66
-66
-63
-61
-61
-62
-61
-57
-55
-55
-53
-51
-49
-42
-42
-43
-41
-43
-45
-45
-44
-44
-41
-39
-38
-36
-34
-32
-31
-28
-26
-25
-22
-21
-19
-17
-16
-14
-9
-5
-2
2
7
9
12
14
19
20
21
24
25
29
30
31
31
33
34
33
37
35
33
32
30
32
31
29
31
32
31
34
36
36
37
40
40
42
44
45
45
46
48
48
48
50
48
46
47
49
48
47
48
46
41
40
37
36
35
34
36
34
35
37
35
37
36
32
33
29
27
28
23
20
17
16
12
11
10
9
8
6
4
1
-2
-6
-8
-13
-17
-17
-22
-22
-25
-27
-29
-32
-32
-33
-34
-37
-40
-41
-40
-44
-45
-47
-48
-47
-48
-50
-49
-52
-55
-56
-58
-61
-62
-64
-63
-65
-67
-69
-69
-70
-71
-72
-70
-69
-68
-66
-68
-66
-66
-63
-60
-61
-62
-58
-60
-61
-60
-63
-65
-64
-62
-60
-59
-56
-56
-53
-53
-53
-48
-51
-50
-48
-49
-47
-45
-45
-44
-44
-43
-42
-41
-40
-40
-39
-37
-37
-35
-36
-34
-32
-30
-30
-29
-25
-23
-24
-21
-17
-15
-10
-6
-4
-2
1
0
1
1
2
6
5
5
7
7
8
7
9
10
8
10
9
8
10
10
13
15
14
13
16
17
21
22
22
25
28
30
33
38
41
43
48
52
55
58
58
58
58
56
54
55
54
52
52
51
49
46
45
46
44
44
42
41
38
36
34
33
31
30
28
30
29
29
30
31
30
28
27
29
31
31
32
31
31
28
24
26
24
24
26
26
26
26
23
24
23
23
26
25
24
25
23
19
17
14
13
15
14
17
15
14
13
12
13
11
12
12
12
15
17
19
21
20
21
25
25
25
30
32
33
34
37
38
39
42
43
44
46
46
45
43
42
41
40
39
36
32
29
25
20
19
16
13
9
5
0
-6
-11
-14
-21
-25
-27
-28
-31
-34
-35
-36
-39
-42
-46
-52
-53
-56
-55
-56
-57
-55
-56
-57
-56
-58
-58
-54
-54
-55
-55
-59
-58
-59
-60
-63
-66
-68
-68
-70
-71
-73
-75
-78
-82
-85
-89
-93
-97
-98
-101
-105
-107
-110
-110
-110
-108
-104
-106
-105
-102
-101
-98
-94
-92
-90
-87
-84
-79
-78
-73
-68
-65
-60
-58
-56
-53
-50
-49
-49
-49
-48
-47
-45
-44
-46
-44
-43
-44
-44
-42
-38
-36
-34
-32
-30
-28
-28
-26
-25
-25
-24
-25
-27
-28
-28
-27
-28
-29
-27
-30
-30
-29
-31
-29
-28
-26
-27
-24
-22
-21
-19
-15
-12
-9
-3
1
6
11
15
20
25
26
28
32
34
36
40
44
45
46
47
50
52
53
52
51
53
53
57
56
57
60
62
61
64
69
71
73
76
79
82
86
91
96
98
100
102
103
106
109
111
111
113
112
111
110
110
111
112
113
115
114
112
110
111
112
113
114
117
118
119
118
119
120
120
119
118
115
114
110
108
104
99
94
88
78
69
60
56
47
38
32
22
13
7
-2
-12
-19
-23
-31
-38
-44
-49
-55
-60
-65
-68
-74
-78
-81
-82
-84
-88
-90
-95
-99
-102
-107
-113
-117
-120
-127
-132
-137
-144
-151
-159
-165
-171
-178
-181
-186
-189
-194
-197
-199
-200
-198
-197
-195
-191
-184
-177
-173
-162
-150
-138
-122
-106
-89
-72
-53
-31
-11
11
34
57
80
99
121
144
167
190
212
232
252
270
287
303
316
329
343
355
365
373
380
386
392
398
401
402
404
404
403
401
400
398
399
397
392
390
387
384
379
378
375
369
365
358
349
345
340
334
326
318
313
303
291
282
270
258
247
238
227
211
203
195
183
175
166
156
143
131
121
106
92
76
59
41
22
0
-25
-51
-79
-106
-136
-166
-192
-222
-250
-274
-294
-311
-327
-335
-343
-346
-343
-340
-329
-315
-301
-283
-264
-249
-229
-213
-197
-180
-168
-160
-154
-152
-153
-159
-162
-170
-179
-185
-195
-205
-213
-221
-229
-235
-237
-238
-236
-235
-233
-226
-217
-207
-197
-185
-173
-160
-148
-138
-126
-115
-105
-96
-89
-82
-75
-69
-62
-53
-45
-36
-27
-17
-10
-1
9
22
36
52
69
84
100
118
134
152
172
190
207
223
242
261
276
294
310
330
347
359
371
383
393
405
415
422
429
434
438
445
447
449
450
451
452
454
454
450
448
446
441
437
432
427
424
418
414
407
403
394
383
374
362
352
340
327
313
300
285
268
252
231
210
191
170
150
124
99
75
48
22
-2
-28
-53
-76
-103
-128
-155
-182
-208
-235
-260
-285
-308
-334
-359
-382
-403
-423
-442
-460
-479
-495
-512
-529
-542
-556
-567
-578
-587
-594
-600
-604
-606
-606
-603
-599
-596
-589
-579
-569
-559
-548
-534
-522
-509
-494
-482
-472
-463
-452
-440
-431
-424
-415
-406
-396
-391
-383
-379
-374
-367
-361
-355
-346
-337
-328
-316
-303
-291
-277
-262
-247
-236
-223
-209
-196
-180
-166
-155
-145
-134
-125
-116
-108
-103
-99
-98
-99
-95
-94
-95
-96
-97
-103
-102
-99
-100
-101
-98
-97
-98
-96
-94
-93
-87
-80
-75
-64
-58
-49
-39
-29
-19
-7
2
10
22
32
38
45
55
62
69
79
83
89
95
98
101
107
109
113
115
116
119
121
121
123
123
125
127
129
129
127
128
129
128
128
129
130
132
135
136
136
138
141
144
147
150
155
158
166
173
179
187
192
197
203
205
211
218
222
224
226
227
225
223
220
216
210
204
197
190
182
173
164
149
138
127
114
100
89
78
65
57
48
39
28
16
9
0
-8
-11
-15
-14
-14
-14
-15
-18
-17
-13
-13
-12
-9
-8
-6
-5
-4
-4
-1
-2
-8
-14
-20
-28
-38
-48
-58
-68
-84
-96
-109
-125
-136
-146
-159
-172
-178
-188
-200
-207
-216
-220
-223
-225
-227
-228
-229
-229
-228
-229
-227
-226
-226
-221
-218
-214
-207
-202
-194
-183
-177
-168
-154
-142
-133
-117
-105
-92
-73
-58
-43
-26
-9
7
24
42
60
79
96
111
128
143
160
181
197
210
228
246
258
276
292
307
322
333
343
353
358
367
375
375
376
377
373
367
361
351
338
325
311
291
271
251
226
202
176
150
127
95
67
40
10
-20
-49
-78
-109
-137
-168
-198
-226
-255
-279
-303
-329
-351
-373
-395
-415
-428
-441
-455
-464
-474
-478
-480
-478
-472
-466
-453
-441
-427
-409
-388
-366
-343
-317
-288
-262
-234
-204
-172
-143
-117
-85
-54
-29
-6
21
43
59
76
92
107
120
130
139
147
157
160
160
158
152
148
140
129
116
103
87
69
51
29
8
-13
-37
-60
-87
-110
-138
-164
-185
-211
-236
-261
-284
-304
-325
-340
-355
-367
-372
-374
-373
-371
-359
-343
-325
-300
-270
-235
-198
-157
-111
-63
-9
47
103
164
223
284
346
405
465
525
583
637
687
737
782
823
858
891
919
940
960
972
980
985
984
973
959
944
921
890
857
814
766
714
652
589
517
440
358
272
180
86
-9
-110
-215
-318
-422
-525
-627
-726
-819
-904
-983
-1057
-1120
-1175
-1215
-1248
-1270
-1279
-1275
-1256
-1229
-1190
-1135
-1075
-1001
-921
-828
-728
-623
-510
-394
-275
-151
-29
95
218
340
460
576
685
793
896
992
1081
1162
1239
1304
1364
1415
1456
1493
1521
1541
1553
1555
1547
1530
1502
1465
1420
1362
1294
1214
1127
1032
924
812
686
553
415
270
122
-32
-184
-335
-486
-636
-782
-916
-1045
-1166
-1274
-1368
-1445
-1509
-1557
-1593
-1609
-1605
-1589
-1553
-1507
-1444
-1364
-1275
-1172
-1059
-939
-808
-673
-530
-387
-240
-91
56
199
341
480
609
734
856
966
1068
1162
1246
1323
1389
1443
1484
1519
1542
1554
1560
1553
1540
1518
1484
1440
1383
1316
1238
1155
1063
963
855
741
618
488
354
213
67
-81
-232
-381
-531
-677
-819
-957
-1088
-1216
-1334
-1448
-1551
-1640
-1718
-1782
-1832
-1870
-1888
-1893
-1885
-1861
-1824
-1773
-1711
-1635
-1544
-1442
-1326
-1204
-1076
-942
-805
-661
-515
-367
-219
-72
72
211
349
478
603
720
825
924
1015
1096
1167
1225
1277
1318
1345
1362
1372
1370
1364
1346
1317
1281
1232
1175
1111
1039
960
869
776
678
572
462
348
230
110
-13
-136
-266
-394
-520
-641
-757
-875
-985
-1090
-1190
-1281
-1365
-1444
-1514
-1574
-1626
-1669
-1704
-1727
-1737
-1738
-1730
-1714
-1684
-1645
-1599
-1538
-1471
-1395
-1309
-1215
-1117
-1010
-899
-781
-656
-531
-405
-276
-148
-18
107
229
349
462
573
679
774
863
942
1013
1078
1134
1182
1218
1247
1268
1281
1288
1287
1280
1266
1243
1212
1175
1130
1076
1021
958
891
815
734
652
564
470
372
271
168
63
-43
-150
-253
-351
-449
-542
-635
-719
-805
-883
-955
-1022
-1076
-1126
-1167
-1201
-1228
-1249
-1261
-1268
-1265
-1250
-1228
-1200
-1164
-1121
-1067
-1007
-945
-875
-800
-721
-636
-544
-449
-351
-249
-141
-40
63
166
265
365
460
555
644
729
808
883
947
1009
1065
1112
1152
1186
1214
1237
1254
1267
1271
1271
1267
1255
1235
1206
1175
1134
1090
1042
990
929
862
793
719
639
556
465
372
280
185
86
-10
-106
-200
-291
-385
-474
-558
-642
-719
-793
-856
-914
-966
-1012
-1052
-1084
-1109
-1130
-1142
-1147
-1149
-1139
-1123
-1106
-1072
-1035
-991
-940
-888
-830
-764
-696
-624
-545
-464
-379
-288
-200
-109
-14
78
166
254
341
422
500
576
649
718
784
844
897
945
983
1016
1045
1067
1082
1094
1099
1099
1096
1082
1063
1038
1004
968
924
876
825
768
710
645
579
505
428
350
265
177
92
4
-83
-167
-249
-330
-411
-487
-560
-628
-691
-753
-809
-859
-901
-937
-972
-998
-1020
-1038
-1049
-1054
-1051
-1044
-1030
-1010
-986
-957
-924
-886
-841
-795
-746
-687
-627
-562
-492
-422
-346
-269
-191
-108
-25
57
138
219
299
373
445
512
578
641
697
749
797
839
878
911
936
957
974
981
986
986
980
971
953
934
911
881
847
810
767
725
679
627
573
516
453
391
323
250
178
104
31
-41
-113
-183
-252
-320
-384
-446
-504
-562
-615
-662
-706
-745
-778
-807
-832
-852
-867
-877
-886
-891
-888
-880
-868
-847
-822
-789
-756
-718
-673
-633
-583
-532
-480
-420
-359
-293
-228
-161
-94
-29
38
104
169
235
297
358
415
468
518
566
609
647
683
714
740
765
791
810
826
839
847
850
850
846
837
824
806
784
758
728
692
651
609
563
512
457
400
343
279
213
146
80
11
-55
-126
-192
-257
-324
-382
-438
-494
-543
-591
-635
-674
-710
-743
-774
-797
-817
-834
-846
-854
-854
-848
-840
-826
-808
-784
-754
-722
-685
-643
-595
-543
-490
-432
-373
-311
-247
-182
-116
-48
16
82
146
207
269
332
387
441
493
537
577
615
649
681
707
730
748
766
782
792
802
805
805
800
792
780
764
747
727
701
672
639
599
553
506
457
406
353
295
236
175
115
53
-11
-75
-138
-201
-264
-323
-379
-432
-483
-531
-578
-622
-660
-696
-731
-759
-785
-808
-825
-837
-845
-850
-846
-837
-828
-811
-792
-769
-743
-710
-672
-627
-579
-527
-471
-411
-348
-290
-230
-167
-105
-43
18
81
142
202
257
309
364
412
460
508
550
587
620
651
678
697
714
727
738
747
751
754
750
744
736
722
700
675
640
603
565
520
475
425
373
322
269
216
159
98
39
-24
-92
-154
-216
-274
-326
-373
-417
-461
-504
-545
-583
-620
-655
-691
-726
-757
-784
-807
-826
-844
-856
-863
-867
-864
-854
-838
-812
-781
-746
-708
-665
-621
-571
-516
-455
-391
-327
-262
-200
-134
-63
2
72
139
200
256
309
361
410
457
498
539
574
608
643
676
706
726
740
750
756
762
766
771
775
773
767
751
728
701
671
635
595
554
505
454
400
343
287
229
172
114
60
8
-49
-104
-160
-221
-281
-342
-399
-453
-507
-556
-596
-637
-680
-719
-753
-781
-803
-820
-831
-839
-837
-831
-819
-798
-774
-744
-704
-661
-612
-556
-499
-435
-372
-309
-242
-175
-102
-27
42
98
123
114
99
98
121
167
237
320
409
490
553
599
630
646
646
644
656
679
711
746
776
788
769
719
660
611
580
562
548
524
478
416
342
271
206
147
89
26
-41
-115
-199
-285
-371
-458
-537
-602
-652
-693
-747
-833
-966
-1164
-1411
-1656
-1845
-1948
-1974
-1951
-1906
-1850
-1784
-1706
-1607
-1479
-1341
-1197
-1037
-850
-641
-430
-225
-31
149
322
497
675
853
1015
1153
1269
1366
1451
1533
1609
1678
1736
1771
1790
1802
1815
1826
1837
1858
1885
1910
1930
1943
1943
1919
1858
1766
1661
1546
1434
1329
1229
1123
992
830
647
453
266
87
-88
-257
-436
-629
-821
-998
-1149
-1276
-1383
-1478
-1562
-1621
-1646
-1642
-1610
-1559
-1503
-1437
-1367
-1286
-1186
-1075
-956
-834
-727
-627
-523
-412
-284
-136
16
169
307
436
571
710
854
996
1118
1209
1262
1290
1312
1333
1354
1356
1338
1315
1303
1319
1366
1430
1492
1535
1561
1586
1612
1635
1653
1652
1617
1545
1443
1324
1205
1096
993
884
750
584
390
185
-7
-179
-330
-468
-607
-766
-929
-1073
-1181
-1258
-1321
-1390
-1475
-1565
-1649
-1721
-1774
-1822
-1870
-1921
-1973
-2022
-2071
-2112
-2135
-2130
-2100
-2059
-2018
-1988
-1959
-1917
-1852
-1760
-1652
-1541
-1438
-1330
-1213
-1082
-926
-761
-593
-431
-271
-114
44
209
370
518
659
795
940
1087
1210
1301
1359
1410
1480
1580
1700
1816
1908
1964
1986
1982
1951
1897
1823
1742
1664
1584
1476
1327
1137
926
728
558
401
236
39
-193
-441
-678
-880
-1044
-1190
-1337
-1488
-1641
-1789
-1919
-2016
-2071
-2099
-2115
-2135
-2173
-2216
-2244
-2234
-2192
-2131
-2072
-2035
-2001
-1951
-1871
-1765
-1643
-1526
-1423
-1323
-1215
-1089
-943
-781
-613
-449
-297
-149
10
183
354
511
657
812
998
1220
1457
1668
1829
1950
2058
2190
2348
2505
2645
2752
2824
2867
2869
2817
2719
2602
2487
2386
2281
2143
1950
1712
1464
1234
1029
835
620
374
98
-190
-463
-696
-890
-1063
-1235
-1417
-1609
-1788
-1935
-2038
-2102
-2150
-2203
-2264
-2324
-2368
-2387
-2380
-2351
-2313
-2275
-2240
-2206
-2156
-2082
-1995
-1905
-1822
-1744
-1646
-1515
-1353
-1178
-1016
-864
-708
-535
-342
-136
73
273
459
640
827
1022
1216
1403
1581
1744
1893
2042
2197
2355
2517
2687
2866
3028
3128
3138
3072
2980
2898
2826
2749
2636
2467
2248
2009
1777
1553
1329
1095
832
517
166
-186
-497
-748
-954
-1155
-1379
-1628
-1865
-2050
-2174
-2254
-2324
-2404
-2479
-2538
-2574
-2581
-2556
-2508
-2441
-2367
-2302
-2240
-2168
-2071
-1943
-1804
-1681
-1579
-1480
-1354
-1187
-986
-783
-605
-453
-311
-155
34
242
447
631
801
962
1122
1277
1430
1584
1742
1914
2083
2225
2350
2490
2680
2912
3114
3200
3153
3038
2947
2916
2909
2853
2708
2489
2259
2037
1815
1572
1308
1043
763
449
101
-270
-615
-890
-1104
-1308
-1545
-1806
-2058
-2256
-2383
-2467
-2536
-2610
-2680
-2732
-2764
-2769
-2743
-2688
-2616
-2539
-2468
-2396
-2302
-2181
-2035
-1885
-1749
-1631
-1512
-1372
-1200
-1011
-819
-634
-460
-287
-105
89
298
515
717
893
1045
1191
1348
1512
1684
1865
2048
2219
2372
2519
2679
2866
3080
3267
3354
3317
3213
3126
3102
3103
3057
2925
2711
2464
2224
1988
1735
1464
1188
896
565
193
-190
-527
-800
-1032
-1262
-1519
-1792
-2029
-2197
-2311
-2406
-2500
-2582
-2641
-2686
-2724
-2742
-2739
-2704
-2644
-2576
-2515
-2452
-2358
-2238
-2108
-1982
-1872
-1765
-1642
-1490
-1323
-1156
-992
-831
-668
-492
-303
-109
89
290
482
656
815
972
1141
1322
1507
1690
1864
2033
2188
2338
2497
2684
2892
3065
3140
3116
3061
3038
3049
3047
2976
2827
2633
2428
2229
2001
1736
1468
1208
938
617
235
-154
-484
-732
-934
-1165
-1448
-1738
-1969
-2110
-2203
-2298
-2419
-2540
-2622
-2667
-2688
-2694
-2691
-2676
-2639
-2580
-2515
-2442
-2346
-2220
-2085
-1964
-1855
-1742
-1603
-1433
-1244
-1061
-898
-749
-591
-414
-212
-10
182
362
534
697
852
1010
1175
1341
1507
1668
1813
1950
2093
2246
2422
2619
2816
2962
3013
2973
2911
2892
2908
2897
2819
2670
2480
2286
2097
1895
1661
1405
1149
887
596
262
-85
-390
-636
-853
-1089
-1364
-1645
-1879
-2032
-2130
-2230
-2357
-2493
-2598
-2650
-2661
-2658
-2653
-2649
-2637
-2599
-2531
-2442
-2336
-2216
-2095
-1981
-1875
-1768
-1629
-1457
-1269
-1092
-942
-809
-676
-518
-321
-107
91
251
383
515
665
835
1007
1166
1308
1440
1575
1725
1887
2053
2212
2379
2557
2719
2821
2852
2852
2855
2863
2855
2814
2728
2606
2457
2294
2117
1920
1703
1472
1233
967
668
352
47
-226
-469
-708
-963
-1231
-1478
-1677
-1833
-1972
-2125
-2285
-2417
-2509
-2568
-2611
-2650
-2671
-2675
-2652
-2599
-2536
-2464
-2380
-2277
-2163
-2052
-1940
-1813
-1656
-1475
-1292
-1126
-968
-807
-639
-460
-265
-70
115
284
440
589
729
864
1008
1162
1314
1444
1567
1710
1874
2041
2190
2324
2462
2597
2691
2715
2683
2648
2643
2649
2627
2540
2392
2219
2056
1900
1722
1509
1275
1033
776
490
180
-131
-398
-611
-818
-1054
-1314
-1554
-1731
-1844
-1944
-2077
-2237
-2372
-2444
-2468
-2484
-2508
-2537
-2559
-2541
-2491
-2436
-2371
-2288
-2189
-2086
-1990
-1889
-1761
-1604
-1425
-1251
-1109
-976
-835
-669
-473
-267
-72
103
255
396
536
688
847
999
1138
1275
1417
1566
1717
1866
2016
2178
2352
2524
2656
2704
2678
2645
2660
2703
2702
2630
2509
2377
2252
2111
1931
1708
1469
1250
1037
795
500
183
-103
-338
-547
-771
-1029
-1290
-1503
-1651
-1761
-1880
-2019
-2167
-2275
-2314
-2311
-2309
-2319
-2336
-2346
-2342
-2319
-2280
-2221
-2143
-2058
-1971
-1876
-1758
-1615
-1453
-1287
-1129
-981
-842
-697
-541
-362
-162
39
221
367
493
623
773
933
1074
1196
1300
1408
1533
1653
1756
1860
1992
2166
2349
2492
2552
2529
2485
2470
2494
2514
2469
2345
2185
2053
1950
1827
1652
1432
1211
1006
786
527
242
-32
-258
-443
-629
-843
-1066
-1253
-1390
-1505
-1622
-1755
-1882
-1977
-2035
-2057
-2061
-2063
-2091
-2200
-2427
-2734
-2970
-3011
-2901
-2778
-2697
-2596
-2374
-2001
-1567
-1190
-932
-772
-641
-466
-228
43
294
498
637
707
756
862
1024
1128
1086
952
859
910
1101
1328
1511
1668
1891
2233
2644
3002
3189
3199
3142
3156
3253
3349
3344
3178
2876
2545
2306
2153
1967
1635
1164
653
204
-156
-495
-869
-1266
-1648
-1993
-2303
-2572
-2771
-2875
-2889
-2904
-3011
-3147
-3139
-2903
-2542
-2266
-2171
-2165
-2075
-1827
-1520
-1315
-1268
-1287
-1245
-1124
-1005
-995
-1094
-1187
-1201
-1194
-1240
-1312
-1332
-1240
-1071
-910
-794
-666
-440
-102
274
613
916
1243
1654
2119
2575
2982
3375
3815
4321
4846
5297
5547
5548
5412
5305
5287
5256
5045
4567
3908
3255
2729
2288
1775
1077
226
-628
-1365
-1967
-2503
-3046
-3600
-4114
-4534
-4816
-4942
-4936
-4857
-4763
-4687
-4604
-4428
-4079
-3571
-3031
-2604
-2331
-2103
-1780
-1342
-918
-642
-544
-528
-486
-394
-313
-324
-429
-572
-695
-777
-841
-910
-973
-1010
-1007
-973
-896
-739
-485
-155
193
528
875
1309
1864
2499
3121
3696
4286
4958
5653
6164
6332
6246
6149
6200
6300
6181
5700
4956
4197
3616
3171
2639
1833
805
-218
-1052
-1701
-2314
-2993
-3720
-4380
-4867
-5174
-5340
-5424
-5454
-5408
-5298
-5144
-4931
-4593
-4081
-3483
-2966
-2616
-2369
-2073
-1647
-1152
-746
-551
-529
-535
-449
-286
-180
-224
-397
-579
-682
-711
-715
-733
-770
-803
-794
-698
-504
-239
65
381
715
1113
1619
2222
2873
3544
4245
4974
5640
6071
6197
6162
6186
6337
6437
6248
5693
4931
4230
3738
3330
2734
1816
707
-319
-1100
-1707
-2332
-3087
-3899
-4598
-5058
-5292
-5405
-5502
-5584
-5595
-5507
-5323
-5030
-4604
-4064
-3527
-3085
-2719
-2346
-1906
-1431
-999
-699
-547
-461
-352
-199
-74
-59
-129
-200
-204
-149
-107
-121
-192
-280
-333
-318
-219
-55
150
394
673
1007
1433
1961
2571
3220
3918
4681
5450
6074
6405
6454
6413
6470
6611
6639
6345
5706
4915
4233
3750
3298
2619
1633
511
-488
-1226
-1796
-2399
-3138
-3934
-4591
-4984
-5143
-5198
-5262
-5341
-5378
-5318
-5110
-4725
-4224
-3726
-3327
-2995
-2643
-2219
-1739
-1281
-924
-699
-558
-419
-260
-119
-53
-91
-197
-314
-404
-457
-496
-531
-573
-607
-608
-550
-408
-192
63
333
616
963
1411
1956
2575
3251
3986
4732
5353
5711
5794
5766
5823
6005
6139
5989
5463
4706
4008
3539
3183
2652
1772
646
-434
-1258
-1829
-2361
-3052
-3882
-4665
-5197
-5429
-5488
-5544
-5663
-5796
-5843
-5696
-5330
-4839
-4365
-3989
-3662
-3306
-2875
-2391
-1925
-1547
-1284
-1097
-929
-762
-608
-503
-466
-481
-528
-578
-609
-610
-588
-559
-540
-535
-506
-401
-194
88
389
687
1014
1426
1946
2556
3249
4011
4777
5399
5732
5786
5731
5779
5968
6117
5987
5480
4731
4018
3531
3189
2720
1930
871
-206
-1054
-1638
-2131
-2740
-3507
-4267
-4814
-5059
-5101
-5111
-5193
-5331
-5413
-5304
-4950
-4444
-3951
-3568
-3265
-2947
-2557
-2088
-1614
-1219
-933
-738
-588
-448
-312
-205
-139
-127
-172
-244
-301
-321
-307
-276
-247
-235
-219
-149
25
298
610
915
1218
1571
2029
2610
3293
4039
4772
5375
5731
5822
5778
5791
5935
6086
6032
5623
4932
4199
3643
3274
2877
2215
1245
153
-791
-1447
-1914
-2405
-3060
-3819
-4472
-4852
-4954
-4930
-4939
-5036
-5153
-5149
-4913
-4475
-3984
-3560
-3220
-2903
-2543
-2122
-1675
-1269
-953
-716
-536
-401
-314
-262
-221
-181
-164
-192
-263
-343
-387
-363
-286
-217
-194
-187
-110
91
405
771
1131
1475
1849
2317
2922
3654
4434
5122
5557
5690
5634
5602
5714
5900
5957
5687
5069
4293
3616
3144
2759
2237
1443
441
-543
-1316
-1847
-2276
-2772
-3385
-4015
-4496
-4749
-4817
-4809
-4822
-4874
-4901
-4786
-4487
-4063
-3615
-3219
-2891
-2604
-2323
-2031
-1734
-1441
-1170
-951
-818
-774
-771
-744
-666
-564
-502
-517
-591
-655
-641
-540
-399
-280
-196
-108
45
303
647
1033
1424
1828
2277
2813
3467
4213
4940
5492
5755
5765
5689
5676
5755
5806
5648
5193
4540
3876
3337
2906
2443
1814
993
93
-745
-1431
-1983
-2501
-3046
-3605
-4103
-4479
-4709
-4806
-4816
-4795
-4769
-4711
-4580
-4345
-4012
-3614
-3207
-2835
-2527
-2282
-2051
-1784
-1465
-1146
-901
-775
-754
-760
-735
-658
-563
-498
-489
-519
-544
-523
-458
-368
-265
-141
23
235
493
797
1137
1525
1967
2480
3080
3768
4475
5072
5426
5518
5472
5438
5493
5581
5548
5270
4755
4135
3545
3044
2581
2055
1401
629
-182
-939
-1609
-2209
-2762
-3277
-3735
-4126
-4444
-4668
-4787
-4817
-4776
-4680
-4537
-4351
-4117
-3829
-3484
-3105
-2742
-2431
-2173
-1932
-1676
-1398
-1133
-933
-814
-752
-710
-661
-595
-535
-495
-468
-444
-407
-352
-285
-208
-100
56
265
524
820
1151
1514
1923
2402
2973
3639
4345
4962
5357
5500
5481
5432
5455
5535
5548
5366
4951
4385
3789
3229
2698
2137
1487
752
-17
-760
-1455
-2112
-2734
-3296
-3757
-4104
-4366
-4564
-4714
-4820
-4857
-4796
-4635
-4399
-4108
-3767
-3388
-2993
-2614
-2289
-2014
-1762
-1492
-1203
-942
-750
-646
-610
-596
-566
-522
-481
-461
-463
-478
-486
-477
-452
-403
-326
-203
-25
209
490
813
1175
1579
2057
2630
3302
4030
4694
5158
5367
5381
5322
5301
5337
5349
5222
4890
4380
3790
3191
2609
2017
1380
692
-25
-740
-1450
-2146
-2804
-3384
-3835
-4155
-4377
-4545
-4687
-4791
-4820
-4746
-4573
-4327
-4029
-3688
-3296
-2872
-2456
-2096
-1809
-1565
-1329
-1083
-835
-633
-504
-454
-450
-456
-465
-471
-478
-494
-502
-496
-487
-482
-472
-436
-341
-165
82
389
733
1105
1510
1973
2529
3200
3949
4666
5215
5508
5563
5484
5389
5353
5338
5252
5005
4574
3998
3332
2636
1936
1237
544
-133
-800
-1482
-2192
-2907
-3569
-4100
-4461
-4663
-4758
-4811
-4850
-4843
-4748
-4544
-4253
-3906
-3522
-3099
-2637
-2157
-1703
-1320
-1014
-764
-537
-325
-147
-26
25
18
-23
-86
-168
-267
-377
-465
-518
-544
-548
-554
-561
-537
-450
-268
16
379
805
1278
1796
2385
3067
3831
4593
5234
5653
5832
5825
5738
5658
5597
5498
5282
4913
4406
3781
3065
2293
1487
690
-63
-770
-1447
-2140
-2863
-3574
-4202
-4679
-4982
-5138
-5195
-5192
-5133
-5008
-4812
-4557
-4252
-3886
-3443
-2923
-2363
-1827
-1368
-1009
-732
-506
-308
-138
-9
73
112
111
58
-52
-209
-388
-543
-641
-682
-686
-684
-683
-669
-606
-463
-216
132
569
1081
1657
2304
3031
3813
4584
5238
5694
5931
5986
5934
5840
5733
5583
5347
4990
4504
3893
3160
2337
1467
604
-210
-960
-1663
-2358
-3065
-3755
-4376
-4877
-5225
-5423
-5491
-5448
-5310
-5093
-4821
-4509
-4166
-3772
-3306
-2759
-2164
-1577
-1052
-624
-303
-85
60
150
198
225
240
227
165
37
-157
-387
-603
-771
-873
-917
-921
-895
-848
-755
-597
-356
-15
425
970
1615
2356
3185
4056
4884
5557
6000
6203
6217
6126
6002
5870
5703
5447
5071
4559
3908
3119
2222
1269
331
-536
-1309
-2010
-2685
-3362
-4038
-4662
-5179
-5550
-5762
-5809
-5709
-5485
-5174
-4818
-4449
-4075
-3682
-3234
-2707
-2124
-1532
-992
-548
-220
-14
94
132
129
111
96
81
43
-47
-206
-428
-667
-874
-1012
-1069
-1052
-974
-845
-657
-403
-78
316
786
1355
2044
2857
3771
4694
5500
6074
6360
6383
6234
6010
5775
5546
5295
4991
4590
4059
3364
2498
1500
452
-543
-1417
-2156
-2784
-3349
-3891
-4413
-4892
-5299
-5593
-5748
-5734
-5525
-5153
-4679
-4169
-3682
-3230
-2794
-2344
-1863
-1361
-860
-395
2
307
486
535
466
315
129
-46
-194
-323
-454
-615
-803
-1003
-1191
-1341
-1438
-1450
-1354
-1132
-793
-350
169
738
1359
2057
2857
3753
4692
5575
6285
6743
6929
6874
6649
6332
5966
5581
5191
4772
4280
3661
2877
1920
834
-290
-1356
-2296
-3084
-3731
-4262
-4699
-5062
-5372
-5630
-5818
-5893
-5804
-5525
-5078
-4519
-3909
-3298
-2710
-2153
-1635
-1169
-749
-372
-32
273
515
659
685
598
422
193
-61
-318
-563
-783
-958
-1077
-1155
-1207
-1243
-1253
-1206
-1062
-797
-395
134
776
1524
2368
3290
4240
5133
5877
6406
6693
6752
6633
6386
6056
5677
5277
4855
4384
3817
3120
2266
1273
203
-872
-1885
-2782
-3535
-4134
-4587
-4928
-5183
-5375
-5521
-5595
-5563
-5391
-5064
-4596
-4026
-3393
-2738
-2100
-1514
-1010
-603
-286
-39
159
319
434
486
466
372
205
-32
-319
-642
-966
-1247
-1454
-1569
-1601
-1565
-1474
-1336
-1130
-847
-483
-18
554
1253
2093
3058
4102
5126
6014
6673
7041
7112
6934
6574
6103
5590
5084
4612
4156
3662
3065
2306
1364
273
-894
-2048
-3101
-3991
-4670
-5125
-5384
-5490
-5518
-5507
-5467
-5391
-5241
-4993
-4626
-4131
-3519
-2807
-2042
-1292
-634
-118
237
435
514
519
474
407
331
254
160
29
-167
-451
-799
-1177
-1528
-1799
-1955
-1984
-1883
-1659
-1328
-909
-423
109
695
1355
2121
3007
3981
4978
5900
6641
7130
7328
7233
6882
6343
5695
5022
4385
3802
3248
2668
2007
1222
292
-762
-1890
-3019
-4054
-4904
-5507
-5842
-5934
-5845
-5643
-5384
-5101
-4807
-4500
-4162
-3767
-3277
-2676
-1983
-1239
-518
105
581
880
999
959
796
560
300
66
-128
-284
-431
-597
-805
-1058
-1334
-1613
-1854
-2012
-2044
-1910
-1597
-1112
-484
245
1046
1901
2798
3723
4642
5492
6215
6763
7098
7200
7073
6739
6230
5601
4921
4230
3542
2846
2113
1318
446
-492
-1484
-2507
-3505
-4423
-5195
-5759
-6091
-6202
-6118
-5883
-5528
-5087
-4596
-4083
-3571
-3065
-2560
-2037
-1487
-924
-377
124
550
875
1074
1135
1057
854
565
224
-126
-465
-780
-1059
-1298
-1483
-1610
-1685
-1708
-1678
-1575
-1381
-1074
-639
-80
609
1428
2359
3379
4421
5401
6229
6839
7181
7242
7050
6640
6069
5402
4713
4052
3434
2846
2241
1573
807
-68
-1042
-2084
-3138
-4132
-4983
-5623
-6008
-6133
-6023
-5727
-5310
-4820
-4302
-3789
-3308
-2856
-2422
-1985
-1526
-1040
-539
-59
380
739
985
1106
1080
914
639
283
-111
-504
-865
-1171
-1410
-1567
-1648
-1663
-1624
-1533
-1393
-1191
-905
-523
-22
612
1386
2297
3309
4357
5347
6181
6783
7099
7115
6849
6345
5676
4925
4168
3467
2843
2279
1739
1170
527
-221
-1086
-2045
-3055
-4044
-4925
-5609
-6045
-6210
-6113
-5787
-5289
-4682
-4033
-3406
-2856
-2398
-2020
-1698
-1394
-1081
-746
-379
12
404
757
1020
1148
1113
916
583
154
-326
-805
-1228
-1547
-1726
-1755
-1651
-1443
-1169
-852
-505
-130
283
748
1293
1945
2711
3574
4484
5351
6094
6632
6907
6895
6600
6048
5304
4445
3567
2738
2000
1361
795
272
-254
-827
-1478
-2216
-3027
-3861
-4650
-5316
-5794
-6039
-6023
-5750
-5253
-4589
-3832
-3061
-2347
-1742
-1276
-948
-740
-613
-522
-428
-296
-119
98
324
515
630
631
501
238
-136
-575
-1024
-1421
-1712
-1852
-1821
-1618
-1258
-769
-188
446
1104
1770
2441
3115
3784
4433
5032
5544
5933
6168
6220
6078
5747
5244
4609
3889
3128
2356
1601
875
173
-501
-1157
-1809
-2459
-3102
-3719
-4284
-4773
-5149
-5386
-5465
-5367
-5095
-4670
-4123
-3496
-2848
-2227
-1667
-1195
-825
-557
-380
-264
-180
-105
-25
59
134
192
211
178
76
-97
-324
-587
-852
-1080
-1234
-1286
-1214
-1007
-666
-192
391
1068
1815
2600
3396
4157
4840
5404
5810
6035
6068
5908
5578
5110
4539
3908
3255
2611
1985
1382
798
217
-380
-1008
-1666
-2343
-3020
-3662
-4239
-4715
-5059
-5240
-5240
-5053
-4701
-4212
-3643
-3039
-2447
-1908
-1456
-1107
-861
-698
-589
-506
-430
-346
-250
-142
-36
46
85
59
-38
-205
-419
-653
-881
-1065
-1173
-1170
-1038
-760
-343
194
833
1551
2322
3114
3882
4577
5154
5576
5823
5886
5761
5459
5008
4442
3815
3172
2541
1937
1369
831
310
-211
-751
-1327
-1938
-2574
-3197
-3774
-4276
-4667
-4914
-4990
-4886
-4612
-4196
-3682
-3120
-2555
-2023
-1558
-1186
-910
-730
-623
-558
-512
-464
-408
-340
-265
-189
-135
-116
-140
-218
-338
-487
-645
-782
-874
-892
-807
-600
-261
209
801
1497
2265
3078
3879
4610
5221
5663
5897
5922
5740
5372
4852
4228
3549
2864
2209
1605
1059
566
107
-338
-792
-1281
-1808
-2370
-2958
-3527
-4050
-4483
-4779
-4914
-4870
-4653
-4286
-3807
-3255
-2677
-2120
-1622
-1212
-905
-696
-570
-502
-476
-468
-456
-433
-390
-335
-280
-237
-219
-226
-254
-304
-365
-424
-462
-457
-386
-228
31
401
886
1483
2180
2947
3723
4454
5072
5530
5780
5802
5594
5168
4568
3854
3086
2323
1608
973
430
-25
-402
-732
-1052
-1393
-1776
-2214
-2691
-3185
-3664
-4088
-4417
-4617
-4656
-4530
-4250
-3831
-3318
-2752
-2174
-1629
-1151
-767
-496
-328
-254
-259
-313
-397
-487
-563
-609
-617
-588
-526
-442
-348
-251
-161
-77
4
94
209
367
598
923
1350
1885
2509
3193
3882
4524
5056
5423
5585
5516
5218
4713
4039
3256
2420
1592
821
150
-406
-851
-1192
-1463
-1697
-1929
-2183
-2475
-2810
-3173
-3544
-3881
-4153
-4328
-4377
-4288
-4053
-3681
-3195
-2634
-2039
-1450
-915
-464
-120
100
195
177
70
-99
-294
-482
-634
-727
-742
-678
-546
-355
-122
128
379
617
835
1042
1257
1496
1789
2150
2581
3072
3588
4098
4545
4887
5086
5105
4925
4552
4008
3326
2549
1732
927
174
-493
-1050
-1500
-1848
-2110
-2313
-2485
-2643
-2803
-2986
-3182
-3384
-3580
-3745
-3857
-3892
-3830
-3660
-3369
-2971
-2486
-1942
-1376
-834
-354
27
275
390
378
257
63
-169
-394
-578
-687
-696
-603
-412
-134
210
587
977
1357
1713
2044
2356
2657
2962
3276
3596
3909
4200
4439
4600
4653
4577
4359
3994
3506
2909
2230
1513
787
85
-563
-1136
-1628
-2035
-2361
-2616
-2816
-2976
-3109
-3230
-3344
-3448
-3540
-3610
-3645
-3627
-3539
-3368
-3107
-2758
-2337
-1867
-1368
-879
-442
-79
181
327
357
286
142
-49
-249
-418
-526
-555
-487
-318
-63
271
661
1085
1517
1942
2348
2735
3098
3436
3737
3991
4192
4325
4373
4327
4181
3925
3572
3134
2623
2062
1469
868
277
-289
-814
-1294
-1722
-2093
-2411
-2680
-2906
-3098
-3262
-3395
-3502
-3577
-3618
-3618
-3567
-3447
-3257
-2992
-2657
-2267
-1837
-1389
-956
-561
-235
5
154
206
179
86
-50
-194
-319
-393
-396
-317
-150
92
404
767
1161
1565
1971
2368
2749
3114
3449
3742
3987
4163
4258
4257
4156
3950
3641
3247
2787
2273
1727
1171
621
87
-417
-883
-1314
-1701
-2043
-2345
-2613
-2843
-3045
-3220
-3366
-3483
-3565
-3605
-3596
-3530
-3392
-3178
-2896
-2550
-2155
-1731
-1301
-893
-534
-245
-45
65
91
45
-51
-175
-294
-373
-395
-342
-211
0
280
613
986
1379
1779
2173
2556
2919
3254
3547
3792
3974
4077
4095
4027
3862
3601
3259
2852
2388
1891
1379
863
358
-120
-563
-975
-1346
-1682
-1981
-2253
-2497
-2713
-2906
-3074
-3217
-3332
-3408
-3440
-3413
-3320
-3156
-2920
-2617
-2261
-1868
-1464
-1073
-723
-434
-217
-84
-34
-54
-127
-229
-334
-411
-441
-404
-286
-93
173
497
862
1260
1665
2068
2458
2820
3145
3420
3635
3782
3851
3840
3744
3566
3311
2986
2610
2189
1744
1294
847
415
6
-375
-730
-1058
-1359
-1646
-1912
-2161
-2400
-2619
-2821
-2993
-3128
-3221
-3256
-3228
-3130
-2954
-2708
-2398
-2042
-1662
-1276
-918
-613
-373
-214
-137
-135
-194
-284
-386
-466
-503
-478
-380
-210
27
322
656
1010
1374
1733
2077
2403
2702
2966
3187
3358
3473
3521
3493
3394
3219
2973
2672
2322
1935
1528
1108
691
282
-108
-476
-821
-1136
-1424
-1687
-1927
-2149
-2357
-2552
-2726
-2878
-2999
-3079
-3103
-3063
-2954
-2767
-2508
-2186
-1816
-1426
-1039
-682
-381
-155
-14
42
24
-53
-163
-277
-367
-410
-387
-290
-113
128
421
753
1100
1451
1795
2122
2420
2681
2896
3057
3157
3198
3173
3081
2921
2704
2442
2144
1817
1472
1120
768
422
87
-228
-531
-819
-1091
-1348
-1594
-1833
-2060
-2277
-2476
-2645
-2774
-2858
-2876
-2819
-2685
-2474
-2190
-1852
-1478
-1095
-728
-403
-143
39
137
151
96
-3
-123
-238
-317
-340
-293
-173
15
258
538
834
1132
1415
1672
1899
2101
2271
2410
2513
2578
2603
2588
2531
2422
2268
2068
1828
1554
1249
922
574
222
-127
-468
-793
-1101
-1389
-1657
-1912
-2150
-2369
-2569
-2748
-2891
-2991
-3040
-3028
-2948
-2797
-2578
-2300
-1972
-1610
-1237
-877
-547
-268
-55
90
171
193
177
145
115
110
142
223
352
524
729
954
1185
1415
1634
1839
2028
2202
2357
2485
2582
2644
2658
2621
2528
2377
2169
1916
1629
1319
997
676
361
66
-208
-462
-698
-923
-1145
-1369
-1601
-1838
-2080
-2316
-2532
-2710
-2831
-2883
-2851
-2731
-2524
-2239
-1891
-1503
-1104
-721
-379
-100
107
233
287
282
233
168
110
77
88
154
277
451
664
907
1158
1400
1620
1806
1955
2065
2137
2175
2181
2157
2103
2021
1912
1774
1613
1428
1225
1013
791
563
333
103
-130
-366
-605
-847
-1092
-1341
-1588
-1835
-2067
-2275
-2449
-2577
-2646
-2641
-2559
-2401
-2172
-1886
-1566
-1227
-894
-589
-327
-116
33
127
174
182
169
154
153
182
251
364
516
692
887
1084
1261
1411
1524
1603
1652
1673
1686
1693
1702
1712
1719
1717
1699
1653
1571
1452
1291
1090
853
592
318
31
-256
-537
-813
-1077
-1320
-1543
-1744
-1925
-2080
-2200
-2289
-2343
-2351
-2312
-2216
-2066
-1865
-1619
-1338
-1040
-745
-463
-210
0
166
284
363
411
442
468
499
544
611
700
807
924
1039
1146
1237
1308
1358
1387
1399
1401
1399
1396
1394
1397
1393
1379
1345
1284
1190
1059
892
685
449
196
-63
-322
-567
-793
-1004
-1186
-1346
-1490
-1615
-1730
-1828
-1901
-1954
-1977
-1960
-1902
-1793
-1633
-1432
-1195
-928
-650
-378
-123
100
287
434
540
609
644
657
663
664
672
685
710
747
791
841
889
934
976
1015
1055
1094
1133
1164
1190
1204
1193
1158
1099
1009
891
751
588
412
224
27
-173
-374
-571
-761
-940
-1103
-1252
-1383
-1498
-1592
-1665
-1716
-1741
-1739
-1699
-1622
-1505
-1346
-1150
-922
-672
-414
-160
71
273
445
571
654
702
719
717
706
694
682
678
683
692
711
734
761
791
817
842
863
886
905
921
935
943
940
919
879
810
709
580
421
242
53
-143
-335
-517
-682
-827
-951
-1053
-1135
-1204
-1255
-1293
-1317
-1329
-1329
-1311
-1273
-1209
-1113
-984
-826
-640
-427
-202
27
248
441
601
717
786
810
794
746
680
611
545
490
454
436
435
448
467
492
511
528
539
541
532
512
490
462
427
387
340
289
236
179
113
44
-27
-107
-190
-277
-372
-471
-574
-680
-782
-880
-961
-1022
-1060
-1070
-1047
-992
-909
-791
-648
-490
-318
-148
17
165
290
388
453
489
503
499
487
473
472
483
509
542
575
602
614
609
583
533
463
380
294
209
135
79
43
25
20
27
32
32
22
-4
-44
-98
-166
-240
-316
-390
-459
-520
-563
-595
-611
-614
-603
-581
-553
-520
-489
-453
-413
-371
-321
-266
-201
-137
-64
16
97
184
266
343
407
458
500
527
545
554
555
558
555
554
547
533
512
483
448
407
363
317
277
246
220
200
182
163
136
98
47
-22
-104
-198
-295
-384
-462
-519
-550
-558
-543
-514
-482
-442
-408
-384
-371
-372
-379
-391
-400
-400
-394
-372
-333
-282
-219
-143
-57
32
128
221
303
374
432
474
497
502
493
475
459
446
441
441
445
448
442
426
397
351
294
226
155
84
17
-43
-98
-145
-188
-220
-248
-270
-282
-289
-289
-286
-286
-289
-293
-301
-319
-341
-363
-383
-388
-379
-351
-310
-249
-170
-84
4
85
155
213
249
272
277
269
263
256
257
266
287
321
359
402
443
473
489
479
450
396
325
243
150
58
-25
-88
-131
-156
-158
-146
-123
-103
-97
-106
-130
-166
-213
-263
-309
-342
-354
-349
-327
-293
-250
-202
-156
-113
-76
-52
-40
-36
-47
-71
-96
-124
-149
-167
-174
-168
-146
-113
-70
-22
24
61
88
101
94
75
42
3
-32
-58
-61
-48
-14
43
106
175
240
294
326
328
304
252
173
77
-26
-124
-210
-277
-315
-323
-305
-269
-224
-180
-147
-127
-127
-142
-170
-213
-257
-297
-322
-330
-315
-275
-214
-136
-50
41
129
200
250
276
272
241
188
125
56
-6
-55
-84
-85
-65
-27
24
74
114
134
140
122
87
46
-3
-45
-77
-96
-99
-85
-54
-14
34
83
128
168
188
194
176
139
87
24
-42
-99
-143
-167
-169
-148
-104
-45
20
80
128
162
174
166
143
104
59
19
-11
-26
-21
6
46
101
168
232
287
333
362
366
346
310
256
195
130
69
19
-21
-46
-55
-53
-45
-36
-28
-28
-39
-53
-76
-107
-133
-157
-174
-184
-185
-175
-159
-134
-107
-83
-61
-44
-29
-16
-7
-2
5
11
16
17
13
5
-9
-29
-49
-72
-92
-107
-118
-118
-107
-86
-63
-35
-7
12
28
34
31
17
2
-12
-27
-41
-49
-49
-43
-36
-24
-9
6
21
35
49
54
55
57
48
33
20
4
-14
-27
-34
-39
-36
-25
-11
3
19
36
51
62
73
83
92
99
102
101
100
93
82
72
61
55
56
63
78
97
119
137
150
155
145
125
92
53
7
-40
-83
-117
-135
-136
-126
-99
-62
-22
20
52
76
85
77
58
29
-4
-35
-63
-83
-92
-90
-74
-48
-14
23
60
96
123
137
143
134
113
86
51
15
-22
-48
-65
-67
-57
-34
-3
28
61
84
97
93
75
51
19
-9
-34
-47
-47
-38
-19
4
25
46
63
65
58
41
9
-28
-70
-111
-152
-185
-203
-210
-197
-170
-133
-89
-50
-19
5
10
2
-18
-41
-71
-96
-110
-112
-100
-73
-36
5
50
91
122
140
145
135
111
81
42
2
-36
-67
-85
-90
-85
-70
-50
-28
-5
11
20
23
18
3
-15
-35
-55
-73
-86
-85
-77
-61
-35
-5
25
51
75
88
92
88
73
54
28
2
-22
-46
-58
-61
-58
-45
-24
4
29
50
62
65
61
47
27
8
-6
-13
-12
2
28
55
87
115
135
143
139
127
106
77
44
13
-18
-46
-64
-74
-76
-71
-61
-45
-29
-10
4
11
16
12
6
-3
-9
-15
-19
-21
-19
-12
-6
0
7
15
19
23
29
26
20
9
-9
-32
-59
-86
-108
-130
-147
-154
-153
-140
-119
-95
-70
-43
-19
0
17
29
35
39
39
36
31
27
24
18
19
16
15
18
23
26
28
28
26
20
8
-6
-15
-28
-39
-45
-48
-46
-41
-32
-19
-3
17
35
54
74
86
90
88
79
62
36
8
-21
-48
-70
-84
-86
-79
-64
-44
-23
-3
11
21
25
25
23
19
14
9
9
11
14
24
38
55
77
101
121
136
146
147
140
128
107
83
61
42
22
7
1
1
6
14
25
35
40
46
53
48
42
31
10
-10
-35
-65
-96
-123
-143
-153
-158
-149
-127
-96
-59
-24
3
17
16
5
-18
-50
-79
-108
-131
-140
-145
-141
-132
-121
-109
-98
-89
-82
-74
-67
-59
-51
-48
-43
-35
-28
-20
-8
8
28
51
74
93
105
112
109
99
80
64
50
39
33
31
34
38
45
56
69
79
89
98
107
118
126
130
134
134
131
123
110
95
77
59
44
25
8
-8
-25
-37
-49
-55
-59
-57
-54
-48
-39
-36
-30
-28
-29
-27
-32
-34
-33
-31
-25
-19
-13
-10
-8
-10
-13
-16
-20
-27
-29
-29
-29
-28
-26
-21
-16
-10
-1
6
16
24
32
39
40
35
29
16
5
-5
-18
-26
-31
-34
-35
-37
-38
-36
-30
-31
-30
-28
-30
-32
-35
-39
-45
-50
-54
-51
-47
-43
-35
-24
-14
-5
0
3
-1
-4
-5
-10
-14
-16
-18
-16
-15
-13
-10
-4
2
12
19
29
37
44
53
56
59
59
52
45
39
32
22
13
11
7
3
-1
-7
-10
-15
-19
-21
-26
-28
-31
-37
-38
-42
-45
-46
-45
-40
-32
-24
-14
-5
2
9
13
13
12
9
7
5
5
6
7
7
9
11
6
1
-1
-7
-12
-15
-23
-25
-25
-26
-27
-30
-30
-32
-32
-33
-30
-28
-25
-18
-13
-10
-4
2
7
12
15
19
22
26
29
32
39
42
43
41
43
40
32
28
23
17
16
8
3
0
-3
-4
0
3
8
13
17
23
26
26
29
30
31
30
28
31
31
31
35
35
34
30
31
30
29
31
30
25
20
16
13
5
-2
-7
-11
-12
-11
-8
-5
-1
1
4
7
8
10
10
12
16
17
17
14
14
13
10
9
6
6
7
5
5
0
-3
-8
-12
-14
-19
-24
-30
-34
-37
-39
-41
-45
-43
-41
-40
-35
-30
-23
-18
-12
-6
-2
2
6
7
9
9
9
5
4
3
2
2
-1
-4
-4
-6
-9
-11
-10
-12
-19
-22
-24
-26
-25
-23
-22
-19
-12
-3
6
14
23
28
34
39
40
39
37
34
29
22
19
13
8
9
3
-4
-4
-9
-13
-13
-14
-18
-23
-27
-30
-32
-33
-33
-30
-25
-18
-12
-6
-1
4
7
9
9
7
4
-1
-7
-14
-21
-30
-37
-43
-48
-55
-59
-62
-65
-67
-69
-70
-70
-65
-59
-55
-47
-41
-35
-23
-14
-7
-1
6
17
23
30
37
41
43
47
49
45
39
34
27
18
11
2
-6
-12
-17
-19
-18
-19
-19
-18
-16
-9
-2
5
15
26
35
41
47
51
55
58
59
60
59
58
57
52
46
40
32
26
17
14
9
2
-1
-5
-9
-11
-12
-14
-12
-8
-6
1
10
19
25
30
35
36
34
35
31
30
27
27
26
22
23
22
20
17
12
10
6
7
6
4
7
9
11
15
17
18
23
28
31
37
40
40
43
40
35
33
29
25
18
12
7
3
-3
-9
-13
-20
-23
-26
-34
-36
-38
-40
-41
-42
-43
-43
-43
-44
-45
-41
-36
-30
-24
-20
-11
-8
-8
-7
-8
-10
-11
-12
-16
-19
-17
-16
-17
-19
-15
-12
-7
-2
1
6
9
14
18
17
22
24
28
31
33
39
44
50
54
53
54
50
47
43
36
31
24
21
15
9
5
-1
-6
-12
-15
-16
-17
-14
-11
-7
-6
-8
-8
-8
-9
-10
-11
-12
-12
-8
-6
-3
0
0
2
3
1
0
-3
-3
-3
-5
-7
-10
-12
-15
-14
-10
-8
-2
4
11
17
21
26
27
28
28
29
31
27
27
25
21
17
13
8
4
-1
-6
-9
-12
-18
-23
-25
-32
-37
-43
-49
-55
-60
-60
-62
-65
-65
-64
-63
-62
-63
-65
-62
-60
-65
-66
-66
-72
-72
-76
-82
-83
-85
-87
-87
-88
-87
-86
-85
-85
-82
-83
-80
-76
-74
-68
-63
-57
-52
-46
-39
-34
-29
-24
-19
-18
-13
-8
-6
-2
1
6
8
7
9
3
3
2
-1
3
3
3
3
-1
-5
-7
-6
-7
-9
-10
-13
-9
-8
-11
-10
-13
-13
-14
-19
-21
-25
-27
-27
-29
-33
-36
-37
-41
-43
-41
-44
-43
-42
-38
-33
-29
-27
-24
-20
-16
-11
-6
-2
4
7
11
13
17
23
27
33
37
39
42
42
45
44
41
40
38
38
39
35
33
36
37
38
39
38
37
37
34
35
32
29
33
29
28
31
29
31
33
32
31
32
30
30
29
29
31
27
24
23
19
14
11
10
9
8
5
5
4
3
4
4
4
2
4
7
6
7
7
5
4
6
6
5
5
4
5
7
9
9
9
8
8
6
6
5
4
4
4
3
5
7
9
12
13
12
15
17
16
18
19
19
19
19
18
16
14
13
16
17
16
16
16
14
13
13
10
8
7
4
3
4
-1
-2
-4
-6
-7
-9
-9
-9
-10
-8
-6
-7
-6
-3
-4
-2
-2
-4
-4
-5
-7
-7
-8
-12
-10
-9
-8
-6
-3
2
7
11
15
19
21
27
30
35
40
42
47
48
51
56
59
62
67
69
72
76
78
82
84
84
85
86
88
87
87
86
87
91
94
94
96
97
100
102
104
105
104
105
103
106
104
100
99
96
90
86
83
79
78
76
74
74
73
69
66
64
60
60
60
60
60
58
59
61
61
64
68
70
73
78
83
88
94
100
105
107
109
109
108
110
111
113
112
113
113
112
111
108
108
106
104
104
100
97
94
90
87
82
78
73
66
61
55
49
42
36
28
18
11
3
-8
-15
-23
-29
-36
-42
-51
-58
-67
-77
-80
-82
-88
-93
-100
-105
-105
-107
-107
-104
-106
-109
-107
-109
-109
-108
-109
-107
-105
-104
-101
-102
-101
-98
-97
-100
-99
-99
-99
-98
-100
-104
-103
-105
-107
-107
-113
-114
-113
-116
-119
-121
-124
-124
-129
-132
-135
-140
-145
-147
-152
-156
-158
-163
-169
-174
-179
-182
-184
-189
-192
-193
-194
-195
-191
-192
-191
-188
-187
-186
-183
-178
-174
-169
-164
-163
-158
-153
-149
-143
-135
-128
-120
-115
-109
-105
-98
-88
-83
-75
-68
-63
-58
-54
-49
-43
-39
-32
-24
-19
-14
-9
-4
-2
0
4
5
3
3
1
0
1
-2
-2
-3
-6
-8
-13
-17
-18
-22
-22
-26
-33
-36
-38
-39
-42
-46
-47
-47
-45
-44
-45
-44
-42
-39
-37
-36
-30
-28
-25
-21
-17
-14
-10
-6
0
5
5
11
15
18
23
27
31
36
40
47
52
58
60
61
66
65
67
70
70
72
74
70
67
65
59
57
56
53
51
51
46
44
43
40
37
33
31
27
20
19
17
12
9
8
6
9
7
6
8
8
9
12
15
17
20
22
22
25
30
33
37
41
44
49
52
55
63
67
74
80
86
94
99
105
113
118
122
126
130
130
133
133
135
138
136
135
134
132
132
132
132
128
125
124
120
118
112
108
105
101
99
94
91
87
82
78
73
65
62
57
52
44
38
33
30
27
27
24
24
23
19
18
17
14
14
14
16
16
17
22
23
23
29
32
33
36
39
42
47
50
50
51
53
54
55
53
53
55
56
56
55
57
57
56
58
56
54
52
49
46
46
44
42
38
37
33
27
23
19
14
9
5
-1
-6
-11
-16
-18
-23
-26
-28
-32
-37
-37
-39
-42
-43
-44
-47
-48
-50
-50
-51
-52
-48
-45
-43
-42
-41
-39
-38
-37
-35
-31
-27
-25
-21
-18
-14
-8
-6
-2
1
5
6
8
11
14
16
20
24
27
29
30
32
36
37
37
36
37
36
34
35
32
30
26
22
19
17
13
10
9
7
2
2
-4
-8
-9
-15
-18
-21
-27
-28
-32
-38
-42
-44
-47
-51
-57
-59
-63
-70
-72
-76
-82
-82
-84
-89
-92
-95
-95
-96
-95
-95
-96
-93
-95
-95
-93
-91
-89
-89
-87
-87
-85
-82
-82
-78
-76
-74
-70
-69
-69
-67
-69
-68
-68
-70
-68
-66
-65
-63
-66
-66
-64
-68
-68
-69
-71
-72
-73
-74
-76
-78
-80
-85
-88
-89
-94
-98
-102
-105
-108
-112
-117
-119
-121
-127
-128
-128
-133
-133
-135
-137
-137
-133
-130
-127
-124
-121
-117
-113
-108
-99
-93
-83
-74
-66
-60
-53
-45
-37
-29
-20
-12
-5
3
12
19
28
35
38
44
48
56
64
68
77
83
87
91
94
97
98
102
105
107
107
105
105
104
102
100
97
94
91
90
84
81
76
68
64
58
50
45
40
37
34
32
28
29
26
24
25
24
27
29
33
36
40
43
46
50
53
56
63
68
75
79
82
88
92
97
102
104
110
112
115
119
120
122
126
128
127
126
124
121
118
115
112
106
101
97
89
83
76
66
58
49
38
27
17
7
-3
-14
-24
-34
-45
-55
-66
-77
-85
-96
-103
-108
-112
-116
-123
-128
-136
-135
-137
-138
-135
-137
-136
-133
-133
-128
-127
-123
-119
-114
-104
-97
-92
-84
-78
-71
-66
-61
-54
-48
-41
-36
-32
-29
-25
-22
-21
-19
-17
-15
-14
-14
-15
-17
-22
-25
-28
-31
-37
-41
-46
-52
-57
-64
-71
-77
-83
-89
-97
-103
-110
-118
-121
-124
-129
-131
-135
-138
-140
-141
-142
-139
-138
-137
-131
-128
-124
-118
-112
-107
-98
-89
-80
-70
-57
-47
-34
-24
-15
-4
6
15
29
39
49
60
71
78
87
98
103
111
118
121
129
135
138
143
146
149
151
152
152
151
151
151
148
144
139
137
132
124
118
113
109
101
97
93
87
80
74
70
65
61
55
53
51
51
52
51
50
53
57
57
59
63
67
74
80
83
87
90
95
99
103
106
111
114
117
123
127
127
129
135
138
138
140
142
142
144
146
144
144
143
142
141
136
133
128
122
117
110
101
90
81
75
63
53
41
28
20
12
0
-8
-17
-26
-35
-45
-53
-61
-68
-72
-78
-82
-86
-91
-92
-94
-95
-97
-102
-102
-101
-103
-105
-104
-104
-106
-107
-109
-111
-113
-111
-113
-115
-115
-117
-121
-119
-122
-123
-122
-127
-127
-126
-129
-133
-136
-138
-141
-146
-151
-158
-160
-163
-173
-178
-182
-189
-197
-201
-207
-212
-214
-221
-225
-227
-230
-230
-231
-235
-235
-234
-234
-232
-228
-225
-223
-220
-213
-207
-200
-194
-188
-181
-173
-164
-160
-153
-146
-138
-128
-122
-114
-105
-98
-89
-78
-72
-65
-58
-50
-41
-33
-29
-24
-13
-5
-2
4
8
15
20
23
26
29
31
31
37
38
36
38
36
36
38
36
34
35
35
37
35
36
37
38
38
38
38
39
42
43
45
46
50
54
56
58
61
65
66
66
69
69
70
72
74
80
81
83
87
92
97
101
104
106
111
113
117
118
125
130
134
139
139
143
148
149
148
151
154
152
152
152
153
151
152
152
150
150
148
147
148
146
145
144
141
140
140
138
137
140
140
137
137
137
138
137
135
134
132
130
130
127
123
123
123
120
116
113
110
107
102
100
96
94
92
91
91
87
88
88
85
86
87
83
82
85
87
86
87
90
88
86
88
88
86
86
88
89
89
88
87
87
87
88
84
79
78
76
71
67
65
62
57
52
49
47
45
40
37
36
31
28
25
19
20
17
12
6
1
2
-3
-8
-11
-13
-17
-21
-27
-31
-33
-39
-43
-47
-53
-56
-59
-63
-65
-69
-72
-75
-76
-75
-80
-79
-80
-77
-76
-75
-72
-69
-66
-62
-60
-60
-60
-56
-52
-49
-48
-46
-45
-43
-40
-39
-39
-40
-38
-35
-36
-35
-35
-36
-33
-31
-31
-30
-30
-30
-26
-26
-23
-21
-20
-17
-18
-18
-16
-14
-13
-13
-14
-19
-23
-25
-29
-29
-32
-36
-40
-46
-51
-58
-59
-61
-65
-66
-66
-70
-70
-70
-72
-70
-69
-69
-64
-63
-62
-60
-57
-55
-51
-49
-48
-44
-40
-39
-38
-36
-36
-35
-36
-36
-35
-35
-37
-35
-34
-36
-34
-34
-34
-35
-35
-35
-35
-36
-33
-32
-34
-31
-33
-33
-32
-34
-36
-41
-42
-46
-51
-54
-57
-59
-64
-69
-72
-76
-80
-79
-82
-85
-88
-90
-91
-91
-93
-92
-91
-90
-86
-81
-80
-79
-79
-76
-71
-70
-67
-64
-58
-55
-51
-45
-41
-37
-33
-30
-25
-21
-18
-15
-10
-5
-1
4
10
16
20
25
32
37
41
47
50
52
58
65
69
71
73
79
82
83
84
85
83
82
79
75
73
70
68
65
60
56
52
51
47
45
44
41
41
39
35
35
32
31
31
31
33
36
37
41
42
43
45
46
46
45
45
46
44
43
43
44
46
45
46
46
44
43
43
43
44
41
42
44
45
48
47
49
53
51
52
55
55
55
56
56
54
53
50
47
43
40
35
35
30
26
22
16
12
7
4
0
-7
-10
-14
-16
-18
-22
-23
-23
-27
-28
-26
-26
-29
-32
-32
-29
-33
-32
-31
-33
-34
-34
-34
-34
-35
-36
-37
-40
-45
-46
-46
-47
-46
-45
-46
-46
-47
-45
-45
-46
-46
-47
-46
-46
-46
-47
-46
-43
-43
-43
-42
-41
-44
-44
-48
-51
-56
-57
-58
-62
-63
-68
-69
-72
-73
-73
-77
-78
-78
-80
-81
-81
-80
-82
-78
-74
-73
-67
-64
-62
-60
-56
-51
-46
-43
-39
-33
-30
-30
-23
-18
-16
-12
-6
-4
0
6
10
10
14
18
20
26
29
33
38
43
48
52
56
61
66
69
72
77
80
83
87
92
94
95
98
98
94
96
96
97
97
95
97
95
92
89
86
84
81
79
79
77
75
71
72
70
67
64
64
65
62
59
59
58
56
55
53
53
50
48
48
46
45
42
43
41
39
35
35
36
32
31
30
26
26
21
20
17
14
13
11
10
5
4
1
1
-3
-6
-4
-6
-9
-11
-14
-14
-16
-19
-22
-22
-21
-22
-24
-26
-29
-35
-36
-43
-47
-51
-56
-61
-66
-68
-72
-76
-80
-85
-88
-96
-100
-102
-105
-109
-111
-115
-117
-116
-121
-122
-120
-121
-121
-121
-122
-123
-123
-124
-125
-125
-129
-131
-130
-135
-137
-138
-137
-138
-138
-139
-136
-137
-137
-135
-135
-134
-133
-129
-123
-119
-114
-108
-103
-101
-96
-86
-81
-74
-68
-64
-59
-53
-50
-48
-44
-41
-38
-35
-32
-30
-28
-23
-17
-13
-9
-7
-3
0
4
11
17
24
29
32
39
46
54
60
61
69
73
77
81
84
89
91
93
94
94
96
95
96
96
94
95
93
95
95
97
99
98
101
102
102
99
99
101
99
97
97
96
93
95
93
88
87
84
78
72
64
59
53
46
38
30
24
16
10
6
3
-2
-7
-10
-16
-18
-19
-22
-23
-27
-30
-32
-32
-33
-33
-32
-31
-31
-29
-31
-34
-35
-36
-36
-37
-36
-36
-36
-36
-34
-35
-34
-33
-33
-32
-32
-31
-30
-29
-28
-26
-25
-23
-20
-16
-13
-11
-6
-5
-5
-4
-1
1
2
3
4
6
11
14
18
20
23
26
28
30
32
34
38
40
45
52
54
58
65
72
76
79
82
84
87
88
93
98
99
101
105
107
108
109
109
108
109
112
110
111
114
112
114
113
111
112
115
114
113
115
115
118
119
118
116
116
116
114
112
109
109
108
106
105
103
104
103
100
100
95
94
91
85
82
82
81
76
74
72
68
65
63
58
53
49
45
43
40
33
28
24
20
14
8
1
-3
-6
-12
-19
-26
-34
-38
-42
-47
-51
-53
-58
-60
-64
-68
-70
-72
-74
-74
-76
-79
-81
-79
-82
-84
-84
-87
-88
-90
-91
-94
-96
-99
-102
-103
-102
-105
-107
-108
-109
-110
-112
-114
-115
-115
-116
-117
-118
-120
-123
-122
-122
-124
-125
-125
-128
-132
-134
-138
-139
-139
-142
-143
-143
-145
-148
-148
-151
-154
-154
-155
-153
-148
-146
-145
-140
-138
-137
-132
-129
-128
-120
-115
-113
-106
-101
-99
-95
-89
-88
-84
-82
-81
-82
-82
-79
-76
-76
-74
-73
-73
-72
-71
-70
-70
-70
-70
-66
-65
-65
-63
-62
-61
-57
-56
-52
-51
-48
-43
-41
-39
-35
-34
-33
-29
-26
-21
-16
-14
-10
-10
-6
1
2
5
11
11
16
20
24
29
35
41
47
51
58
64
68
75
79
85
92
100
107
108
116
123
128
131
135
141
145
148
152
157
156
156
159
160
162
162
163
163
163
165
163
164
166
165
163
161
158
157
156
152
152
149
150
148
144
141
138
134
129
124
119
117
110
105
102
99
94
89
85
77
71
68
61
57
51
44
39
36
32
28
23
17
13
11
6
3
-1
-5
-10
-14
-20
-23
-28
-34
-39
-42
-46
-51
-56
-57
-61
-66
-70
-74
-80
-84
-87
-89
-90
-94
-95
-97
-98
-101
-103
-102
-106
-108
-107
-107
-109
-110
-111
-112
-111
-111
-112
-112
-111
-110
-110
-110
-110
-112
-114
-113
-114
-113
-109
-110
-112
-111
-110
-108
-107
-104
-101
-98
-95
-95
-94
-89
-85
-81
-75
-70
-67
-60
-54
-53
-47
-42
-38
-35
-31
-28
-27
-21
-14
-11
-7
-5
-2
1
5
10
14
16
19
22
25
28
32
36
37
42
46
47
54
58
58
62
66
69
69
70
73
73
72
76
76
76
