0
0
-1
1
-2
-1
0
-4
-5
-7
-8
-6
-6
-3
-1
-1
2
3
2
3
5
5
4
4
4
6
9
10
12
12
11
11
8
8
11
8
8
8
7
7
4
2
1
0
2
0
-2
-1
-2
-5
-3
-3
-3
0
1
3
2
3
3
3
4
2
1
1
-1
0
0
0
-1
4
5
7
10
9
7
4
2
3
1
3
6
5
2
-1
-1
-4
-5
-7
-9
-10
-12
-11
-8
-12
-15
-17
-21
-23
-23
-21
-20
-21
-24
-23
-22
-20
-19
-19
-19
-18
-19
-17
-14
-13
-10
-9
-10
-7
-8
-6
-5
-6
-7
-6
-4
-3
-3
-1
-1
-5
-5
-5
-1
0
-2
-1
-5
-1
0
0
4
3
8
10
11
15
14
13
13
13
16
15
14
14
15
16
15
13
15
13
12
11
8
5
7
7
5
8
8
9
8
9
8
8
7
1
-2
0
-2
0
1
2
3
0
1
3
4
4
2
4
4
5
7
6
6
7
9
8
8
8
8
7
6
8
7
7
7
6
8
7
4
6
6
5
2
2
0
-2
-5
-5
-5
-7
-7
-10
-12
-9
-10
-11
-9
-11
-10
-7
-5
-4
-6
-8
-8
-7
-6
-6
-8
-7
-8
-10
-11
-10
-10
-12
-10
-9
-8
-5
-6
-5
-4
-3
1
1
0
0
1
1
3
2
2
1
0
-1
-2
-1
-1
-4
0
4
6
8
7
7
8
7
7
6
7
10
9
7
6
4
3
6
8
9
6
6
4
4
5
4
5
3
4
5
4
3
1
-3
-6
-8
-7
-8
-9
-9
-10
-9
-9
-9
-9
-9
-7
-5
-7
-6
-8
-9
-6
-4
-5
-3
-3
-4
-5
-5
-6
-6
-5
-5
-3
-1
1
2
0
1
1
3
4
4
3
5
6
9
9
7
5
5
5
8
7
5
4
6
6
8
8
7
5
5
6
6
7
6
6
8
7
6
8
5
3
5
4
4
3
3
3
3
3
2
1
1
1
1
1
-2
1
0
-3
-3
0
3
1
-1
0
-2
-2
-1
-1
-3
-3
-3
-3
-3
-2
-3
-2
1
1
1
2
2
1
-2
-2
0
-4
-5
-4
-5
-3
-5
-5
-4
-4
-6
-7
-7
-6
-8
-7
-5
-6
-7
-5
-4
-4
-5
-5
-7
-8
-5
-2
-3
-2
-1
-1
0
1
1
1
3
4
5
4
4
2
0
2
3
2
4
6
8
5
6
7
3
0
-2
-2
0
-3
0
0
0
1
0
0
-2
-1
0
-2
0
-1
-2
-1
2
3
2
2
0
-1
0
2
4
3
3
3
3
4
4
4
4
4
5
6
4
4
4
4
0
1
4
3
4
6
7
8
5
5
6
4
5
3
0
-3
-2
-4
-6
-5
-4
-6
-6
-7
-7
-7
-7
-9
-10
-8
-8
-8
-7
-6
-6
-5
-3
-5
-6
-4
-4
-5
-3
-2
-1
-1
2
4
8
9
9
10
11
10
7
7
7
6
7
7
7
8
6
6
6
7
4
5
3
4
7
5
5
7
4
3
3
3
3
3
0
-3
-5
-7
-8
-9
-8
-8
-11
-12
-14
-14
-14
-16
-14
-12
-13
-16
-14
-14
-11
-8
-9
-13
-12
-11
-11
-10
-8
-8
-6
-7
-10
-7
-7
-7
-5
-4
-2
-4
1
-1
-3
1
2
3
1
1
2
1
1
0
0
0
0
2
1
1
1
1
0
4
3
3
5
2
3
4
4
3
2
2
0
2
4
4
5
4
3
4
6
5
6
7
7
8
5
7
6
5
7
7
5
4
4
2
2
4
6
2
3
4
3
2
2
2
-1
-2
0
1
1
2
2
0
1
0
-2
-2
1
0
-1
0
-1
-2
-3
-3
-4
-4
-6
-6
-5
-3
-1
-1
-1
-1
-1
0
1
-1
1
0
-1
1
1
3
3
3
5
6
4
3
3
3
2
3
2
2
3
5
4
3
4
4
3
2
4
4
1
-1
-1
-2
-5
-5
-6
-6
-6
-8
-9
-7
-8
-7
-7
-7
-4
-5
-4
-4
-3
-3
-2
-3
-2
-1
-4
-4
-3
-4
-3
-2
0
2
1
3
2
3
4
5
5
7
6
7
9
7
5
6
6
4
4
4
5
7
5
5
7
5
3
1
0
1
2
2
1
0
0
-1
-3
-3
-3
-6
-6
-7
-5
-6
-7
-3
-4
-2
0
-1
-2
1
2
0
2
2
0
2
2
2
4
3
5
5
3
3
4
7
4
3
3
3
4
4
1
4
5
3
2
3
1
-1
0
1
-2
-2
-1
1
-1
0
1
-3
-1
-1
-4
-5
-4
-3
-3
-3
-1
0
-1
-2
-3
-3
-3
-4
-5
-6
-7
-7
-4
-2
-4
-4
-3
-4
-3
-2
-2
-2
-3
-2
-2
0
0
-2
0
-1
-3
-3
-4
-3
-2
-2
-3
-4
-6
-5
-6
-6
-6
-9
-10
-9
-9
-7
-6
-9
-11
-10
-12
-11
-12
-12
-11
-11
-11
-9
-9
-9
-8
-10
-9
-6
-6
-4
-3
-2
1
2
6
10
9
9
11
11
11
9
13
15
14
14
16
16
15
13
10
11
13
12
11
12
13
11
12
12
10
12
12
8
7
6
7
6
5
6
4
5
6
6
9
7
7
8
8
8
9
10
11
11
12
13
12
12
13
11
10
11
11
9
8
7
5
7
7
5
4
2
0
0
0
0
-3
-2
-4
-7
-7
-8
-10
-11
-12
-13
-13
-11
-14
-14
-13
-12
-11
-12
-10
-7
-7
-4
-2
-2
-1
0
0
1
5
6
4
4
7
7
6
5
6
5
6
5
4
4
4
4
3
2
2
-1
-3
-3
-5
-6
-6
-9
-11
-12
-13
-14
-12
-13
-13
-13
-13
-11
-12
-14
-14
-10
-7
-7
-6
-6
-5
-5
-3
-1
0
0
0
2
2
2
2
1
1
-1
-1
1
1
1
3
0
-1
0
-2
-2
-2
-5
-5
-7
-7
-5
-5
-8
-8
-6
-8
-6
-7
-10
-8
-6
-7
-8
-6
-5
-7
-5
-5
-6
-4
-7
-5
-2
0
0
-1
-1
0
0
1
2
2
5
4
3
6
5
7
5
3
3
3
3
3
0
0
0
1
0
0
-1
-2
-1
1
-1
0
0
1
0
-1
-1
-2
-1
-2
-4
-3
-1
-2
-2
-2
-3
-1
-1
-1
-2
-3
-1
-2
-3
-1
-3
-1
-1
-2
-2
-1
-2
-3
-3
-3
-3
-3
0
-2
-2
-1
-1
-2
-3
-2
2
2
4
5
2
3
5
3
2
3
5
3
3
5
6
7
8
7
7
7
4
4
4
4
4
6
7
7
8
7
7
10
9
8
5
5
5
3
1
2
4
3
5
6
7
7
5
8
5
5
6
6
6
6
7
7
7
8
10
10
10
9
8
8
8
9
11
11
9
8
6
5
6
5
5
3
4
5
2
2
2
1
1
3
4
1
-2
-1
-1
0
0
0
0
2
2
1
0
1
-1
1
1
-2
-4
-3
-3
-2
-3
-5
-4
-6
-8
-10
-9
-9
-9
-8
-10
-9
-8
-10
-11
-12
-11
-10
-12
-12
-12
-10
-8
-9
-9
-8
-8
-9
-8
-9
-10
-12
-10
-9
-8
-6
-5
-5
-5
-4
-6
-7
-7
-9
-7
-5
-5
-5
-4
-5
-5
-4
-4
-4
-4
-3
-5
-5
-7
-9
-5
-5
-5
-2
-3
-2
-3
-4
-1
-1
-1
-6
-5
-3
-1
0
0
2
1
1
0
-1
-1
2
1
1
4
6
6
6
8
6
7
7
6
6
6
7
8
7
6
5
6
3
3
6
5
6
9
10
11
12
11
10
9
9
6
6
7
7
7
9
10
7
5
6
5
4
5
5
4
3
3
4
5
5
3
2
0
1
2
-1
0
-1
-1
2
1
1
1
-1
0
1
-1
1
0
1
3
3
2
0
-1
-2
-1
1
1
1
-1
-3
-5
-6
-5
-6
-6
-8
-10
-8
-7
-6
-8
-9
-10
-10
-11
-13
-12
-10
-10
-7
-8
-8
-7
-9
-10
-7
-5
-3
-2
-1
1
2
2
3
0
-1
4
3
1
5
6
7
9
7
8
8
3
4
7
4
5
7
7
7
7
5
6
5
2
3
4
2
4
5
5
4
3
4
2
2
2
1
2
0
2
0
0
1
2
2
2
2
2
0
1
2
4
1
-2
-3
-1
2
0
-3
-2
1
2
1
0
0
-1
-1
-1
-1
-1
0
0
2
3
1
2
2
1
1
1
-1
-1
-2
-2
0
-4
-4
-5
-6
-6
-6
-9
-10
-10
-9
-9
-9
-11
-13
-11
-12
-12
-10
-9
-9
-9
-5
-7
-7
-4
-5
-6
-3
-2
-1
1
1
3
4
2
4
7
4
6
6
5
6
4
2
5
5
4
1
2
4
3
4
1
0
-1
-1
0
-1
-1
-3
-2
-2
-4
0
2
1
6
4
2
3
1
1
3
1
2
1
0
2
3
1
3
4
3
2
2
1
-1
-3
-5
-6
-6
-9
-9
-7
-5
-7
-4
-1
-3
-2
-3
-5
-6
-6
-6
-6
-6
-5
-5
-2
-5
-5
-3
-8
-6
-6
-8
-4
-4
-6
-7
-6
-6
-7
-8
-9
-8
-6
-4
-5
-3
-2
-1
2
-1
-1
2
2
3
2
1
2
4
2
3
5
4
3
2
1
0
1
3
1
-1
-1
0
1
-3
-3
1
-3
-4
-1
1
-1
2
4
4
5
3
2
4
4
7
8
7
8
11
14
13
13
14
12
11
9
10
10
9
9
8
8
6
6
4
5
5
3
3
0
-3
0
-4
-8
-6
-7
-9
-7
-6
-6
-6
-5
-6
-9
-9
-7
-7
-5
-6
-6
-5
-6
-7
-7
-7
-6
-6
-7
-6
-7
-7
-6
-9
-8
-8
-7
-10
-11
-8
-9
-8
-7
-9
-10
-11
-12
-10
-10
-11
-11
-11
-11
-11
-9
-10
-10
-10
-9
-8
-10
-10
-10
-9
-8
-9
-8
-8
-11
-9
-9
-9
-9
-9
-8
-8
-7
-8
-8
-8
-6
-4
-4
-2
-1
-2
0
2
1
2
1
0
0
-2
-2
-1
-1
0
2
3
4
4
5
4
4
5
2
1
-1
-3
-6
-7
-7
-8
-10
-12
-14
-15
-17
-20
-22
-23
-22
-24
-28
-27
-29
-29
-31
-31
-31
-33
-32
-36
-39
-39
-40
-39
-36
-36
-32
-30
-28
-25
-21
-21
-19
-18
-18
-16
-10
-7
-7
-6
-3
-3
-3
-2
2
3
4
5
4
5
6
7
9
7
6
4
4
4
0
1
1
-2
-1
0
1
-1
-2
0
-3
-2
-3
-2
-1
1
2
1
1
1
2
1
0
2
4
0
-3
-4
-3
-5
-2
0
-3
-6
-6
-7
-9
-11
-9
-9
-11
-10
-10
-9
-9
-11
-12
-11
-14
-13
-15
-12
-9
-9
-9
-11
-8
-7
-11
-8
-9
-9
-6
-5
-3
0
3
6
7
12
11
13
17
19
28
32
36
41
45
52
57
63
71
77
85
90
94
98
106
111
114
121
126
133
137
139
146
150
155
160
163
167
172
178
183
188
192
195
199
204
209
213
218
224
230
237
242
252
263
272
284
295
305
316
326
336
348
359
369
379
387
390
396
402
403
407
410
415
415
416
414
412
408
406
399
396
391
384
377
367
362
352
342
338
328
313
302
290
278
268
255
243
230
219
203
188
173
154
139
122
104
85
66
48
30
12
-2
-18
-34
-49
-64
-76
-90
-104
-116
-127
-140
-151
-160
-172
-181
-190
-201
-210
-221
-233
-246
-258
-266
-279
-289
-298
-310
-322
-332
-343
-353
-362
-374
-384
-393
-404
-413
-424
-433
-440
-447
-454
-464
-470
-479
-487
-490
-496
-499
-505
-511
-513
-520
-527
-532
-535
-540
-545
-549
-554
-559
-564
-573
-579
-585
-592
-599
-609
-613
-620
-626
-628
-631
-636
-638
-641
-643
-645
-646
-644
-641
-639
-637
-632
-624
-615
-604
-594
-583
-568
-553
-537
-517
-497
-477
-458
-438
-418
-399
-378
-356
-333
-313
-295
-274
-255
-239
-223
-208
-193
-181
-169
-155
-144
-133
-121
-110
-102
-95
-91
-83
-79
-73
-66
-63
-56
-49
-45
-41
-36
-30
-25
-19
-13
-7
1
9
17
25
33
42
49
55
62
70
77
83
90
100
110
117
123
130
138
144
149
156
163
170
174
179
186
192
198
204
206
206
209
211
212
217
216
217
220
220
222
224
222
222
222
221
219
218
215
212
203
199
196
188
181
172
164
156
145
136
126
116
105
95
86
75
70
59
50
43
34
25
18
12
7
1
-6
-10
-12
-13
-15
-18
-22
-23
-24
-26
-27
-28
-28
-29
-28
-29
-28
-29
-28
-23
-22
-18
-13
-9
-6
-4
0
5
9
15
23
31
42
51
57
69
78
86
97
106
116
125
136
147
157
168
178
187
197
205
216
224
232
240
246
252
255
258
259
261
262
260
261
261
259
257
254
251
251
249
247
246
245
247
246
248
248
247
247
246
248
247
244
245
241
238
237
232
227
221
217
209
199
190
181
170
160
148
136
126
112
101
93
84
75
66
57
50
43
36
31
27
25
25
29
34
41
49
56
65
76
89
102
120
135
151
170
186
201
218
232
244
259
271
280
294
304
312
318
323
326
326
324
323
324
320
316
314
309
306
305
301
301
301
301
302
303
307
308
309
312
312
317
318
317
315
311
309
305
297
290
279
268
258
248
237
225
212
198
186
172
156
141
124
107
91
74
55
34
16
-7
-31
-48
-71
-92
-113
-135
-155
-178
-201
-222
-241
-261
-283
-302
-321
-341
-357
-369
-381
-393
-405
-412
-420
-426
-428
-434
-435
-440
-442
-441
-443
-445
-446
-447
-444
-442
-437
-431
-428
-418
-408
-400
-389
-377
-366
-355
-342
-328
-315
-303
-295
-285
-275
-266
-258
-249
-240
-233
-228
-223
-219
-216
-211
-211
-209
-208
-208
-208
-208
-206
-204
-201
-199
-193
-186
-180
-174
-165
-155
-147
-139
-132
-121
-110
-100
-91
-82
-70
-58
-48
-35
-22
-12
-2
7
17
24
30
34
37
40
43
43
44
41
39
36
35
32
27
23
20
14
9
4
1
-6
-13
-16
-21
-27
-30
-33
-36
-36
-39
-39
-41
-41
-40
-38
-33
-31
-28
-25
-24
-18
-16
-15
-9
-6
-5
1
5
6
10
10
11
13
11
10
9
6
3
2
-1
-1
-6
-11
-10
-13
-14
-16
-19
-20
-19
-18
-18
-15
-13
-10
-7
-7
-5
-4
-3
-2
-1
3
4
6
9
10
13
15
16
20
20
24
27
29
34
36
36
37
38
38
40
40
39
40
37
36
35
30
25
27
23
19
18
18
16
18
18
18
17
17
18
19
19
20
23
24
25
25
22
21
21
18
15
15
11
9
7
4
1
-3
-7
-8
-8
-11
-11
-11
-10
-8
-7
-8
-4
-6
-8
-7
-12
-15
-15
-17
-18
-16
-17
-19
-21
-22
-22
-21
-21
-18
-17
-12
-7
-4
3
10
16
24
31
37
45
53
57
62
67
72
76
79
80
81
81
82
82
82
80
82
80
81
84
85
88
91
94
95
95
98
101
102
107
110
111
113
112
115
115
118
122
121
124
124
127
131
131
135
137
141
145
150
155
161
168
172
179
182
186
194
199
209
217
222
227
228
230
231
226
226
226
225
227
224
225
221
221
220
215
210
207
204
203
202
203
202
200
196
192
192
189
185
182
179
175
172
167
164
157
148
141
133
124
114
107
98
92
83
74
69
60
51
43
37
29
25
23
15
12
8
3
0
-3
-10
-12
-17
-22
-26
-30
-33
-35
-38
-41
-44
-47
-52
-56
-62
-66
-67
-70
-71
-69
-70
-68
-67
-65
-63
-62
-60
-59
-58
-58
-57
-55
-53
-52
-51
-50
-47
-45
-40
-35
-30
-26
-21
-14
-9
-2
3
12
21
26
36
45
52
62
68
76
82
87
94
95
99
104
106
110
112
112
112
111
110
104
104
101
96
95
92
89
89
85
81
80
78
77
74
72
69
68
70
69
68
66
64
64
60
59
55
51
49
45
42
36
31
27
23
20
15
12
8
3
0
-2
-3
-8
-13
-16
-21
-23
-23
-28
-32
-38
-38
-44
-48
-51
-59
-64
-68
-73
-78
-83
-86
-89
-91
-93
-100
-101
-104
-106
-105
-109
-106
-107
-109
-107
-108
-105
-104
-105
-102
-100
-96
-92
-90
-87
-84
-83
-83
-80
-78
-77
-78
-77
-74
-73
-73
-74
-74
-76
-80
-78
-78
-81
-82
-85
-88
-93
-100
-104
-111
-118
-122
-129
-138
-146
-155
-162
-170
-175
-180
-186
-191
-193
-194
-195
-201
-205
-208
-210
-209
-209
-211
-213
-212
-213
-214
-210
-210
-211
-208
-207
-205
-201
-201
-198
-197
-197
-193
-191
-189
-188
-189
-187
-185
-185
-187
-190
-192
-195
-196
-197
-199
-202
-201
-204
-207
-209
-216
-221
-225
-227
-230
-233
-235
-237
-236
-242
-243
-244
-251
-252
-252
-255
-257
-256
-252
-250
-246
-247
-245
-240
-234
-228
-222
-212
-205
-194
-186
-179
-168
-160
-147
-135
-124
-111
-102
-92
-79
-66
-51
-40
-27
-12
2
16
29
42
56
68
82
96
108
120
133
147
162
175
186
196
208
221
233
243
253
263
272
283
292
300
311
319
328
334
342
346
349
356
361
364
370
374
379
383
385
383
382
379
379
377
372
371
366
358
353
347
338
329
316
305
292
282
273
258
243
229
214
200
184
171
156
141
128
116
101
88
78
64
52
42
31
24
18
12
6
1
-2
-5
-5
-4
-5
-3
-2
-1
2
5
11
14
24
30
36
42
48
56
65
72
78
87
94
101
109
112
116
121
124
127
132
132
134
134
133
133
133
133
130
127
125
121
116
112
104
98
92
83
78
70
63
53
44
36
25
16
6
-1
-5
-10
-18
-26
-30
-32
-37
-41
-38
-39
-37
-33
-27
-24
-20
-14
-8
2
7
16
28
37
49
60
71
85
95
108
119
127
136
143
148
154
160
162
164
164
166
165
163
156
146
136
127
116
102
87
74
57
39
19
0
-20
-40
-63
-87
-110
-134
-158
-182
-205
-228
-252
-275
-298
-320
-336
-354
-372
-387
-402
-414
-424
-432
-436
-442
-448
-449
-444
-441
-431
-423
-413
-398
-384
-364
-345
-326
-301
-278
-251
-219
-188
-158
-128
-95
-69
-37
-7
27
58
86
113
137
162
185
205
222
239
251
261
268
271
274
272
267
258
248
235
219
198
175
148
119
90
61
27
-8
-45
-83
-123
-163
-203
-245
-285
-326
-367
-404
-439
-475
-504
-534
-563
-585
-606
-622
-633
-637
-635
-632
-620
-604
-585
-557
-524
-487
-447
-400
-351
-295
-236
-175
-108
-40
31
103
172
244
313
382
452
520
583
641
699
753
800
843
880
909
930
945
952
950
942
928
902
874
836
787
733
666
595
518
433
344
249
150
46
-59
-167
-275
-387
-496
-602
-708
-810
-905
-994
-1073
-1144
-1209
-1262
-1305
-1338
-1360
-1369
-1365
-1345
-1314
-1273
-1217
-1150
-1074
-988
-894
-789
-676
-558
-429
-298
-166
-27
110
250
390
526
659
788
915
1035
1149
1256
1354
1445
1526
1598
1657
1705
1737
1757
1763
1755
1734
1702
1656
1594
1521
1436
1336
1226
1106
974
836
692
539
388
229
69
-88
-250
-407
-560
-708
-852
-991
-1121
-1239
-1348
-1449
-1538
-1615
-1675
-1724
-1764
-1788
-1800
-1795
-1775
-1740
-1693
-1630
-1555
-1468
-1369
-1261
-1141
-1014
-880
-736
-588
-437
-282
-127
30
185
335
484
629
768
900
1025
1146
1256
1360
1455
1539
1616
1682
1738
1781
1813
1833
1841
1836
1816
1784
1744
1687
1618
1537
1443
1339
1227
1102
968
828
684
535
378
225
70
-87
-241
-390
-536
-680
-816
-947
-1070
-1185
-1292
-1390
-1475
-1550
-1616
-1672
-1719
-1755
-1778
-1792
-1792
-1781
-1756
-1718
-1669
-1610
-1538
-1453
-1361
-1256
-1140
-1017
-883
-746
-605
-454
-301
-148
6
157
309
455
599
736
868
994
1113
1221
1321
1416
1498
1574
1638
1692
1738
1772
1799
1812
1811
1804
1783
1750
1707
1653
1589
1513
1427
1331
1223
1109
987
855
718
576
429
280
132
-19
-166
-310
-452
-589
-718
-843
-961
-1074
-1178
-1269
-1352
-1429
-1493
-1545
-1591
-1626
-1652
-1669
-1673
-1666
-1651
-1627
-1591
-1545
-1488
-1421
-1346
-1260
-1167
-1067
-958
-843
-722
-594
-465
-336
-203
-68
65
198
328
456
581
701
815
926
1026
1117
1203
1282
1350
1411
1463
1509
1546
1574
1591
1597
1596
1585
1562
1529
1488
1438
1380
1309
1232
1147
1052
951
844
732
613
489
364
236
107
-20
-149
-274
-393
-511
-623
-730
-831
-925
-1013
-1095
-1168
-1234
-1294
-1345
-1389
-1427
-1456
-1475
-1486
-1489
-1485
-1472
-1450
-1421
-1386
-1341
-1290
-1232
-1159
-1083
-998
-904
-806
-701
-590
-479
-364
-247
-128
-8
111
229
345
456
563
664
757
848
929
1005
1078
1139
1191
1240
1281
1310
1335
1355
1364
1366
1365
1351
1328
1302
1263
1215
1164
1103
1035
959
875
786
693
590
486
374
259
149
32
-85
-197
-308
-416
-524
-626
-724
-816
-898
-976
-1049
-1113
-1172
-1221
-1263
-1300
-1332
-1352
-1366
-1373
-1372
-1363
-1348
-1330
-1300
-1266
-1226
-1177
-1121
-1056
-986
-910
-828
-739
-645
-548
-448
-348
-244
-140
-37
66
168
269
366
460
552
635
717
792
861
926
986
1036
1079
1119
1152
1178
1198
1213
1220
1226
1221
1208
1189
1163
1131
1090
1043
991
932
867
797
721
637
547
456
360
261
164
66
-30
-125
-221
-315
-407
-493
-576
-653
-722
-787
-849
-903
-954
-997
-1036
-1072
-1100
-1119
-1133
-1140
-1144
-1141
-1131
-1114
-1092
-1065
-1029
-985
-940
-887
-827
-764
-696
-619
-541
-459
-373
-284
-195
-106
-13
77
168
254
339
424
503
580
655
722
781
836
888
930
969
1007
1035
1059
1079
1090
1096
1098
1092
1080
1060
1036
1009
975
934
889
838
782
718
653
582
503
426
344
259
175
89
6
-77
-160
-240
-318
-393
-464
-531
-593
-651
-703
-751
-792
-827
-862
-890
-912
-931
-943
-954
-960
-961
-959
-948
-936
-916
-892
-865
-828
-786
-739
-689
-636
-575
-511
-442
-372
-300
-226
-151
-74
-1
74
146
220
289
356
422
484
541
594
645
691
731
767
799
825
852
872
890
906
916
923
926
925
920
907
895
876
850
822
785
748
710
661
608
549
486
420
351
279
206
134
59
-15
-87
-157
-227
-293
-357
-420
-478
-533
-584
-630
-673
-712
-750
-785
-816
-841
-863
-879
-893
-901
-905
-908
-905
-895
-881
-860
-836
-803
-768
-728
-681
-629
-574
-515
-452
-387
-321
-252
-182
-114
-46
21
90
155
222
287
344
403
458
508
554
594
635
672
702
732
757
779
798
814
825
831
834
834
827
819
806
790
766
739
705
669
630
588
544
491
440
382
323
264
201
139
76
14
-47
-109
-166
-223
-276
-327
-378
-429
-473
-514
-558
-596
-630
-664
-693
-720
-743
-760
-778
-789
-798
-801
-800
-795
-784
-765
-742
-718
-685
-650
-610
-564
-516
-464
-410
-355
-295
-235
-172
-110
-50
12
71
132
192
246
299
351
398
443
486
523
556
588
613
637
657
671
682
689
691
694
692
685
675
661
645
624
604
580
551
519
483
447
408
366
327
280
234
185
135
86
35
-16
-67
-118
-168
-215
-261
-306
-348
-388
-426
-463
-497
-526
-557
-581
-603
-622
-636
-650
-660
-665
-668
-664
-656
-647
-632
-618
-598
-574
-549
-517
-482
-447
-403
-360
-317
-270
-224
-174
-122
-72
-22
29
76
126
175
218
263
304
343
380
413
444
470
494
515
533
550
565
577
584
589
594
594
590
590
587
579
565
554
540
520
501
480
453
425
392
357
319
280
239
199
159
117
72
27
-18
-63
-105
-149
-195
-239
-282
-322
-361
-401
-433
-470
-503
-530
-556
-579
-600
-615
-626
-631
-632
-635
-629
-621
-609
-590
-570
-546
-516
-480
-437
-397
-356
-313
-269
-223
-174
-126
-72
-19
29
79
123
166
210
251
293
333
369
400
434
463
490
514
533
551
566
577
586
588
589
590
587
580
572
560
548
530
508
486
460
434
405
375
338
297
255
211
169
126
81
36
-11
-57
-107
-156
-203
-247
-290
-327
-361
-397
-430
-459
-488
-510
-527
-538
-548
-550
-550
-549
-536
-524
-511
-487
-461
-433
-402
-366
-330
-292
-253
-213
-171
-126
-79
-34
5
46
86
129
167
202
240
269
295
323
348
370
387
400
412
422
429
434
437
435
432
428
424
419
405
391
377
358
339
324
305
286
263
235
209
178
152
129
104
80
50
22
-7
-38
-68
-95
-122
-146
-168
-195
-218
-244
-266
-281
-298
-314
-328
-341
-357
-372
-382
-388
-389
-386
-381
-374
-373
-370
-364
-358
-344
-325
-304
-279
-256
-228
-198
-172
-142
-110
-79
-44
-12
20
53
78
102
124
143
160
176
190
202
208
213
211
201
197
192
189
190
193
199
203
205
210
214
216
215
207
197
187
175
163
151
140
123
106
89
71
54
34
14
-5
-32
-56
-81
-104
-122
-141
-153
-163
-171
-176
-187
-199
-211
-222
-232
-239
-245
-248
-252
-260
-263
-265
-266
-259
-254
-247
-233
-222
-211
-200
-183
-162
-140
-112
-80
-49
-24
-2
23
51
84
113
140
170
192
209
231
250
268
288
301
314
328
345
363
375
378
374
372
378
400
422
425
390
299
184
81
5
-46
-85
-144
-268
-450
-630
-779
-884
-936
-931
-903
-880
-882
-915
-956
-980
-964
-890
-777
-650
-542
-480
-454
-446
-437
-400
-336
-263
-209
-191
-206
-242
-283
-308
-298
-263
-234
-222
-232
-267
-313
-349
-358
-345
-326
-317
-331
-365
-398
-412
-394
-341
-276
-218
-173
-144
-116
-79
-30
37
108
172
229
285
342
388
415
419
413
411
429
470
509
526
518
492
467
463
473
475
459
407
332
255
208
221
285
381
481
557
611
671
765
910
1088
1264
1395
1457
1459
1433
1405
1382
1348
1273
1142
981
814
663
551
461
375
294
235
223
272
358
464
576
683
810
970
1152
1329
1464
1548
1601
1650
1724
1814
1897
1965
2012
2055
2115
2206
2307
2381
2415
2413
2405
2413
2440
2455
2421
2309
2125
1912
1709
1545
1414
1301
1186
1070
976
928
936
980
1035
1081
1107
1092
1022
893
693
428
122
-183
-456
-689
-881
-1032
-1149
-1242
-1310
-1356
-1401
-1452
-1513
-1583
-1638
-1664
-1652
-1601
-1531
-1454
-1378
-1304
-1232
-1171
-1143
-1149
-1181
-1223
-1236
-1194
-1097
-965
-826
-708
-623
-571
-532
-501
-475
-459
-460
-470
-481
-483
-469
-442
-412
-397
-396
-393
-381
-361
-344
-346
-380
-431
-483
-521
-549
-580
-625
-698
-808
-945
-1094
-1249
-1405
-1561
-1718
-1876
-2029
-2175
-2327
-2483
-2637
-2788
-2936
-3070
-3189
-3291
-3378
-3449
-3494
-3506
-3474
-3396
-3287
-3149
-2985
-2800
-2589
-2350
-2093
-1823
-1541
-1249
-962
-689
-437
-216
-20
150
290
411
524
630
726
814
890
951
1002
1052
1107
1163
1219
1285
1362
1440
1519
1578
1602
1591
1561
1528
1502
1479
1436
1348
1222
1079
935
801
668
520
342
133
-89
-305
-502
-680
-851
-1028
-1209
-1387
-1544
-1672
-1778
-1862
-1939
-2003
-2038
-2043
-2017
-1967
-1904
-1842
-1776
-1696
-1593
-1469
-1328
-1174
-1012
-846
-674
-490
-296
-108
66
224
377
534
689
852
1021
1182
1320
1439
1555
1677
1806
1938
2065
2173
2257
2334
2410
2485
2545
2585
2601
2598
2580
2558
2536
2508
2450
2353
2229
2087
1934
1780
1622
1445
1239
1011
770
534
316
116
-80
-276
-470
-652
-817
-974
-1119
-1253
-1368
-1463
-1551
-1634
-1719
-1795
-1842
-1863
-1860
-1846
-1834
-1815
-1779
-1715
-1618
-1500
-1373
-1241
-1095
-932
-751
-558
-359
-164
18
187
350
517
684
847
1003
1142
1272
1397
1523
1658
1801
1942
2084
2223
2352
2466
2561
2625
2654
2655
2641
2621
2578
2499
2392
2265
2123
1959
1766
1552
1323
1086
840
571
280
-18
-302
-562
-795
-1009
-1214
-1408
-1581
-1727
-1851
-1951
-2037
-2112
-2181
-2238
-2279
-2298
-2299
-2286
-2266
-2250
-2230
-2190
-2121
-2026
-1920
-1822
-1727
-1629
-1519
-1385
-1229
-1058
-880
-702
-526
-353
-181
1
193
392
585
765
936
1096
1249
1404
1561
1717
1879
2045
2218
2398
2566
2704
2801
2856
2885
2890
2876
2842
2790
2710
2603
2466
2289
2084
1861
1625
1382
1121
831
525
218
-72
-346
-604
-855
-1110
-1353
-1566
-1745
-1889
-2003
-2098
-2185
-2270
-2341
-2389
-2408
-2402
-2388
-2373
-2353
-2325
-2281
-2213
-2132
-2043
-1955
-1863
-1762
-1651
-1525
-1374
-1206
-1043
-890
-734
-569
-386
-191
6
199
384
565
751
936
1125
1315
1500
1674
1842
2007
2177
2357
2530
2683
2798
2866
2901
2910
2902
2878
2832
2754
2641
2500
2333
2145
1942
1726
1485
1216
916
602
294
4
-263
-521
-776
-1024
-1264
-1483
-1674
-1829
-1954
-2057
-2143
-2221
-2289
-2343
-2377
-2386
-2381
-2369
-2351
-2332
-2295
-2238
-2157
-2055
-1947
-1846
-1753
-1655
-1543
-1415
-1269
-1118
-964
-805
-637
-461
-276
-88
94
270
435
592
755
924
1095
1265
1429
1598
1783
1987
2188
2366
2503
2601
2671
2728
2773
2805
2807
2773
2702
2596
2457
2297
2121
1931
1716
1464
1187
892
594
296
12
-256
-517
-770
-1015
-1249
-1458
-1640
-1794
-1922
-2035
-2134
-2224
-2293
-2335
-2351
-2344
-2327
-2309
-2297
-2277
-2241
-2186
-2108
-2021
-1935
-1849
-1767
-1679
-1573
-1444
-1298
-1148
-1006
-869
-727
-580
-414
-236
-63
106
274
445
621
796
968
1142
1317
1481
1648
1831
2028
2233
2408
2534
2625
2690
2737
2768
2771
2751
2705
2624
2509
2364
2199
2024
1829
1608
1360
1086
797
507
227
-44
-303
-550
-794
-1031
-1255
-1451
-1610
-1740
-1849
-1949
-2045
-2130
-2195
-2235
-2256
-2258
-2246
-2226
-2201
-2173
-2128
-2060
-1976
-1889
-1806
-1729
-1647
-1553
-1437
-1302
-1159
-1014
-868
-723
-571
-410
-240
-57
123
291
449
598
755
920
1083
1248
1414
1587
1763
1944
2131
2313
2475
2590
2660
2706
2734
2756
2762
2738
2674
2571
2433
2274
2097
1903
1693
1454
1182
884
575
275
0
-257
-510
-767
-1018
-1251
-1456
-1621
-1754
-1862
-1956
-2048
-2133
-2208
-2250
-2258
-2254
-2243
-2236
-2227
-2208
-2172
-2102
-2017
-1925
-1835
-1758
-1675
-1572
-1447
-1305
-1164
-1025
-895
-769
-622
-454
-273
-92
85
256
413
565
726
891
1050
1204
1351
1501
1661
1833
2026
2215
2372
2485
2555
2605
2641
2664
2679
2662
2604
2505
2371
2222
2064
1895
1714
1496
1242
956
665
391
131
-117
-357
-600
-846
-1083
-1293
-1465
-1602
-1712
-1818
-1923
-2029
-2119
-2169
-2188
-2187
-2184
-2186
-2189
-2180
-2152
-2098
-2023
-1941
-1865
-1792
-1719
-1630
-1520
-1390
-1250
-1115
-982
-853
-718
-567
-402
-219
-33
139
294
442
596
760
928
1092
1250
1411
1576
1750
1939
2124
2288
2416
2506
2567
2613
2650
2669
2655
2613
2535
2422
2283
2131
1968
1785
1568
1319
1049
770
502
249
12
-219
-453
-691
-918
-1123
-1292
-1432
-1557
-1675
-1794
-1899
-1983
-2036
-2056
-2065
-2078
-2090
-2104
-2102
-2076
-2027
-1963
-1897
-1827
-1757
-1681
-1584
-1466
-1340
-1206
-1083
-972
-860
-732
-580
-409
-237
-74
80
221
361
513
679
853
1010
1152
1294
1451
1635
1833
2022
2174
2278
2349
2393
2427
2457
2476
2473
2434
2347
2220
2078
1940
1796
1632
1436
1208
956
695
445
215
-2
-207
-417
-634
-855
-1056
-1217
-1342
-1448
-1550
-1652
-1753
-1844
-1908
-1941
-1953
-1958
-1967
-1982
-2002
-2005
-1985
-1940
-1877
-1811
-1746
-1682
-1612
-1525
-1415
-1288
-1161
-1040
-925
-802
-660
-498
-331
-170
-24
104
233
373
530
705
886
1059
1222
1378
1533
1696
1870
2032
2159
2245
2297
2335
2369
2389
2393
2373
2318
2221
2092
1950
1805
1657
1493
1298
1071
824
579
345
128
-77
-273
-469
-672
-873
-1047
-1186
-1290
-1374
-1457
-1544
-1626
-1691
-1729
-1740
-1740
-1743
-1751
-1767
-1781
-1783
-1761
-1716
-1661
-1608
-1559
-1509
-1451
-1374
-1281
-1177
-1073
-971
-865
-747
-615
-466
-308
-155
-18
106
227
361
512
675
846
1023
1195
1357
1509
1660
1815
1956
2058
2116
2136
2148
2167
2174
2158
2120
2056
1967
1856
1726
1595
1461
1317
1150
953
738
520
318
133
-42
-221
-404
-588
-766
-923
-1055
-1163
-1255
-1330
-1400
-1471
-1540
-1598
-1638
-1655
-1667
-1679
-1690
-1700
-1705
-1699
-1674
-1634
-1587
-1535
-1482
-1424
-1358
-1277
-1171
-1040
-901
-762
-629
-509
-400
-290
-170
-45
70
171
270
370
479
590
703
818
926
1037
1161
1298
1436
1564
1676
1772
1845
1902
1951
1989
2009
2003
1968
1903
1819
1732
1638
1530
1395
1236
1056
861
659
459
269
90
-93
-279
-455
-618
-762
-888
-997
-1091
-1168
-1237
-1306
-1378
-1446
-1489
-1514
-1532
-1553
-1580
-1596
-1596
-1583
-1554
-1512
-1469
-1447
-1481
-1559
-1609
-1552
-1393
-1208
-1058
-949
-831
-667
-475
-295
-149
-22
105
232
333
418
510
627
756
865
968
1118
1330
1567
1765
1890
1974
2060
2161
2257
2322
2348
2347
2313
2248
2156
2058
1951
1816
1636
1404
1145
882
627
374
117
-147
-421
-692
-945
-1158
-1321
-1447
-1555
-1657
-1741
-1776
-1748
-1685
-1635
-1615
-1600
-1568
-1515
-1466
-1436
-1421
-1405
-1379
-1342
-1301
-1256
-1215
-1181
-1152
-1132
-1106
-1054
-977
-898
-826
-763
-689
-580
-432
-266
-112
12
123
259
437
655
880
1103
1346
1620
1925
2224
2484
2691
2855
2989
3100
3175
3204
3185
3115
2994
2823
2606
2357
2087
1783
1433
1039
637
245
-139
-508
-878
-1246
-1595
-1907
-2165
-2375
-2544
-2676
-2760
-2791
-2769
-2704
-2612
-2517
-2436
-2355
-2248
-2099
-1922
-1758
-1630
-1533
-1441
-1337
-1229
-1135
-1072
-1035
-1014
-997
-967
-915
-838
-760
-700
-647
-574
-444
-257
-48
159
360
582
853
1177
1546
1942
2371
2832
3305
3746
4111
4385
4586
4722
4795
4793
4713
4543
4283
3935
3511
3035
2528
1991
1412
784
114
-547
-1155
-1697
-2190
-2664
-3117
-3511
-3805
-3977
-4043
-4045
-3990
-3880
-3702
-3459
-3176
-2869
-2548
-2214
-1879
-1558
-1264
-1004
-766
-555
-385
-271
-216
-209
-234
-290
-382
-508
-640
-755
-848
-924
-993
-1047
-1053
-998
-884
-725
-532
-288
24
417
875
1380
1928
2528
3160
3762
4278
4686
5005
5260
5441
5525
5489
5326
5049
4681
4238
3732
3164
2528
1824
1065
287
-469
-1178
-1837
-2462
-3062
-3607
-4062
-4395
-4605
-4714
-4738
-4682
-4550
-4342
-4078
-3773
-3416
-3009
-2566
-2129
-1728
-1378
-1065
-777
-512
-288
-128
-48
-41
-78
-134
-197
-273
-369
-490
-627
-746
-822
-844
-823
-775
-696
-562
-355
-58
323
773
1285
1864
2503
3163
3776
4284
4676
4981
5227
5416
5517
5491
5323
5025
4633
4174
3661
3091
2441
1706
910
103
-669
-1378
-2035
-2659
-3261
-3807
-4251
-4564
-4749
-4827
-4821
-4746
-4588
-4359
-4090
-3784
-3429
-3014
-2559
-2123
-1747
-1419
-1095
-767
-461
-228
-97
-43
-24
-14
-23
-77
-177
-297
-409
-497
-570
-628
-657
-644
-578
-456
-290
-78
191
537
982
1516
2126
2776
3399
3945
4394
4778
5117
5405
5601
5660
5576
5372
5088
4740
4311
3784
3155
2451
1702
942
182
-564
-1291
-1992
-2643
-3226
-3716
-4106
-4394
-4590
-4704
-4725
-4637
-4452
-4208
-3953
-3684
-3371
-2981
-2535
-2101
-1729
-1416
-1128
-828
-534
-302
-163
-111
-100
-89
-90
-126
-212
-332
-453
-552
-621
-667
-690
-672
-600
-467
-280
-45
242
602
1057
1602
2207
2821
3380
3844
4227
4565
4870
5107
5220
5189
5036
4800
4511
4153
3692
3113
2446
1742
1025
310
-413
-1138
-1838
-2495
-3086
-3588
-4008
-4338
-4582
-4742
-4800
-4746
-4588
-4360
-4114
-3871
-3594
-3234
-2784
-2304
-1884
-1559
-1286
-997
-673
-369
-174
-110
-114
-106
-60
-11
-27
-129
-272
-385
-428
-411
-379
-361
-339
-270
-115
128
430
775
1166
1631
2190
2811
3412
3919
4306
4626
4931
5208
5397
5432
5304
5060
4758
4416
3999
3469
2827
2113
1388
670
-47
-768
-1485
-2168
-2783
-3321
-3779
-4152
-4440
-4641
-4742
-4742
-4644
-4465
-4245
-4003
-3731
-3403
-2992
-2534
-2105
-1752
-1470
-1196
-880
-545
-271
-132
-120
-140
-110
-31
24
-19
-163
-336
-449
-473
-443
-421
-427
-415
-325
-123
166
495
842
1237
1728
2327
2982
3592
4076
4433
4742
5053
5333
5496
5479
5296
5014
4701
4357
3932
3382
2717
1996
1267
546
-165
-878
-1588
-2267
-2889
-3430
-3887
-4259
-4546
-4743
-4843
-4844
-4747
-4575
-4356
-4114
-3836
-3489
-3067
-2611
-2184
-1815
-1492
-1183
-860
-547
-299
-162
-123
-122
-107
-71
-50
-95
-213
-362
-491
-555
-564
-544
-522
-481
-387
-210
63
413
812
1262
1775
2364
2997
3598
4099
4486
4805
5094
5345
5505
5507
5338
5049
4712
4353
3931
3393
2728
1981
1219
489
-212
-909
-1613
-2302
-2933
-3470
-3900
-4237
-4496
-4678
-4766
-4744
-4618
-4418
-4193
-3971
-3718
-3385
-2970
-2526
-2119
-1784
-1495
-1199
-874
-553
-309
-184
-155
-160
-141
-97
-70
-104
-210
-346
-455
-500
-494
-465
-437
-391
-293
-121
129
451
834
1282
1798
2379
2980
3540
4010
4398
4737
5042
5288
5430
5430
5288
5039
4734
4388
3969
3449
2815
2103
1365
642
-60
-755
-1448
-2129
-2762
-3310
-3763
-4124
-4404
-4603
-4712
-4718
-4620
-4437
-4204
-3954
-3683
-3368
-2980
-2538
-2101
-1724
-1419
-1156
-890
-607
-348
-171
-105
-119
-149
-155
-134
-132
-192
-318
-466
-576
-615
-597
-552
-490
-399
-244
-9
300
676
1112
1622
2216
2846
3434
3913
4286
4610
4932
5239
5447
5477
5322
5040
4724
4409
4048
3566
2926
2171
1400
683
24
-622
-1303
-2009
-2671
-3230
-3669
-4016
-4298
-4523
-4656
-4676
-4582
-4403
-4180
-3929
-3639
-3304
-2923
-2521
-2124
-1750
-1405
-1086
-801
-566
-394
-283
-210
-158
-123
-119
-165
-255
-362
-457
-529
-586
-634
-683
-713
-684
-571
-369
-108
198
551
973
1488
2092
2739
3351
3863
4265
4600
4908
5183
5387
5460
5374
5158
4855
4498
4085
3593
3009
2343
1629
896
168
-546
-1244
-1912
-2521
-3061
-3537
-3947
-4280
-4515
-4635
-4640
-4556
-4408
-4217
-3984
-3697
-3349
-2953
-2534
-2118
-1723
-1364
-1040
-747
-479
-243
-47
87
144
124
54
-30
-104
-180
-285
-436
-620
-795
-918
-967
-950
-888
-789
-653
-451
-161
234
733
1320
1960
2598
3175
3668
4092
4483
4851
5173
5388
5442
5327
5089
4797
4482
4119
3657
3065
2362
1606
857
145
-550
-1240
-1920
-2571
-3157
-3660
-4066
-4373
-4585
-4705
-4734
-4668
-4522
-4310
-4040
-3722
-3371
-2985
-2577
-2165
-1765
-1395
-1065
-780
-548
-355
-193
-66
22
52
26
-42
-135
-234
-332
-430
-535
-644
-734
-773
-749
-645
-470
-237
50
393
814
1331
1930
2556
3142
3634
4033
4369
4669
4937
5136
5218
5149
4947
4654
4290
3869
3389
2830
2202
1523
814
94
-625
-1322
-1970
-2547
-3051
-3494
-3877
-4193
-4417
-4529
-4517
-4402
-4220
-4003
-3763
-3487
-3160
-2779
-2360
-1933
-1529
-1170
-855
-581
-348
-152
-3
95
142
140
99
23
-73
-184
-297
-415
-540
-670
-788
-862
-866
-791
-639
-431
-171
146
545
1048
1639
2280
2900
3442
3894
4274
4606
4903
5139
5273
5281
5165
4941
4625
4228
3760
3224
2623
1977
1293
572
-164
-891
-1574
-2190
-2733
-3205
-3618
-3965
-4230
-4396
-4454
-4405
-4272
-4084
-3854
-3589
-3287
-2942
-2561
-2160
-1754
-1366
-1019
-735
-519
-361
-244
-143
-61
-1
19
-15
-95
-211
-329
-434
-523
-591
-642
-673
-662
-596
-450
-227
70
437
877
1387
1957
2555
3123
3627
4049
4392
4681
4914
5074
5138
5087
4924
4660
4306
3871
3363
2792
2172
1524
854
162
-541
-1232
-1880
-2459
-2955
-3384
-3746
-4035
-4241
-4343
-4346
-4257
-4091
-3873
-3615
-3324
-3002
-2649
-2273
-1886
-1502
-1136
-808
-530
-321
-182
-96
-46
-27
-35
-67
-134
-235
-361
-496
-627
-747
-845
-910
-941
-924
-843
-698
-486
-202
152
593
1122
1715
2333
2921
3436
3867
4222
4519
4765
4945
5037
5026
4910
4682
4344
3904
3371
2777
2156
1527
889
234
-446
-1130
-1788
-2386
-2902
-3343
-3706
-3994
-4199
-4306
-4322
-4260
-4137
-3964
-3735
-3450
-3118
-2753
-2369
-1985
-1608
-1250
-919
-631
-402
-232
-118
-53
-26
-41
-87
-161
-252
-348
-446
-545
-637
-725
-791
-815
-783
-689
-526
-295
4
380
823
1339
1909
2494
3054
3550
3967
4299
4555
4740
4849
4875
4811
4656
4406
4046
3585
3038
2424
1785
1145
511
-113
-738
-1355
-1953
-2514
-3016
-3447
-3792
-4035
-4171
-4206
-4159
-4053
-3908
-3727
-3498
-3211
-2870
-2487
-2089
-1705
-1344
-1016
-735
-510
-348
-238
-173
-136
-118
-126
-159
-216
-293
-382
-477
-572
-654
-714
-746
-728
-648
-508
-307
-41
293
702
1187
1738
2322
2891
3408
3845
4198
4464
4647
4758
4794
4751
4636
4435
4137
3729
3217
2631
2002
1361
729
106
-513
-1116
-1695
-2239
-2739
-3185
-3557
-3840
-4022
-4096
-4070
-3965
-3811
-3618
-3394
-3134
-2839
-2516
-2171
-1822
-1484
-1157
-867
-629
-452
-339
-281
-254
-243
-242
-244
-261
-295
-346
-412
-483
-557
-616
-642
-614
-521
-355
-126
157
496
896
1359
1882
2438
2989
3492
3922
4267
4516
4669
4732
4710
4613
4448
4223
3928
3554
3096
2556
1955
1313
648
-15
-664
-1284
-1857
-2375
-2833
-3232
-3574
-3844
-4038
-4135
-4138
-4050
-3890
-3675
-3418
-3134
-2833
-2525
-2206
-1881
-1553
-1222
-904
-615
-374
-194
-73
-12
2
-14
-48
-91
-139
-181
-229
-282
-346
-418
-479
-511
-491
-404
-244
-3
320
722
1193
1716
2260
2797
3296
3737
4107
4394
4592
4704
4734
4691
4579
4398
4140
3794
3358
2835
2243
1598
922
237
-436
-1075
-1672
-2217
-2706
-3138
-3507
-3810
-4032
-4168
-4217
-4183
-4080
-3916
-3703
-3449
-3163
-2858
-2540
-2218
-1894
-1572
-1271
-1003
-777
-604
-476
-379
-313
-264
-236
-219
-208
-202
-199
-201
-201
-196
-172
-113
-3
169
405
704
1070
1501
1984
2500
3019
3505
3925
4268
4519
4676
4738
4713
4611
4445
4221
3936
3581
3149
2632
2042
1403
723
29
-656
-1310
-1910
-2441
-2898
-3279
-3592
-3840
-4021
-4132
-4170
-4137
-4039
-3873
-3646
-3355
-3016
-2654
-2277
-1907
-1554
-1227
-934
-685
-480
-329
-214
-128
-73
-44
-44
-71
-116
-174
-237
-302
-365
-417
-444
-439
-386
-276
-100
151
483
900
1391
1932
2493
3040
3544
3976
4315
4551
4682
4716
4666
4553
4385
4166
3883
3524
3089
2569
1975
1320
623
-93
-796
-1456
-2050
-2565
-2997
-3351
-3636
-3854
-4010
-4102
-4131
-4107
-4022
-3873
-3665
-3397
-3082
-2735
-2376
-2024
-1693
-1398
-1149
-948
-792
-673
-575
-491
-408
-330
-262
-206
-167
-137
-126
-126
-118
-97
-37
82
264
516
833
1215
1654
2135
2640
3144
3613
4020
4342
4573
4703
4727
4658
4499
4273
3997
3673
3303
2882
2397
1846
1236
578
-110
-799
-1466
-2082
-2621
-3074
-3435
-3704
-3887
-3995
-4031
-4008
-3937
-3825
-3671
-3470
-3220
-2920
-2582
-2215
-1842
-1483
-1158
-884
-676
-534
-450
-413
-405
-407
-403
-390
-361
-319
-282
-254
-247
-260
-273
-269
-226
-117
72
349
717
1171
1697
2260
2827
3358
3817
4183
4443
4592
4636
4591
4471
4293
4065
3795
3483
3119
2691
2190
1614
976
293
-405
-1090
-1732
-2301
-2776
-3155
-3441
-3644
-3773
-3835
-3850
-3834
-3782
-3697
-3567
-3382
-3137
-2832
-2476
-2089
-1687
-1298
-947
-662
-454
-325
-266
-263
-290
-330
-366
-384
-377
-348
-314
-285
-266
-266
-277
-285
-268
-199
-52
192
546
1005
1552
2159
2782
3368
3884
4290
4564
4700
4708
4608
4422
4181
3903
3605
3286
2933
2535
2074
1545
943
276
-430
-1146
-1830
-2445
-2963
-3364
-3638
-3797
-3862
-3859
-3813
-3750
-3677
-3596
-3501
-3372
-3197
-2964
-2664
-2307
-1916
-1517
-1143
-818
-566
-396
-306
-284
-305
-341
-363
-354
-305
-211
-84
66
222
364
488
597
703
830
1008
1262
1605
2038
2542
3078
3607
4081
4450
4672
4730
4629
4385
4033
3619
3175
2734
2309
1908
1519
1121
689
203
-344
-941
-1575
-2204
-2787
-3290
-3672
-3910
-4002
-3963
-3823
-3619
-3389
-3164
-2959
-2781
-2623
-2467
-2296
-2092
-1841
-1552
-1236
-919
-624
-380
-209
-122
-116
-176
-274
-383
-476
-521
-506
-429
-294
-116
89
313
547
788
1042
1324
1650
2027
2458
2929
3417
3885
4293
4608
4790
4820
4694
4419
4025
3548
3024
2485
1960
1458
979
521
66
-412
-918
-1451
-2002
-2552
-3072
-3524
-3877
-4105
-4204
-4173
-4029
-3802
-3519
-3210
-2908
-2629
-2376
-2150
-1941
-1736
-1527
-1308
-1076
-845
-621
-423
-265
-153
-90
-75
-101
-152
-204
-243
-246
-205
-114
36
241
494
795
1142
1519
1927
2361
2800
3227
3629
3979
4252
4430
4500
4452
4291
4032
3688
3279
2822
2338
1838
1333
825
315
-198
-719
-1243
-1751
-2241
-2700
-3109
-3447
-3695
-3852
-3920
-3897
-3798
-3630
-3409
-3151
-2867
-2572
-2270
-1966
-1669
-1388
-1129
-898
-699
-533
-404
-315
-255
-219
-199
-193
-189
-179
-164
-137
-92
-31
54
168
315
516
769
1082
1462
1901
2384
2883
3376
3828
4200
4469
4611
4613
4480
4221
3866
3440
2969
2486
2007
1533
1069
614
156
-317
-813
-1329
-1850
-2365
-2851
-3275
-3619
-3868
-4015
-4054
-3998
-3865
-3661
-3413
-3135
-2843
-2551
-2261
-1983
-1720
-1465
-1225
-997
-787
-597
-429
-280
-155
-51
35
101
156
205
257
313
383
478
600
761
969
1227
1539
1903
2314
2751
3196
3618
3987
4277
4453
4506
4431
4230
3918
3520
3063
2572
2071
1580
1095
623
164
-299
-770
-1246
-1728
-2212
-2679
-3109
-3483
-3780
-3993
-4107
-4124
-4048
-3887
-3659
-3376
-3060
-2727
-2382
-2042
-1721
-1425
-1159
-926
-728
-563
-429
-324
-241
-168
-104
-40
25
91
160
229
299
375
458
561
687
858
1088
1381
1743
2164
2628
3109
3573
3990
4321
4537
4618
4558
4359
4038
3627
3154
2652
2147
1659
1194
749
323
-97
-529
-974
-1437
-1914
-2392
-2857
-3283
-3658
-3959
-4171
-4285
-4299
-4217
-4048
-3805
-3509
-3178
-2829
-2485
-2164
-1875
-1623
-1411
-1236
-1088
-962
-842
-711
-568
-408
-226
-24
190
409
622
825
1016
1194
1364
1546
1754
1995
2289
2637
3028
3445
3858
4233
4528
4715
4762
4659
4411
4027
3537
2976
2376
1780
1212
689
217
-208
-595
-960
-1319
-1685
-2069
-2464
-2862
-3248
-3601
-3902
-4123
-4246
-4258
-4151
-3937
-3632
-3256
-2838
-2404
-1991
-1621
-1318
-1093
-933
-841
-790
-758
-730
-674
-580
-438
-253
-31
216
465
703
919
1112
1288
1453
1625
1824
2064
2357
2701
3085
3484
3861
4183
4413
4520
4483
4295
3966
3519
2985
2403
1801
1218
678
193
-237
-614
-951
-1267
-1579
-1897
-2229
-2575
-2929
-3280
-3597
-3858
-4048
-4134
-4106
-3966
-3711
-3362
-2949
-2502
-2060
-1652
-1305
-1041
-867
-775
-749
-759
-783
-786
-744
-644
-477
-250
20
316
612
891
1141
1356
1545
1721
1901
2109
2356
2649
2988
3349
3707
4029
4279
4417
4426
4291
4011
3602
3089
2507
1894
1285
712
195
-255
-641
-969
-1258
-1529
-1792
-2068
-2365
-2680
-3005
-3322
-3604
-3828
-3963
-3992
-3899
-3685
-3363
-2959
-2504
-2039
-1603
-1230
-941
-754
-663
-648
-690
-744
-788
-788
-719
-576
-355
-69
263
614
964
1296
1594
1859
2091
2305
2516
2732
2964
3210
3463
3701
3908
4057
4118
4075
3916
3641
3256
2775
2226
1636
1034
450
-91
-575
-995
-1350
-1643
-1899
-2129
-2344
-2562
-2784
-3018
-3248
-3456
-3621
-3714
-3720
-3619
-3413
-3106
-2717
-2279
-1827
-1398
-1030
-748
-564
-474
-467
-516
-591
-657
-686
-649
-529
-334
-64
262
621
995
1361
1705
2017
2297
2549
2777
2992
3194
3377
3539
3669
3750
3773
3713
3565
3326
2999
2592
2115
1595
1049
497
-34
-527
-969
-1358
-1691
-1976
-2222
-2439
-2645
-2842
-3034
-3221
-3381
-3497
-3557
-3541
-3437
-3237
-2945
-2582
-2173
-1746
-1333
-969
-673
-463
-343
-296
-308
-352
-390
-403
-362
-258
-82
162
464
808
1175
1544
1898
2230
2534
2802
3034
3227
3383
3496
3568
3591
3557
3462
3300
3074
2783
2434
2030
1581
1105
617
133
-332
-775
-1179
-1543
-1870
-2161
-2423
-2659
-2875
-3073
-3240
-3372
-3453
-3471
-3417
-3279
-3059
-2770
-2419
-2033
-1638
-1256
-918
-641
-429
-290
-214
-185
-183
-184
-167
-114
-10
147
360
619
918
1239
1568
1896
2214
2509
2773
3002
3190
3331
3423
3459
3439
3354
3210
3010
2754
2451
2099
1716
1308
883
461
45
-354
-736
-1096
-1429
-1747
-2046
-2329
-2602
-2854
-3081
-3268
-3406
-3479
-3472
-3379
-3202
-2941
-2613
-2237
-1840
-1447
-1087
-785
-552
-387
-291
-250
-241
-241
-224
-175
-78
75
280
531
816
1126
1443
1754
2052
2328
2577
2793
2970
3104
3188
3221
3195
3111
2965
2762
2504
2195
1848
1471
1071
664
259
-134
-510
-868
-1197
-1505
-1792
-2059
-2309
-2540
-2749
-2932
-3073
-3163
-3193
-3153
-3034
-2839
-2580
-2264
-1913
-1547
-1196
-873
-599
-388
-242
-157
-121
-123
-136
-137
-110
-41
76
248
467
729
1016
1315
1619
1915
2195
2459
2690
2883
3035
3133
3172
3146
3054
2896
2673
2399
2080
1727
1349
965
582
205
-154
-496
-817
-1126
-1431
-1731
-2039
-2349
-2652
-2943
-3201
-3411
-3546
-3590
-3529
-3363
-3094
-2735
-2312
-1853
-1391
-958
-583
-280
-61
79
152
176
179
184
215
291
425
613
852
1130
1429
1733
2024
2289
2519
2707
2857
2960
3019
3035
3010
2936
2817
2653
2440
2184
1883
1551
1190
808
417
28
-352
-715
-1067
-1397
-1710
-2011
-2297
-2572
-2831
-3070
-3278
-3433
-3529
-3544
-3467
-3297
-3031
-2682
-2274
-1823
-1368
-930
-531
-198
59
242
356
416
443
457
483
534
631
780
976
1215
1481
1760
2041
2308
2546
2749
2905
3009
3060
3048
2977
2844
2652
2410
2122
1799
1454
1098
740
387
55
-258
-555
-839
-1110
-1380
-1653
-1929
-2215
-2504
-2785
-3045
-3263
-3421
-3498
-3479
-3353
-3120
-2788
-2383
-1925
-1449
-986
-562
-203
73
265
377
426
433
420
414
436
503
629
812
1043
1315
1612
1914
2200
2457
2673
2841
2954
3005
2995
2919
2782
2585
2335
2042
1716
1371
1018
672
340
29
-261
-531
-779
-1025
-1275
-1536
-1814
-2111
-2422
-2731
-3017
-3259
-3433
-3513
-3480
-3334
-3070
-2701
-2256
-1755
-1241
-746
-300
68
345
531
634
668
656
630
616
631
698
817
995
1219
1474
1741
1999
2230
2422
2565
2657
2692
2669
2593
2473
2316
2124
1903
1661
1403
1133
863
590
320
54
-207
-458
-710
-961
-1220
-1493
-1777
-2069
-2362
-2644
-2897
-3102
-3240
-3292
-3245
-3100
-2866
-2544
-2164
-1750
-1324
-918
-549
-239
8
187
308
383
424
459
504
571
674
814
995
1211
1447
1694
1937
2164
2366
2532
2649
2722
2741
2701
2610
2458
2255
2007
1722
1416
1098
779
468
171
-111
-376
-628
-878
-1136
-1401
-1680
-1970
-2268
-2567
-2845
-3082
-3255
-3348
-3346
-3235
-3020
-2706
-2314
-1873
-1408
-950
-527
-158
143
373
530
630
687
718
749
786
848
946
1072
1230
1413
1609
1806
1996
2167
2309
2418
2491
2518
2499
2432
2312
2142
1928
1677
1393
1094
786
482
192
-86
-348
-595
-836
-1078
-1330
-1594
-1871
-2160
-2444
-2715
-2952
-3134
-3246
-3267
-3191
-3014
-2740
-2392
-1984
-1545
-1102
-673
-289
36
303
501
643
741
803
848
892
954
1038
1151
1296
1459
1643
1833
2014
2180
2313
2409
2463
2465
2418
2319
2171
1980
1750
1490
1216
926
637
358
84
-174
-419
-659
-895
-1141
-1397
-1659
-1932
-2205
-2465
-2708
-2900
-3030
-3088
-3055
-2932
-2724
-2434
-2085
-1691
-1280
-874
-492
-155
133
369
550
685
791
873
949
1030
1119
1222
1342
1473
1618
1765
1903
2030
2142
2226
2280
2299
2279
2214
2102
1947
1746
1502
1226
920
595
264
-64
-378
-672
-949
-1201
-1430
-1636
-1826
-2003
-2164
-2311
-2436
-2540
-2608
-2632
-2606
-2518
-2369
-2153
-1873
-1546
-1183
-799
-412
-49
273
545
754
903
996
1039
1050
1048
1041
1047
1078
1134
1219
1331
1457
1589
1716
1827
1910
1952
1945
1886
1770
1601
1380
1120
825
511
195
-114
-403
-661
-884
-1072
-1221
-1341
-1435
-1516
-1593
-1664
-1739
-1813
-1877
-1929
-1954
-1941
-1879
-1757
-1580
-1341
-1050
-725
-380
-32
296
586
825
999
1112
1165
1165
1126
1073
1027
996
1001
1046
1129
1248
1387
1530
1656
1747
1791
1765
1673
1512
1286
1010
697
366
40
-265
-532
-756
-933
-1056
-1138
-1190
-1217
-1238
-1262
-1289
-1334
-1389
-1451
-1519
-1571
-1597
-1591
-1536
-1425
-1264
-1052
-798
-516
-228
52
308
517
670
773
818
813
774
713
653
600
572
584
631
711
816
934
1052
1154
1229
1256
1236
1166
1038
869
668
444
219
1
-193
-359
-490
-585
-647
-684
-705
-719
-734
-758
-800
-852
-916
-988
-1053
-1101
-1128
-1125
-1079
-991
-862
-696
-499
-282
-61
152
348
515
641
724
764
770
743
697
643
588
553
540
550
590
647
722
798
858
898
909
879
807
700
564
407
240
79
-67
-191
-289
-356
-396
-415
-415
-407
-400
-399
-406
-426
-465
-516
-574
-638
-697
-739
-755
-746
-706
-628
-524
-400
-259
-118
16
127
216
278
306
308
291
254
213
172
143
127
129
151
190
241
295
344
387
413
414
395
352
291
213
129
44
-35
-94
-140
-165
-169
-159
-134
-110
-88
-69
-65
-76
-99
-132
-170
-209
-244
-276
-294
-295
-282
-253
-209
-154
-91
-26
39
102
155
195
224
234
230
214
189
161
136
117
106
114
134
161
203
245
286
324
343
344
330
298
249
190
131
73
23
-17
-44
-57
-55
-45
-31
-17
-7
-8
-15
-33
-65
-102
-146
-190
-227
-254
-269
-267
-252
-220
-178
-134
-86
-44
-11
9
16
8
-9
-33
-61
-90
-112
-122
-122
-111
-90
-62
-26
13
47
76
90
90
83
63
33
3
-29
-57
-70
-75
-68
-46
-18
15
47
72
86
89
74
44
5
-45
-94
-139
-174
-193
-196
-185
-160
-128
-92
-59
-29
-8
4
5
-5
-23
-47
-75
-104
-132
-154
-168
-177
-174
-162
-145
-123
-99
-74
-56
-43
-37
-41
-47
-64
-83
-105
-127
-141
-148
-146
-130
-103
-69
-30
13
51
80
97
97
79
47
6
-40
-84
-119
-142
-144
-125
-88
-34
31
100
163
217
254
269
263
241
200
152
107
63
33
21
22
39
68
100
134
169
193
207
210
199
175
142
105
64
24
-8
-37
-55
-62
-56
-43
-20
8
41
79
109
134
155
162
160
149
129
98
61
23
-14
-45
-67
-80
-79
-66
-46
-17
16
47
74
86
88
71
43
2
-50
-98
-144
-182
-202
-212
-203
-176
-143
-106
-69
-35
-14
-7
-13
-36
-75
-124
-181
-242
-297
-346
-378
-390
-386
-362
-319
-263
-202
-140
-85
-38
-2
19
28
25
17
7
-6
-9
-9
1
22
53
91
133
179
220
255
283
294
292
280
254
218
181
141
106
78
61
56
64
83
113
150
185
216
244
262
268
266
251
223
191
157
121
91
68
50
42
45
58
77
101
127
152
170
175
169
151
122
84
39
-5
-45
-73
-88
-90
-81
-60
-27
8
44
73
95
106
102
85
57
16
-28
-72
-114
-150
-172
-187
-188
-179
-163
-143
-121
-102
-89
-86
-90
-102
-122
-149
-174
-202
-226
-239
-248
-246
-235
-217
-198
-171
-146
-121
-95
-77
-60
-49
-45
-47
-51
-59
-69
-81
-89
-93
-93
-87
-79
-67
-51
-37
-23
-14
-9
-8
-12
-21
-31
-42
-52
-61
-63
-60
-54
-41
-26
-8
13
37
61
84
106
125
140
152
162
169
172
170
164
158
151
145
139
134
135
133
135
140
146
150
159
163
164
165
159
154
147
136
128
119
114
110
111
112
111
110
107
103
97
87
75
62
51
40
29
18
12
6
-3
-8
-15
-21
-25
-29
-34
-33
-34
-31
-22
-16
-9
-1
5
10
12
10
6
-1
-10
-18
-25
-34
-42
-46
-49
-50
-50
-50
-49
-48
-50
-56
-61
-70
-83
-93
-101
-108
-114
-114
-114
-111
-105
-99
-93
-89
-87
-86
-84
-85
-87
-90
-92
-95
-97
-96
-98
-94
-89
-88
-81
-73
-68
-58
-51
-45
-37
-34
-32
-33
-33
-32
-33
-30
-27
-27
-26
-21
-21
-22
-21
-20
-23
-21
-20
-21
-20
-20
-22
-24
-22
-22
-21
-19
-15
-10
-7
1
9
16
24
30
35
41
44
47
51
53
56
59
63
64
66
66
65
64
62
58
58
58
54
58
59
58
59
62
63
63
66
67
69
72
74
76
77
76
73
69
65
60
55
51
43
40
36
31
29
28
25
23
23
19
14
10
4
0
-2
-1
-6
-5
-5
-6
-5
-7
-8
-7
-6
-8
-7
-5
-5
-3
1
4
12
15
23
29
31
37
38
36
33
27
22
11
-1
-12
-20
-31
-38
-44
-48
-53
-57
-59
-62
-59
-60
-58
-54
-52
-49
-46
-41
-36
-33
-32
-32
-27
-24
-20
-16
-13
-13
-13
-9
-10
-8
-7
-6
-6
-6
-4
-1
3
10
15
22
31
41
54
64
71
80
87
90
93
92
90
89
87
85
78
72
65
59
52
42
34
26
18
10
2
-6
-13
-20
-26
-34
-43
-45
-49
-55
-57
-57
-55
-54
-52
-52
-50
-49
-52
-53
-53
-55
-57
-62
-67
-72
-73
-77
-78
-78
-81
-80
-77
-74
-73
-71
-67
-67
-66
-61
-59
-54
-44
-38
-33
-26
-22
-18
-12
-11
-8
-2
-2
0
5
8
10
14
17
20
20
22
22
24
24
23
19
18
17
16
15
11
10
7
4
5
7
5
9
11
12
18
19
21
25
25
23
23
19
16
13
8
7
3
0
0
-3
-5
-5
-8
-12
-10
-14
-14
-15
-16
-16
-14
-13
-11
-6
-4
1
8
13
21
28
33
37
42
44
43
44
42
43
41
42
44
41
43
45
45
49
53
55
57
61
63
67
69
70
70
68
68
68
65
64
61
56
52
46
41
30
21
13
5
-5
-11
-15
-21
-27
-32
-35
-38
-40
-46
-46
-47
-49
-49
-46
-43
-43
-40
-35
-33
-30
-27
-26
-26
-25
-26
-24
-23
-23
-19
-15
-14
-11
-8
-8
-6
-2
2
7
11
19
24
30
38
38
42
48
50
53
55
53
52
49
45
42
38
35
31
29
27
25
23
22
18
16
11
6
3
-1
-7
-12
-18
-28
-37
-42
-47
-53
-55
-55
-59
-59
-57
-57
-59
-61
-60
-60
-61
-59
-56
-56
-54
-51
-45
-37
-32
-24
-18
-11
-4
4
10
13
19
25
30
34
37
42
44
49
47
49
51
48
47
47
45
45
44
44
44
42
40
39
36
32
26
20
11
1
-4
-10
-16
-21
-26
-29
-29
-30
-32
-31
-31
-37
-36
-40
-45
-49
-53
-55
-59
-63
-65
-65
-66
-66
-62
-59
-52
-47
-42
-33
-27
-25
-21
-18
-13
-7
-7
-4
2
3
8
13
16
20
25
28
33
35
37
39
42
43
42
43
43
42
41
37
29
26
23
20
21
18
19
19
19
18
16
13
9
4
-1
-9
-19
-27
-36
-46
-50
-57
-64
-63
-63
-64
-64
-64
-63
-62
-61
-62
-59
-57
-59
-57
-54
-52
-50
-47
-42
-36
-28
-21
-15
-11
-4
4
8
14
17
20
26
26
26
25
25
24
25
28
29
33
36
40
43
44
44
44
44
41
39
37
31
30
28
22
19
12
6
4
0
-4
-6
-6
-7
-7
-9
-9
-8
-10
-9
-8
-9
-10
-14
-17
-16
-16
-16
-13
-8
-5
-2
0
1
1
1
3
2
3
2
4
5
5
8
10
12
17
21
22
23
23
23
25
25
21
19
19
16
16
17
17
17
17
16
13
13
13
13
14
11
12
13
10
9
6
4
4
2
3
5
6
8
9
12
15
17
19
19
20
18
15
14
10
7
3
2
0
-3
-4
-6
-10
-12
-14
-15
-18
-20
-21
-26
-26
-30
-32
-35
-38
-38
-42
-44
-39
-39
-38
-36
-38
-38
-36
-35
-31
-31
-29
-25
-24
-22
-21
-17
-14
-12
-7
-3
1
7
10
12
15
18
20
22
28
31
33
32
32
30
31
32
29
30
32
31
31
29
27
26
23
20
18
15
12
8
5
0
-3
-9
-13
-18
-24
-29
-33
-34
-38
-39
-38
-35
-33
-30
-27
-24
-23
-22
-21
-17
-12
-9
-7
-1
3
7
13
15
19
26
30
33
37
42
44
46
48
48
50
53
58
58
60
58
57
59
55
52
51
47
44
41
37
32
28
22
13
7
1
-5
-12
-16
-21
-25
-30
-37
-42
-46
-54
-57
-60
-65
-65
-65
-66
-64
-63
-60
-58
-56
-52
-47
-45
-42
-37
-33
-26
-21
-19
-13
-8
-2
4
8
13
18
22
26
30
32
32
35
39
39
42
43
42
42
41
40
38
33
31
27
24
23
18
15
11
6
5
-2
-5
-10
-15
-19
-23
-26
-29
-34
-36
-40
-44
-48
-50
-53
-57
-59
-60
-61
-60
-58
-56
-53
-52
-50
-41
-36
-32
-25
-19
-16
-12
-5
-1
3
6
9
15
19
22
26
28
32
32
31
34
38
43
44
47
49
52
55
58
58
61
63
63
62
62
60
58
59
53
44
40
35
31
26
19
12
5
0
-6
-14
-16
-20
-26
-30
-34
-36
-36
-36
-36
-38
-33
-34
-34
-33
-33
-30
-28
-29
-31
-30
-28
-25
-20
-18
-16
-15
-13
-8
-3
2
6
9
13
16
21
26
28
33
40
45
51
58
64
68
70
70
68
70
66
63
61
55
51
46
39
31
23
18
11
3
-3
-10
-17
-24
-30
-33
-39
-46
-50
-53
-59
-62
-63
-63
-65
-67
-66
-67
-68
-65
-66
-66
-64
-64
-61
-59
-57
-54
-48
-45
-43
-36
-29
-23
-18
-11
-4
4
10
16
24
31
39
45
53
59
62
66
68
69
69
65
62
60
57
53
49
46
39
34
30
25
19
14
6
1
-3
-9
-15
-18
-23
-28
-33
-37
-42
-44
-45
-46
-47
-51
-55
-56
-58
-58
-59
-60
-60
-61
-57
-54
-52
-46
-42
-41
-37
-31
-25
-16
-12
-7
0
8
14
20
27
33
38
46
49
55
60
62
68
70
70
70
67
65
66
62
58
56
50
47
44
41
37
28
24
19
14
13
8
4
0
-5
-9
-16
-18
-21
-25
-27
-33
-35
-36
-38
-40
-40
-42
-45
-44
-45
-45
-44
-44
-43
-40
-41
-37
-32
-31
-26
-23
-19
-13
-10
-7
-2
3
6
11
15
19
19
23
26
26
28
29
30
31
29
24
20
19
19
21
22
19
16
17
16
16
15
15
15
15
15
15
15
13
11
10
9
5
6
2
2
3
-1
-3
-8
-9
-11
-14
-13
-15
-16
-17
-18
-19
-18
-13
-16
-15
-13
-13
-12
-13
-11
-10
-11
-11
-10
-9
-6
-6
-4
-3
-3
-2
1
3
1
0
3
6
8
7
10
11
14
19
20
20
21
21
21
21
20
18
18
20
21
19
17
17
16
15
15
13
14
11
11
11
8
8
9
8
8
6
8
9
6
6
5
1
-4
-5
-10
-14
-18
-22
-23
-26
-31
-31
-35
-36
-38
-40
-41
-42
-41
-40
-39
-35
-36
-34
-34
-33
-28
-26
-25
-24
-22
-20
-16
-15
-11
-6
-3
-2
1
3
6
13
16
21
25
28
34
39
45
47
50
54
55
60
60
62
62
61
62
60
57
53
49
46
41
34
28
24
20
12
6
-3
-10
-15
-21
-26
-33
-40
-44
-47
-54
-56
-60
-64
-67
-69
-73
-75
-75
-74
-74
-72
-72
-70
-67
-61
-60
-56
-50
-42
-33
-29
-20
-12
-4
6
13
20
30
38
47
53
60
65
71
76
80
82
81
83
84
80
78
76
72
69
65
62
56
51
45
35
29
22
13
6
-1
-8
-14
-19
-29
-38
-43
-51
-57
-64
-73
-77
-83
-87
-91
-95
-96
-98
-96
-94
-93
-90
-83
-78
-74
-67
-62
-54
-45
-38
-28
-20
-12
-1
9
19
27
33
42
51
56
60
62
66
70
71
70
72
71
71
70
69
69
67
62
60
59
55
53
49
45
39
32
28
22
18
14
7
-3
-8
-12
-20
-27
-36
-43
-47
-53
-59
-64
-68
-70
-71
-71
-71
-70
-69
-66
-62
-61
-56
-50
-45
-40
-35
-30
-24
-18
-11
-7
1
5
10
14
19
23
26
31
33
37
43
43
45
49
51
52
55
55
55
57
56
57
56
56
57
54
50
49
45
40
36
32
27
22
14
9
1
-3
-10
-17
-22
-29
-33
-36
-43
-45
-47
-51
-51
-53
-54
-54
-51
-51
-48
-43
-40
-37
-33
-32
-28
-23
-21
-18
-14
-9
-5
0
8
10
10
14
18
23
27
29
35
39
45
48
50
55
55
56
57
55
60
56
55
56
52
51
46
42
36
31
27
22
16
11
6
-1
-8
-13
-19
-23
-32
-39
-41
-44
-52
-56
-56
-59
-60
-65
-63
-63
-65
-61
-61
-57
-53
-54
-47
-43
-41
-36
-33
-27
-22
-19
-13
-8
-1
5
9
17
25
31
38
43
48
52
56
61
63
67
72
73
73
70
72
72
68
66
64
60
60
53
47
46
40
36
29
23
18
9
2
-5
-8
-14
-21
-26
-30
-32
-37
-42
-46
-49
-53
-55
-57
-61
-62
-64
-63
-63
-64
-63
-63
-60
-57
-54
-52
-49
-41
-36
-33
-29
-25
-21
-15
-10
-4
5
11
16
21
32
36
40
45
44
50
52
52
54
54
57
59
59
57
53
50
47
42
41
36
34
30
26
25
20
15
13
6
3
2
-5
-9
-13
-18
-23
-28
-32
-36
-41
-43
-45
-49
-52
-54
-55
-55
-56
-59
-60
-57
-55
-52
-49
-46
-42
-37
-31
-28
-24
-21
-15
-8
-3
4
9
14
20
23
27
31
32
32
34
36
36
38
37
39
38
39
40
40
41
40
38
38
36
33
33
30
27
20
19
17
9
7
0
-5
-10
-17
-23
-26
-31
-35
-38
-40
-44
-44
-47
-49
-49
-52
-50
-49
-46
-42
-41
-37
-33
-30
-26
-22
-18
-15
-10
-8
-5
0
2
7
7
12
15
19
22
22
27
31
35
36
36
39
41
41
43
41
40
43
44
43
42
38
35
30
25
20
15
9
4
0
-3
-6
-13
-16
-17
-19
-23
-27
-29
-31
-32
-32
-33
-31
-32
-30
-27
-25
-25
-25
-24
-23
-22
-24
-24
-23
-21
-21
-21
-19
-18
-16
-14
-9
-7
-7
-1
3
5
7
11
16
21
24
27
30
33
36
39
39
39
39
39
37
38
38
37
35
34
30
31
27
22
19
14
10
7
4
0
0
-6
-9
-7
-7
-9
-12
-15
-15
-17
-20
-23
-25
-26
-27
-25
-27
-26
-24
-24
-24
-23
-26
-27
-28
-28
-26
-26
-25
-22
-20
-18
-15
-15
-14
-12
-9
-6
-8
-5
-2
-1
1
3
6
8
11
11
12
12
11
11
10
7
8
7
6
9
10
11
9
9
12
14
14
14
13
13
15
16
16
17
18
18
19
17
15
17
16
15
15
13
11
10
9
5
6
3
-2
-2
-5
-9
-13
-15
-19
-22
-20
-20
-20
-19
-19
-19
-18
-18
-17
-20
-19
-18
-16
-15
-16
-16
-15
-14
-12
-10
-12
-9
-7
-5
-1
-1
2
2
2
6
10
12
13
16
19
21
22
24
26
31
36
35
35
37
38
38
35
36
33
31
29
26
23
18
17
16
12
12
10
6
3
0
-2
-5
-5
-6
-9
-8
-8
-8
-9
-11
-12
-11
-12
-11
-10
-12
-13
-11
-8
-10
-9
-7
-8
-8
-7
-8
-8
-6
-6
-3
-1
0
2
3
5
10
13
14
15
15
15
20
21
18
16
16
15
15
13
12
10
9
8
5
2
0
-2
-4
-4
-6
-11
-13
-12
-13
-14
-13
-14
-16
-15
-13
-11
-10
-9
-11
-12
-10
-10
-10
-8
-9
-7
-5
-8
-8
-8
-9
-7
-6
-6
-7
-7
-4
-1
2
4
4
5
7
9
10
11
12
12
16
17
15
18
20
19
19
18
17
15
12
8
5
5
1
-2
-2
-4
-3
-1
-5
-5
-6
-9
-11
-11
-12
-13
-13
-14
-15
-15
-14
-16
-14
-12
-12
-13
-15
-17
-16
-15
-13
-14
-12
-10
-9
-6
-4
-5
-5
-4
-6
-3
-3
0
1
4
6
7
8
8
9
8
7
6
4
3
3
4
2
2
0
0
-1
2
2
-1
0
-2
-1
-2
-4
-3
-5
-4
-2
-1
-2
-3
-3
-2
0
0
-3
-4
-2
-2
-1
-3
-3
-3
-4
-3
-2
-8
-9
-10
-10
-10
-12
-14
-15
-14
-13
-13
-11
-10
-9
-6
-5
-4
-6
-7
-8
-7
-8
-8
-5
-3
-2
-4
-2
-2
-1
-2
-4
-4
-4
-7
-6
-4
-7
-7
-5
-6
-9
-9
-6
-4
0
-2
0
3
4
5
7
12
10
11
14
15
20
22
20
22
19
21
20
20
21
19
18
17
16
14
11
12
11
8
3
-1
-2
-3
-6
-8
-7
-8
-11
-14
-14
-17
-17
-14
-18
-21
-24
-23
-22
-24
-25
-28
-29
-27
-24
-22
-20
-19
-17
-17
-12
-10
-7
-1
-2
0
4
6
12
17
23
26
28
31
36
38
38
41
40
38
39
41
46
46
41
40
31
27
27
20
18
16
11
10
5
2
1
-3
-8
-11
-14
-17
-19
-21
-25
-26
-29
-30
-30
-34
-31
-31
-31
-30
-32
-32
-29
-30
-29
-29
-31
-27
-25
-20
-17
-17
-15
-12
-7
-3
1
4
8
11
14
18
22
25
27
31
34
37
40
42
43
39
39
40
38
37
34
33
30
27
27
25
20
15
13
10
4
3
-3
-7
-8
-11
-13
-15
-17
-16
-19
-23
-25
-25
-26
-27
-27
-28
-31
-35
-35
-35
-37
-36
-34
-31
-30
-30
-28
-26
-26
-23
-22
-22
-16
-13
-9
-4
-1
3
6
10
16
20
22
26
31
35
36
37
38
39
43
42
44
44
39
40
40
35
34
30
27
28
24
22
20
19
17
12
8
7
6
1
1
-3
-6
-7
-8
-9
-11
-13
-16
-16
-18
-21
-22
-23
-21
-24
-27
-26
-24
-25
-25
-22
-23
-24
-24
-19
-18
-19
-17
-14
-12
-7
-4
-2
-1
0
1
2
1
3
5
5
7
6
3
3
2
1
-2
-1
1
1
3
2
1
0
2
2
0
3
3
2
7
7
6
7
5
5
5
3
1
3
2
0
1
-1
-6
-9
-10
-10
-10
-12
-11
-12
-13
-12
-11
-13
-12
-12
-11
-8
-7
-6
-4
-5
-2
1
2
5
6
7
6
7
10
12
9
10
10
9
10
11
12
14
14
13
14
14
14
15
14
15
14
10
11
11
9
9
9
9
7
3
3
4
-2
-4
-5
-9
-11
-15
-19
-20
-20
-24
-24
-25
-27
-27
-28
-26
-24
-25
-25
-25
-23
-19
-16
-15
-11
-9
-9
-7
-4
-1
0
0
2
4
5
8
9
12
12
13
14
15
18
20
21
22
20
24
24
26
29
29
29
29
28
29
26
25
23
21
22
21
18
15
14
11
7
4
-1
-4
-6
-11
-13
-17
-21
-23
-25
-24
-22
-25
-24
-23
-24
-25
-26
-26
-26
-25
-24
-23
-20
-19
-16
-15
-16
-12
-13
-12
-8
-7
-5
-5
-4
1
3
2
5
6
8
9
12
13
14
14
18
21
22
23
26
25
27
27
26
27
24
21
19
16
15
13
8
6
4
3
2
0
-3
-4
-6
-9
-11
-14
-17
-17
-19
-20
-20
-20
-18
-16
-16
-14
-14
-15
-12
-11
-10
-9
-9
-7
-4
-5
-4
-3
0
4
4
6
10
10
9
9
9
9
9
9
10
14
13
10
9
7
6
4
1
2
2
0
0
0
0
-2
-3
-5
-7
-8
-11
-11
-11
-12
-13
-16
-16
-16
-16
-14
-11
-10
-10
-10
-6
-6
-7
-8
-6
-4
-5
-2
-1
1
2
2
4
5
5
6
5
5
4
3
5
5
8
9
10
12
11
9
10
12
12
12
11
12
12
13
11
9
13
12
11
13
12
10
8
5
0
-5
-7
-7
-7
-7
-6
-8
-10
-11
-14
-17
-19
-18
-19
-21
-20
-15
-14
-16
-14
-14
-11
-10
-8
-7
-6
-6
-5
-5
-5
-3
-2
-1
-2
-1
0
-1
-3
-2
-3
-4
-1
-3
-2
0
0
-1
0
3
3
5
6
5
5
5
