-1
-2
-4
-6
-7
-7
-9
-10
-11
-11
-10
-12
-15
-16
-14
-14
-15
-17
-18
-17
-19
-19
-21
-27
-30
-34
-38
-42
-42
-41
-41
-41
-42
-42
-43
-42
-41
-41
-37
-37
-38
-39
-40
-41
-40
-40
-39
-38
-38
-36
-34
-34
-34
-39
-41
-45
-46
-48
-47
-45
-43
-37
-36
-36
-35
-35
-33
-35
-36
-35
-38
-39
-35
-39
-38
-36
-36
-33
-34
-31
-31
-36
-34
-33
-35
-34
-38
-37
-35
-33
-28
-25
-23
-21
-21
-21
-20
-18
-16
-12
-10
-7
-2
-1
-3
-3
-2
-3
-3
2
3
3
4
4
5
6
8
12
14
15
18
18
15
16
16
17
21
21
22
28
33
36
37
38
39
36
33
29
26
25
23
18
17
18
18
20
20
20
21
19
20
21
17
17
14
10
13
11
8
3
1
0
1
4
3
2
1
-1
-4
-4
-6
-7
-6
-6
-3
-7
-11
-11
-17
-21
-21
-23
-21
-23
-27
-24
-27
-23
-19
-23
-26
-27
-29
-27
-28
-28
-26
-24
-21
-20
-21
-21
-21
-20
-16
-16
-13
-14
-14
-11
-13
-12
-8
-6
-5
-1
2
5
5
5
5
2
2
7
8
7
7
5
6
6
4
5
7
13
15
17
19
20
19
20
20
18
22
24
20
23
25
23
22
22
20
19
21
19
18
20
13
9
7
5
2
1
-1
0
0
-1
0
-1
-1
-2
-3
-4
-2
-2
-3
-3
-5
-5
-4
-2
-1
0
-1
2
3
1
3
3
0
3
2
3
7
2
2
3
4
6
7
6
8
10
9
10
10
9
11
10
8
8
9
7
5
4
3
3
0
3
7
6
10
13
13
17
16
14
13
12
13
12
9
6
5
5
4
1
-1
-1
-4
-6
-5
-5
-8
-11
-15
-17
-15
-16
-16
-15
-16
-15
-11
-11
-10
-12
-10
-9
-10
-7
-8
-9
-8
-10
-11
-11
-12
-13
-12
-15
-15
-12
-12
-15
-17
-19
-21
-22
-20
-18
-18
-15
-11
-10
-13
-15
-14
-14
-15
-15
-13
-11
-9
-8
-9
-7
-6
-7
-6
-2
-5
-7
-7
-7
-5
-4
0
3
6
8
10
10
10
9
4
5
7
6
7
5
2
1
0
-3
-6
-5
-3
-1
-1
-1
2
1
-3
-3
-6
-4
-1
-5
-3
-4
-7
-5
-5
-7
-5
-3
-4
-1
-2
-4
-3
-7
-10
-8
-9
-5
-3
-6
-7
-7
-9
-9
-9
-11
-6
-3
-1
2
0
0
-1
-3
0
0
1
4
6
4
5
10
15
13
15
16
16
19
20
19
19
19
21
22
25
26
27
27
26
27
25
28
27
29
29
26
27
24
24
23
21
19
19
22
22
23
25
24
27
27
25
23
21
19
17
17
18
20
19
17
17
15
13
11
8
8
7
8
10
7
5
4
1
0
0
-1
0
2
1
1
4
4
7
9
11
12
11
13
10
9
9
6
7
8
9
9
12
13
9
9
7
7
10
10
11
12
11
12
13
11
8
9
7
7
7
7
9
11
10
11
11
10
9
5
2
2
1
2
2
1
0
0
1
0
1
2
2
1
2
3
5
5
4
2
2
0
1
1
0
-1
-3
-3
-5
-8
-5
-5
-7
-9
-10
-12
-13
-16
-16
-12
-11
-9
-5
-6
-5
-4
-5
-6
-7
-8
-9
-8
-6
-6
-6
-5
-2
-3
0
0
-1
2
2
0
-1
0
-1
0
0
-2
0
0
2
2
3
5
8
7
9
8
8
11
6
4
0
-2
-4
-6
-8
-9
-9
-11
-12
-10
-10
-9
-10
-13
-13
-11
-11
-12
-11
-13
-14
-13
-15
-15
-13
-14
-12
-13
-12
-10
-13
-17
-15
-15
-16
-17
-15
-14
-14
-14
-15
-16
-18
-17
-20
-20
-20
-20
-20
-21
-21
-18
-16
-15
-17
-18
-17
-18
-18
-16
-19
-19
-17
-16
-15
-16
-15
-15
-15
-16
-16
-14
-12
-15
-17
-16
-13
-13
-12
-12
-8
-8
-8
-8
-8
-8
-9
-11
-11
-12
-13
-12
-12
-8
-8
-9
-8
-8
-6
-7
-8
-8
-7
-5
-7
-8
-4
-5
-6
-5
-2
0
2
5
9
12
13
16
17
18
18
20
23
23
26
28
27
31
31
32
33
31
30
31
32
32
29
26
26
24
26
21
18
17
14
12
13
14
11
9
11
12
14
13
10
8
12
13
13
13
11
14
13
14
16
14
13
10
8
9
11
11
13
17
17
18
18
18
19
17
18
21
23
24
21
20
20
17
16
14
13
15
13
13
12
7
3
0
-3
-4
-5
-10
-14
-14
-17
-19
-19
-23
-21
-20
-20
-19
-21
-21
-19
-19
-19
-18
-17
-18
-19
-20
-19
-18
-16
-14
-16
-13
-12
-14
-15
-16
-18
-20
-23
-20
-15
-19
-17
-19
-20
-18
-21
-23
-22
-21
-20
-22
-22
-21
-24
-27
-29
-27
-25
-26
-27
-25
-22
-19
-19
-19
-13
-14
-14
-10
-10
-11
-11
-9
-5
-5
-5
-3
-2
-1
3
1
2
3
5
6
3
6
6
5
3
3
7
6
6
9
8
11
10
9
9
6
6
7
7
6
6
8
9
8
8
9
10
11
13
13
13
12
15
16
15
15
17
20
20
20
21
21
21
23
23
23
22
20
19
15
15
14
12
12
9
7
3
-1
0
-4
-3
-2
-6
-6
-5
-5
-7
-7
-6
-9
-10
-9
-8
-9
-11
-11
-12
-13
-12
-15
-15
-16
-17
-20
-19
-20
-23
-22
-22
-18
-17
-19
-18
-17
-15
-15
-15
-14
-13
-11
-9
-9
-10
-12
-14
-18
-18
-13
-14
-15
-16
-20
-19
-20
-21
-22
-23
-23
-24
-22
-20
-21
-21
-21
-21
-19
-15
-12
-9
-8
-6
-4
-3
-1
-3
-4
-2
1
0
-1
1
2
1
2
3
3
3
5
6
7
9
10
10
8
7
10
8
10
10
11
10
10
10
9
10
8
5
5
4
3
1
3
3
3
5
3
6
7
5
5
5
5
5
5
7
7
7
5
5
9
10
10
11
8
8
9
7
5
4
7
4
2
-2
-6
-7
-12
-10
-8
-9
-6
-5
-7
-8
-7
-9
-9
-6
-7
-6
-1
-4
-4
-7
-12
-9
-10
-7
-6
-6
-4
-4
-3
-5
-6
-7
-9
-9
-11
-12
-10
-12
-13
-13
-15
-17
-16
-16
-17
-16
-16
-17
-16
-17
-21
-19
-19
-21
-20
-21
-21
-20
-22
-20
-20
-19
-20
-17
-16
-17
-17
-16
-14
-15
-12
-12
-12
-8
-8
-6
-6
-6
-4
-5
-4
-2
-4
-1
-2
-2
-1
2
3
0
0
1
2
4
4
4
4
4
3
2
2
3
5
3
3
3
4
5
3
2
3
2
5
4
3
7
8
8
8
8
9
9
11
12
14
15
16
13
15
18
14
16
15
16
17
17
20
22
24
25
24
23
24
24
22
23
27
27
28
29
30
28
29
30
27
30
31
31
33
32
32
33
35
34
34
34
36
37
38
37
36
40
41
41
41
39
41
42
41
42
41
41
42
40
40
35
35
34
30
32
30
29
31
29
26
24
24
27
26
25
26
25
25
24
21
21
22
20
20
20
20
19
17
18
16
17
16
11
12
14
10
8
10
9
8
6
6
6
2
0
2
2
2
1
3
2
1
0
-2
-1
-1
-4
-2
-1
0
-2
-4
-2
-6
-7
-5
-9
-10
-10
-13
-14
-16
-16
-19
-20
-19
-20
-21
-20
-20
-21
-21
-23
-24
-23
-23
-26
-27
-22
-19
-20
-20
-21
-19
-19
-18
-16
-16
-16
-14
-13
-11
-10
-9
-7
-8
-4
-3
-2
0
-1
0
2
1
0
2
2
3
5
6
7
7
10
9
9
10
10
10
11
13
14
15
14
15
16
18
18
16
14
17
17
13
14
16
16
16
15
14
16
17
14
14
14
17
17
17
19
21
19
20
21
21
21
21
22
26
25
25
23
25
25
21
21
19
17
17
17
18
18
18
13
9
12
11
9
10
9
8
10
10
10
11
9
7
8
9
9
8
7
7
7
7
3
4
3
2
3
1
1
1
1
4
2
2
1
0
2
4
4
3
5
3
3
4
5
6
6
7
5
3
3
3
0
0
1
0
2
2
0
2
1
-3
-4
-2
-3
-3
-1
-2
-2
-4
-3
-2
-4
-4
-5
-7
-7
-6
-5
-5
-5
-6
-9
-9
-11
-12
-13
-14
-13
-11
-12
-13
-14
-15
-17
-18
-19
-19
-21
-18
-16
-16
-16
-16
-16
-17
-18
-18
-18
-19
-19
-16
-17
-16
-14
-18
-18
-17
-17
-19
-17
-14
-14
-14
-14
-13
-12
-13
-11
-13
-14
-15
-17
-14
-15
-16
-17
-17
-16
-17
-18
-18
-17
-18
-17
-16
-17
-15
-16
-18
-15
-18
-18
-18
-19
-18
-18
-19
-20
-21
-21
-20
-17
-16
-18
-17
-17
-16
-15
-17
-16
-17
-17
-16
-16
-16
-15
-15
-16
-19
-20
-19
-17
-18
-17
-14
-14
-15
-13
-14
-11
-11
-11
-10
-10
-10
-12
-13
-14
-11
-8
-9
-6
-5
-3
-3
-2
0
-1
-3
-5
-3
-1
-2
-1
-1
0
4
-1
-4
-5
-5
-4
-5
-5
-4
-5
-4
-4
-4
-6
-7
-8
-5
-4
-2
0
-2
-2
-1
-3
-2
1
-1
-1
2
2
1
3
4
5
6
5
6
8
10
13
14
15
20
18
20
22
22
26
27
30
35
32
36
36
34
34
35
32
32
33
33
31
30
30
28
31
29
28
28
26
25
25
24
26
25
26
25
24
23
24
23
21
21
19
18
18
17
20
18
18
20
17
17
17
17
16
16
18
17
15
14
16
16
17
16
17
18
19
18
19
19
20
19
18
19
20
19
17
19
17
14
15
14
13
12
10
12
12
9
10
10
11
15
14
13
14
13
15
11
10
8
7
7
9
9
8
8
4
2
4
1
1
0
-1
0
-2
0
1
-1
-1
-4
-4
-5
-5
-2
-2
-3
0
-1
-3
-4
-3
-4
-5
-7
-7
-6
-5
-4
-6
-7
-8
-9
-9
-7
-7
-7
-6
-5
-5
-5
-5
-4
-5
-5
-5
-5
-6
-4
-5
-7
-7
-8
-10
-10
-10
-10
-11
-12
-11
-13
-11
-10
-11
-10
-10
-12
-13
-13
-14
-13
-14
-15
-11
-13
-13
-12
-11
-11
-14
-14
-13
-12
-13
-12
-9
-12
-14
-13
-15
-14
-14
-17
-15
-17
-20
-23
-23
-25
-27
-25
-27
-30
-32
-32
-33
-33
-33
-36
-39
-39
-38
-41
-41
-43
-45
-42
-41
-42
-40
-38
-34
-33
-34
-33
-30
-27
-27
-23
-23
-22
-20
-19
-17
-21
-20
-17
-18
-17
-16
-15
-16
-16
-17
-14
-13
-14
-11
-10
-9
-11
-10
-8
-6
-6
-6
-5
-4
-6
-5
-6
-7
-8
-8
-7
-8
-7
-7
-9
-10
-11
-12
-14
-12
-14
-14
-14
-16
-16
-16
-17
-13
-12
-14
-15
-13
-14
-13
-10
-11
-9
-7
-7
-6
-6
-4
-2
-1
2
4
4
5
8
9
11
12
12
14
13
14
16
14
14
14
12
13
13
12
13
10
8
8
6
5
4
3
2
0
-3
-5
-5
-7
-7
-5
-5
-7
-8
-10
-13
-12
-13
-12
-11
-11
-12
-12
-13
-14
-17
-17
-16
-15
-13
-11
-12
-14
-9
-8
-8
-3
1
0
5
8
7
10
12
16
19
19
22
22
24
26
25
27
28
27
29
28
25
24
25
24
23
22
22
22
22
21
18
16
13
11
8
8
7
4
1
-3
-3
-6
-7
-9
-9
-11
-14
-13
-14
-16
-15
-18
-18
-15
-16
-15
-16
-15
-12
-14
-14
-11
-9
-10
-9
-10
-11
-8
-6
-7
-5
-4
-4
-4
-3
-2
1
3
6
8
9
13
13
12
16
18
21
24
25
26
26
27
25
24
26
26
26
28
27
26
23
20
19
17
16
15
11
11
8
5
7
5
6
7
5
5
2
-4
-3
0
-2
-2
2
0
-1
-2
-4
-5
-10
-12
-11
-12
-14
-15
-14
-15
-14
-14
-13
-11
-10
-8
-10
-8
-7
-8
-5
-4
-5
-3
-2
-3
-3
-3
-2
-2
1
-1
1
2
1
4
4
3
2
2
3
5
6
4
5
4
2
3
2
5
4
0
-1
-1
-1
-2
-1
-1
-2
-4
-6
-7
-9
-9
-9
-9
-7
-9
-10
-10
-10
-10
-12
-10
-8
-10
-8
-10
-11
-12
-14
-12
-11
-10
-11
-12
-12
-14
-15
-15
-15
-14
-12
-11
-13
-13
-13
-12
-10
-9
-9
-9
-6
-4
-4
-2
-2
-2
-1
0
2
-1
0
0
0
2
0
-1
0
0
1
1
0
-1
3
3
3
4
7
7
5
5
3
2
4
3
4
5
4
2
-1
-2
-4
-6
-9
-8
-6
-8
-9
-10
-13
-14
-13
-12
-13
-13
-10
-7
-7
-6
-4
-1
-3
-2
0
-1
1
0
0
3
4
4
3
4
3
4
4
4
5
5
8
8
7
7
5
10
12
11
13
16
17
15
16
17
16
18
17
18
20
19
19
18
17
18
16
17
15
14
16
14
13
13
15
15
15
16
15
14
16
14
15
16
17
19
20
19
20
21
22
19
19
21
18
17
18
21
20
20
22
21
19
22
22
22
24
23
27
26
25
25
23
26
23
22
25
26
26
29
29
28
27
25
25
26
22
21
21
20
19
17
17
16
14
16
17
15
13
13
12
10
12
10
10
12
12
12
12
10
7
8
7
6
5
6
6
6
4
4
5
3
3
2
5
5
6
6
3
3
3
2
1
0
-1
-2
-1
-4
-2
1
-1
0
0
-1
-1
-3
-3
-4
-2
2
1
0
1
1
-2
-3
-3
-5
-5
-7
-8
-6
-8
-9
-9
-10
-12
-12
-16
-18
-19
-18
-18
-16
-17
-17
-17
-20
-21
-23
-23
-22
-22
-20
-23
-21
-20
-20
-18
-20
-22
-20
-19
-19
-17
-17
-18
-17
-18
-17
-14
-14
-16
-13
-11
-11
-8
-9
-9
-6
-6
-6
-4
-3
-2
-1
-1
0
-1
-3
-2
-3
-2
-1
0
1
3
2
0
0
-1
0
1
2
1
1
0
0
-1
-2
-2
0
-1
-4
-3
-4
-4
-5
-6
-5
-4
-3
-4
-3
-3
-3
-3
-2
-1
0
2
1
1
3
3
4
4
4
5
5
6
6
7
6
7
6
8
8
6
7
6
6
10
11
12
13
13
14
16
17
17
16
16
17
17
18
18
19
18
17
18
17
16
16
16
16
13
12
11
6
8
8
7
7
8
6
4
3
4
5
3
2
1
3
3
2
1
1
2
2
2
1
2
2
2
2
3
4
7
5
5
8
7
7
8
9
12
14
12
13
12
11
13
13
14
16
13
14
14
13
15
19
19
20
19
19
22
21
22
21
20
20
19
17
16
15
16
17
15
14
16
15
13
12
13
10
10
7
4
4
3
4
3
1
0
-3
-5
-3
-5
-6
-4
-6
-6
-5
-5
-5
-6
-5
-2
0
-2
-1
0
-2
-3
-3
-2
0
-2
-1
-3
-2
-1
0
0
-1
-2
-4
-5
-5
-7
-6
-8
-10
-10
-11
-13
-14
-14
-15
-16
-20
-24
-25
-27
-29
-28
-29
-30
-28
-27
-28
-25
-20
-18
-17
-15
-13
-11
-10
-8
-6
-4
-5
-5
-3
-3
-4
-4
-5
-4
-6
-8
-7
-8
-10
-9
-10
-12
-12
-12
-13
-10
-11
-12
-13
-14
-13
-13
-16
-16
-19
-19
-18
-17
-16
-13
-14
-15
-16
-20
-19
-20
-23
-25
-28
-32
-33
-32
-35
-33
-34
-35
-38
-40
-42
-46
-51
-57
-62
-68
-76
-83
-89
-95
-102
-111
-118
-129
-140
-148
-156
-162
-168
-179
-184
-190
-196
-199
-200
-202
-203
-206
-209
-209
-212
-212
-210
-210
-209
-206
-205
-204
-202
-202
-201
-202
-203
-202
-202
-204
-206
-211
-213
-216
-220
-219
-221
-221
-216
-210
-201
-189
-183
-176
-171
-169
-167
-161
-155
-148
-140
-132
-123
-115
-107
-98
-89
-77
-65
-54
-37
-22
-11
3
18
33
50
66
80
96
110
126
141
152
162
168
172
180
187
199
211
221
226
233
242
246
255
259
253
249
238
231
228
224
222
218
216
221
221
224
226
227
231
234
239
240
242
242
243
244
244
245
243
239
234
229
228
226
226
226
227
229
227
229
227
226
222
217
214
213
214
211
205
196
189
188
188
188
187
186
189
191
194
198
194
185
180
178
180
185
193
202
209
215
220
225
229
234
237
244
253
265
282
302
312
322
330
336
342
347
352
353
350
351
353
353
351
347
338
331
325
323
324
323
318
311
303
297
292
285
278
270
264
262
262
259
256
251
246
240
237
231
224
220
217
213
206
201
196
190
182
170
159
146
138
129
121
111
98
85
74
66
58
48
37
25
16
8
-5
-18
-29
-39
-50
-61
-71
-82
-89
-95
-102
-112
-121
-124
-128
-131
-139
-150
-163
-172
-176
-183
-190
-196
-200
-201
-205
-206
-207
-214
-220
-227
-232
-234
-236
-239
-244
-247
-254
-261
-265
-269
-272
-277
-285
-294
-298
-296
-294
-297
-302
-307
-305
-300
-295
-292
-289
-287
-284
-279
-278
-276
-276
-277
-272
-267
-258
-253
-246
-237
-231
-228
-227
-228
-226
-224
-222
-221
-220
-219
-221
-216
-208
-210
-209
-204
-199
-188
-174
-169
-164
-162
-158
-150
-143
-134
-128
-128
-127
-123
-122
-120
-117
-118
-114
-109
-107
-107
-103
-94
-81
-72
-69
-71
-71
-67
-63
-61
-59
-59
-56
-52
-50
-47
-40
-39
-37
-32
-26
-22
-18
-16
-14
-8
-4
-3
-2
0
8
14
12
12
14
19
22
20
18
18
22
31
42
41
35
35
32
35
36
28
20
11
7
7
7
-1
-11
-17
-20
-22
-26
-32
-39
-47
-50
-53
-62
-69
-75
-82
-86
-95
-101
-104
-106
-110
-120
-128
-134
-137
-138
-136
-139
-148
-156
-165
-170
-170
-174
-185
-196
-204
-203
-201
-201
-204
-209
-213
-217
-216
-214
-212
-210
-209
-210
-213
-214
-211
-210
-210
-212
-214
-214
-212
-205
-202
-196
-193
-189
-178
-168
-158
-152
-147
-137
-124
-112
-105
-99
-94
-90
-84
-71
-63
-58
-50
-44
-42
-34
-28
-26
-25
-26
-22
-20
-19
-19
-19
-19
-18
-16
-15
-13
-9
-3
2
3
7
9
13
26
34
35
36
39
45
49
48
45
46
45
44
38
31
31
35
30
25
18
16
18
17
13
10
12
17
23
25
25
22
21
26
30
36
40
42
45
54
61
68
74
80
86
93
99
100
104
109
108
110
115
115
116
119
119
124
124
123
121
113
107
102
96
87
77
73
63
53
49
42
32
26
23
16
9
6
2
-3
-5
-12
-14
-9
-7
-2
0
0
2
1
1
0
-2
-1
1
-1
-1
4
11
17
18
18
18
21
23
26
30
37
42
42
46
52
57
68
79
87
95
101
110
114
123
129
133
138
142
149
155
157
166
175
184
191
190
187
190
193
196
193
187
181
175
172
169
159
145
134
126
116
106
93
84
78
71
63
50
39
33
28
21
16
8
2
-4
-9
-11
-13
-14
-11
-6
-1
7
12
20
27
39
52
61
69
79
91
103
111
120
134
148
158
169
182
195
212
226
233
239
250
261
267
269
269
270
272
271
266
257
247
241
233
221
212
204
198
191
179
167
155
141
127
112
94
75
58
41
20
1
-26
-51
-73
-96
-115
-132
-150
-162
-179
-195
-213
-229
-240
-248
-260
-272
-282
-292
-295
-295
-294
-290
-285
-277
-263
-250
-233
-211
-189
-167
-144
-121
-95
-68
-39
-17
2
28
57
80
98
118
143
165
184
200
214
230
245
256
261
264
269
276
276
269
262
252
242
229
214
195
174
152
126
98
72
42
10
-25
-66
-108
-148
-188
-229
-270
-313
-352
-390
-428
-465
-503
-534
-561
-582
-596
-608
-613
-610
-607
-598
-583
-564
-541
-510
-474
-441
-407
-365
-320
-274
-230
-185
-138
-90
-41
7
52
95
139
180
214
251
286
314
340
364
387
407
422
437
445
449
453
456
460
465
466
462
452
440
424
405
383
351
311
265
213
156
93
24
-52
-134
-217
-301
-390
-472
-551
-632
-705
-770
-830
-883
-925
-954
-978
-991
-987
-968
-946
-913
-860
-798
-724
-635
-546
-456
-356
-255
-153
-52
47
142
225
299
366
426
478
522
560
581
602
626
647
671
690
702
711
721
736
749
760
769
779
788
789
793
785
775
765
744
716
681
638
590
535
475
406
324
233
134
28
-80
-198
-324
-446
-566
-681
-791
-899
-1000
-1086
-1156
-1209
-1245
-1264
-1265
-1245
-1209
-1162
-1100
-1022
-930
-828
-720
-611
-499
-382
-261
-147
-40
65
161
254
338
410
474
530
585
626
654
674
690
712
733
745
748
752
759
776
798
813
826
848
867
882
887
884
875
867
860
835
796
751
699
634
554
464
365
265
161
45
-81
-208
-327
-443
-558
-676
-792
-896
-985
-1061
-1128
-1186
-1227
-1251
-1265
-1263
-1251
-1220
-1172
-1109
-1039
-970
-883
-783
-676
-557
-444
-338
-230
-121
-16
80
171
262
344
418
477
521
562
607
646
674
694
712
741
771
793
810
831
862
894
924
955
978
998
1007
1005
997
986
964
935
899
846
782
712
629
536
438
334
220
99
-26
-159
-285
-401
-515
-633
-747
-857
-954
-1037
-1113
-1176
-1226
-1260
-1282
-1297
-1297
-1285
-1252
-1204
-1156
-1102
-1043
-976
-898
-806
-715
-623
-523
-424
-332
-242
-150
-54
45
135
214
286
350
416
479
533
577
617
652
685
718
755
793
821
852
891
927
969
1015
1054
1080
1081
1079
1083
1080
1064
1035
995
947
876
791
698
600
503
403
287
158
27
-101
-222
-338
-458
-575
-688
-790
-880
-969
-1052
-1115
-1167
-1208
-1245
-1274
-1284
-1278
-1265
-1245
-1220
-1184
-1138
-1081
-1021
-955
-883
-809
-725
-644
-564
-477
-385
-288
-194
-106
-21
66
156
245
322
396
470
538
605
667
728
795
859
911
955
1004
1065
1122
1178
1232
1273
1301
1312
1313
1311
1304
1285
1248
1194
1123
1039
946
844
735
622
497
357
207
59
-82
-215
-339
-464
-586
-704
-818
-915
-1005
-1088
-1154
-1206
-1252
-1291
-1319
-1330
-1326
-1308
-1283
-1260
-1227
-1186
-1129
-1060
-990
-918
-848
-775
-696
-607
-513
-423
-332
-240
-153
-69
19
113
215
303
381
457
528
597
660
720
787
845
897
950
1009
1068
1124
1183
1243
1291
1314
1322
1327
1332
1330
1321
1295
1249
1189
1113
1029
932
825
713
588
449
295
142
-1
-131
-258
-386
-512
-633
-740
-835
-927
-1008
-1076
-1130
-1178
-1225
-1264
-1281
-1279
-1270
-1259
-1242
-1217
-1178
-1124
-1064
-1002
-936
-862
-783
-705
-628
-545
-451
-358
-268
-188
-106
-13
81
162
235
309
385
455
508
559
621
683
740
792
837
885
943
1001
1052
1094
1139
1177
1189
1184
1180
1179
1173
1146
1105
1050
984
904
816
721
618
510
396
260
114
-25
-154
-273
-386
-503
-617
-715
-805
-889
-964
-1025
-1074
-1114
-1152
-1187
-1216
-1222
-1207
-1193
-1180
-1163
-1137
-1097
-1044
-987
-924
-860
-791
-722
-651
-569
-472
-373
-284
-206
-136
-75
-23
28
80
131
174
199
209
220
243
286
341
397
455
526
603
678
751
824
904
992
1068
1112
1139
1170
1205
1226
1222
1203
1177
1138
1084
1010
923
837
744
629
490
346
208
81
-39
-165
-297
-426
-545
-655
-761
-859
-940
-1005
-1064
-1129
-1188
-1228
-1246
-1251
-1255
-1252
-1234
-1204
-1171
-1132
-1090
-1038
-974
-904
-832
-758
-669
-568
-468
-374
-287
-199
-112
-30
52
126
188
242
285
318
348
394
455
508
562
623
689
747
800
861
937
1014
1077
1120
1147
1161
1173
1184
1182
1164
1141
1112
1062
994
916
844
771
676
557
426
296
178
68
-44
-152
-261
-376
-485
-587
-681
-759
-837
-944
-1092
-1242
-1344
-1381
-1384
-1375
-1354
-1320
-1268
-1210
-1161
-1118
-1076
-1030
-987
-955
-921
-863
-761
-641
-546
-471
-380
-257
-118
8
94
148
191
250
323
386
437
490
549
610
654
695
760
845
931
1006
1082
1172
1270
1346
1372
1356
1341
1361
1390
1382
1319
1218
1107
1011
926
819
685
530
364
183
-7
-187
-342
-473
-605
-761
-922
-1051
-1122
-1161
-1219
-1304
-1383
-1410
-1385
-1343
-1318
-1311
-1299
-1262
-1203
-1145
-1100
-1053
-992
-935
-898
-865
-808
-720
-634
-598
-599
-580
-501
-391
-311
-271
-231
-150
-27
97
199
299
427
580
743
912
1090
1292
1513
1717
1887
2059
2276
2494
2616
2598
2514
2473
2491
2483
2364
2123
1838
1580
1348
1090
789
465
146
-180
-527
-880
-1179
-1399
-1579
-1780
-2003
-2184
-2267
-2272
-2255
-2257
-2260
-2211
-2098
-1950
-1803
-1667
-1531
-1376
-1218
-1079
-954
-840
-732
-638
-572
-522
-478
-430
-385
-352
-333
-320
-290
-239
-172
-92
-11
71
172
302
458
628
803
989
1207
1461
1723
1972
2231
2523
2822
3053
3141
3108
3062
3076
3111
3044
2814
2478
2140
1847
1551
1191
765
323
-100
-520
-951
-1362
-1707
-1973
-2208
-2470
-2722
-2885
-2909
-2846
-2798
-2807
-2808
-2708
-2503
-2269
-2065
-1890
-1700
-1471
-1230
-1024
-863
-719
-570
-444
-371
-343
-328
-295
-252
-242
-271
-296
-278
-214
-137
-84
-47
17
140
295
460
623
821
1070
1352
1637
1910
2203
2550
2920
3219
3360
3361
3348
3408
3483
3440
3226
2897
2551
2233
1903
1508
1049
560
78
-398
-876
-1327
-1726
-2049
-2338
-2635
-2914
-3100
-3149
-3103
-3047
-3023
-2996
-2890
-2675
-2403
-2148
-1943
-1753
-1520
-1246
-989
-793
-650
-526
-407
-309
-254
-244
-255
-258
-257
-274
-312
-337
-316
-256
-196
-152
-100
4
171
368
557
754
990
1290
1629
1970
2316
2699
3117
3482
3675
3688
3657
3714
3833
3841
3624
3221
2791
2438
2120
1732
1230
652
87
-427
-914
-1400
-1863
-2253
-2578
-2878
-3164
-3380
-3457
-3403
-3307
-3265
-3268
-3203
-2982
-2652
-2334
-2108
-1935
-1715
-1416
-1096
-846
-697
-587
-470
-354
-282
-278
-303
-319
-314
-316
-335
-356
-339
-270
-191
-137
-89
4
172
388
611
823
1058
1357
1714
2096
2490
2896
3287
3594
3738
3755
3757
3819
3892
3839
3576
3164
2742
2387
2057
1659
1140
552
-16
-521
-984
-1437
-1887
-2296
-2640
-2929
-3166
-3330
-3394
-3359
-3279
-3207
-3147
-3034
-2813
-2515
-2220
-1980
-1775
-1542
-1261
-976
-753
-609
-508
-408
-304
-233
-224
-259
-303
-326
-331
-334
-342
-338
-302
-241
-159
-68
41
192
388
616
859
1124
1424
1766
2151
2565
2983
3342
3574
3671
3692
3715
3771
3793
3687
3418
3034
2635
2276
1923
1505
991
415
-151
-663
-1128
-1569
-1996
-2398
-2750
-3030
-3234
-3355
-3397
-3368
-3306
-3227
-3118
-2954
-2710
-2426
-2160
-1929
-1701
-1440
-1161
-904
-713
-584
-481
-377
-276
-211
-200
-232
-273
-294
-307
-320
-336
-347
-343
-311
-246
-145
-9
147
323
529
768
1047
1365
1722
2119
2544
2957
3307
3549
3675
3747
3825
3898
3900
3759
3480
3137
2799
2471
2103
1644
1099
534
1
-499
-984
-1469
-1931
-2349
-2705
-2990
-3209
-3351
-3417
-3413
-3372
-3327
-3254
-3098
-2835
-2521
-2241
-2016
-1804
-1537
-1222
-920
-699
-565
-460
-343
-220
-141
-132
-164
-190
-183
-169
-179
-215
-248
-246
-200
-125
-31
85
235
413
618
846
1110
1423
1794
2201
2611
2985
3286
3495
3625
3713
3786
3823
3778
3623
3364
3042
2698
2342
1950
1491
971
430
-94
-588
-1064
-1535
-1986
-2393
-2731
-2996
-3193
-3321
-3389
-3389
-3343
-3277
-3187
-3038
-2798
-2504
-2225
-1997
-1787
-1541
-1254
-969
-741
-593
-481
-368
-248
-158
-137
-165
-192
-189
-169
-157
-162
-175
-161
-111
-30
80
209
355
523
713
935
1202
1518
1873
2258
2647
3004
3287
3476
3601
3696
3770
3794
3735
3576
3328
3029
2706
2353
1959
1515
1028
524
25
-461
-932
-1381
-1796
-2169
-2486
-2747
-2947
-3079
-3137
-3136
-3105
-3073
-3021
-2900
-2675
-2390
-2118
-1890
-1686
-1462
-1197
-934
-716
-564
-452
-340
-224
-140
-116
-136
-158
-150
-122
-97
-91
-100
-93
-49
26
125
237
371
531
724
955
1219
1526
1875
2258
2644
2988
3251
3430
3558
3651
3705
3707
3635
3476
3243
2958
2643
2305
1935
1515
1047
551
52
-429
-886
-1320
-1738
-2123
-2458
-2737
-2954
-3099
-3168
-3173
-3157
-3145
-3110
-3009
-2810
-2546
-2290
-2081
-1907
-1712
-1471
-1213
-1003
-867
-777
-689
-584
-484
-425
-409
-413
-400
-361
-318
-281
-253
-223
-180
-118
-28
86
232
403
588
792
1022
1308
1659
2053
2442
2759
2976
3114
3214
3310
3394
3427
3363
3186
2919
2613
2306
1991
1637
1213
716
193
-307
-757
-1176
-1589
-2006
-2403
-2746
-3011
-3196
-3308
-3370
-3397
-3402
-3398
-3358
-3239
-3037
-2785
-2538
-2330
-2146
-1939
-1688
-1419
-1190
-1036
-937
-844
-733
-613
-517
-478
-476
-468
-429
-363
-297
-248
-214
-177
-108
-5
135
305
492
692
911
1168
1486
1871
2285
2668
2951
3122
3227
3328
3452
3568
3603
3500
3265
2967
2674
2413
2146
1797
1345
821
293
-170
-568
-951
-1357
-1780
-2170
-2479
-2694
-2833
-2918
-2966
-2992
-3004
-2987
-2924
-2782
-2564
-2315
-2085
-1894
-1721
-1523
-1286
-1040
-838
-704
-620
-542
-447
-353
-290
-266
-260
-241
-200
-139
-81
-38
1
53
138
256
405
578
773
995
1250
1545
1891
2279
2675
3021
3270
3423
3512
3596
3690
3764
3751
3599
3328
2999
2676
2382
2077
1702
1230
692
159
-316
-730
-1116
-1507
-1906
-2276
-2572
-2774
-2887
-2938
-2953
-2947
-2934
-2902
-2819
-2658
-2416
-2143
-1896
-1700
-1537
-1361
-1145
-913
-714
-581
-503
-450
-396
-334
-281
-240
-217
-202
-183
-161
-126
-77
-22
45
126
232
370
548
767
1020
1312
1642
2008
2394
2762
3065
3269
3383
3449
3508
3570
3596
3529
3334
3033
2682
2335
2009
1675
1281
799
262
-273
-748
-1152
-1505
-1846
-2191
-2515
-2777
-2943
-3008
-3003
-2960
-2917
-2884
-2836
-2729
-2530
-2249
-1950
-1695
-1511
-1368
-1213
-1019
-804
-618
-495
-441
-429
-421
-395
-350
-295
-255
-239
-247
-251
-228
-169
-77
29
136
256
404
604
866
1180
1531
1906
2279
2627
2920
3143
3289
3378
3437
3483
3496
3431
3257
2980
2638
2288
1947
1598
1208
757
252
-266
-751
-1178
-1546
-1875
-2186
-2485
-2743
-2931
-3031
-3037
-2988
-2929
-2887
-2845
-2755
-2582
-2333
-2050
-1789
-1588
-1437
-1297
-1137
-955
-777
-632
-541
-504
-501
-501
-482
-430
-365
-310
-280
-276
-272
-238
-157
-41
98
247
411
599
832
1120
1469
1869
2272
2620
2889
3070
3179
3256
3323
3377
3388
3316
3133
2838
2481
2119
1778
1439
1067
628
119
-406
-898
-1321
-1673
-1978
-2261
-2529
-2766
-2947
-3044
-3054
-3003
-2930
-2858
-2779
-2673
-2503
-2267
-1995
-1725
-1491
-1299
-1140
-988
-832
-676
-531
-423
-357
-333
-335
-334
-314
-269
-210
-161
-134
-124
-102
-51
50
202
383
592
815
1061
1345
1680
2067
2468
2833
3112
3283
3366
3404
3438
3472
3483
3417
3238
2939
2560
2161
1783
1427
1063
653
185
-319
-814
-1256
-1622
-1914
-2152
-2353
-2530
-2677
-2774
-2803
-2758
-2651
-2518
-2383
-2247
-2090
-1896
-1669
-1423
-1188
-989
-831
-710
-611
-520
-436
-357
-297
-271
-280
-310
-342
-341
-308
-259
-213
-180
-142
-78
32
188
388
629
896
1189
1512
1870
2249
2624
2955
3197
3339
3400
3415
3416
3396
3343
3212
2983
2668
2281
1865
1446
1035
631
209
-238
-710
-1179
-1613
-1983
-2272
-2488
-2639
-2744
-2825
-2873
-2881
-2844
-2753
-2613
-2437
-2241
-2033
-1821
-1614
-1408
-1209
-1028
-864
-726
-615
-527
-465
-428
-407
-399
-396
-398
-394
-376
-348
-311
-275
-230
-165
-70
76
264
488
742
1019
1330
1675
2044
2408
2734
2996
3169
3253
3267
3246
3214
3158
3056
2880
2605
2250
1838
1409
985
575
172
-240
-668
-1105
-1532
-1919
-2246
-2493
-2659
-2754
-2802
-2823
-2828
-2816
-2772
-2678
-2523
-2314
-2073
-1823
-1584
-1373
-1191
-1033
-885
-743
-601
-477
-380
-323
-308
-323
-351
-363
-342
-304
-249
-198
-160
-125
-83
-10
111
292
530
807
1111
1431
1761
2097
2423
2716
2950
3105
3184
3201
3170
3103
3008
2871
2677
2414
2080
1684
1254
820
402
-1
-391
-786
-1182
-1563
-1917
-2221
-2456
-2608
-2682
-2702
-2690
-2667
-2640
-2593
-2509
-2367
-2168
-1930
-1677
-1437
-1219
-1042
-903
-787
-685
-580
-478
-390
-325
-294
-291
-314
-344
-361
-355
-309
-241
-165
-91
-23
58
164
317
537
824
1164
1533
1910
2263
2566
2812
2990
3108
3174
3194
3181
3130
3033
2872
2639
2337
1977
1577
1152
728
316
-80
-467
-853
-1237
-1610
-1955
-2245
-2461
-2595
-2658
-2670
-2653
-2626
-2595
-2550
-2463
-2321
-2116
-1858
-1587
-1332
-1116
-954
-834
-742
-656
-568
-471
-372
-291
-239
-222
-230
-251
-260
-243
-197
-115
-10
103
215
328
461
632
853
1137
1477
1852
2234
2573
2841
3015
3099
3114
3087
3047
2997
2924
2805
2615
2343
1987
1571
1125
677
247
-152
-520
-865
-1202
-1534
-1855
-2147
-2392
-2571
-2668
-2695
-2676
-2629
-2571
-2505
-2423
-2309
-2152
-1951
-1712
-1459
-1217
-1011
-854
-743
-676
-627
-577
-519
-442
-360
-288
-236
-213
-207
-202
-182
-133
-50
66
208
378
560
759
982
1238
1535
1866
2209
2527
2793
2976
3057
3056
2990
2888
2776
2660
2532
2358
2127
1819
1435
1001
543
94
-319
-689
-1010
-1295
-1556
-1803
-2035
-2241
-2409
-2531
-2604
-2619
-2581
-2497
-2378
-2240
-2081
-1907
-1719
-1520
-1322
-1131
-954
-797
-670
-569
-499
-455
-427
-402
-376
-340
-301
-265
-231
-194
-154
-105
-40
54
182
340
537
774
1044
1346
1666
1984
2277
2523
2692
2787
2812
2777
2703
2603
2488
2358
2198
1999
1742
1423
1052
644
225
-176
-538
-856
-1129
-1366
-1577
-1765
-1937
-2085
-2205
-2294
-2344
-2353
-2314
-2227
-2099
-1941
-1760
-1571
-1386
-1213
-1060
-928
-818
-726
-645
-569
-500
-441
-396
-361
-333
-309
-285
-249
-208
-148
-73
17
132
270
442
645
883
1151
1446
1764
2072
2352
2575
2720
2788
2779
2712
2606
2472
2324
2164
1986
1772
1513
1206
853
464
62
-328
-691
-1008
-1271
-1482
-1649
-1784
-1900
-2001
-2093
-2169
-2210
-2216
-2177
-2087
-1946
-1765
-1558
-1345
-1145
-970
-831
-731
-660
-610
-569
-527
-479
-421
-358
-300
-250
-215
-194
-173
-145
-96
-23
80
213
375
570
791
1042
1316
1604
1894
2163
2395
2569
2670
2699
2658
2562
2426
2265
2088
1893
1682
1440
1168
860
512
140
-240
-609
-945
-1238
-1476
-1661
-1802
-1907
-1994
-2068
-2130
-2183
-2215
-2214
-2169
-2073
-1925
-1728
-1497
-1256
-1032
-841
-699
-604
-545
-514
-490
-456
-409
-341
-260
-173
-87
-14
43
86
121
161
219
314
455
642
866
1129
1410
1701
1987
2235
2436
2574
2635
2626
2558
2437
2283
2111
1924
1731
1520
1282
1013
699
347
-30
-415
-781
-1113
-1392
-1610
-1772
-1881
-1953
-2002
-2038
-2072
-2104
-2123
-2117
-2067
-1970
-1815
-1611
-1371
-1118
-876
-670
-513
-414
-365
-353
-366
-378
-368
-326
-250
-148
-40
61
144
204
250
286
335
414
533
709
938
1216
1529
1851
2155
2402
2570
2650
2639
2545
2392
2204
2001
1801
1614
1429
1233
1010
749
444
90
-294
-683
-1061
-1395
-1667
-1866
-1989
-2050
-2067
-2062
-2054
-2055
-2067
-2079
-2073
-2029
-1928
-1771
-1558
-1307
-1040
-786
-574
-417
-324
-290
-300
-334
-371
-388
-361
-294
-188
-56
81
211
323
411
483
551
635
757
931
1164
1455
1782
2117
2424
2666
2815
2849
2772
2600
2356
2076
1794
1527
1288
1075
869
652
402
108
-230
-610
-1009
-1396
-1745
-2029
-2228
-2340
-2377
-2357
-2299
-2224
-2153
-2093
-2038
-1983
-1905
-1791
-1634
-1435
-1202
-949
-705
-487
-316
-203
-148
-151
-184
-227
-259
-255
-206
-111
22
182
355
520
677
816
943
1075
1222
1401
1618
1871
2149
2418
2651
2814
2883
2847
2704
2472
2185
1857
1524
1214
931
674
438
203
-47
-319
-617
-937
-1269
-1587
-1873
-2111
-2288
-2395
-2436
-2417
-2350
-2253
-2135
-2012
-1880
-1742
-1602
-1453
-1292
-1121
-944
-765
-592
-442
-318
-221
-153
-109
-82
-58
-26
16
84
176
297
437
597
768
942
1122
1310
1508
1712
1918
2123
2301
2444
2541
2575
2542
2440
2274
2057
1801
1525
1245
966
695
432
174
-83
-344
-610
-879
-1146
-1403
-1635
-1843
-2016
-2147
-2243
-2294
-2298
-2265
-2189
-2083
-1950
-1794
-1625
-1452
-1282
-1118
-963
-821
-701
-602
-519
-445
-376
-309
-240
-162
-75
25
137
255
379
504
637
781
932
1101
1288
1495
1717
1942
2153
2332
2465
2541
2542
2465
2324
2124
1884
1626
1360
1097
845
608
380
161
-61
-292
-527
-773
-1015
-1253
-1477
-1675
-1843
-1969
-2049
-2089
-2083
-2039
-1954
-1837
-1702
-1552
-1403
-1255
-1109
-983
-868
-772
-696
-624
-559
-498
-436
-367
-287
-198
-98
15
137
265
400
540
681
832
997
1177
1376
1588
1806
2017
2198
2339
2423
2443
2391
2269
2088
1859
1601
1329
1057
801
560
339
139
-62
-260
-460
-667
-877
-1093
-1308
-1511
-1693
-1844
-1957
-2022
-2044
-2011
-1929
-1810
-1659
-1498
-1329
-1165
-1014
-884
-783
-708
-651
-609
-574
-535
-486
-419
-337
-237
-124
-3
126
256
394
536
671
813
963
1123
1300
1493
1691
1883
2063
2199
2284
2307
2257
2141
1957
1728
1466
1184
902
632
386
163
-38
-217
-387
-552
-716
-894
-1079
-1271
-1462
-1642
-1801
-1926
-2005
-2027
-1991
-1901
-1759
-1579
-1376
-1169
-972
-799
-663
-563
-501
-468
-457
-458
-455
-439
-397
-328
-232
-109
27
172
319
462
595
720
841
966
1100
1245
1406
1570
1728
1870
1981
2046
2060
2010
1900
1733
1515
1262
990
713
443
192
-34
-232
-407
-561
-701
-837
-974
-1116
-1268
-1424
-1575
-1716
-1828
-1903
-1929
-1896
-1807
-1660
-1468
-1249
-1022
-803
-609
-453
-341
-277
-251
-253
-270
-288
-287
-262
-204
-110
16
166
333
500
666
822
961
1085
1197
1297
1397
1493
1584
1670
1734
1774
1784
1756
1684
1567
1407
1208
981
736
483
236
5
-207
-392
-552
-694
-815
-929
-1040
-1151
-1268
-1384
-1496
-1595
-1666
-1703
-1700
-1651
-1552
-1414
-1243
-1049
-850
-659
-490
-356
-257
-197
-171
-165
-172
-178
-171
-139
-79
12
135
280
442
617
789
958
1120
1262
1388
1498
1584
1650
1690
1699
1681
1635
1556
1449
1314
1153
976
786
585
386
185
-10
-193
-368
-533
-685
-829
-962
-1085
-1205
-1317
-1415
-1497
-1557
-1589
-1591
-1559
-1489
-1386
-1257
-1108
-947
-787
-634
-503
-396
-315
-261
-231
-212
-201
-186
-160
-115
-46
50
171
313
472
636
805
971
1122
1261
1384
1487
1567
1624
1652
1647
1611
1545
1447
1319
1165
990
803
608
412
220
35
-141
-302
-450
-589
-719
-841
-959
-1072
-1180
-1281
-1371
-1438
-1480
-1488
-1460
-1396
-1294
-1160
-997
-822
-646
-478
-331
-211
-122
-66
-39
-33
-37
-50
-59
-46
-14
49
137
253
386
530
682
827
967
1091
1200
1291
1358
1407
1434
1437
1420
1376
1308
1209
1087
949
791
621
445
265
87
-87
-251
-407
-558
-701
-838
-971
-1097
-1213
-1319
-1409
-1477
-1514
-1514
-1478
-1403
-1289
-1144
-975
-788
-601
-425
-269
-140
-39
28
65
83
85
86
92
111
148
204
283
384
494
613
734
851
958
1053
1130
1189
1230
1254
1262
1250
1218
1167
1098
1009
906
787
654
507
352
197
35
-124
-276
-426
-571
-714
-852
-985
-1115
-1231
-1337
-1425
-1486
-1519
-1518
-1480
-1405
-1292
-1148
-981
-803
-626
-462
-318
-197
-106
-44
-2
20
36
50
74
111
165
239
330
434
549
665
780
885
978
1055
1113
1152
1173
1175
1158
1117
1062
992
908
810
700
580
455
327
196
66
-63
-193
-323
-456
-590
-721
-852
-981
-1104
-1214
-1307
-1378
-1416
-1421
-1390
-1326
-1226
-1096
-949
-787
-627
-476
-338
-225
-136
-71
-31
-7
2
11
26
54
103
170
260
369
489
617
744
865
969
1053
1116
1157
1174
1173
1153
1116
1062
994
915
829
732
627
518
399
277
145
8
-131
-277
-425
-576
-726
-867
-999
-1116
-1209
-1275
-1310
-1313
-1279
-1208
-1104
-970
-820
-654
-486
-324
-175
-49
56
134
189
225
249
267
281
303
331
373
432
501
580
663
747
830
907
977
1030
1068
1093
1098
1090
1067
1035
989
933
866
785
695
596
488
372
246
113
-24
-168
-312
-456
-601
-738
-861
-968
-1055
-1117
-1152
-1155
-1126
-1065
-974
-861
-728
-584
-437
-294
-159
-42
58
139
200
244
274
300
322
352
385
427
477
530
593
653
712
766
813
849
872
888
893
889
876
854
828
795
752
703
640
565
476
376
260
129
-11
-158
-311
-458
-600
-729
-841
-933
-1002
-1044
-1062
-1055
-1027
-978
-914
-837
-755
-665
-572
-487
-404
-324
-252
-184
-119
-59
-1
56
109
158
203
241
275
306
328
347
362
373
384
398
411
421
435
445
454
457
451
433
401
359
300
227
135
32
-78
-198
-319
-440
-556
-660
-755
-831
-890
-933
-959
-966
-959
-938
-903
-858
-808
-745
-678
-610
-538
-469
-396
-327
-261
-197
-134
-71
-14
43
94
138
177
205
225
237
245
246
244
245
243
241
244
244
249
253
258
266
266
262
253
234
204
164
115
57
-13
-87
-165
-245
-322
-395
-454
-504
-543
-569
-585
-585
-578
-560
-535
-507
-475
-443
-408
-371
-331
-285
-236
-176
-113
-49
19
86
151
208
258
299
330
355
372
388
406
421
440
464
486
509
532
552
569
581
582
572
556
527
485
438
386
326
267
204
145
88
37
-10
-49
-86
-117
-140
-162
-180
-193
-203
-210
-215
-217
-215
-213
-205
-194
-181
-161
-135
-105
-71
-35
-1
32
60
86
108
123
134
136
134
133
131
130
136
147
157
173
188
206
222
230
233
229
216
194
165
127
86
39
-11
-58
-104
-150
-190
-224
-257
-282
-301
-322
-338
-355
-371
-384
-394
-401
-404
-408
-403
-391
-377
-360
-338
-310
-281
-251
-222
-193
-165
-141
-118
-98
-87
-77
-70
-65
-64
-63
-62
-60
-57
-54
-50
-45
-41
-38
-40
-45
-52
-65
-83
-105
-124
-144
-160
-177
-193
-206
-215
-227
-236
-243
-254
-264
-276
-291
-306
-320
-333
-347
-352
-354
-348
-333
-314
-284
-249
-211
-168
-128
-83
-42
-7
28
55
79
96
109
126
141
156
173
192
216
237
258
278
295
307
314
316
312
306
294
283
270
261
253
245
237
232
226
223
222
218
215
213
210
208
202
196
188
185
180
172
171
171
176
186
197
212
234
257
278
299
320
339
353
365
374
383
391
397
406
414
421
431
439
446
454
458
460
460
455
448
437
424
405
385
362
340
319
298
280
263
246
231
216
201
186
175
161
143
124
102
79
57
33
12
-7
-27
-44
-61
-71
-79
-80
-80
-77
-71
-63
-54
-45
-38
-30
-23
-22
-22
-23
-23
-21
-20
-16
-10
-2
7
20
32
38
45
46
40
29
12
-7
-29
-53
-74
-93
-110
-118
-124
-125
-123
-119
-118
-117
-117
-124
-134
-150
-170
-191
-215
-239
-262
-278
-290
-292
-291
-287
-275
-262
-251
-235
-226
-220
-214
-213
-217
-224
-230
-234
-237
-235
-227
-215
-200
-181
-159
-134
-110
-90
-74
-59
-52
-50
-52
-57
-64
-75
-85
-94
-103
-110
-117
-117
-115
-112
-105
-99
-96
-92
-92
-93
-98
-106
-115
-127
-139
-150
-162
-170
-175
-179
-179
-177
-173
-164
-154
-144
-132
-121
-111
-102
-96
-91
-86
-82
-81
-77
-73
-68
-61
-51
-39
-26
-8
8
23
38
51
67
81
86
94
98
100
105
103
101
104
105
106
110
116
120
125
129
134
137
137
137
136
131
128
121
109
97
87
76
65
54
43
34
28
23
17
14
15
16
18
21
26
32
38
43
45
50
57
63
66
68
74
80
86
94
101
107
113
119
127
134
139
144
148
147
147
146
141
139
135
131
129
125
121
119
117
114
112
108
101
95
83
72
61
49
36
23
8
-5
-15
-26
-34
-44
-51
-56
-62
-66
-67
-68
-68
-69
-66
-65
-63
-58
-59
-57
-55
-55
-52
-51
-49
-44
-40
-38
-36
-29
-25
-22
-21
-20
-16
-16
-16
-18
-20
-22
-26
-32
-41
-46
-52
-63
-68
-69
-73
-73
-73
-74
-77
-79
-85
-89
-92
-100
-104
-109
-118
-123
-127
-132
-132
-130
-129
-125
-118
-111
-101
-89
-81
-70
-64
-59
-57
-54
-55
-55
-55
-55
-56
-53
-50
-44
-39
-32
-23
-16
-10
1
7
13
21
23
24
28
26
20
20
16
12
9
5
0
1
-1
-1
2
2
4
8
9
7
7
11
10
9
11
11
12
11
12
16
19
20
27
33
36
43
45
45
47
46
37
30
24
12
5
-2
-10
-15
-19
-22
-19
-15
-12
-4
4
8
16
22
26
34
38
41
44
42
41
40
36
33
30
28
24
23
22
16
14
16
11
10
10
6
7
8
8
10
9
12
15
18
19
22
28
29
30
36
37
42
44
44
43
42
40
37
31
28
24
18
13
7
7
7
8
15
16
24
36
44
54
62
70
77
82
86
89
87
82
78
74
65
56
49
43
38
33
30
28
20
17
15
13
17
16
19
24
29
40
46
52
62
65
71
76
77
80
80
82
85
81
83
83
80
78
74
71
68
63
59
52
45
41
36
29
24
19
16
11
12
14
17
22
25
28
29
29
33
31
25
24
20
15
11
5
2
-4
-5
-6
-7
-8
-8
-2
3
6
12
16
24
31
36
38
38
40
39
40
38
35
33
32
28
26
23
17
14
11
5
-1
-5
-9
-12
-16
-18
-22
-28
-29
-33
-33
-35
-36
-34
-35
-36
-36
-39
-39
-40
-41
-40
-39
-40
-38
-34
-34
-33
-33
-30
-29
-28
-24
-21
-16
-14
-11
-9
-6
-3
-1
0
1
2
2
0
-3
-6
-11
-15
-17
-23
-29
-36
-37
-43
-48
-51
-55
-55
-57
-57
-56
-54
-50
-48
-44
-39
-34
-27
-21
-18
-10
-5
-1
4
7
12
14
16
19
19
22
22
22
24
22
20
16
16
13
9
10
9
6
6
4
3
4
2
1
0
0
-1
-3
-5
-6
-8
-10
-11
-10
-13
-15
-16
-20
-23
-26
-31
-33
-32
-33
-35
-30
-28
-28
-24
-24
-21
-18
-19
-16
-12
-11
-9
-3
2
9
14
20
26
29
29
31
31
29
32
30
26
28
32
32
30
32
34
30
30
27
23
24
21
20
18
13
11
8
3
2
-1
-5
-5
-6
-8
-10
-9
-10
-8
-7
-4
-4
-5
-3
0
-2
-4
-2
-5
-6
-4
-4
-1
2
7
11
14
18
19
22
26
27
33
36
38
43
44
50
53
54
53
54
55
49
46
46
42
41
38
32
28
23
18
14
8
4
-1
-7
-11
-16
-18
-20
-22
-23
-25
-26
-26
-25
-25
-24
-23
-20
-19
-15
-14
-12
-10
-5
-6
-7
-4
-2
-6
-8
-8
-9
-10
-12
-13
-15
-14
-14
-14
-12
-11
-9
-6
-5
-5
-5
-4
0
2
4
6
9
12
15
16
18
19
17
19
17
17
20
16
16
17
15
17
13
9
8
4
2
3
-1
-4
-6
-8
-9
-8
-11
-10
-12
-13
-12
-14
-15
-14
-16
-14
-14
-11
-11
-9
-5
-6
-5
-4
-5
-8
-9
-11
-11
-12
-17
-19
-19
-21
-20
-19
-23
-22
-23
-25
-23
-22
-24
-22
-18
-15
-12
-8
-5
-2
2
4
8
13
13
14
16
14
13
14
12
8
5
3
-2
-5
-5
-10
-15
-17
-19
-22
-21
-20
-22
-18
-17
-15
-15
-16
-14
-14
-16
-15
-18
-16
-15
-16
-18
-21
-24
-27
-31
-35
-38
-42
-44
-47
-49
-51
-52
-51
-49
-52
-49
-44
-44
-40
-33
-31
-26
-20
-14
-8
-5
-1
3
4
6
6
4
6
6
7
7
6
4
1
-1
-1
-4
-8
-11
-12
-12
-11
-12
-10
-10
-12
-12
-9
-8
-7
-5
-6
-6
-4
-5
-7
-6
-6
-11
-10
-11
-14
-14
-17
-20
-19
-22
-20
-21
-24
-21
-22
-22
-18
-20
-21
-22
-22
-21
-22
-22
-19
-19
-16
-13
-12
-10
-10
-12
-11
-9
-9
-6
-9
-9
-5
-7
-4
-2
0
1
3
3
5
7
7
11
10
11
10
9
8
8
7
3
3
2
2
3
1
5
7
4
5
4
5
4
3
0
0
-1
0
-2
-4
-3
-7
-11
-10
-12
-17
-19
-23
-25
-27
-31
-30
-31
-32
-31
-31
-28
-25
-25
-23
-20
-16
-10
-7
-5
0
3
6
8
10
13
15
18
18
19
19
22
21
21
26
26
24
26
26
24
25
24
22
23
25
25
27
28
30
31
35
39
41
40
43
43
42
42
40
42
41
39
38
36
32
27
25
21
20
18
16
15
15
16
15
15
18
16
15
15
15
14
15
15
16
18
18
19
18
21
18
18
18
16
18
18
17
18
18
17
14
16
14
14
14
11
12
10
12
14
15
14
14
15
17
19
19
21
24
26
29
30
30
30
30
27
30
30
27
28
28
26
25
24
24
18
15
13
8
9
8
5
2
0
-1
-4
-6
-8
-8
-10
-9
-10
-9
-7
-9
-9
-10
-11
-6
-6
-7
-5
-6
-6
-4
-4
-4
-5
-6
-5
-8
-7
-5
-5
-3
1
2
1
4
6
8
10
14
16
16
21
21
21
22
20
19
18
16
15
12
8
7
8
7
6
0
-4
-8
-11
-14
-18
-20
-19
-21
-24
-23
-25
-29
-29
-29
-29
-28
-25
-25
-25
-23
-25
-26
-23
-23
-24
-24
-23
-24
-23
-22
-19
-18
-17
-14
-14
-12
-13
-8
-3
1
5
11
14
16
19
22
26
30
35
38
39
39
39
38
34
32
31
28
27
24
19
14
8
5
4
0
-3
-6
-11
-18
-23
-28
-30
-31
-32
-36
-38
-37
-40
-41
-39
-39
-40
-38
-39
-39
-36
-36
-30
-29
-25
-21
-19
-18
-19
-17
-14
-10
-5
2
3
8
11
13
17
19
22
25
27
31
33
31
31
33
33
34
35
34
32
31
26
23
22
19
17
14
11
7
2
0
-3
-8
-12
-16
-21
-25
-30
-33
-37
-39
-38
-40
-38
-39
-43
-40
-40
-38
-35
-35
-32
-30
-27
-24
-24
-19
-16
-17
-13
-10
-8
-8
-7
-5
-2
1
2
5
3
4
6
6
7
8
8
7
7
9
10
9
10
11
11
14
14
13
15
13
15
14
13
13
12
11
9
8
6
4
0
-2
-2
-6
-7
-5
-5
-2
1
0
1
1
3
4
4
5
4
5
6
3
2
1
0
-4
-1
-1
-4
-6
-9
-9
-10
-11
-10
-7
-9
-8
-6
-6
-6
-5
-5
-6
-2
0
-1
3
7
7
9
13
13
14
17
17
16
15
17
17
16
14
15
13
13
16
14
12
14
11
10
12
11
11
13
14
15
16
15
14
13
14
11
10
13
13
11
8
8
6
3
5
3
0
1
-1
-1
-1
0
1
1
6
8
8
11
10
8
8
7
10
9
10
10
10
11
10
9
8
7
3
0
1
2
0
0
0
-3
-6
-6
-6
-9
-10
-6
-6
-6
-3
-4
-9
-9
-5
-5
-4
0
1
1
2
0
2
3
3
4
6
7
7
9
6
6
7
5
7
5
4
2
-2
-2
-3
-4
-1
-3
-7
-10
-15
-16
-16
-16
-16
-14
-15
-15
-19
-22
-23
-24
-22
-18
-18
-18
-16
-15
-15
-14
-12
-11
-10
-11
-8
-6
-7
-4
-3
-1
4
5
3
3
4
6
7
7
10
15
13
12
12
10
9
9
9
10
11
6
3
2
-6
-6
-7
-12
-12
-10
-12
-15
-18
-19
-20
-22
-22
-23
-28
-27
-26
-28
-25
-23
-26
-26
-26
-27
-28
-24
-23
-19
-16
-16
-13
-12
-12
-10
-9
-5
-2
1
6
9
9
11
12
15
16
17
19
19
19
17
19
18
15
15
11
7
6
3
-1
-2
-5
-2
-4
-7
-8
-13
-16
-18
-19
-18
-21
-22
-21
-22
-23
-25
-25
-25
-25
-25
-27
-23
-21
-25
-26
-25
-22
-22
-22
-20
-20
-19
-16
-13
-11
-10
-5
-4
-1
3
3
6
9
11
17
17
17
18
18
19
19
18
18
21
19
18
20
19
17
14
12
11
10
10
11
10
8
7
7
6
4
3
2
-1
-1
-1
-4
-9
-9
-12
-13
-11
-13
-14
-14
-16
-16
-15
-15
-14
-14
-10
-9
-9
-8
-6
-3
0
1
6
11
12
17
21
20
21
23
24
27
29
31
35
33
35
34
33
32
31
30
30
29
28
27
24
22
23
22
18
15
16
11
8
8
6
3
-3
-4
-9
-13
-13
-15
-16
-17
-15
-15
-19
-18
-16
-20
-19
-17
-16
-14
-14
-10
-7
-7
-2
-3
-1
2
5
8
9
10
11
10
10
9
10
15
16
16
16
18
15
15
18
15
14
17
17
20
18
18
18
15
17
15
14
15
11
9
6
6
6
1
1
-1
-3
-5
-8
-11
-10
-10
-11
-7
-8
-13
-12
-9
-13
-14
-12
-10
-9
-11
-12
-13
-15
-14
-14
-17
-17
-17
-17
-16
-16
-17
-16
-16
-16
-15
-13
-14
-13
-10
-8
-6
-4
-2
-4
-3
1
-1
2
3
4
4
1
1
1
0
0
2
1
1
1
1
-4
-5
-4
-5
-5
-6
-5
-6
-8
-6
-5
-8
-9
-9
-9
-13
-15
-17
-17
-17
-17
-18
-19
-18
-21
-22
-22
-22
-21
-20
-17
-17
-18
-15
-15
-15
-10
-7
-5
-1
0
0
2
3
3
5
6
7
6
7
6
6
6
4
4
5
2
3
5
3
2
2
2
3
2
3
2
1
3
3
1
1
0
-4
-3
-3
-4
-4
-4
-1
-2
-3
-2
-4
-5
-5
-6
-6
-2
2
1
0
2
3
4
5
6
5
8
6
6
6
6
6
6
7
6
7
7
7
9
10
9
9
11
10
11
10
10
14
16
13
15
13
12
11
11
13
11
15
15
12
12
9
8
9
6
4
9
8
7
4
0
0
-1
2
0
-1
2
1
2
0
0
-4
-2
0
-4
-4
-4
-5
-4
-3
-1
0
2
2
-1
0
-2
-3
-1
0
0
0
-1
0
-4
-3
0
2
2
5
4
2
2
1
0
-1
0
0
1
2
-1
-3
-2
0
0
0
1
4
4
4
4
3
1
2
-1
0
2
0
3
0
-1
1
1
1
-1
1
-2
-5
0
0
1
3
5
6
4
2
1
4
2
4
7
4
5
3
1
3
1
1
-2
-3
-7
-10
-13
-15
-13
-13
-17
-18
-19
-21
-20
-20
-22
-20
-18
-19
-19
-17
-16
-15
-13
-13
-12
-10
-8
-10
-11
-8
-6
-3
-5
-2
0
-2
1
1
-1
-1
-3
-1
0
0
1
2
5
6
9
8
7
6
4
4
4
1
0
-2
-5
-7
-9
-9
-10
-11
-13
-17
-18
-18
-20
-20
-20
-18
-19
-20
-17
-14
-14
-16
-13
-10
-9
-4
-3
0
1
3
5
6
7
10
10
11
15
14
16
13
13
16
17
18
17
17
16
14
16
15
14
15
15
13
10
10
7
3
-1
-4
-3
-4
-6
-5
-7
-9
-12
-14
-13
-13
-14
-13
-13
-13
-13
-10
-9
-9
-8
-6
-2
-2
-3
0
2
4
7
9
10
9
10
14
15
15
17
14
16
19
20
19
17
17
14
16
18
18
16
15
13
13
11
8
5
3
2
1
1
3
1
1
-2
-2
-4
-7
-7
-7
-7
-7
-7
-8
-8
-7
-8
-7
-6
-6
-6
-6
-5
-5
-2
-1
-2
-4
-6
-7
-8
-7
-5
-1
-2
0
3
3
4
4
4
5
6
10
9
10
13
9
9
11
12
11
12
12
13
10
5
5
4
2
2
-1
-3
-2
-6
-9
-9
-11
-10
-12
-11
-12
-14
-16
-14
-13
-16
-14
-13
-11
-10
-9
-9
-7
-7
-6
-4
-5
-4
-4
-3
-2
-1
-2
2
5
4
3
4
5
5
7
7
9
7
7
8
5
7
5
4
2
2
2
0
-3
-7
-6
-4
-4
-8
-10
-11
-11
-11
-11
-12
-13
-11
-11
-12
-12
-12
-9
-7
-5
-3
-4
-2
-1
-2
0
1
4
6
6
9
10
12
12
11
10
8
11
11
11
11
9
7
8
7
6
4
1
0
-3
-4
-5
-5
-7
-8
-10
-11
-14
-15
-17
-19
-16
-16
-14
-11
-12
-11
-12
-11
-7
-7
-6
-6
-4
-4
-4
-1
-2
0
2
2
2
1
3
2
1
0
1
3
0
1
1
-2
-1
-2
-3
0
-1
-4
-2
-1
-2
0
1
0
1
2
0
0
0
1
2
2
1
1
3
2
-1
2
0
0
3
1
0
0
1
2
3
5
5
5
6
6
5
5
3
5
4
4
6
3
2
3
1
2
0
0
2
3
2
0
2
1
4
4
6
8
9
10
11
11
12
12
10
12
8
8
12
12
12
12
14
14
12
11
9
9
8
8
8
11
10
11
10
9
9
6
7
7
5
3
5
2
2
2
0
1
-1
-1
-1
-3
-4
-5
-5
-3
-4
-5
-4
-3
-5
-4
-2
1
1
0
3
3
2
3
3
6
6
6
7
9
8
6
8
9
7
7
4
5
5
4
4
2
0
0
1
2
1
1
0
-3
-6
-6
-6
-6
-6
-9
-8
-5
-9
-9
-8
-11
-10
-11
-10
-9
-12
-11
-10
-10
-8
-7
-4
-5
-5
-2
-2
-1
0
-3
-2
1
1
0
1
-1
-4
-4
-3
-4
-4
-4
-1
-1
-5
-4
0
0
1
3
1
2
3
2
1
1
0
1
1
0
0
1
1
1
-1
-6
-7
-8
-9
-8
-9
-7
-7
-6
-4
-9
-9
-10
-11
-9
-9
-8
-5
-4
-4
-2
-3
-2
-1
0
1
-3
-3
-2
-2
-2
0
0
1
-1
-2
-2
-1
2
1
1
1
0
-1
-1
-1
0
2
2
2
3
4
5
5
3
1
0
4
2
2
2
0
3
3
0
3
4
4
3
2
1
0
1
3
3
3
4
3
3
4
3
3
0
-1
0
1
0
-1
-3
-1
-1
1
2
-1
-1
-1
0
1
-1
1
4
5
7
6
6
7
6
8
8
7
9
9
8
6
5
2
3
3
3
6
3
2
4
1
2
2
3
4
1
4
2
-1
-1
-4
-3
-1
0
-4
-7
-8
-9
-10
-13
-14
-15
-14
-16
-14
-17
-18
-16
-16
-14
-13
-12
-10
-8
-7
-8
-6
-5
-4
-2
-1
-1
1
2
3
4
3
6
6
7
8
8
9
5
4
7
7
8
5
3
2
1
2
-1
-4
-3
-2
-1
-3
-5
-7
-6
-6
-7
-7
-10
-11
-10
-11
-13
-12
-11
-10
-8
-7
-9
-9
-7
-5
-3
-4
-3
3
3
4
7
4
5
5
8
11
10
11
11
10
11
10
8
8
8
8
8
5
5
5
3
5
5
4
5
3
0
-3
-4
-7
-6
-6
-6
-4
-5
-7
-8
-10
-10
-9
-10
-10
-10
-8
-8
-8
-6
-6
-2
0
-1
0
1
4
4
6
9
10
12
12
12
14
13
14
17
16
19
18
15
15
14
15
16
12
12
11
8
9
5
3
6
6
6
5
2
-1
-2
-2
-1
-3
-4
-5
-4
-6
-6
-7
-8
-6
-9
-5
-2
-3
0
-2
-1
1
0
1
2
5
4
7
9
7
6
9
10
13
12
10
10
9
8
10
11
10
9
8
6
3
2
4
5
5
5
3
3
2
0
0
-1
-3
-1
-2
-2
-3
-4
-4
-4
-3
-5
-2
-7
-8
-6
-7
-8
-5
-4
-7
-4
-3
-4
-3
-4
-4
-4
-5
-6
-6
-7
-10
-9
-9
-10
-10
-11
-8
-10
-11
-9
-9
-8
-7
-9
-7
-5
-5
-4
-4
-6
-3
0
-1
-2
1
1
3
5
3
2
1
-1
0
1
3
3
2
1
2
-1
-1
-3
-3
-2
-2
0
-2
-1
-2
-2
-2
-1
-1
-4
-5
-6
-8
-7
-6
-8
-8
-6
-7
-10
-12
-12
-13
-11
-10
-8
-6
-7
-9
-6
-5
-5
-3
-2
0
2
0
4
3
3
4
5
7
7
7
5
6
6
6
6
6
6
4
2
3
1
1
3
3
5
3
2
2
-2
-2
-3
-3
-3
-2
-2
-3
-5
-5
-7
-7
-7
-4
-6
-7
-6
-5
-4
-3
-2
-5
-4
-3
-2
1
0
0
1
2
3
6
6
8
8
7
10
8
6
7
5
6
5
6
7
5
6
5
5
6
6
5
8
7
6
4
5
4
2
3
1
1
2
1
2
-1
-4
0
-1
-1
0
-3
-2
-2
-2
-2
-3
-2
-1
-3
-3
-4
-3
-2
-1
-1
-2
-2
-1
0
-2
-3
0
-1
0
1
0
-2
2
2
1
3
4
4
7
8
8
8
8
9
11
11
10
13
11
9
11
11
11
10
9
6
3
3
2
2
-1
-1
-3
-5
-3
-6
-6
-5
-5
-5
-3
-3
-3
-1
-1
0
1
-1
1
2
0
1
2
0
-1
-2
-1
-3
-1
0
-1
1
0
0
2
4
4
6
8
8
10
10
12
11
11
13
12
13
14
13
12
9
9
10
9
9
10
7
5
4
4
2
3
4
2
4
5
3
2
1
1
2
0
2
2
-1
0
0
-1
-3
-4
-4
-4
-1
-4
-4
-5
-7
-8
-10
-9
-8
-8
-5
-5
-4
-4
-5
-3
1
2
2
4
2
1
4
2
2
2
0
2
0
-3
-2
-2
-5
-4
-3
-7
-6
-7
-7
-4
-3
-2
-3
-3
-2
-3
-2
-1
0
0
-1
-2
-1
-1
-4
-6
-5
-7
-7
-9
-11
-11
-14
-17
-16
-15
-17
-16
-17
-15
-13
-16
-14
-15
-14
-12
-11
-11
-9
-8
-7
-7
-6
-5
-3
-2
-4
-3
-5
-6
-5
-5
-4
-4
-5
-3
-3
-7
-5
-6
-6
-5
-6
-3
-2
-2
-2
-3
-4
0
1
-3
0
0
-1
-1
-2
-3
-1
-1
1
-1
-2
-2
-5
-5
-4
-3
-4
-4
-3
-4
-3
-1
-3
-4
-2
-5
-2
-2
-4
-4
-5
-5
-4
-4
-2
-4
-4
-3
-4
-4
-2
-2
-2
-2
2
1
1
1
-1
-1
0
2
0
1
4
3
2
2
0
1
1
2
4
4
3
4
2
6
6
6
8
7
7
8
9
10
10
11
14
11
11
14
12
12
12
11
12
13
14
11
8
5
5
5
4
-1
-1
1
0
-1
-2
-4
-4
-3
-7
-7
-9
-10
-10
-9
-11
-12
-11
-12
-12
-11
-12
-10
-9
-9
-8
-7
-7
-5
-3
-2
-1
2
4
6
9
8
8
10
11
12
13
11
12
13
13
11
11
13
13
13
10
11
11
10
10
9
8
8
8
7
8
5
3
4
3
3
3
2
1
1
1
1
0
3
1
0
1
-1
-3
-4
-3
-4
-6
-4
-5
-5
-4
-3
-2
-3
-2
-1
-2
1
-1
-2
2
2
1
5
4
3
3
6
7
6
4
5
7
9
10
10
8
10
13
14
15
13
13
15
14
16
18
16
14
14
13
14
11
9
7
5
5
2
0
-1
-2
-3
-5
-7
-9
-10
-12
-10
-11
-14
-12
-14
-16
-16
-16
-17
-14
-12
-11
-8
-6
-7
-6
-4
-4
-4
-1
0
0
0
5
6
2
3
6
8
9
9
10
11
13
11
9
11
8
7
6
8
6
6
7
4
3
2
-1
