3
1
3
2
3
0
-2
-2
-2
-5
-4
-3
-3
-1
-3
-3
-5
-5
-4
-4
-4
-1
1
-1
-1
3
4
4
6
6
6
6
8
11
11
8
10
9
10
11
11
8
8
9
7
6
5
3
2
1
1
-1
-1
-1
0
1
-2
-5
-4
-4
-7
-6
-8
-6
-5
-4
-2
-5
-4
-3
-5
-5
-5
-3
-2
-1
0
2
2
3
4
3
4
5
5
5
5
4
4
3
4
4
5
3
5
2
2
3
-1
0
1
-1
-1
-1
0
0
-1
-1
-3
-3
-2
-2
-6
-8
-5
-6
-3
-5
-7
-5
-5
-7
-7
-5
-7
-11
-9
-7
-5
-4
-5
-5
-7
-8
-6
-3
-5
-2
-2
-4
-1
0
3
3
3
8
7
7
8
7
4
3
5
4
5
4
3
4
5
5
5
2
1
1
1
0
-1
-2
-1
-2
-4
-2
0
-2
-2
-3
-5
-6
-4
-4
-3
-6
-3
-1
-5
-3
-1
0
1
0
-1
2
3
2
6
6
7
9
9
9
8
7
7
9
7
5
6
4
2
2
0
2
0
-3
-5
-6
-6
-6
-9
-9
-9
-11
-12
-10
-9
-10
-9
-10
-10
-7
-7
-8
-6
-2
-3
-4
-3
-1
-1
-1
1
1
-1
3
4
6
7
9
10
9
10
9
8
8
11
10
9
11
10
7
6
7
6
5
3
3
3
2
1
1
-1
0
-1
-3
-2
-1
-5
-5
-2
-1
-1
-2
-2
-3
-1
1
0
-1
-1
1
1
0
0
1
4
3
2
3
3
4
5
6
4
3
6
6
6
4
2
4
1
2
5
4
2
4
3
0
0
-3
-2
0
-3
-1
0
-4
-3
-6
-5
-4
-5
-6
-4
-5
-6
-4
-5
-6
-7
-8
-6
-5
-7
-6
-4
-6
-4
-4
-4
-2
0
-1
-2
-2
-1
-2
-2
-1
-1
-3
-4
-3
-4
-4
-2
0
0
-3
-3
-2
-4
-3
-4
-6
-2
0
-1
-1
0
-1
0
-2
-3
-2
-2
-3
0
2
-2
3
3
1
3
2
3
3
2
3
5
5
6
9
6
6
6
2
3
4
2
1
2
4
4
1
4
3
4
4
4
5
6
8
8
6
7
7
6
6
5
5
5
5
4
2
1
2
1
-1
-3
-2
0
-1
-2
-2
-2
-1
-3
-4
-3
-3
-1
1
0
0
0
2
0
1
-3
-3
-2
-4
-4
-3
-1
-2
-3
-2
-4
-2
-3
-5
-5
-6
-3
-4
-7
-5
-6
-7
-7
-7
-4
-7
-9
-7
-6
-3
-3
-4
-3
-2
-2
1
-1
-2
2
2
4
8
6
7
9
6
5
6
5
4
4
5
6
7
4
2
4
5
3
2
1
2
0
0
0
-1
2
0
-2
-3
-3
-2
0
0
-1
-2
1
5
4
4
5
8
7
5
4
6
9
8
8
7
5
8
8
7
9
7
7
7
5
4
4
7
10
8
8
7
9
9
6
7
7
3
4
3
-2
-1
1
-4
-4
-4
-7
-9
-9
-10
-12
-16
-17
-15
-16
-16
-13
-15
-12
-13
-16
-19
-19
-15
-16
-15
-14
-12
-13
-14
-13
-12
-11
-10
-6
-4
-4
-4
-3
-4
-5
-2
0
1
3
3
1
2
1
1
2
4
4
4
1
0
1
1
2
3
3
1
1
0
1
2
1
0
0
0
0
1
1
3
5
6
5
6
5
3
7
8
6
6
5
4
5
3
4
6
5
5
1
0
-1
-1
2
3
0
1
0
-1
-1
-3
-2
-2
-3
-2
-4
-2
-3
-2
-1
-1
-2
-3
-3
-1
0
3
3
1
4
3
5
6
4
8
8
7
8
6
8
9
10
11
9
7
11
12
10
12
13
13
12
13
13
9
9
11
11
11
10
11
9
9
11
10
9
8
8
6
6
9
5
4
4
3
3
1
0
0
-3
-3
-3
-6
-9
-11
-11
-13
-15
-12
-10
-12
-11
-15
-16
-16
-14
-12
-13
-14
-14
-15
-14
-16
-18
-18
-17
-16
-18
-19
-19
-20
-19
-19
-18
-16
-19
-16
-14
-17
-18
-15
-17
-16
-13
-11
-6
-8
-7
-7
-6
-5
-7
-4
0
0
2
0
0
2
-2
1
3
4
7
7
9
10
11
8
6
9
11
11
9
9
9
6
7
9
8
8
8
7
7
7
3
5
6
6
6
5
5
3
0
1
2
0
-1
-1
-1
1
1
2
-2
-2
-4
-5
-3
-1
-1
-1
-2
-4
-3
-4
-4
-1
-2
-1
0
-4
-5
-3
0
1
2
5
2
4
5
2
2
3
4
1
1
2
2
3
4
6
6
5
6
7
7
7
6
3
3
1
0
4
6
6
7
8
7
7
5
4
4
0
4
5
4
6
6
6
5
5
5
2
3
3
1
2
3
2
4
6
3
3
3
2
0
-1
-1
-4
-4
-4
-2
-2
-4
-2
-2
-4
-4
-6
-5
-3
-4
0
-5
-7
-5
-7
-4
-4
-5
-2
-2
-1
-4
-4
-2
-7
-10
-8
-9
-10
-8
-8
-6
-6
-8
-9
-10
-10
-11
-13
-12
-11
-9
-7
-4
-3
-4
-4
-4
-5
-2
-2
-4
-4
-2
1
0
0
4
2
2
2
2
2
2
5
5
7
5
4
4
5
8
9
13
14
13
15
18
17
13
13
18
17
16
18
18
18
18
16
16
17
16
16
16
16
17
16
15
16
16
16
16
14
13
12
11
11
10
10
11
10
8
6
6
4
5
6
5
3
3
3
1
2
2
0
0
0
2
2
0
0
2
2
1
-1
-2
-2
-2
-1
-1
-2
-3
-3
-5
-5
-7
-5
-6
-7
-6
-6
-8
-10
-9
-10
-11
-11
-12
-11
-10
-10
-9
-10
-11
-11
-12
-12
-11
-15
-14
-11
-13
-14
-16
-16
-16
-19
-17
-17
-18
-15
-15
-15
-12
-11
-13
-11
-14
-14
-13
-11
-7
-10
-11
-7
-8
-9
-10
-9
-8
-8
-5
0
-1
-1
0
-1
-1
-2
0
-1
2
5
5
5
6
4
3
2
2
3
3
0
1
-1
0
-2
-4
0
-4
-1
1
-1
3
0
1
1
-1
2
2
2
3
5
6
5
7
3
0
5
6
6
9
10
10
8
9
7
6
5
7
9
8
11
10
7
8
8
8
7
6
9
9
11
14
12
11
10
9
9
8
8
7
8
8
8
9
3
3
2
0
2
-1
-1
1
-1
-2
-3
-4
-6
-7
-6
-6
-6
-6
-4
-5
-4
-5
-6
-6
-7
-6
-6
-5
-4
-4
-5
-8
-9
-8
-10
-10
-9
-6
-6
-8
-7
-6
-7
-8
-7
-7
-10
-10
-10
-12
-12
-13
-13
-13
-14
-15
-16
-15
-13
-13
-14
-12
-11
-12
-8
-7
-7
-5
-5
-2
-2
-2
-2
-2
-1
-3
-2
0
0
0
-1
0
-2
-1
-2
-4
-4
-2
-3
-2
-3
-3
-2
-4
-2
1
0
1
4
5
6
5
4
4
2
4
4
4
7
6
6
6
6
7
9
10
9
10
9
8
11
9
7
9
7
4
7
7
7
8
6
7
5
4
4
2
3
3
4
3
2
4
4
5
3
2
-1
0
5
1
3
3
3
5
6
7
5
8
6
4
4
1
5
7
7
9
5
8
6
3
3
2
2
3
2
3
0
-2
-2
-4
-5
-2
-4
-2
-1
-1
1
0
1
1
-1
3
2
2
3
1
0
-1
1
1
-1
-1
-3
0
1
0
1
-2
-2
-1
-2
-2
-4
-5
-3
-5
-7
-7
-7
-6
-5
-9
-10
-11
-12
-12
-14
-14
-11
-10
-7
-5
-7
-6
-4
-6
-5
-5
-3
-2
-1
-1
1
1
4
6
4
5
3
1
1
-1
1
3
3
6
7
5
3
4
3
2
2
2
1
1
2
1
3
3
4
3
3
5
6
6
5
6
6
6
8
8
6
7
8
8
10
8
9
8
6
7
6
5
6
3
5
5
0
1
3
4
2
0
-1
0
-2
-4
-8
-8
-7
-6
-5
-6
-6
-9
-6
-7
-9
-7
-7
-4
-2
-4
-4
-5
-7
-6
-4
-3
-2
-2
-3
-2
-3
-4
-1
-2
-3
-4
-2
-5
-5
-6
-6
-1
0
1
2
1
3
3
5
3
3
4
2
5
5
4
5
6
5
3
2
3
2
2
4
5
3
5
3
5
7
7
6
6
7
4
5
7
5
6
5
6
9
7
7
8
8
7
6
8
10
7
7
8
8
8
8
5
6
5
4
4
4
3
2
1
0
0
-1
-2
-1
-3
-5
-6
-5
-4
-7
-6
-5
-5
-4
-5
-5
-4
-4
-2
-1
0
1
0
-1
1
2
2
4
5
1
1
2
2
-1
-1
1
3
0
-2
-1
-2
-4
-5
-5
-5
-5
-4
-5
-5
-4
-1
-1
-2
-1
-2
-1
0
1
1
1
3
2
1
1
1
2
3
5
6
5
4
1
2
3
4
5
6
7
8
5
6
5
1
5
6
4
3
1
3
5
2
3
5
5
5
3
3
4
1
0
0
1
0
-1
1
2
2
1
1
4
2
1
-2
0
-1
-6
-4
-5
-5
-3
-4
-1
-3
-5
-3
-3
-4
-4
-4
-4
-3
-2
-3
-4
-2
-3
-4
-4
-3
-6
-8
-5
-4
-6
-11
-11
-10
-10
-9
-9
-7
-9
-8
-7
-7
-6
-6
-5
-4
-5
-4
-5
-4
0
1
2
6
8
7
5
8
9
9
9
9
11
10
11
12
12
11
10
10
10
10
10
9
6
7
4
3
3
3
2
4
3
2
2
0
0
-1
-4
-2
-2
-3
-2
-4
1
1
-1
0
-2
0
0
-1
-1
-2
-1
-1
-3
0
1
1
3
4
-1
-1
-1
-5
-3
-3
-4
-4
-6
-8
-9
-8
-9
-6
-8
-9
-7
-5
-3
-4
-5
-4
-8
-6
-6
-6
-5
-3
-5
-3
-4
-4
-5
-5
-3
-2
-4
-4
-4
-7
-7
-7
-6
-2
-1
1
1
0
2
5
4
4
3
5
6
6
5
4
4
5
4
3
2
3
3
2
2
1
0
0
-1
-2
-3
-3
-2
-5
-3
-3
-5
-3
-4
-3
-3
-5
-2
-5
-4
-1
-2
-3
-6
-7
-8
-7
-5
-5
-6
-6
-6
-3
-4
-7
-8
-9
-7
-9
-10
-10
-11
-7
-7
-9
-8
-8
-10
-9
-8
-8
-7
-7
-7
-9
-13
-12
-13
-12
-11
-13
-11
-7
-8
-7
-6
-7
-6
-6
-4
-2
-1
1
2
4
4
5
6
7
7
8
8
8
9
8
5
7
3
2
4
3
6
9
7
6
5
3
2
2
3
2
3
3
0
0
-3
-2
1
2
3
4
4
3
6
6
6
4
3
-1
0
2
3
7
8
9
7
3
4
5
7
8
7
8
8
8
8
9
10
8
10
8
9
10
8
9
10
10
11
8
10
10
7
9
9
10
8
7
8
5
6
8
7
7
5
3
4
4
5
8
7
6
4
2
4
5
4
5
8
9
8
6
6
4
4
5
6
4
4
4
5
3
3
4
-1
1
0
1
3
-2
0
-2
-2
-2
-3
-3
-2
-1
-1
-3
-3
-6
-7
-6
-6
-5
-5
-4
-4
-7
-6
-9
-10
-10
-10
-8
-9
-10
-10
-9
-8
-8
-10
-8
-9
-8
-10
-11
-10
-10
-6
-5
-6
-4
-4
-8
-9
-8
-9
-8
-5
-7
-6
-3
-4
-4
-4
-6
-6
-5
-3
-5
-2
-1
-2
0
-5
-3
-1
0
2
1
4
3
1
-2
-6
-4
-2
0
0
2
5
2
4
6
6
5
4
3
3
5
7
9
8
9
9
8
8
9
7
8
8
5
5
3
3
4
2
4
4
2
2
1
-2
-2
-2
-2
-1
-2
-3
-4
-3
-4
-2
-1
-4
-4
-4
-4
-2
-1
2
-1
-2
0
-1
1
0
1
2
-1
1
2
2
2
3
5
4
5
5
3
4
3
3
2
1
2
3
4
4
5
7
3
1
0
0
-4
-4
-3
-5
-6
-4
-1
0
1
-1
3
3
-1
0
-2
-4
-3
0
0
-1
2
4
6
5
1
1
1
-3
0
2
0
0
-1
-1
-1
-1
2
0
-2
-2
-4
-6
-6
-6
-5
-6
-8
-7
-9
-10
-8
-9
-11
-12
-10
-11
-14
-15
-17
-18
-18
-19
-17
-16
-17
-17
-17
-18
-18
-20
-20
-18
-16
-13
-12
-12
-12
-13
-15
-13
-12
-9
-10
-10
-5
-4
-4
-2
0
-1
-2
1
4
4
5
8
10
8
7
9
8
10
8
10
14
12
15
15
10
12
14
13
14
16
18
18
18
20
19
18
18
19
18
20
21
23
21
19
19
18
18
20
19
18
16
14
18
14
12
12
10
9
8
8
10
11
12
14
12
12
12
12
10
9
5
6
8
5
7
6
5
7
3
6
4
-1
1
1
0
-2
-2
-2
-2
-4
-6
-4
-6
-7
-6
-5
-3
-2
-3
-5
-5
-6
-5
-5
-6
-4
-4
-2
-1
-5
-7
-7
-9
-11
-11
-9
-11
-10
-11
-10
-8
-10
-8
-6
-9
-7
-8
-7
-6
-6
-6
-7
-7
-7
-4
-4
-6
-4
-4
-5
-5
-7
-9
-9
-9
-12
-9
-12
-13
-13
-14
-13
-12
-15
-15
-16
-17
-16
-16
-16
-14
-13
-14
-14
-14
-12
-11
-11
-7
-8
-6
-3
-3
-3
-1
1
2
6
5
5
8
6
7
7
8
10
9
9
11
8
6
6
4
2
1
1
0
-3
-4
-4
-7
-9
-11
-12
-10
-10
-12
-15
-15
-15
-14
-16
-19
-19
-19
-16
-15
-16
-15
-14
-14
-10
-10
-8
-3
-2
3
3
6
10
12
16
17
17
19
22
24
26
28
32
34
34
35
34
35
36
38
38
38
38
35
31
30
30
28
26
24
20
15
13
12
10
6
3
0
-2
-7
-9
-11
-16
-19
-22
-25
-26
-30
-31
-32
-34
-33
-32
-32
-29
-27
-27
-24
-21
-18
-16
-10
-8
-6
-2
0
4
10
15
19
25
31
34
39
42
43
45
48
48
48
49
52
52
53
52
52
48
46
46
40
37
35
32
28
22
14
10
5
1
-5
-11
-16
-24
-32
-37
-47
-53
-59
-65
-70
-78
-83
-84
-88
-89
-89
-94
-93
-92
-95
-94
-92
-90
-86
-80
-75
-70
-64
-60
-49
-40
-32
-26
-19
-10
-2
7
18
29
38
49
57
66
75
83
89
99
107
112
117
120
126
128
126
127
126
125
121
115
108
103
97
86
74
63
50
35
19
4
-8
-23
-38
-52
-68
-84
-100
-115
-127
-140
-150
-160
-171
-176
-183
-188
-191
-196
-199
-199
-196
-193
-188
-180
-169
-160
-148
-136
-120
-103
-86
-65
-46
-26
-2
23
46
71
94
117
141
165
186
208
229
250
268
280
293
304
311
314
315
318
317
310
299
290
277
259
239
216
189
164
137
105
71
40
3
-32
-67
-101
-133
-168
-205
-237
-265
-294
-319
-342
-364
-386
-401
-414
-422
-424
-425
-423
-419
-407
-393
-375
-352
-328
-297
-265
-229
-192
-152
-108
-64
-16
32
78
127
177
221
270
315
356
396
432
468
497
523
545
563
576
579
579
574
563
547
525
499
466
430
387
339
289
236
177
119
63
2
-61
-122
-184
-244
-301
-360
-413
-463
-511
-553
-593
-626
-655
-679
-696
-710
-719
-723
-718
-708
-690
-668
-639
-606
-566
-521
-472
-422
-367
-306
-242
-175
-105
-35
31
105
177
245
315
384
448
512
572
626
675
719
756
789
816
834
845
849
849
842
823
800
770
734
689
639
585
529
464
394
327
255
180
107
34
-41
-115
-187
-255
-322
-385
-443
-501
-556
-604
-648
-685
-719
-747
-767
-783
-793
-799
-799
-797
-786
-770
-749
-720
-689
-653
-613
-565
-519
-471
-415
-359
-300
-242
-180
-119
-56
6
68
130
188
246
302
356
410
461
508
550
589
626
658
689
712
733
750
759
766
765
758
749
731
710
684
652
617
569
522
471
417
359
297
232
170
104
35
-32
-98
-161
-226
-289
-344
-398
-449
-498
-541
-579
-617
-648
-678
-702
-718
-734
-746
-750
-754
-751
-738
-727
-711
-687
-665
-632
-597
-561
-518
-470
-422
-366
-311
-255
-191
-132
-70
-3
59
121
184
248
310
371
430
486
541
590
637
683
722
760
794
820
842
857
865
870
866
857
842
817
787
753
711
664
612
551
488
419
347
275
202
128
50
-25
-99
-172
-242
-311
-380
-441
-502
-557
-608
-653
-693
-728
-760
-786
-807
-827
-839
-845
-851
-849
-845
-833
-817
-797
-768
-735
-701
-665
-623
-572
-520
-467
-407
-346
-283
-218
-151
-81
-14
56
127
198
268
336
402
466
527
585
638
691
738
782
819
853
887
911
931
947
953
954
944
928
909
881
845
801
753
703
643
578
506
430
355
275
192
110
29
-53
-135
-215
-291
-364
-436
-503
-564
-623
-679
-726
-770
-807
-839
-871
-894
-911
-924
-932
-933
-929
-921
-907
-889
-864
-834
-803
-762
-719
-671
-617
-563
-501
-436
-370
-299
-226
-154
-79
-5
70
145
218
292
362
432
499
562
627
684
738
790
838
882
918
947
972
993
1004
1008
1007
996
982
960
929
890
840
786
724
657
587
507
425
339
250
162
75
-13
-102
-187
-269
-350
-428
-501
-568
-631
-688
-742
-787
-828
-866
-894
-917
-937
-951
-959
-964
-960
-955
-941
-921
-899
-873
-837
-799
-755
-706
-654
-597
-535
-467
-399
-328
-255
-182
-104
-28
48
127
203
278
351
421
490
558
621
678
735
789
837
878
915
945
971
994
1011
1022
1025
1020
1009
991
966
937
897
851
801
743
678
606
531
454
371
287
201
113
30
-54
-140
-220
-297
-375
-445
-512
-579
-635
-687
-734
-776
-811
-844
-871
-891
-910
-923
-925
-929
-923
-913
-901
-882
-860
-831
-798
-762
-718
-671
-619
-566
-508
-445
-382
-314
-244
-172
-101
-28
40
109
180
247
314
377
436
493
545
596
643
685
726
764
798
826
848
868
883
891
896
896
891
877
863
841
812
781
738
692
641
584
523
456
386
316
242
164
89
14
-63
-139
-213
-286
-355
-420
-480
-536
-588
-635
-681
-719
-751
-782
-805
-826
-840
-848
-854
-855
-851
-839
-828
-812
-791
-766
-736
-702
-665
-620
-574
-527
-474
-417
-359
-300
-237
-174
-111
-45
17
82
146
208
270
331
386
442
494
541
587
631
673
710
743
774
800
824
844
858
870
877
875
871
860
845
825
795
760
720
672
620
564
502
435
362
291
219
143
65
-12
-89
-166
-240
-312
-380
-445
-508
-565
-618
-668
-709
-748
-779
-808
-831
-852
-865
-871
-877
-876
-870
-857
-841
-820
-795
-768
-733
-694
-652
-607
-557
-502
-445
-390
-329
-262
-199
-136
-68
-3
62
124
183
243
302
357
412
464
513
559
601
639
676
707
735
761
784
801
811
820
826
823
819
806
788
767
737
707
672
630
585
535
482
422
360
297
231
165
93
24
-43
-110
-177
-240
-299
-357
-413
-464
-512
-557
-597
-632
-659
-685
-704
-721
-734
-741
-749
-747
-745
-737
-719
-701
-681
-655
-626
-595
-561
-520
-479
-439
-393
-347
-300
-252
-202
-147
-95
-45
7
56
106
152
200
246
291
335
372
410
442
475
508
535
561
583
602
617
631
640
649
652
651
652
646
634
619
603
581
557
528
498
466
427
389
349
303
258
208
160
110
61
11
-42
-91
-141
-190
-234
-283
-323
-363
-403
-434
-464
-492
-515
-534
-552
-569
-582
-592
-599
-600
-601
-598
-591
-581
-569
-555
-541
-524
-499
-476
-447
-415
-384
-350
-315
-279
-240
-200
-161
-120
-78
-40
0
43
81
119
158
194
232
266
296
327
354
380
403
424
447
467
480
494
505
515
520
520
526
527
523
519
513
503
489
472
454
434
410
383
354
324
293
258
226
189
149
111
71
34
-4
-43
-80
-115
-154
-191
-224
-257
-284
-314
-340
-365
-389
-410
-428
-441
-457
-466
-475
-483
-489
-489
-489
-485
-479
-472
-463
-450
-434
-415
-393
-368
-345
-319
-293
-266
-237
-202
-167
-135
-102
-68
-37
-4
27
57
88
117
145
172
201
225
248
269
290
310
327
346
365
380
392
405
416
423
428
433
437
442
442
438
433
429
416
401
387
367
347
326
300
271
243
212
182
149
114
79
45
10
-23
-58
-93
-127
-164
-198
-229
-259
-287
-314
-343
-369
-391
-410
-431
-448
-461
-472
-480
-483
-487
-485
-479
-474
-462
-450
-433
-411
-391
-365
-337
-310
-279
-246
-211
-176
-142
-107
-71
-39
-5
30
62
92
124
156
184
213
241
263
287
309
329
351
368
386
400
411
420
430
438
442
445
449
449
449
442
435
427
410
395
377
358
339
314
287
260
228
197
164
130
93
56
21
-16
-53
-89
-124
-161
-197
-232
-262
-292
-322
-349
-376
-397
-415
-434
-449
-462
-469
-476
-480
-482
-482
-476
-469
-459
-446
-431
-415
-393
-368
-341
-316
-287
-256
-225
-189
-156
-120
-86
-50
-14
20
53
88
121
151
180
211
239
261
283
305
322
340
353
365
377
385
389
393
396
395
394
392
389
382
373
364
355
344
330
314
298
282
264
243
222
197
170
144
115
84
53
23
-4
-37
-75
-103
-136
-168
-199
-231
-257
-286
-313
-334
-355
-373
-392
-407
-417
-423
-429
-431
-432
-425
-421
-412
-399
-384
-365
-347
-324
-300
-278
-249
-220
-191
-160
-126
-96
-65
-32
0
30
61
90
118
144
167
193
216
234
255
272
283
296
308
317
326
335
342
344
346
344
342
340
336
332
327
322
314
305
295
284
271
256
242
225
209
190
171
146
122
98
72
48
20
-8
-36
-63
-92
-120
-149
-176
-201
-227
-252
-277
-298
-320
-337
-352
-365
-370
-378
-383
-382
-380
-373
-369
-358
-344
-327
-310
-289
-266
-244
-217
-189
-164
-134
-105
-79
-51
-21
7
36
61
85
110
132
151
171
186
197
215
228
237
245
254
262
267
270
274
275
273
269
266
258
251
240
232
224
212
204
194
181
164
148
132
115
98
83
65
49
27
9
-12
-31
-49
-70
-89
-108
-126
-142
-159
-178
-193
-208
-223
-233
-242
-247
-253
-260
-260
-260
-262
-258
-253
-245
-235
-225
-214
-202
-189
-176
-161
-143
-126
-109
-91
-74
-55
-38
-19
-2
15
30
46
63
76
89
103
117
131
141
152
164
173
176
181
185
188
192
190
192
191
190
187
182
178
172
165
158
149
139
128
118
110
102
91
81
70
61
51
39
28
17
5
-4
-14
-21
-31
-39
-49
-61
-68
-78
-87
-94
-102
-106
-112
-115
-118
-124
-125
-125
-125
-124
-127
-125
-122
-125
-123
-120
-117
-109
-103
-96
-88
-82
-75
-66
-59
-51
-41
-32
-21
-15
-7
2
9
19
30
39
47
53
58
62
65
69
72
75
78
80
81
82
79
78
79
76
74
72
72
70
70
68
65
62
60
57
58
57
50
47
44
41
37
32
30
24
16
11
5
-3
-10
-17
-23
-31
-37
-42
-48
-56
-62
-66
-68
-72
-76
-77
-78
-78
-80
-82
-82
-82
-82
-80
-78
-76
-74
-72
-68
-65
-63
-57
-54
-53
-50
-48
-44
-41
-37
-35
-31
-24
-19
-15
-12
-8
-3
2
9
14
17
23
27
27
27
29
31
33
36
40
43
48
50
53
53
54
55
56
58
61
65
69
70
75
80
82
85
89
91
92
91
94
95
91
89
90
88
84
76
68
62
52
43
39
33
23
13
5
-5
-13
-22
-32
-40
-50
-59
-64
-71
-74
-74
-74
-73
-72
-70
-69
-65
-57
-54
-51
-49
-47
-49
-50
-51
-51
-50
-54
-54
-52
-49
-47
-44
-39
-38
-37
-35
-32
-25
-20
-14
-6
-5
-2
1
5
11
14
18
22
27
32
36
41
42
46
50
52
52
52
54
56
55
59
63
64
67
66
67
70
73
71
68
68
65
61
61
51
38
22
-3
-24
-46
-69
-83
-97
-111
-126
-146
-169
-197
-227
-255
-281
-297
-311
-313
-309
-304
-296
-288
-279
-272
-263
-252
-239
-219
-197
-171
-141
-115
-93
-71
-51
-33
-19
-8
7
17
29
38
45
54
59
65
70
74
77
82
89
97
105
113
117
121
130
140
146
155
162
171
180
188
197
201
200
194
189
185
180
176
171
163
156
146
129
116
98
78
61
47
34
16
2
-11
-25
-37
-43
-53
-63
-71
-75
-73
-73
-75
-74
-69
-69
-69
-64
-60
-51
-45
-40
-30
-19
-6
2
12
23
31
41
50
58
68
72
80
95
106
117
123
127
134
146
160
167
168
171
173
177
186
189
187
182
168
162
163
158
149
136
125
116
106
97
86
76
62
47
32
21
7
-13
-27
-40
-51
-61
-71
-81
-96
-110
-122
-130
-141
-154
-168
-182
-191
-202
-210
-215
-221
-223
-225
-223
-220
-218
-212
-205
-195
-184
-169
-157
-140
-120
-101
-74
-47
-21
1
24
52
78
97
113
127
138
150
161
173
182
184
183
183
183
175
159
150
141
137
135
134
131
120
110
104
103
102
96
89
80
73
67
60
50
35
11
-11
-32
-55
-81
-110
-143
-174
-209
-242
-276
-308
-342
-373
-398
-417
-431
-445
-454
-458
-458
-448
-433
-415
-395
-371
-344
-317
-279
-240
-198
-155
-112
-66
-21
27
73
117
159
200
234
268
302
330
360
389
414
440
461
480
499
515
527
538
546
548
547
544
538
528
514
498
477
450
414
374
331
283
229
171
108
37
-36
-112
-193
-271
-347
-424
-499
-571
-637
-699
-754
-799
-835
-863
-878
-884
-879
-862
-835
-799
-756
-703
-640
-575
-504
-427
-344
-262
-181
-98
-18
58
134
203
271
336
393
453
509
564
612
655
698
740
781
818
851
886
920
949
977
1002
1017
1018
1006
979
943
893
835
768
690
597
493
384
264
141
18
-109
-231
-352
-470
-583
-687
-780
-864
-936
-995
-1048
-1086
-1106
-1121
-1120
-1103
-1074
-1036
-995
-950
-898
-844
-790
-734
-677
-622
-567
-513
-461
-407
-353
-298
-243
-187
-132
-81
-23
38
101
168
236
302
370
439
512
591
672
752
835
917
1000
1080
1156
1226
1282
1319
1338
1340
1325
1296
1248
1184
1103
1004
889
760
617
466
314
159
6
-143
-290
-431
-561
-678
-780
-866
-937
-992
-1031
-1062
-1079
-1084
-1074
-1054
-1024
-987
-949
-903
-859
-810
-763
-718
-673
-631
-591
-560
-533
-506
-479
-446
-413
-378
-341
-301
-255
-205
-150
-84
-12
65
145
227
311
402
498
599
706
817
930
1042
1152
1259
1366
1465
1550
1615
1649
1657
1641
1603
1544
1464
1359
1231
1086
919
735
542
345
147
-47
-241
-433
-617
-782
-928
-1053
-1156
-1233
-1289
-1320
-1335
-1331
-1305
-1259
-1196
-1124
-1053
-980
-908
-833
-761
-698
-641
-591
-551
-518
-498
-487
-480
-480
-485
-495
-510
-528
-536
-536
-526
-509
-481
-440
-388
-327
-261
-180
-79
29
148
274
404
544
691
841
989
1137
1283
1424
1550
1652
1725
1770
1788
1777
1738
1668
1573
1452
1306
1134
941
732
514
291
67
-156
-373
-580
-772
-948
-1099
-1221
-1314
-1376
-1409
-1416
-1395
-1345
-1266
-1168
-1053
-937
-816
-691
-573
-456
-349
-255
-176
-114
-69
-47
-39
-45
-62
-90
-134
-187
-245
-308
-367
-421
-460
-484
-494
-492
-477
-443
-391
-317
-221
-114
4
136
284
436
598
766
936
1105
1270
1429
1578
1713
1826
1909
1957
1970
1943
1883
1790
1666
1518
1343
1142
921
678
422
167
-86
-333
-570
-793
-999
-1183
-1338
-1461
-1547
-1593
-1604
-1582
-1531
-1449
-1339
-1203
-1048
-883
-720
-564
-418
-289
-177
-84
-11
44
70
67
40
-14
-81
-163
-252
-347
-447
-551
-649
-738
-813
-866
-895
-898
-875
-829
-757
-665
-548
-400
-234
-51
145
348
553
757
960
1157
1351
1537
1710
1867
1995
2090
2137
2138
2094
2005
1878
1718
1525
1304
1057
784
489
182
-123
-420
-702
-965
-1209
-1432
-1623
-1782
-1906
-1983
-2018
-2006
-1953
-1865
-1745
-1595
-1415
-1215
-1006
-795
-598
-417
-262
-132
-26
52
101
118
104
54
-26
-126
-242
-365
-498
-632
-764
-892
-1005
-1100
-1164
-1193
-1187
-1151
-1083
-981
-854
-699
-516
-315
-95
138
378
619
853
1082
1300
1510
1711
1897
2068
2219
2343
2429
2460
2435
2355
2227
2066
1869
1646
1401
1127
829
512
183
-141
-443
-712
-958
-1180
-1371
-1540
-1669
-1754
-1794
-1777
-1705
-1592
-1443
-1268
-1072
-855
-625
-389
-161
43
220
364
474
549
589
598
569
500
392
252
84
-97
-281
-463
-640
-805
-956
-1085
-1183
-1247
-1269
-1243
-1180
-1084
-955
-799
-612
-397
-157
92
354
618
871
1118
1349
1568
1773
1961
2135
2287
2421
2525
2582
2578
2500
2364
2182
1963
1718
1449
1165
857
525
175
-191
-544
-861
-1133
-1362
-1556
-1721
-1858
-1953
-2006
-2006
-1943
-1820
-1648
-1448
-1228
-996
-750
-489
-223
33
255
435
572
655
695
697
660
590
483
332
143
-68
-291
-510
-716
-902
-1071
-1219
-1335
-1415
-1454
-1442
-1379
-1269
-1123
-949
-749
-532
-296
-41
227
499
767
1019
1251
1458
1644
1811
1957
2088
2203
2304
2387
2441
2439
2366
2214
2004
1767
1513
1236
950
656
346
15
-336
-692
-1019
-1293
-1502
-1667
-1797
-1896
-1972
-2009
-1994
-1925
-1788
-1592
-1353
-1101
-849
-602
-355
-97
159
389
574
703
773
783
739
653
535
389
214
4
-240
-502
-762
-1005
-1218
-1392
-1535
-1644
-1713
-1736
-1710
-1633
-1499
-1315
-1094
-845
-584
-315
-38
239
516
783
1033
1262
1456
1617
1748
1847
1924
1989
2050
2109
2159
2186
2157
2049
1865
1632
1380
1116
850
585
315
34
-275
-604
-931
-1224
-1448
-1606
-1708
-1779
-1832
-1864
-1866
-1824
-1729
-1570
-1350
-1092
-830
-581
-344
-110
124
351
549
702
797
826
791
702
572
415
240
39
-193
-450
-719
-978
-1212
-1405
-1552
-1654
-1715
-1731
-1701
-1626
-1502
-1325
-1098
-832
-547
-256
35
315
588
846
1088
1311
1504
1661
1779
1867
1925
1960
1986
2012
2040
2075
2096
2082
2001
1841
1627
1393
1159
931
703
477
240
-15
-289
-579
-850
-1064
-1211
-1296
-1344
-1375
-1397
-1403
-1386
-1329
-1214
-1038
-812
-569
-344
-142
44
225
402
564
692
773
797
756
655
512
340
150
-48
-262
-499
-752
-1001
-1238
-1437
-1587
-1682
-1720
-1712
-1665
-1584
-1460
-1286
-1067
-813
-534
-250
23
281
516
735
939
1122
1284
1408
1493
1551
1586
1600
1602
1604
1615
1641
1682
1713
1701
1622
1470
1272
1060
848
642
437
234
23
-206
-463
-729
-966
-1148
-1271
-1339
-1373
-1392
-1397
-1390
-1362
-1297
-1176
-997
-779
-547
-337
-152
16
170
317
444
538
588
584
526
413
256
75
-119
-320
-527
-743
-962
-1176
-1370
-1523
-1626
-1669
-1651
-1582
-1480
-1346
-1185
-992
-770
-523
-253
20
287
530
739
923
1086
1232
1357
1456
1530
1580
1604
1608
1600
1595
1609
1651
1720
1790
1818
1770
1637
1452
1246
1039
843
654
466
260
22
-246
-528
-783
-983
-1109
-1175
-1205
-1219
-1234
-1243
-1231
-1175
-1056
-870
-634
-388
-165
17
165
301
427
543
634
680
659
567
406
200
-19
-235
-442
-645
-866
-1091
-1300
-1480
-1609
-1670
-1665
-1605
-1502
-1373
-1220
-1037
-827
-583
-311
-31
235
470
673
843
980
1091
1178
1236
1265
1268
1255
1227
1202
1187
1192
1231
1318
1461
1635
1789
1859
1803
1631
1388
1121
859
611
354
64
-281
-669
-1061
-1397
-1612
-1689
-1658
-1570
-1474
-1390
-1297
-1160
-950
-647
-283
89
406
619
735
783
803
817
808
742
572
280
-111
-557
-990
-1365
-1666
-1901
-2095
-2258
-2377
-2413
-2337
-2133
-1825
-1454
-1060
-675
-314
27
351
652
907
1097
1202
1212
1138
1010
859
698
535
362
184
25
-89
-130
-72
78
301
582
901
1259
1658
2063
2413
2630
2653
2484
2165
1762
1332
891
429
-65
-594
-1132
-1625
-1998
-2192
-2203
-2065
-1837
-1578
-1300
-999
-645
-218
257
720
1109
1368
1485
1482
1390
1235
1042
790
465
55
-436
-962
-1457
-1867
-2153
-2318
-2375
-2344
-2240
-2056
-1787
-1439
-1029
-589
-165
208
515
749
913
1012
1037
979
849
656
417
168
-62
-255
-398
-491
-537
-532
-461
-311
-69
252
635
1055
1472
1871
2247
2601
2923
3171
3278
3171
2812
2233
1514
762
54
-584
-1154
-1665
-2107
-2438
-2607
-2563
-2302
-1855
-1295
-708
-161
322
754
1139
1468
1703
1796
1726
1496
1135
693
221
-240
-660
-1034
-1379
-1689
-1946
-2114
-2154
-2050
-1834
-1539
-1215
-900
-605
-334
-91
125
298
406
423
356
222
50
-129
-296
-446
-582
-700
-786
-828
-808
-725
-589
-401
-182
52
289
529
778
1029
1280
1518
1728
1898
2023
2109
2175
2226
2241
2169
1945
1529
953
312
-280
-748
-1083
-1320
-1494
-1612
-1646
-1559
-1328
-958
-492
-12
398
691
857
923
931
885
779
587
307
-33
-393
-727
-990
-1158
-1231
-1232
-1200
-1148
-1083
-990
-850
-674
-492
-349
-284
-293
-350
-423
-486
-539
-586
-638
-699
-753
-779
-760
-684
-570
-450
-339
-251
-176
-94
0
98
190
262
311
349
387
439
509
597
709
837
979
1132
1295
1475
1680
1909
2129
2265
2232
1974
1516
952
398
-79
-473
-801
-1088
-1330
-1484
-1504
-1362
-1059
-650
-209
189
484
681
793
849
860
799
649
409
93
-247
-559
-804
-954
-1017
-1024
-1004
-979
-948
-889
-791
-664
-529
-431
-394
-420
-485
-555
-604
-635
-656
-675
-691
-692
-663
-599
-503
-390
-278
-184
-116
-68
-30
7
46
87
125
160
200
254
324
413
515
633
775
942
1130
1328
1535
1754
1993
2240
2430
2473
2288
1852
1242
578
-28
-513
-882
-1170
-1391
-1542
-1579
-1462
-1170
-732
-222
264
644
875
971
972
914
807
634
378
44
-332
-694
-976
-1138
-1174
-1113
-1008
-902
-816
-738
-645
-523
-386
-277
-233
-272
-380
-512
-638
-728
-779
-803
-796
-766
-709
-618
-504
-375
-244
-135
-61
-25
-12
-5
8
27
46
58
72
112
186
296
432
581
738
905
1087
1275
1466
1667
1886
2119
2321
2394
2246
1846
1250
572
-58
-558
-926
-1190
-1389
-1528
-1567
-1461
-1181
-742
-219
287
680
908
977
934
827
683
490
232
-97
-468
-816
-1076
-1205
-1193
-1076
-912
-758
-640
-562
-498
-429
-352
-291
-284
-344
-466
-625
-770
-876
-925
-917
-867
-788
-697
-602
-497
-378
-259
-146
-62
-20
-10
-22
-33
-34
-23
-1
28
68
128
215
329
470
634
817
1007
1198
1382
1565
1767
1999
2243
2424
2434
2184
1657
952
228
-384
-820
-1099
-1291
-1432
-1513
-1485
-1288
-910
-396
156
636
952
1075
1032
887
698
487
244
-58
-405
-759
-1054
-1224
-1239
-1116
-908
-687
-516
-419
-380
-363
-341
-314
-308
-357
-474
-633
-791
-900
-933
-889
-797
-691
-599
-526
-458
-379
-275
-165
-83
-46
-59
-96
-125
-127
-99
-57
-4
61
139
239
354
488
636
800
981
1174
1367
1552
1733
1918
2104
2273
2341
2212
1830
1221
504
-169
-681
-1008
-1193
-1292
-1334
-1292
-1134
-832
-405
89
568
937
1129
1127
970
729
457
177
-105
-404
-706
-969
-1147
-1198
-1107
-908
-665
-455
-332
-293
-305
-322
-324
-332
-384
-502
-671
-842
-962
-988
-923
-802
-676
-582
-526
-488
-436
-351
-253
-171
-135
-148
-186
-214
-204
-152
-71
23
111
193
268
342
424
527
661
821
990
1154
1306
1445
1591
1769
1976
2167
2238
2077
1635
978
258
-365
-796
-1035
-1146
-1191
-1182
-1099
-903
-573
-140
330
738
999
1062
935
684
389
108
-145
-386
-632
-872
-1056
-1132
-1068
-875
-619
-391
-266
-251
-304
-364
-398
-422
-475
-590
-757
-920
-1024
-1025
-928
-775
-617
-507
-455
-439
-421
-368
-286
-203
-151
-145
-165
-176
-161
-101
-9
88
176
236
278
321
384
475
593
724
853
983
1113
1252
1419
1626
1869
2108
2254
2203
1879
1311
616
-49
-554
-872
-1046
-1134
-1162
-1116
-957
-668
-274
167
572
860
979
922
725
458
183
-74
-310
-542
-763
-937
-1019
-983
-841
-645
-474
-390
-392
-445
-497
-521
-536
-582
-680
-804
-907
-934
-878
-766
-636
-537
-480
-459
-453
-434
-391
-333
-276
-233
-215
-199
-166
-109
-27
57
129
188
239
290
355
431
519
616
714
821
947
1097
1269
1446
1625
1808
1994
2154
2189
1994
1524
844
118
-484
-866
-1051
-1110
-1105
-1052
-927
-705
-378
16
420
754
932
920
735
439
120
-164
-397
-588
-755
-890
-962
-950
-852
-699
-548
-455
-426
-443
-477
-506
-533
-578
-645
-719
-768
-767
-717
-646
-580
-535
-514
-500
-491
-473
-447
-413
-376
-334
-288
-229
-150
-53
45
124
182
227
273
333
404
479
544
600
656
742
881
1066
1266
1445
1603
1760
1936
2106
2168
1991
1514
812
64
-543
-908
-1048
-1051
-998
-925
-820
-642
-369
-16
368
688
854
815
593
266
-68
-340
-525
-651
-742
-813
-855
-841
-764
-633
-496
-402
-380
-432
-520
-606
-665
-701
-721
-733
-737
-727
-702
-667
-619
-561
-498
-451
-427
-420
-417
-396
-349
-276
-191
-99
-8
73
136
181
216
254
306
368
432
481
522
577
664
802
983
1179
1356
1500
1629
1781
1963
2105
2072
1751
1142
389
-306
-779
-986
-1008
-951
-883
-809
-692
-486
-182
186
538
773
823
675
386
59
-221
-416
-535
-619
-697
-760
-790
-763
-680
-572
-487
-458
-503
-595
-693
-758
-785
-775
-750
-724
-704
-686
-660
-619
-561
-500
-453
-434
-443
-458
-445
-396
-314
-211
-113
-23
57
133
199
248
279
302
332
378
439
498
558
635
744
902
1096
1296
1465
1610
1755
1911
2042
2050
1811
1291
595
-97
-617
-892
-965
-938
-882
-818
-712
-520
-240
101
437
682
777
690
458
153
-142
-372
-523
-615
-683
-739
-777
-780
-733
-644
-547
-481
-471
-515
-581
-640
-673
-672
-656
-639
-627
-624
-619
-604
-575
-528
-483
-451
-435
-425
-399
-333
-234
-117
-7
85
162
231
308
373
427
462
478
489
504
534
584
658
765
900
1061
1231
1397
1563
1726
1875
1952
1851
1502
921
245
-341
-715
-868
-881
-849
-809
-746
-611
-378
-80
225
467
591
563
392
132
-148
-386
-543
-632
-686
-730
-763
-771
-731
-638
-524
-441
-426
-483
-575
-649
-677
-656
-618
-599
-609
-638
-662
-660
-628
-574
-517
-476
-463
-465
-455
-398
-284
-131
23
133
185
199
211
248
320
405
471
503
498
474
459
482
558
687
850
1024
1188
1339
1497
1666
1813
1856
1691
1273
667
34
-462
-730
-799
-764
-717
-680
-615
-462
-209
100
398
599
651
547
308
14
-256
-448
-556
-613
-662
-725
-777
-786
-725
-606
-487
-423
-443
-534
-637
-693
-680
-616
-554
-535
-561
-601
-615
-586
-522
-448
-391
-369
-375
-386
-371
-299
-167
-11
121
202
234
242
264
309
368
422
457
474
482
499
543
617
722
853
994
1141
1301
1473
1647
1776
1779
1580
1168
619
61
-382
-640
-734
-733
-700
-657
-584
-436
-211
62
322
497
549
470
279
36
-201
-393
-525
-619
-699
-772
-831
-850
-814
-733
-640
-582
-571
-595
-622
-616
-577
-514
-467
-461
-494
-540
-560
-540
-486
-428
-388
-371
-370
-360
-322
-243
-126
8
128
210
253
281
321
387
464
531
573
589
591
598
631
705
810
934
1062
1181
1306
1447
1592
1683
1619
1335
844
268
-232
-552
-685
-701
-678
-659
-624
-534
-366
-124
141
369
496
484
341
100
-166
-388
-536
-622
-680
-751
-841
-907
-910
-841
-723
-615
-568
-580
-609
-608
-560
-483
-414
-386
-405
-450
-484
-480
-436
-376
-326
-310
-329
-354
-352
-291
-180
-38
105
216
286
325
358
413
497
590
655
671
637
593
576
610
704
836
983
1128
1279
1439
1591
1680
1618
1349
891
344
-148
-483
-642
-686
-690
-691
-675
-596
-426
-171
117
368
523
541
422
206
-47
-270
-427
-529
-610
-703
-812
-904
-937
-889
-784
-677
-623
-621
-636
-630
-574
-491
-418
-391
-407
-445
-469
-456
-408
-354
-321
-322
-351
-382
-378
-318
-209
-76
42
129
196
263
339
422
506
577
626
651
651
640
649
703
800
926
1056
1178
1301
1428
1528
1517
1327
943
438
-49
-414
-622
-705
-733
-744
-732
-663
-499
-249
35
286
448
491
414
257
63
-128
-285
-408
-509
-605
-709
-809
-868
-858
-789
-708
-659
-664
-691
-694
-640
-548
-455
-403
-405
-430
-436
-403
-335
-267
-234
-249
-292
-331
-330
-279
-190
-83
21
104
164
213
264
331
420
524
609
654
652
622
610
651
758
905
1050
1174
1286
1409
1528
1572
1448
1107
603
69
-350
-589
-678
-704
-734
-770
-765
-656
-432
-136
162
383
477
446
315
132
-39
-167
-253
-329
-423
-547
-677
-767
-790
-751
-693
-663
-676
-715
-732
-693
-596
-480
-400
-383
-419
-457
-449
-388
-304
-244
-242
-285
-335
-342
-287
-185
-61
51
137
198
252
323
407
502
593
666
712
736
752
781
836
925
1038
1154
1262
1369
1472
1541
1498
1277
877
387
-61
-362
-506
-564
-610
-675
-721
-688
-548
-322
-67
154
291
327
272
160
25
-98
-191
-264
-340
-438
-562
-682
-755
-764
-723
-688
-695
-745
-797
-798
-730
-625
-533
-488
-490
-496
-476
-424
-357
-308
-304
-337
-385
-419
-406
-343
-236
-107
20
124
201
270
352
458
575
685
766
809
830
856
911
1003
1119
1239
1354
1461
1554
1592
1506
1242
815
329
-93
-361
-478
-522
-572
-643
-694
-659
-495
-233
54
280
389
375
267
117
-33
-151
-236
-309
-393
-506
-633
-734
-770
-734
-664
-615
-627
-682
-728
-721
-660
-586
-536
-535
-553
-550
-510
-434
-360
-319
-323
-360
-404
-429
-413
-353
-262
-161
-69
12
89
171
274
393
515
622
703
763
823
904
1012
1126
1227
1319
1420
1528
1603
1553
1305
874
370
-67
-348
-474
-527
-586
-669
-730
-688
-508
-219
95
344
468
461
360
215
67
-66
-183
-302
-429
-572
-714
-816
-854
-821
-747
-684
-671
-689
-702
-670
-584
-483
-414
-402
-432
-467
-468
-430
-379
-335
-333
-364
-410
-443
-431
-367
-267
-153
-50
33
100
173
265
380
501
602
678
731
782
857
963
1084
1201
1317
1437
1541
1576
1470
1178
756
313
-40
-250
-367
-463
-582
-710
-767
-700
-499
-215
70
284
397
413
355
268
172
74
-18
-133
-289
-474
-662
-800
-854
-836
-787
-762
-781
-806
-786
-690
-539
-393
-300
-273
-280
-285
-266
-228
-200
-207
-252
-322
-389
-426
-418
-364
-275
-171
-79
-4
63
147
260
394
525
635
719
786
858
941
1026
1109
1199
1299
1401
1452
1372
1118
718
276
-82
-294
-392
-457
-556
-672
-734
-676
-491
-238
1
179
285
328
328
295
239
161
63
-50
-191
-355
-524
-657
-723
-732
-720
-730
-779
-834
-838
-764
-635
-502
-420
-397
-395
-378
-327
-260
-205
-185
-201
-240
-278
-293
-279
-236
-178
-118
-69
-33
8
75
173
298
429
561
687
805
921
1038
1160
1291
1429
1557
1629
1571
1333
934
471
62
-219
-376
-484
-606
-749
-859
-849
-689
-419
-118
133
296
380
401
381
344
286
211
105
-42
-234
-449
-643
-772
-817
-814
-813
-836
-868
-865
-781
-631
-457
-323
-267
-272
-298
-303
-267
-211
-171
-166
-200
-246
-280
-276
-229
-152
-65
11
63
100
150
226
327
449
572
696
810
910
1005
1110
1248
1418
1582
1666
1575
1277
827
367
11
-207
-333
-467
-648
-842
-958
-920
-734
-464
-195
14
145
216
254
275
283
272
234
146
-5
-202
-407
-569
-660
-701
-742
-819
-925
-1002
-997
-897
-735
-576
-470
-418
-388
-341
-259
-160
-78
-48
-79
-145
-217
-258
-239
-187
-123
-66
-27
8
61
150
271
417
569
712
838
950
1063
1194
1354
1534
1686
1729
1586
1259
827
411
102
-95
-252
-437
-661
-869
-968
-906
-710
-453
-208
-20
107
184
235
277
304
299
247
130
-47
-259
-465
-627
-737
-809
-873
-955
-1031
-1064
-1022
-900
-742
-594
-490
-435
-398
-343
-261
-174
-111
-94
-130
-191
-245
-259
-232
-173
-103
-35
16
61
114
192
303
433
582
728
861
988
1116
1276
1469
1664
1788
1755
1523
1141
726
380
142
-30
-227
-487
-769
-970
-1007
-881
-653
-409
-214
-75
34
136
239
327
385
398
346
221
35
-183
-385
-541
-655
-760
-890
-1040
-1169
-1220
-1170
-1036
-884
-759
-675
-605
-506
-368
-214
-78
12
46
45
32
25
28
37
51
55
47
33
28
52
130
258
420
584
732
873
1037
1251
1508
1746
1873
1809
1559
1202
841
537
302
81
-175
-465
-730
-908
-961
-890
-741
-562
-384
-220
-75
53
173
286
377
424
404
309
152
-27
-191
-329
-453
-592
-765
-943
-1080
-1130
-1091
-1004
-921
-864
-828
-772
-674
-538
-388
-257
-158
-94
-52
-21
9
51
98
143
182
202
209
214
235
288
379
481
583
682
799
969
1190
1415
1551
1531
1362
1116
883
703
551
375
134
-153
-420
-615
-709
-715
-665
-591
-503
-407
-302
-189
-71
51
174
272
323
318
249
142
25
-95
-226
-383
-567
-751
-902
-990
-1017
-1010
-995
-976
-943
-875
-771
-636
-494
-366
-254
-158
-77
-10
51
105
163
214
246
254
246
235
254
312
395
485
567
652
771
938
1136
1295
1341
1251
1062
853
693
580
462
286
43
-226
-445
-572
-610
-585
-542
-495
-443
-380
-298
-201
-88
25
128
203
229
209
159
91
31
-35
-129
-254
-408
-566
-685
-757
-796
-820
-842
-858
-851
-803
-721
-626
-527
-429
-332
-233
-132
-30
70
168
257
328
377
402
424
452
489
532
567
597
638
709
816
923
971
932
801
630
489
403
347
266
131
-45
-226
-358
-421
-430
-412
-386
-359
-335
-305
-266
-212
-138
-57
11
45
34
-1
-28
-42
-49
-73
-136
-228
-325
-400
-446
-479
-514
-570
-631
-683
-711
-697
-651
-584
-503
-422
-343
-262
-173
-70
46
171
283
372
438
491
545
606
671
726
779
845
932
1029
1094
1079
970
802
633
501
399
293
148
-43
-242
-400
-490
-524
-518
-492
-471
-442
-400
-344
-273
-191
-112
-46
-7
2
-14
-40
-64
-85
-113
-164
-239
-325
-402
-455
-481
-499
-524
-555
-585
-598
-584
-544
-486
-414
-341
-271
-200
-125
-42
55
153
243
316
374
423
482
558
640
716
785
858
939
1021
1074
1059
966
819
663
533
428
325
198
29
-148
-297
-392
-431
-440
-445
-455
-464
-458
-430
-387
-329
-268
-213
-170
-152
-153
-164
-177
-190
-210
-253
-316
-383
-442
-481
-504
-524
-547
-568
-580
-573
-541
-494
-441
-387
-334
-285
-226
-152
-62
39
145
247
340
423
507
596
689
774
848
914
976
1039
1085
1086
1028
917
781
653
542
436
312
158
-11
-170
-295
-376
-425
-455
-475
-495
-503
-502
-481
-437
-379
-317
-267
-232
-217
-207
-197
-182
-175
-190
-225
-276
-328
-368
-396
-419
-448
-481
-520
-551
-566
-561
-532
-492
-442
-385
-319
-241
-144
-34
86
204
316
420
510
592
666
728
776
812
844
866
879
876
841
782
710
642
583
520
446
350
245
140
45
-32
-102
-168
-228
-287
-339
-378
-409
-424
-424
-416
-406
-392
-375
-356
-328
-301
-280
-260
-245
-234
-228
-230
-238
-249
-261
-279
-302
-324
-348
-365
-365
-356
-341
-321
-296
-260
-205
-135
-62
10
76
138
200
262
326
380
420
457
490
518
542
554
552
531
503
471
441
413
383
344
295
245
195
153
120
87
50
4
-41
-85
-124
-157
-185
-210
-231
-247
-260
-268
-269
-264
-256
-253
-250
-249
-243
-226
-207
-188
-173
-163
-154
-147
-141
-135
-129
-125
-125
-129
-133
-139
-145
-142
-131
-112
-87
-64
-39
-11
17
49
82
120
156
187
213
235
257
270
280
286
280
270
256
237
215
186
158
136
114
96
76
55
43
41
41
42
39
32
22
11
-5
-26
-47
-64
-78
-93
-105
-117
-131
-142
-148
-147
-142
-138
-140
-143
-146
-144
-134
-122
-113
-105
-99
-91
-83
-69
-58
-46
-37
-34
-32
-31
-27
-22
-14
0
13
34
57
76
92
105
122
138
149
153
150
146
138
131
129
127
123
113
97
81
62
46
30
7
-21
-49
-75
-90
-97
-101
-99
-96
-90
-75
-56
-38
-21
-4
7
16
18
12
1
-14
-31
-44
-55
-67
-75
-81
-80
-72
-63
-48
-36
-23
-7
10
29
44
61
75
85
93
95
95
90
78
69
59
52
50
49
44
39
32
31
35
42
45
41
39
37
29
14
-8
-29
-45
-60
-80
-104
-126
-141
-146
-143
-133
-124
-118
-114
-110
-104
-98
-90
-84
-80
-80
-77
-72
-60
-50
-40
-25
-11
5
21
35
50
62
77
88
98
105
106
108
108
105
109
116
124
132
138
146
145
140
137
132
130
130
118
101
82
63
45
25
6
-10
-29
-49
-71
-89
-107
-120
-127
-127
-124
-124
-126
-125
-126
-127
-128
-130
-136
-144
-155
-163
-164
-158
-151
-139
-124
-108
-86
-59
-32
-3
28
44
54
57
53
49
48
49
48
48
48
49
52
63
79
98
119
142
163
182
198
209
212
211
204
189
167
141
107
76
46
20
0
-22
-35
-47
-56
-57
-60
-61
-60
-60
-60
-63
-66
-71
-77
-90
-104
-116
-126
-134
-140
-143
-143
-140
-132
-124
-115
-105
-98
-90
-80
-66
-54
-42
-29
-17
-8
2
13
22
33
44
55
65
72
74
78
82
87
89
90
87
80
75
67
61
58
56
59
65
73
80
86
88
86
83
71
58
38
14
-8
-34
-56
-75
-95
-109
-118
-116
-105
-80
-53
-29
-8
9
19
26
33
31
27
17
1
-16
-32
-49
-64
-77
-86
-91
-93
-93
-90
-85
-73
-54
-33
-12
7
30
48
60
69
75
74
71
63
52
42
31
26
21
19
20
25
35
47
60
71
82
88
85
82
72
58
41
21
4
-13
-25
-34
-43
-51
-57
-60
-64
-64
-62
-60
-54
-52
-49
-41
-32
-19
-2
12
26
39
50
60
68
71
69
65
56
45
34
20
7
-5
-18
-28
-34
-41
-45
-45
-44
-38
-32
-23
-13
-1
12
20
28
33
31
32
29
21
16
5
-5
-12
-13
-13
-13
-7
-5
-2
4
10
16
17
17
14
8
2
-5
-19
-33
-50
-65
-78
-87
-91
-93
-90
-82
-70
-55
-35
-17
3
25
43
57
67
70
65
64
62
55
48
39
28
21
15
11
10
10
9
13
20
25
26
31
33
34
36
32
26
16
7
1
-5
-16
-26
-36
-43
-49
-54
-56
-57
-57
-52
-45
-36
-30
-26
-19
-15
-11
-3
0
-1
-3
-5
-7
-4
-2
-4
-4
-6
-10
-9
-8
-12
-15
-12
-10
-8
-4
-1
-1
5
11
15
20
26
31
39
40
37
36
32
27
24
21
17
14
11
7
6
9
12
20
29
37
45
52
59
62
57
51
40
27
11
-7
-22
-40
-57
-71
-82
-91
-97
-98
-96
-92
-83
-74
-64
-55
-45
-33
-27
-19
-13
-9
-5
-6
-9
-8
-9
-5
1
2
3
6
10
14
18
23
28
33
36
38
40
40
36
32
32
29
27
27
23
21
20
20
22
24
22
23
23
21
22
21
15
12
7
6
7
8
7
7
4
-4
-5
-5
-11
-17
-24
-31
-39
-47
-55
-63
-67
-70
-70
-65
-61
-59
-48
-39
-30
-20
-13
-4
7
15
26
31
35
39
42
43
44
44
40
37
31
29
29
25
23
20
15
13
15
19
22
25
27
28
33
35
35
38
38
37
33
26
18
9
0
-8
-16
-23
-28
-33
-38
-41
-40
-35
-29
-26
-25
-19
-16
-9
-2
2
4
4
8
8
3
2
-3
-8
-11
-15
-18
-21
-24
-24
-21
-17
-10
-3
6
13
22
30
38
45
51
51
49
45
38
29
25
19
11
4
-2
-11
-17
-19
-19
-17
-12
-5
1
6
13
19
22
25
26
26
23
16
8
0
-9
-16
-23
-32
-40
-47
-52
-54
-52
-51
-47
-44
-38
-30
-24
-14
-6
3
10
13
17
15
13
14
11
10
10
11
10
9
11
14
15
17
21
21
19
18
17
15
11
9
7
3
0
-4
-8
-13
-17
-21
-29
-31
-33
-34
-31
-27
-17
-13
-7
3
10
13
16
18
18
16
16
14
12
8
2
1
0
1
0
-1
0
0
-1
-4
-8
-11
-13
-14
-15
-17
-22
-25
-25
-24
-25
-24
-23
-24
-23
-21
-18
-12
-9
-1
8
15
23
31
39
43
48
50
50
46
41
34
24
15
1
-9
-18
-25
-30
-33
-31
-28
-23
-16
-14
-11
-8
-4
-1
0
5
6
4
5
3
2
-2
-4
-4
-8
-9
-7
-9
-9
-9
-8
-6
-2
3
6
9
15
16
19
19
11
7
2
-7
-14
-20
-28
-32
-34
-33
-32
-29
-25
-22
-14
-6
-2
4
9
13
18
20
22
23
23
22
22
20
15
12
8
3
0
-6
-9
-13
-16
-13
-11
-6
1
7
10
12
17
18
20
21
20
18
14
11
10
8
3
0
-3
-5
-6
-7
-6
-5
-7
-6
-3
-1
1
2
0
-2
-3
-8
-11
-9
-11
-10
-7
-7
-7
-6
-8
-10
-11
-11
-11
-8
-6
-6
-3
0
2
6
6
9
9
6
4
1
1
5
8
11
11
8
8
8
9
10
14
16
15
17
16
14
15
12
11
7
5
4
1
1
0
1
-1
1
1
1
6
9
9
11
10
13
13
11
8
3
0
-2
-3
-7
-12
-16
-17
-17
-18
-18
-20
-20
-16
-11
-6
-3
2
6
11
14
14
12
8
3
-2
-8
-9
-11
-15
-21
-23
-24
-25
-25
-25
-25
-24
-22
-19
-13
-5
0
8
14
17
19
19
18
19
18
13
13
10
5
2
-1
-4
-7
-6
-6
-8
-3
0
3
9
12
17
21
23
22
21
19
13
10
5
-1
-10
-15
-20
-27
-30
-32
-35
-33
-31
-27
-22
-17
-13
-8
-1
7
12
15
15
12
9
6
1
-5
-13
-19
-24
-28
-30
-30
-30
-26
-22
-15
-9
-3
3
7
12
18
18
22
25
23
23
23
19
16
12
5
2
-1
-4
-6
-7
-9
-7
-5
-1
2
4
11
14
18
22
25
27
27
23
20
16
10
6
1
-5
-7
-10
-12
-9
-10
-11
-6
-4
-3
-2
0
4
10
14
16
19
22
21
22
22
19
16
13
7
2
-5
-8
-9
-9
-9
-8
-6
-3
0
0
1
4
8
9
10
10
4
0
-4
-10
-13
-18
-22
-24
-28
-26
-27
-25
-19
-17
-11
-4
-1
1
4
5
6
7
11
12
9
6
3
-2
-5
-9
-13
-15
-19
-23
-24
-22
-23
-22
-18
-18
-13
-10
-9
-6
-4
-2
-2
2
7
7
8
9
12
11
7
5
6
7
5
6
5
3
2
1
-2
-5
-10
-11
-12
-11
-10
-11
-11
-10
-9
-7
-7
-10
-10
-10
-12
-10
-10
-9
-7
-6
-3
-4
-2
1
1
4
5
5
4
4
3
1
-1
-6
-11
-12
-15
-18
-21
-23
-25
-28
-28
-24
-21
-18
-16
-14
-13
-11
-8
-2
0
3
8
11
17
18
17
25
24
24
29
32
32
32
32
31
33
33
34
32
29
25
22
19
16
10
9
7
4
3
-1
-3
-2
-1
-2
-2
1
3
4
3
5
3
0
3
3
3
5
4
7
7
7
9
10
11
10
9
9
9
7
5
5
4
4
4
4
5
4
4
5
3
2
4
1
1
-1
-3
-3
-6
-5
-4
-5
-3
-3
-4
1
1
4
8
14
17
19
20
22
24
25
28
27
25
25
21
15
12
8
5
5
2
1
0
-1
-2
-3
-4
-3
-4
-2
0
0
3
2
-2
-4
-7
-13
-16
-22
-25
-27
-31
-32
-31
-31
-29
-28
-26
-26
-26
-23
-21
-21
-15
-15
-16
-11
-11
-14
-15
-13
-16
-17
-17
-18
-17
-19
-19
-18
-18
-12
-11
-11
-6
1
5
10
13
15
19
20
23
23
23
25
23
21
18
17
15
11
7
4
2
3
3
3
7
10
13
17
20
22
21
24
25
21
20
15
8
1
-5
-8
-11
-18
-23
-26
-29
-31
-27
-24
-23
-20
-18
-13
-10
-6
-4
-3
-3
-5
-4
-5
-8
-10
-12
-13
-16
-20
-23
-25
-27
-29
-25
-22
-17
-11
-7
0
5
14
18
22
27
24
23
24
21
19
20
20
19
16
14
14
14
16
15
17
21
18
18
20
19
21
21
21
21
21
18
18
15
12
7
3
-3
-9
-15
-20
-24
-28
-29
-31
-29
-27
-27
-23
-20
-13
-8
-6
-1
-1
-2
-3
-5
-9
-16
-20
-23
-30
-33
-35
-34
-34
-32
-29
-27
-23
-20
-18
-14
-12
-8
-6
-4
-4
-3
-2
-1
0
-3
-1
-1
-3
-1
0
1
1
1
4
7
10
16
18
23
28
30
30
32
32
30
29
26
24
19
18
16
13
12
9
6
6
6
10
10
12
17
19
22
21
21
20
18
18
17
16
15
12
11
11
10
10
7
5
3
-2
-7
-9
-11
-11
-9
-9
-5
1
0
4
4
5
8
5
6
3
0
-3
-9
-11
-13
-15
-17
-17
-18
-15
-13
-10
-7
-6
-4
-2
0
2
4
4
3
1
3
2
0
0
-4
-6
-8
-7
-8
-9
-6
-4
-2
1
0
2
4
4
6
7
4
2
0
-2
-3
-3
-2
-3
-5
-6
-5
-6
-8
-7
-9
-11
-13
-12
-13
-14
-14
-17
-19
-15
-14
-11
-11
-9
-6
-4
-3
-2
-1
-1
-2
-3
-5
-6
-10
-11
-12
-11
-10
-8
-10
-9
-7
-6
-6
-5
-3
-3
-5
-5
-5
-6
-5
-4
-6
-4
-5
-4
-2
-6
-6
-5
-6
-4
-4
-5
-5
-3
-1
1
3
1
3
4
5
7
7
8
8
4
5
4
2
2
0
0
0
-1
1
2
0
1
3
1
2
3
1
2
2
4
9
10
11
12
14
17
18
19
21
19
17
14
9
8
9
10
12
12
13
15
15
16
18
17
19
18
18
19
18
18
17
15
13
11
7
4
2
2
1
-2
0
2
4
6
6
8
10
9
10
8
5
3
2
4
3
3
2
0
-3
-2
-2
-7
-8
-12
-13
-12
-10
-10
-8
-8
-8
-5
-6
-6
-6
-8
-10
-10
-11
-10
-9
-10
-8
-7
-5
-2
1
2
0
1
3
2
0
0
-1
-1
2
2
0
3
4
2
1
0
-1
-2
-2
-3
-5
-8
-5
-6
-8
-6
-8
-10
-10
-8
-7
-8
-3
-1
1
3
2
0
1
-2
-5
-7
-7
-5
-5
0
4
6
8
10
10
8
5
6
2
1
3
4
4
5
4
4
4
3
1
0
-1
-1
-1
0
0
0
1
0
-2
-3
-3
-3
-3
-4
0
1
3
4
3
2
-1
-2
-2
-3
-3
-7
-8
-4
-4
-3
-3
-5
-6
-7
-7
-8
-11
-11
-11
-11
-11
-11
-15
-17
-15
-18
-18
-18
-19
-17
-17
-13
-11
-10
-6
-4
-4
0
0
-2
-2
-4
-6
-8
-7
-7
-6
-8
-7
-5
-5
-4
-5
-5
-6
-5
-3
-3
-3
-2
-2
-1
0
1
3
3
0
1
1
1
-1
-3
-3
-3
0
1
2
4
4
5
4
4
1
-4
-2
-2
-2
0
0
4
3
4
7
2
2
1
-3
-4
-4
0
2
3
5
6
5
5
2
1
-1
-1
-1
1
6
11
16
19
23
21
19
19
17
13
12
11
11
13
15
20
20
20
20
19
14
12
11
11
13
11
10
14
16
15
14
13
11
15
12
14
17
17
19
20
19
16
16
13
10
6
3
3
1
1
2
0
-1
1
-1
-2
-5
-8
-7
-8
-10
-8
-7
-10
-11
-10
-10
-10
-12
-14
-13
-15
-15
-13
-13
-13
-11
-12
-14
-14
-18
-20
-17
-16
-16
-12
-10
-10
-12
-10
-11
-16
-18
-17
-16
-15
-12
-13
-8
-5
-2
-3
-4
-4
-6
-10
-10
-10
-12
-11
-8
-7
-7
-5
-2
-6
-6
-6
-5
-5
-4
0
0
3
4
0
1
1
0
-4
-2
0
-1
1
5
4
3
4
0
-2
-4
-5
-3
-3
-3
-1
0
-2
-2
-2
-2
-6
-6
-5
-4
-3
-1
3
5
8
10
8
5
0
-2
-2
-2
-2
0
2
4
5
4
1
0
-3
-7
-5
-1
-2
1
2
1
-1
-1
-6
-11
-10
-9
-9
-9
-4
-2
0
5
4
4
1
-3
-4
-4
-7
-8
-6
-4
-3
1
5
6
6
4
3
3
0
0
1
4
5
8
9
8
8
4
2
1
-1
2
6
8
12
16
18
20
19
16
17
13
10
9
11
12
11
13
13
11
10
3
-4
-5
-8
-5
3
10
15
22
27
23
21
15
14
11
7
11
14
15
20
24
27
27
22
16
10
3
0
1
2
4
7
7
6
2
-3
-10
-14
-18
-19
-16
-10
-7
-1
2
2
3
-1
-6
-9
-12
-15
-14
-11
-3
5
9
9
8
8
-3
-13
-18
-23
-25
-21
-17
-9
-2
-2
-1
-3
-5
-8
-14
-11
-7
-2
4
8
11
12
8
2
-9
-17
-22
-23
-20
-15
-9
-2
1
2
1
-8
-16
-22
-25
-26
-25
-18
-13
-5
4
10
15
12
5
-1
-6
-8
-12
-11
-6
0
6
6
6
1
-6
-11
-14
-14
-9
3
13
22
27
26
24
16
8
7
5
-1
-3
-5
-7
-7
-10
-15
-12
-12
-16
-21
-24
-26
-25
-16
-7
6
14
13
15
11
6
5
2
3
4
1
-3
-4
-4
-4
-2
1
-1
-7
-17
-25
-25
-23
-19
-10
-7
-9
-15
-21
-22
-18
-11
-2
11
20
27
38
45
47
35
-4
-54
-102
-143
-158
-147
-115
-82
-60
-58
-69
-76
-64
-26
36
106
161
184
172
138
99
74
66
70
71
58
22
-21
-59
-82
-75
-48
-12
21
36
36
27
18
18
19
18
15
6
-8
-22
-29
-21
-4
11
12
-5
-31
-59
-77
-77
-60
-36
-21
-17
-25
-39
-44
-39
-23
-1
15
13
-1
-14
-21
-8
24
66
111
141
148
142
127
113
101
82
48
-4
-66
-127
-154
-138
-90
-19
45
84
89
78
68
78
108
143
167
162
121
61
7
-17
-4
31
56
47
-1
-76
-146
-182
-180
-151
-127
-132
-160
-197
-213
-188
-116
-22
66
122
136
118
91
77
87
115
142
145
122
78
35
9
5
23
37
35
9
-35
-80
-109
-117
-106
-84
-62
-46
-33
-17
1
24
43
52
53
38
18
8
8
22
51
71
76
65
37
-1
-32
-48
-50
-40
-29
-24
-25
-30
-35
-31
-16
4
25
39
43
45
41
42
50
62
76
80
67
46
17
-10
-28
-33
-29
-26
-21
-17
-17
-15
-11
-1
10
17
21
25
26
30
38
47
51
50
41
27
16
10
14
24
19
-4
-47
-103
-153
-182
-181
-159
-138
-127
-128
-134
-130
-103
-50
13
65
95
94
64
25
-8
-22
-14
2
13
11
-10
-37
-54
-61
-52
-40
-31
-33
-45
-54
-52
-34
-4
28
49
54
47
30
13
11
15
23
34
38
32
22
17
14
17
22
23
19
8
-2
-9
-6
2
8
11
2
-8
-17
-18
-9
3
19
28
30
21
8
-2
-8
-5
2
7
3
-5
-14
-18
-9
6
23
35
34
26
16
17
31
51
74
82
61
14
-41
-90
-115
-109
-84
-60
-47
-54
-80
-101
-100
-72
-18
41
82
95
79
48
23
16
34
67
86
72
21
-66
-159
-230
-261
-248
-210
-167
-140
-133
-138
-135
-104
-50
23
98
156
188
197
198
200
209
221
225
207
169
114
61
18
-18
-38
-60
-87
-118
-145
-156
-148
-120
-84
-50
-25
-12
1
22
54
94
137
163
168
156
134
117
109
111
118
117
103
77
44
10
-15
-32
-41
-50
-64
-76
-81
-82
-72
-59
-44
-30
-23
-17
-10
-1
16
38
65
89
105
110
102
89
74
57
39
24
10
-5
-17
-28
-39
-45
-50
-53
-58
-68
-78
-87
-91
-88
-77
-59
-43
-32
-27
-30
-33
-35
-30
-13
3
14
16
7
-4
-14
-22
-22
-25
-29
-37
-43
-43
-44
-38
-34
-34
-34
-38
-36
-25
-9
9
21
22
15
4
-5
-3
14
34
48
49
38
19
-2
-16
-15
-6
6
12
8
-4
-19
-28
-29
-18
-7
-3
1
2
4
13
26
41
54
55
49
37
25
14
11
10
13
13
4
-11
-27
-36
-40
-34
-20
-8
-2
-5
-10
-13
-8
4
19
29
24
10
-9
-25
-33
-27
-17
-7
-9
-23
-46
-71
-86
-82
-66
-49
-33
-27
-31
-31
-27
-12
8
21
27
19
2
-10
-12
-4
11
28
32
19
-5
-28
-45
-48
-40
-24
-3
8
9
9
4
7
21
35
47
55
55
46
31
13
-2
-7
-2
12
26
30
24
5
-11
-15
-7
15
41
63
68
58
42
26
24
38
55
70
74
61
36
10
-4
-2
10
22
26
15
-7
-34
-52
-56
-45
-23
-5
4
0
-15
-24
-27
-13
9
31
43
40
26
7
-12
-23
-30
-26
-20
-21
-30
-43
-59
-69
-75
-79
-71
-65
-56
-43
-33
-24
-17
-10
-7
-4
0
4
14
21
25
22
15
11
8
9
12
15
13
2
-14
-26
-30
-22
-10
0
5
4
2
0
2
8
14
19
22
20
20
21
26
30
28
22
12
7
9
15
20
22
9
-9
-22
-29
-21
-2
11
16
6
-16
-33
-39
-31
-10
9
19
12
-3
-15
-17
1
23
41
48
32
8
-9
-23
-16
3
14
18
11
-12
-33
-44
-48
-41
-27
-18
-17
-21
-27
-30
-31
-26
-16
-3
8
17
23
19
12
8
0
1
8
16
26
28
20
8
-7
-16
-16
-7
2
4
-4
-16
-26
-21
-2
24
51
62
55
38
16
9
15
36
58
69
66
48
25
8
6
19
40
53
52
38
13
-10
-24
-28
-18
-4
1
0
-14
-31
-42
-49
-45
-35
-21
-7
5
10
10
6
-1
-3
-3
3
12
20
16
8
-6
-28
-41
-47
-41
-29
-23
-24
-34
-47
-59
-57
-42
-19
9
26
25
13
-2
-11
-10
7
26
42
46
35
14
-8
-24
-24
-15
-7
-1
-2
-13
-24
-30
-23
-9
4
13
14
4
-9
-14
-10
-1
14
24
21
13
-2
-16
-24
-22
-7
12
25
26
19
6
-5
-4
5
23
36
40
31
15
3
3
7
17
32
34
29
16
0
-8
-7
3
18
28
38
32
21
9
2
8
25
50
72
78
66
41
13
-5
-7
10
38
56
55
35
0
-36
-57
-56
-35
-6
13
13
-3
-30
-50
-50
-32
-4
21
33
26
6
-16
-29
-29
-15
2
17
18
7
-9
-24
-35
-42
-46
-44
-43
-43
-39
-39
-45
-49
-51
-54
-44
-32
-17
-5
0
2
3
7
13
21
33
38
41
37
28
19
7
-2
-7
-14
-16
-14
-11
-6
-2
-7
-15
-19
-21
-16
-2
19
33
39
35
20
6
-6
-6
7
23
30
26
14
-3
-19
-22
-13
2
20
28
19
3
-11
-24
-26
-13
1
9
10
5
-2
-12
-13
-6
-1
3
2
-6
-14
-19
-21
-16
-8
-2
3
-3
-16
-27
-31
-25
-14
2
10
10
7
-2
-6
-2
8
19
26
24
21
20
20
24
26
29
28
24
16
9
5
5
12
19
20
14
1
-10
-18
-20
-12
-3
1
-3
-9
-21
-35
-43
-46
-46
-39
-36
-35
-36
-45
-57
-70
-79
-81
-79
-80
-80
-82
-93
-107
-120
-130
-129
-123
-122
-123
-133
-153
-166
-177
-182
-174
-162
-150
-148
-157
-172
-187
-197
-194
-189
-181
-174
-171
-173
-180
-186
-189
-187
-181
-171
-162
-156
-151
-146
-144
-138
-130
-120
-109
-95
-76
-66
-55
-50
-47
-40
-31
-15
7
26
38
45
51
56
65
82
100
124
147
165
178
191
207
227
249
271
292
307
320
331
339
348
361
377
389
393
388
377
364
351
340
332
327
323
315
308
297
286
276
269
262
258
258
256
257
255
253
251
248
247
251
252
254
254
249
245
240
231
224
217
206
194
181
168
154
140
130
121
110
101
89
80
72
63
59
58
54
52
53
53
54
55
55
59
62
61
62
59
57
54
55
58
64
70
71
73
76
76
78
83
89
93
99
104
106
106
107
109
114
125
139
148
153
148
142
135
129
126
133
140
143
144
136
122
112
98
91
93
95
95
94
90
77
64
56
53
55
61
61
57
47
34
24
16
11
11
7
0
-5
-15
-26
-35
-44
-49
-53
-60
-67
-71
-74
-79
-81
-80
-83
-80
-76
-74
-73
-74
-78
-83
-85
-87
-88
-85
-82
-80
-83
-91
-98
-106
-113
-114
-118
-126
-135
-145
-153
-161
-164
-165
-168
-171
-176
-185
-195
-205
-209
-210
-209
-205
-203
-205
-202
-202
-197
-190
-187
-186
-187
-188
-189
-188
-185
-184
-184
-184
-183
-183
-185
-192
-202
-208
-217
-223
-223
-218
-214
-210
-207
-211
-220
-224
-222
-217
-208
-197
-192
-185
-181
-180
-175
-168
-163
-159
-159
-163
-165
-166
-168
-161
-153
-150
-150
-152
-153
-155
-154
-152
-148
-141
-137
-131
-122
-111
-102
-96
-90
-88
-85
-87
-89
-88
-90
-90
-93
-94
-95
-101
-99
-104
-112
-119
-135
-149
-162
-169
-166
-164
-159
-157
-160
-162
-172
-180
-183
-184
-183
-181
-179
-180
-181
-185
-191
-193
-194
-197
-199
-200
-202
-204
-206
-206
-205
-202
-197
-193
-185
-175
-170
-165
-158
-153
-144
-131
-118
-109
-94
-82
-72
-64
-55
-45
-34
-24
-11
-3
9
23
35
49
63
77
94
107
123
139
154
168
184
202
216
234
248
261
276
287
301
313
323
332
338
345
354
360
368
377
384
390
393
394
395
397
400
405
410
413
410
412
412
406
406
401
398
393
385
378
367
354
344
328
317
311
303
297
290
281
273
261
252
243
237
234
231
229
227
223
217
214
210
204
201
195
186
174
163
155
149
149
147
147
142
135
123
109
100
91
86
83
84
85
83
83
81
74
68
59
53
47
38
30
24
15
10
4
-5
-10
-15
-23
-32
-38
-49
-55
-59
-63
-68
-68
-71
-74
-75
-79
-82
-84
-85
-87
-91
-90
-91
-94
-93
-93
-93
-93
-97
-100
-102
-104
-104
-105
-105
-107
-106
-106
-107
-107
-109
-107
-105
-106
-105
-104
-104
-103
-101
-101
-99
-100
-95
-89
-87
-84
-84
-84
-77
-75
-69
-63
-55
-50
-46
-43
-41
-40
-37
-31
-26
-23
-21
-18
-16
-13
-9
-6
-4
-1
0
2
3
-1
-2
-6
-10
-9
-9
-7
-4
-6
-8
-10
-17
-24
-25
-31
-36
-39
-43
-48
-49
-53
-57
-60
-63
-63
-67
-69
-71
-73
-75
-74
-71
-68
-63
-60
-59
-54
-53
-53
-54
-57
-56
-55
-50
-46
-44
-40
-38
-38
-37
-37
-37
-38
-38
-38
-37
-38
-36
-34
-34
-36
-37
-39
-41
-40
-44
-46
-47
-49
-50
-53
-55
-59
-63
-65
-69
-75
-82
-89
-94
-98
-99
-103
-108
-111
-118
-126
-130
-138
-147
-152
-155
-160
-160
-162
-164
-166
-173
-180
-188
-193
-197
-203
-208
-214
-221
-230
-235
-239
-246
-249
-258
-266
-273
-284
-291
-299
-305
-309
-315
-320
-329
-337
-345
-351
-355
-360
-364
-367
-369
-372
-373
-371
-369
-368
-367
-367
-362
-355
-348
-342
-337
-333
-333
-333
-329
-326
-320
-310
-306
-298
-289
-283
-276
-269
-261
-249
-238
-228
-217
-209
-196
-179
-167
-155
-142
-130
-118
-106
-96
-86
-74
-63
-47
-30
-17
0
15
27
39
52
61
74
90
102
115
132
150
168
184
201
213
226
242
254
270
288
301
315
331
347
361
375
389
401
412
422
432
443
452
465
475
483
493
496
498
500
502
498
496
494
489
487
485
483
478
472
467
458
449
441
433
425
416
409
399
389
378
369
364
353
344
336
325
318
313
304
297
292
282
277
271
260
254
245
240
236
230
223
215
209
203
195
189
182
177
173
166
157
156
151
145
144
138
133
129
125
124
119
116
112
107
106
101
96
91
91
86
82
79
77
74
73
74
77
81
83
82
82
85
85
84
89
92
90
93
96
94
95
94
93
93
92
89
88
88
86
85
87
82
79
75
68
65
61
56
52
47
45
42
36
32
29
26
22
15
9
3
-5
-6
-10
-15
-15
-18
-22
-26
-33
-39
-42
-48
-53
-56
-58
-58
-54
-52
-53
-52
-54
-57
-60
-63
-64
-66
-64
-65
-63
-60
-62
-59
-57
-56
-58
-64
-64
-65
-66
-61
-61
-58
-54
-52
-50
-50
-51
-55
-54
-56
-57
-56
-56
-53
-51
-50
-50
-54
-54
-55
-60
-62
-63
-61
-61
-59
-55
-54
-54
-51
-47
-46
-48
-48
-49
-49
-47
-44
-42
-39
-37
-38
-41
-44
-45
-47
-44
-44
-43
-40
-37
-38
-38
-35
-38
-36
-35
-40
-38
-38
-36
-33
-31
-30
-30
-31
-29
-28
-27
-27
-25
-22
-23
-19
-15
-17
-12
-11
-11
-7
-2
-1
-2
-1
0
2
4
8
12
12
13
13
10
9
5
-1
-2
-3
-7
-8
-11
-14
-15
-17
-23
-30
-31
-36
-36
-40
-44
-44
-51
-53
-54
-57
-58
-61
-68
-69
-72
-79
-80
-82
-85
-83
-87
-91
-93
-95
-96
-99
-103
-106
-106
-107
-105
-103
-104
-107
-108
-110
-110
-113
-113
-113
-114
-109
-106
-107
-104
-104
-106
-109
-113
-115
-118
-118
-116
-118
-118
-120
-123
-126
-128
-130
-132
-136
-139
-137
-135
-136
-136
-135
-134
-131
-128
-127
-126
-125
-126
-124
-121
-121
-118
-116
-115
-109
-108
-107
-104
-104
-104
-103
-104
-104
-104
-103
-102
-104
-105
-104
-108
-108
-106
-106
-109
-107
-105
-103
-99
-99
-99
-96
-96
-95
-95
-95
-93
-90
-89
-86
-81
-77
-75
-75
-70
-69
-69
-68
-64
-60
-55
-50
-47
-44
-38
-34
-32
-30
-26
-20
-20
-15
-8
-5
0
6
12
20
23
29
34
36
41
42
45
48
52
59
65
69
71
76
77
76
78
77
79
82
79
82
85
84
82
83
85
83
84
84
84
83
83
84
85
87
84
80
81
81
79
78
73
72
71
67
64
65
64
58
54
50
47
40
35
35
33
30
29
26
21
22
22
18
17
17
14
14
10
10
9
5
4
7
3
2
3
-1
-2
-2
-3
-3
-2
-3
-4
-4
0
0
0
2
2
3
5
6
12
13
13
19
23
24
25
31
36
40
44
47
48
50
52
51
52
53
54
60
66
69
71
76
79
81
81
82
81
82
83
84
85
87
88
91
91
89
88
87
82
80
79
77
75
72
70
69
68
66
63
57
53
52
45
43
42
38
36
34
31
30
28
26
23
20
15
12
10
6
4
0
-1
-3
-1
0
1
2
2
1
-1
-5
-7
-10
-12
-10
-9
-10
-10
-9
-11
-12
-15
-17
-16
-19
-21
-20
-18
-15
-12
-12
-11
-11
-13
-14
-14
-14
-11
-14
-10
-3
-4
-3
1
0
0
1
-1
-1
-2
0
4
6
8
10
12
12
11
11
8
9
13
14
14
19
20
21
20
20
19
18
19
18
19
20
18
19
20
19
17
16
14
12
9
7
3
4
1
-1
1
-2
-4
-5
-8
-9
-12
-16
-15
-17
-19
-20
-22
-21
-22
-27
-29
-32
-34
-36
-38
-39
-40
-39
-38
-40
-40
-40
-42
-45
-45
-47
-48
-47
-45
-45
-42
-39
-37
-35
-34
-30
-28
-27
-24
-24
-21
-19
-15
-11
-13
-8
-4
-7
-6
-4
-5
-4
-1
0
3
4
2
6
6
3
5
5
3
4
6
5
6
9
8
6
7
6
4
2
-1
-2
-1
-2
0
4
2
4
5
2
1
0
-5
-6
-5
-6
-6
-5
-3
-3
-4
-3
-1
-5
-8
-10
-10
-11
-11
-8
-7
-5
-5
-10
-15
-14
-18
-22
-19
-23
-23
-18
-16
-15
-14
-16
-14
-13
-16
-18
-18
-20
-18
-18
-18
-18
-16
-16
-15
-14
-12
-12
-15
-14
-13
-11
-11
-10
-8
-6
-4
0
2
0
-2
-2
-1
0
2
2
4
5
9
8
6
7
5
4
4
2
3
3
2
5
6
4
2
2
-2
-5
-8
-11
-15
-14
-13
-16
-16
-16
-19
-23
-25
-26
-29
-32
-32
-27
-27
-27
-24
-25
-25
-24
-25
-25
-23
-22
-21
-18
-18
-15
-12
-15
-14
-12
-13
-13
-11
-9
-8
-8
-7
-7
-6
-9
-10
-8
-9
-11
-12
-13
-11
-12
-12
-9
-10
-13
-13
-15
-15
-14
-17
-18
-18
-19
-18
-19
-22
-22
-19
-21
-22
-22
-22
-24
-24
-24
-25
-24
-21
-22
-23
-25
-26
-25
-25
-25
-23
-24
-24
-22
-20
-26
-26
-24
-26
-24
-22
-22
-19
-19
-17
-13
-12
-14
-14
-15
-14
-10
-9
-6
-6
-4
-2
2
3
0
0
0
0
0
-2
0
5
3
3
5
4
3
0
-1
-1
0
-1
1
3
5
6
7
6
6
5
3
2
2
4
6
7
8
8
10
9
5
3
1
-1
1
0
-1
0
-1
0
3
4
1
1
0
-2
-1
-2
-3
-1
1
2
3
1
-1
-1
0
-2
-1
-1
-2
0
2
3
6
6
3
3
2
1
-1
-4
-3
1
1
2
5
3
3
3
1
1
1
-1
2
3
4
7
6
5
8
6
4
6
8
9
12
16
20
24
23
21
22
22
22
22
22
23
23
24
26
30
30
28
27
22
23
21
17
20
18
18
20
17
17
15
13
13
14
13
12
12
16
16
15
15
18
19
19
22
18
19
18
15
17
19
19
21
24
25
27
28
25
25
26
25
26
27
30
32
31
36
38
37
35
33
31
31
30
32
36
35
34
37
34
32
31
26
24
26
26
27
29
29
28
27
25
22
16
14
13
11
13
14
12
9
9
10
8
11
10
7
8
7
8
8
8
7
8
9
8
6
7
5
4
4
2
2
4
4
6
6
3
2
1
-2
-4
-7
-10
-12
-11
-10
-8
-6
-4
-4
-6
-5
-1
-4
-2
0
-1
2
6
8
7
7
7
7
9
9
8
8
7
9
11
9
9
9
8
8
7
5
7
8
5
9
11
8
8
8
9
11
10
11
9
11
14
15
15
14
14
15
14
15
18
16
16
17
16
16
14
12
12
12
7
8
8
5
3
4
4
2
0
0
-2
-4
-6
-7
-8
-9
-8
-10
-13
-12
-10
-11
-9
-9
-7
-3
-2
-3
-1
1
3
6
8
9
8
7
7
9
6
3
4
3
4
4
1
1
1
-1
-1
-3
-5
-6
-8
-9
-8
-11
-11
-10
-11
-11
-11
-12
-12
-13
-11
-12
-12
-11
-14
-15
-14
-16
-18
-19
-18
-19
-22
-24
-23
-18
-18
-18
-16
-16
-17
-18
-21
-18
-17
-19
-14
-14
-13
-11
-13
-14
-13
-16
-18
-17
-15
-16
-16
-14
-12
-15
-13
-14
-17
-16
-17
-16
-15
-15
-13
-10
-9
-9
-8
-8
-7
-5
-3
-1
3
4
3
5
7
9
10
8
8
10
12
15
14
12
15
14
15
16
15
12
13
13
11
8
8
7
7
7
4
0
-4
-8
-10
-7
-5
-4
-4
-4
-4
-7
-8
-10
-12
-12
-11
-7
-6
-6
-4
-7
-9
-8
-8
-7
-5
-3
-4
-4
-3
-2
-6
-10
-9
-9
-8
-4
-5
-4
-3
-2
-3
-2
-1
0
5
8
7
10
12
11
9
5
3
4
4
5
7
8
7
8
6
2
-1
-1
2
4
6
6
7
8
7
5
4
4
5
3
1
2
5
4
4
4
4
5
3
2
2
2
3
2
1
-1
-4
-4
-3
-7
-9
-7
-11
-11
-9
-10
-8
-6
-5
-6
-7
-11
-13
-11
-11
-11
-8
-10
-9
-9
-11
-9
-11
-11
-12
-10
-9
-7
-5
-4
-3
-3
-6
-5
-2
-5
-6
-4
-4
-4
-4
-3
-4
-1
-1
0
-1
-2
0
0
2
2
3
5
7
8
9
11
11
11
11
10
8
7
8
11
10
13
14
11
10
6
1
0
-1
0
2
3
5
5
0
1
-1
-3
-3
-3
-5
-5
-4
-3
-1
-1
-2
-6
-4
-6
-9
-10
-10
-10
-9
-10
-14
-15
-11
-12
-13
-13
-13
-17
-15
-14
-14
-12
-10
-11
-11
-11
-10
-6
-8
-8
-8
-7
-6
-7
-9
-9
-7
-6
-6
-5
-7
-6
-4
-7
-9
-7
-9
-8
-7
-6
-5
-5
0
-2
-1
-2
-6
-4
0
0
0
-1
2
3
2
3
3
2
0
-1
-2
-2
2
2
1
-1
0
2
2
2
1
2
4
5
7
6
3
6
7
7
5
5
8
9
10
9
8
8
8
8
7
7
11
11
9
12
11
8
11
12
11
11
13
14
15
18
18
17
17
14
12
9
8
8
9
9
10
9
6
5
6
4
5
7
7
7
6
4
5
6
7
3
2
1
2
1
-1
-1
5
3
4
4
4
6
3
1
1
0
-3
0
1
0
0
2
2
1
1
1
4
5
8
7
9
8
5
6
5
7
9
9
9
8
7
7
6
7
10
6
7
8
10
14
14
14
15
17
12
9
7
8
10
9
10
13
12
11
11
11
10
13
11
12
15
10
11
14
8
10
11
12
14
13
11
12
15
14
10
6
5
10
11
8
10
9
7
8
4
0
3
4
5
3
1
3
4
2
-1
-2
-4
-2
-2
-4
-6
-3
-4
-6
-6
-10
-13
-14
-14
-13
-12
-12
-13
-13
-14
-13
-13
-14
-16
-13
-12
-12
-12
-12
-13
-13
-12
-11
-10
-11
-11
-10
-10
-12
-15
-18
-18
-19
-20
-18
-19
-20
-20
-20
-21
-23
-25
-24
-23
-22
-26
-25
-24
-23
-22
-22
-22
-19
-19
-20
-19
-20
-21
-19
-21
-21
-19
-17
-20
-22
-22
-23
-23
-21
-19
-21
-20
-17
-17
-16
-16
-17
-19
-17
-17
-17
-15
-12
-13
-16
-14
-13
-13
-12
-11
-10
-9
-7
-10
-7
-7
-5
-3
-5
-4
0
0
1
1
0
-1
0
-1
0
4
3
5
10
8
9
6
2
0
0
-2
-1
1
-2
-1
0
3
3
2
1
0
-2
-4
-3
-2
-2
0
0
0
-1
-2
-1
1
-3
-5
-3
-2
-4
-5
-8
-6
-3
-2
-3
-2
-2
-1
0
0
1
3
4
5
5
2
0
3
1
0
4
2
1
2
1
-1
-2
-3
-3
-3
-6
-5
-6
-8
-7
-9
-10
-5
-7
-6
-6
-8
-5
-6
-3
-3
-6
-6
-3
0
0
3
3
3
3
-1
1
4
3
5
4
5
5
7
10
6
8
9
8
9
7
6
6
7
7
6
8
8
9
10
9
12
10
11
11
7
8
8
8
9
9
10
12
13
12
11
11
13
10
10
11
12
16
17
17
14
14
12
11
11
8
6
8
10
8
6
6
5
7
6
3
1
1
3
1
1
3
2
2
1
-2
-7
-7
-3
-4
-5
-4
-4
-3
-3
-5
-7
-8
-8
-7
-8
-9
-9
-9
-9
-13
-15
-14
-12
-13
-15
-14
-13
-15
-14
-15
-17
-16
-16
-15
-15
-14
-14
-14
-12
-11
-13
-13
-10
-10
-8
-6
-6
-5
-6
-3
0
-3
-4
-4
0
0
-2
-1
-1
-1
0
1
1
0
-1
0
1
-2
-2
-4
-3
-2
-3
-1
-2
0
0
1
1
-1
-1
1
1
0
1
1
0
2
3
0
-1
1
1
2
2
1
4
5
6
4
2
5
4
1
2
2
2
3
2
4
6
8
9
7
5
4
0
0
2
0
-1
2
2
0
4
5
1
1
2
-1
-1
2
0
3
5
4
4
6
6
5
4
1
4
3
5
3
2
3
0
1
3
1
2
0
0
-4
-7
-6
-4
-3
-6
-6
-3
-4
-6
-8
-7
-8
-8
-6
-5
-4
-4
-3
-3
-3
-3
-3
-2
-2
-1
1
1
3
4
4
4
3
2
2
2
0
0
1
5
1
2
2
3
5
2
3
4
3
2
2
1
-2
-1
0
2
1
2
1
0
2
-1
-2
0
-1
2
2
2
0
-1
2
2
4
2
0
1
1
1
1
-1
1
3
3
-1
-1
1
-1
-3
-4
-2
1
1
2
3
3
3
3
2
4
3
2
2
3
4
4
2
3
-1
-3
-4
-3
-1
0
1
2
5
1
2
5
4
3
1
2
4
4
3
4
2
-1
-3
-5
-3
-2
-3
-4
-3
-2
-1
-2
-3
-4
-2
-1
-4
-4
-2
-2
-4
-3
-4
-4
-4
-5
-5
-3
-6
-7
-6
-6
-8
-11
-9
-7
-10
-12
-12
-9
-10
-10
-13
-12
-10
-10
-8
-5
-7
-6
-4
-4
-2
-3
-4
-3
-5
-1
-4
-4
-1
3
7
6
6
7
4
3
3
4
7
6
7
11
12
11
6
6
7
4
4
8
10
9
9
10
10
10
7
7
7
6
5
2
3
4
2
2
2
-1
1
1
2
1
1
3
2
4
5
3
3
3
2
1
0
-1
-2
-3
-1
-4
-3
-2
-1
3
2
-3
-4
-5
-2
0
-2
-1
0
-1
0
2
0
0
3
2
2
-2
-2
-4
-4
-4
-6
-5
-2
-3
-4
-4
-7
-7
-7
-10
-11
-11
-10
-8
-6
-6
-7
-5
-6
-6
-3
-3
-3
-4
-4
-4
-4
-3
-2
-1
0
-4
-3
-2
-1
-2
-1
0
2
0
-2
0
-1
-1
1
1
2
4
3
4
3
-1
1
0
-1
1
1
3
3
1
4
3
3
3
0
1
1
2
7
6
9
9
8
10
6
5
4
3
4
6
6
5
7
5
4
4
4
5
2
4
4
4
6
5
4
3
2
3
2
2
2
1
2
0
0
1
0
-2
-2
-1
-2
-3
-3
-5
-7
-5
-6
-6
-4
-2
-3
-3
-1
-1
-2
-4
-3
-2
-2
2
1
2
2
0
0
0
-2
-2
-3
-5
-6
-5
-5
-6
-7
-8
-9
-8
-8
-11
-13
-11
-12
-13
-11
-9
-8
-6
-3
-2
0
-2
-1
-1
-2
-1
0
-1
3
4
3
4
4
4
6
5
5
6
8
9
10
11
12
13
14
15
13
14
11
9
10
9
7
7
8
8
8
6
6
6
4
-1
-1
0
-1
-2
-2
-3
-3
-2
-1
-1
-1
1
1
0
2
2
1
4
7
8
8
11
12
10
10
10
10
11
11
11
14
15
14
14
14
13
9
8
6
4
4
2
0
-1
-4
-6
-7
-9
-10
-11
-15
-16
-14
-16
-16
-13
-15
-13
-13
-11
-12
-13
-14
-14
-13
-11
-13
-9
-6
-4
-2
-2
-2
-2
-3
-3
-4
-3
1
-2
1
3
1
4
1
-2
0
0
-2
-2
-2
0
1
1
0
-2
-3
-3
-5
-4
-6
-7
-6
-5
-5
-9
-7
-7
-8
-6
-8
-7
-8
-10
-6
-4
-5
-6
-4
-5
-4
-2
-2
0
1
4
4
6
8
8
9
11
10
13
11
9
12
14
14
15
14
15
13
11
10
8
4
3
4
3
5
4
5
4
0
-1
-1
-3
-6
-7
-3
-6
-5
-3
-6
-7
-6
-5
-5
-6
-6
-3
-1
-1
0
-1
1
3
3
4
2
3
3
5
6
5
4
3
2
3
-1
0
-1
-3
-2
-2
-2
-3
-5
-2
-1
-3
-3
-4
-8
-6
-4
-2
0
1
0
1
-1
1
2
0
1
0
1
1
-1
0
1
3
2
2
0
2
1
-1
0
-2
-2
-2
-2
-2
0
-1
-2
-3
-4
-4
-5
-5
-6
-3
-1
1
0
0
1
-1
0
3
3
2
6
5
3
4
2
4
5
7
7
6
7
4
2
6
3
1
1
2
2
2
4
3
0
0
-1
0
1
1
-1
-2
-2
-2
-3
-3
-2
0
1
0
-2
0
-1
-2
-1
-4
-4
-5
-4
0
-2
-5
-6
-4
-2
-4
-5
-4
-4
-6
-4
-4
-4
-4
-4
-4
-6
-2
0
-4
-6
-3
-4
-4
-4
-4
-2
-2
-4
-3
-6
-4
-5
-5
-4
-4
-3
-3
-5
-4
-3
-4
-3
-5
-2
1
1
4
5
7
8
8
7
7
6
4
5
3
3
3
3
3
2
3
2
3
3
2
0
0
2
0
4
6
4
5
6
3
1
1
2
0
-1
0
4
2
-1
3
2
4
3
2
1
-3
-1
2
0
1
2
2
2
4
3
3
3
0
1
1
0
1
-2
-2
0
0
0
-2
-1
1
1
-2
0
2
4
6
3
4
4
5
8
4
3
6
3
4
4
4
8
7
7
8
6
7
7
4
4
6
9
5
2
4
1
-2
-3
-5
-4
-5
-6
-5
-7
-6
-5
-8
-9
-10
-13
-13
-11
-10
-13
-15
-14
-14
-13
-11
-9
-9
-7
-6
-7
-8
-3
-1
-2
-2
-1
2
5
4
2
5
6
5
5
4
6
7
6
5
7
8
9
5
3
3
3
3
4
2
3
4
4
5
6
8
8
11
12
12
12
12
10
9
9
5
5
7
3
0
1
3
2
1
3
0
-2
-2
-4
-6
-7
-5
-6
-7
-6
-8
-6
-8
-10
-10
-13
-12
-10
-11
-11
-8
-9
-9
-6
-6
-5
-4
-6
-6
-6
-4
-4
-7
-5
-4
-4
-3
-3
-4
-1
-1
-4
-3
-2
-3
-2
-3
-2
1
-1
2
4
4
5
8
6
7
7
8
8
8
8
9
11
11
10
9
9
8
8
10
7
7
7
5
6
6
5
4
4
4
1
2
1
4
2
0
3
3
5
2
3
5
5
5
4
6
7
7
4
5
6
2
2
2
-1
-2
-3
-4
-5
-5
-5
-5
-6
-6
-10
-11
-10
-13
-13
-11
-12
-11
-9
-8
-8
-8
-7
-7
-8
-10
-9
-9
-7
-7
-7
-5
-4
-4
-4
-5
-5
-6
-6
-5
-6
-6
-3
-1
-1
-1
-1
-1
-2
0
1
1
1
1
1
0
2
2
1
2
0
-1
0
2
1
2
5
4
5
4
3
5
5
4
1
4
7
4
3
5
5
4
5
4
4
4
2
2
1
1
1
-2
-2
0
-2
-1
2
1
0
-1
-2
-3
-6
-6
-6
-7
-7
-7
-8
-6
-6
-8
-7
-7
-9
-8
-5
-7
-7
-5
-6
-7
-7
-6
-7
-4
-1
-3
-4
-2
0
-1
0
0
3
4
2
1
3
3
3
5
5
5
4
2
2
6
6
6
3
5
8
7
8
7
8
9
5
3
2
2
5
4
2
4
5
5
7
6
5
6
6
7
3
3
5
4
4
3
4
8
7
7
8
8
8
8
6
7
6
5
5
3
4
2
3
4
5
5
2
2
2
1
0
-1
1
