-15
-13
-16
-16
-11
-13
-11
-11
-11
-11
-12
-13
-13
-11
-13
-13
-13
-13
-12
-13
-13
-11
-12
-12
-11
-9
-7
-6
-6
-5
-4
-2
-2
-4
-6
-3
-2
-1
0
3
4
5
4
6
6
3
4
6
5
5
5
6
7
6
5
5
2
0
-1
0
2
5
5
5
7
6
4
5
3
0
2
4
4
6
6
6
4
4
4
5
4
3
6
4
3
7
7
7
9
11
8
8
8
4
5
6
6
7
6
7
10
11
10
6
4
4
0
-2
0
4
5
3
3
3
2
3
4
3
0
1
-1
1
2
0
1
0
-3
-2
0
-3
-4
-4
-5
-7
-6
-6
-2
-1
-3
-1
0
-4
-6
-8
-8
-9
-7
-7
-6
-2
0
-2
-4
-6
-8
-9
-8
-8
-6
-6
-7
-9
-9
-9
-8
-8
-6
-7
-8
-7
-7
-5
-5
-6
-4
-5
-6
-5
-6
-6
-6
-9
-6
-7
-8
-7
-7
-9
-9
-9
-9
-6
-6
-2
-2
-4
-8
-9
-4
-6
-6
-7
-7
-2
-2
1
3
2
4
3
2
2
2
4
2
5
5
2
2
0
4
3
2
4
6
5
4
5
2
0
-2
-3
-2
-1
-3
-1
2
-2
-2
1
0
0
1
-1
0
2
2
4
4
3
4
6
4
7
10
7
9
10
10
10
10
12
11
12
14
11
11
8
7
8
4
2
2
2
0
0
1
-1
-1
-3
-4
-2
-3
-4
-1
-3
-2
0
-3
-1
2
2
0
2
5
4
4
0
1
2
1
0
2
4
4
2
2
2
1
0
-3
-2
-1
-1
2
1
0
1
-2
-3
-3
-4
-3
-3
-4
-2
-2
0
-2
-3
-3
-1
1
0
-1
0
1
-3
-3
1
0
2
3
1
2
1
2
-1
-3
-3
-3
-3
-3
-1
0
-2
-2
-2
-2
0
-3
-3
-3
-1
3
4
1
0
0
2
2
1
2
3
5
4
5
7
5
4
5
6
4
4
3
2
0
-1
-4
-5
-4
-4
-4
-5
-5
-3
-1
-5
-5
-5
-4
-1
-3
-2
-2
-4
-2
0
1
2
3
3
4
2
4
4
3
4
3
2
3
5
6
4
5
3
1
0
0
1
0
-1
-4
-2
0
0
-1
-2
-1
-1
-2
-4
-4
-2
-3
-2
1
3
5
6
6
6
5
7
5
5
7
9
8
8
9
8
9
8
9
7
4
4
1
1
4
1
4
4
-1
2
2
0
-3
-3
-5
-7
-7
-6
-7
-7
-5
-2
-2
-2
-2
-4
-4
-3
-5
-3
-5
-4
-5
-5
-3
0
2
2
0
0
1
1
-1
-1
0
-2
-1
1
0
-1
0
-1
2
3
1
0
1
2
1
0
1
2
2
1
2
1
0
3
4
5
5
2
1
2
1
-2
0
2
2
3
-2
-3
-2
-2
-3
-5
-5
-6
-5
-5
-5
-3
-2
-3
-1
-5
-6
-7
-7
-6
-4
-3
-1
1
-1
-1
-1
-2
-4
-8
-5
-5
-7
-6
-6
-5
-4
-6
-7
-8
-7
-6
-7
-9
-8
-8
-7
-4
-4
-3
0
2
0
-2
-4
-4
-3
-3
-3
-1
1
1
1
4
7
6
5
2
3
2
0
-2
-1
2
2
4
7
6
8
5
3
4
2
3
4
4
3
2
3
2
2
2
1
2
3
2
1
-1
0
3
3
3
2
3
3
2
1
-1
-1
0
-1
0
0
-1
-1
0
2
0
0
-1
-2
-3
-3
-2
-3
-4
-4
-3
-1
-1
-1
-3
-2
-1
-3
-1
1
2
2
1
2
2
0
1
3
4
5
9
8
8
8
7
6
9
11
9
10
12
15
14
13
15
15
13
13
13
10
10
9
9
9
5
6
7
4
4
1
0
-1
-1
0
-2
-7
-9
-9
-8
-9
-9
-7
-5
-5
-8
-8
-10
-10
-10
-13
-11
-9
-11
-12
-12
-13
-12
-11
-9
-10
-8
-8
-9
-8
-5
-5
-4
-6
-7
-4
-5
-4
-2
-4
0
1
2
2
2
4
3
1
1
0
-1
1
0
0
-1
0
1
-1
1
-1
-1
1
-1
-2
-2
-2
-3
-4
-4
-4
-5
-4
-4
-5
-6
-6
-5
-5
-2
-1
-2
-2
-5
-5
-6
-5
-5
-8
-6
-6
-4
-1
-1
0
0
1
2
1
0
0
2
1
0
3
3
4
5
1
3
6
4
5
5
5
6
6
4
4
3
3
5
4
3
4
3
3
7
7
6
7
7
4
4
4
4
3
1
1
1
1
2
1
1
3
4
3
3
2
2
2
3
4
3
1
2
2
1
1
1
0
-3
-2
-3
-5
-4
-4
-5
-6
-4
-3
-6
-8
-9
-12
-11
-12
-11
-8
-5
-2
-3
-2
0
-2
0
-1
-1
-3
0
0
-1
3
2
5
5
5
5
7
5
6
8
7
6
5
2
3
8
8
9
8
5
6
5
6
8
7
4
3
4
0
0
0
-2
-3
-2
-3
-3
-2
-3
-2
-3
-5
-5
-5
-4
-6
-8
-7
-8
-10
-8
-5
-6
-7
-7
-5
-5
-5
-7
-6
-4
-4
-4
-3
-1
0
0
0
1
0
1
0
3
4
2
3
3
2
4
6
5
3
6
6
6
7
4
4
4
3
5
3
5
6
5
7
9
8
5
6
4
5
6
7
7
7
7
5
3
2
-2
-1
2
2
2
2
3
3
1
0
1
1
1
0
1
-3
-3
-1
-1
1
2
4
1
1
2
-1
-1
-1
-1
-1
1
2
-1
-1
-2
-4
-3
-3
-2
-3
-3
1
2
2
1
1
0
-3
-3
-4
-5
-4
-3
-1
-4
-4
-6
-8
-5
-4
-6
-7
-6
-4
-6
-8
-9
-8
-7
-7
-3
-1
-3
0
3
4
1
5
8
8
8
7
6
6
6
10
8
6
6
7
6
6
9
11
6
6
6
6
5
2
1
0
-1
-1
-3
-7
-7
-8
-8
-6
-3
-6
-7
-10
-13
-15
-18
-15
-15
-15
-13
-13
-14
-12
-12
-12
-13
-12
-9
-7
-5
-5
-4
-3
-3
-3
0
1
1
4
4
4
5
7
11
12
11
11
10
11
12
12
13
13
12
12
9
9
10
10
10
9
6
6
5
2
1
3
1
1
3
0
-5
-7
-9
-9
-11
-11
-9
-11
-11
-11
-12
-11
-13
-12
-13
-14
-12
-12
-12
-11
-9
-7
-6
-8
-6
-7
-7
-4
-3
-1
-1
1
4
5
5
5
8
10
11
9
7
7
9
9
11
12
13
12
12
11
10
10
11
7
4
6
5
3
3
2
3
5
2
6
4
0
1
-1
0
-2
-3
-1
2
1
-1
-1
0
-1
-1
-2
-5
-7
-7
-6
-7
-8
-7
-9
-7
-8
-10
-11
-14
-16
-13
-12
-12
-12
-14
-14
-10
-8
-7
-10
-8
-9
-8
-6
-4
-2
-2
-1
2
3
4
6
6
6
9
11
11
12
13
13
11
12
14
15
16
13
14
12
9
8
8
8
7
3
1
0
-1
-3
-4
-6
-7
-8
-9
-8
-10
-9
-8
-11
-9
-10
-12
-10
-6
-5
-4
-4
-4
-3
-3
-3
-3
-1
2
3
4
5
5
4
2
2
3
5
5
4
5
5
5
4
6
8
7
6
6
6
5
4
2
2
2
2
2
2
2
1
3
2
1
2
-1
1
1
-2
-1
1
-1
-1
-3
-1
-1
0
1
0
-1
-4
-4
-2
-3
0
-1
-4
-3
-2
-4
-2
-3
-4
-3
-1
3
5
6
8
9
9
9
7
8
8
10
9
7
7
5
5
6
6
8
6
5
7
6
4
3
-2
-4
-3
-5
-5
-4
-3
-4
-6
-3
-2
-4
-4
-4
-3
-1
-1
0
0
2
1
1
0
-1
3
3
2
5
5
6
7
6
4
5
8
8
9
7
4
4
5
6
5
4
3
6
6
2
-1
0
1
0
-3
-1
1
0
-1
0
-2
-5
-3
-3
-3
-2
-1
-2
-1
-1
-3
-2
-4
-3
-4
-6
-3
-5
-4
-3
-4
-5
-4
-4
-3
-3
-3
-5
-4
-5
-6
-6
-7
-7
-8
-8
-5
-4
-5
-4
-7
-5
-4
-8
-6
-6
-7
-6
-9
-9
-9
-9
-7
-7
-6
-7
-7
-5
-2
-5
-6
-4
-4
-2
0
-2
0
1
0
3
3
3
5
4
4
7
6
5
3
2
2
1
-1
-1
-1
-4
-1
-2
-3
-1
-4
-4
-3
-2
1
0
0
0
-1
-2
-2
-3
0
0
-1
-2
-2
0
1
2
2
3
2
3
5
4
2
2
1
3
2
3
3
3
5
5
3
4
5
5
4
4
3
2
3
0
-1
-1
-1
-2
-2
-2
-3
-2
1
-1
-2
-3
-3
-4
-4
-6
-7
-5
-5
-6
-5
-6
-7
-5
-5
-6
-5
-4
-3
-2
-1
1
2
2
5
4
5
5
5
6
5
6
6
8
9
10
11
10
12
12
14
13
11
9
8
7
7
7
4
4
4
4
3
0
0
-2
-2
-4
-6
-7
-3
-4
-2
-3
-5
-3
-4
-3
-3
-6
-5
0
1
1
0
2
2
3
6
5
4
6
8
7
9
8
6
7
8
7
8
9
11
11
11
9
11
11
11
14
8
7
9
8
8
8
9
8
8
8
4
5
6
4
2
3
1
1
1
-1
-4
-4
-4
-6
-6
-7
-9
-10
-9
-9
-13
-12
-13
-14
-13
-12
-12
-10
-9
-10
-9
-9
-8
-4
-3
-4
0
1
1
0
2
3
4
4
4
3
2
2
2
2
0
-1
-2
-5
-4
-4
-6
-5
-3
-5
-6
-5
-8
-11
-10
-9
-8
-8
-8
-9
-11
-10
-10
-11
-11
-10
-13
-14
-15
-13
-14
-14
-15
-15
-13
-13
-14
-15
-15
-13
-16
-16
-16
-15
-12
-12
-9
-7
-5
-3
-1
-3
-1
-2
0
4
3
5
7
9
11
9
10
8
9
10
11
11
9
10
9
9
11
11
10
13
14
11
12
12
12
11
9
8
8
8
9
11
11
9
11
10
9
6
6
5
3
3
2
2
3
3
2
2
5
4
4
4
2
2
0
2
2
2
5
6
8
8
8
7
8
9
8
7
7
7
8
9
9
9
12
10
9
8
5
4
4
4
2
3
1
1
0
0
1
1
4
3
2
-2
-1
0
-1
-1
-3
-2
-1
0
-2
-3
-1
-2
-1
0
-4
-4
-5
-6
-7
-7
-9
-8
-8
-8
-6
-5
-7
-10
-8
-6
-4
-6
-6
-3
-5
-5
-3
-2
0
1
0
1
-1
-1
0
0
0
-1
-2
0
1
0
-1
1
-1
-1
0
-1
0
1
2
4
3
2
1
0
-1
-3
-2
-2
-2
0
2
1
1
1
0
-1
-2
-2
-2
-2
-1
-3
-4
-3
-5
-4
-3
-6
-3
-2
-3
-3
-2
-3
-4
-6
-5
-6
-4
-4
-4
-2
-2
-3
-5
-4
-3
-1
1
-1
-1
0
3
4
2
1
0
-1
-3
-2
2
-3
-4
-5
-4
-3
-1
-1
-3
0
-1
-3
-3
-3
-4
-3
0
0
0
0
1
3
2
1
4
3
0
2
4
4
4
3
4
2
2
3
4
3
4
4
3
2
1
2
1
-1
1
0
-1
-2
-3
-2
-2
-3
-5
-7
-9
-7
-8
-8
-6
-8
-8
-8
-8
-9
-10
-8
-7
-5
-5
-6
-6
-3
-3
-4
-2
0
1
3
3
4
3
4
6
5
3
4
4
4
2
3
5
2
2
2
4
4
1
1
2
-1
0
0
2
2
2
0
-1
0
0
-2
-1
-1
-2
0
1
-1
-1
-1
0
2
3
4
6
7
9
9
7
7
6
6
8
7
8
8
10
11
7
8
9
8
8
7
7
3
3
0
-4
-5
-7
-7
-7
-9
-9
-8
-8
-9
-8
-6
-8
-8
-7
-5
-5
-5
-2
0
0
-1
-1
0
1
3
4
3
6
10
9
9
11
10
12
11
10
10
11
13
12
11
13
11
11
14
12
11
13
10
7
6
5
3
3
4
3
2
2
1
0
-1
-4
-6
-6
-8
-5
-5
-7
-6
-7
-4
-9
-12
-9
-10
-9
-6
-5
-7
-10
-7
-6
-6
-5
-3
-2
-4
-4
-4
-5
-5
-4
-3
-4
-1
0
2
3
2
4
3
1
1
-1
0
0
0
3
-1
-4
-4
-5
-6
-8
-8
-8
-8
-9
-7
-9
-7
-7
-7
-7
-6
-3
-3
-2
1
2
0
-2
-1
0
3
5
6
6
8
9
8
10
9
8
6
5
6
4
3
4
6
9
10
6
6
6
7
6
4
4
5
5
7
6
3
3
2
0
-3
-2
-2
-4
-1
0
-1
-1
-4
-4
-3
-6
-6
-4
-3
-3
0
-1
0
4
4
5
7
5
8
9
8
12
13
12
12
11
13
10
11
10
9
9
7
6
5
4
5
2
0
-2
-5
-5
-6
-7
-7
-8
-9
-10
-6
-8
-10
-9
-12
-14
-14
-14
-11
-8
-8
-7
-8
-9
-9
-8
-8
-9
-9
-7
-11
-10
-6
-4
-4
-3
-1
-2
-3
-6
-5
-5
-6
-4
-3
-3
-3
-1
-2
-4
-4
-3
-3
-3
-4
0
0
-2
-1
-1
-2
-5
-8
-8
-7
-4
-7
-7
-3
-3
-4
-4
-3
-4
-2
-1
-3
0
3
2
5
4
5
3
1
1
2
2
0
3
4
1
4
3
2
3
1
0
0
-2
1
3
3
3
4
1
4
6
6
5
6
7
11
12
12
13
10
10
12
10
6
7
7
6
5
6
5
-1
-4
-2
-1
-5
-6
-7
-6
-5
-8
-6
-7
-8
-7
-9
-8
-6
-6
-6
-4
-2
-1
-3
0
0
-1
-2
1
4
-1
0
1
1
1
1
3
2
-1
1
1
3
0
-1
-1
-3
-1
-1
-3
-2
-2
-3
-2
-2
-3
-5
-4
-2
-2
-2
0
-3
-5
-2
-1
-1
-2
-5
-5
-1
-2
-2
-2
-2
-2
0
-2
-3
-2
-2
1
0
5
6
3
6
6
6
4
1
5
6
6
3
6
9
9
8
6
2
3
4
2
2
1
0
3
2
1
1
-3
-3
-3
-2
0
1
-1
1
3
3
0
0
3
4
5
4
7
7
5
5
4
5
4
1
1
-1
-3
-1
-1
-2
-1
-5
-5
-5
-7
-6
-6
-6
-7
-9
-8
-6
-6
-5
-4
-4
-4
-2
-3
-3
-3
-2
0
1
-1
-2
-3
-3
-1
-1
-4
-4
-5
-5
-5
-5
-4
-5
-7
-7
-7
-7
-6
-6
-7
-6
-8
-6
-4
-4
-5
-4
-2
-1
-1
-1
-1
0
-1
-4
-3
0
-1
-2
0
3
2
0
-1
2
2
1
4
4
2
5
4
0
1
2
2
1
1
4
4
3
2
2
2
0
-3
-4
-5
-6
-6
-5
-5
-3
-3
-6
-6
-9
-7
-8
-9
-7
-6
-3
-4
-3
-1
-2
-3
-4
-3
-2
-2
-4
-2
-1
-2
-2
0
-1
-3
-5
-4
-3
-2
-2
-2
-2
-2
-4
-3
-3
-4
-3
-3
-4
-3
-3
-4
-1
1
3
4
6
5
3
2
5
3
4
4
3
3
4
3
3
2
0
-1
1
-3
-6
-8
-7
-3
-2
-2
-3
-5
-6
-8
-5
-4
-4
-3
-3
-1
-1
-3
0
0
-1
-3
-2
0
-2
-4
-3
-1
1
1
-1
-2
-1
-1
0
0
-1
0
0
3
6
4
4
4
4
4
2
4
4
6
7
6
8
6
5
3
4
4
2
4
3
3
6
6
9
9
9
10
9
8
9
13
14
15
15
15
15
14
14
14
16
15
13
10
10
11
11
7
7
9
10
10
7
7
9
6
4
7
7
10
9
10
14
16
14
15
13
15
18
17
16
15
14
15
14
14
15
13
10
8
8
8
7
4
5
3
5
5
1
1
2
3
2
3
3
1
2
2
3
3
2
2
1
-2
-3
-1
-1
-2
-2
-2
-1
1
-2
-4
-2
-4
-4
-6
-9
-9
-9
-8
-7
-9
-11
-11
-12
-12
-12
-12
-11
-13
-12
-11
-14
-13
-14
-15
-13
-15
-16
-13
-12
-10
-8
-10
-9
-8
-9
-7
-7
-5
-3
-5
-4
-4
-6
-5
-8
-6
-2
-2
-3
-3
-3
-4
-5
-2
0
1
1
2
2
-1
1
4
4
3
2
2
4
2
1
0
1
3
0
-2
-2
-3
1
1
3
4
-2
-2
2
1
2
3
2
2
5
4
2
4
5
6
7
10
5
6
4
1
3
0
1
3
4
6
5
4
3
3
2
1
3
3
3
2
3
3
-2
-1
-1
-2
-1
-3
-4
-6
-8
-7
-9
-12
-11
-12
-12
-11
-10
-8
-8
-6
-6
-10
-8
-7
-6
-4
-3
-3
-4
-5
-6
-6
-5
-5
-4
-4
-4
-6
-8
-13
-11
-10
-11
-11
-10
-11
-12
-12
-15
-13
-14
-14
-13
-10
-9
-10
-10
-10
-7
-7
-9
-4
-3
-3
-1
-4
-4
-4
-6
-3
-3
-3
-1
0
1
0
-2
-1
1
2
1
1
0
3
4
0
3
2
-2
-2
-6
-6
-8
-7
-4
-4
-7
-6
-6
-5
0
1
1
5
6
2
0
3
5
6
9
13
15
15
13
12
16
17
15
15
14
13
14
15
16
17
14
11
11
12
7
6
5
6
6
6
6
5
7
8
10
12
12
11
12
15
14
16
19
21
24
23
23
25
26
26
29
29
26
29
28
25
25
19
14
13
8
5
0
-4
-8
-15
-22
-32
-36
-38
-41
-35
-35
-35
-29
-27
-29
-27
-28
-28
-27
-26
-25
-23
-19
-17
-14
-13
-13
-11
-15
-17
-15
-16
-16
-14
-14
-15
-18
-23
-26
-28
-30
-27
-26
-32
-36
-38
-41
-42
-43
-42
-40
-38
-36
-35
-34
-33
-29
-27
-24
-22
-23
-25
-23
-23
-24
-22
-22
-17
-14
-12
-7
-3
-4
-3
-1
-3
-3
-5
-4
-5
-8
-11
-18
-24
-30
-35
-39
-44
-43
-45
-42
-39
-40
-39
-37
-34
-30
-25
-17
-10
0
8
13
23
27
29
34
40
49
53
54
60
62
59
56
55
53
53
55
57
60
63
63
65
65
64
68
72
73
76
79
80
78
77
76
74
70
68
65
62
59
56
52
49
48
43
39
37
34
35
36
38
39
40
44
43
42
43
47
49
48
48
49
50
51
49
50
53
55
57
60
63
63
58
60
58
57
55
51
50
46
42
44
43
41
40
41
39
38
38
40
45
49
50
50
48
46
44
35
31
28
22
19
16
14
7
-3
-12
-18
-24
-30
-39
-44
-50
-55
-60
-64
-67
-71
-78
-81
-80
-79
-81
-83
-84
-85
-90
-98
-102
-105
-106
-110
-111
-110
-108
-104
-100
-102
-105
-105
-109
-106
-103
-97
-88
-76
-64
-54
-46
-36
-26
-18
-10
-1
6
11
17
25
32
39
41
45
50
52
55
60
58
53
45
35
22
8
-4
-12
-17
-19
-23
-28
-33
-42
-57
-72
-92
-109
-120
-132
-137
-140
-142
-142
-144
-142
-140
-137
-131
-121
-111
-99
-92
-86
-82
-80
-74
-65
-56
-40
-23
-2
22
43
62
84
106
126
150
172
200
227
249
271
292
309
322
334
343
351
355
356
359
358
353
347
336
319
300
284
263
232
205
171
133
96
50
4
-45
-91
-130
-167
-198
-225
-250
-270
-285
-296
-298
-296
-288
-272
-257
-237
-217
-196
-176
-154
-129
-101
-73
-44
-17
9
38
69
97
128
160
188
217
245
270
301
334
371
414
460
512
559
603
645
676
708
737
763
784
788
770
722
639
517
362
189
9
-161
-313
-438
-538
-617
-670
-704
-718
-710
-682
-632
-570
-494
-420
-357
-308
-273
-254
-243
-241
-242
-240
-239
-241
-250
-272
-307
-353
-399
-433
-456
-456
-434
-390
-329
-260
-185
-108
-25
68
170
281
402
522
632
729
812
883
946
1002
1054
1102
1128
1121
1058
927
729
478
196
-86
-341
-547
-694
-784
-825
-831
-820
-792
-750
-688
-591
-467
-317
-153
6
146
251
312
331
316
273
214
142
48
-65
-202
-362
-539
-720
-883
-1015
-1103
-1139
-1121
-1056
-958
-837
-703
-570
-440
-316
-189
-64
56
170
269
344
382
391
368
322
271
219
181
157
145
149
166
197
247
325
447
607
802
1012
1202
1333
1375
1321
1177
967
722
470
247
55
-112
-257
-398
-542
-683
-802
-880
-904
-863
-763
-616
-445
-277
-129
-10
83
157
224
286
331
349
318
226
71
-140
-386
-638
-873
-1069
-1210
-1290
-1318
-1303
-1259
-1186
-1091
-968
-821
-642
-442
-230
-20
171
326
430
490
507
500
481
457
445
434
421
403
374
344
327
345
419
559
756
995
1237
1427
1523
1506
1380
1168
907
643
403
204
38
-108
-250
-403
-571
-730
-848
-904
-885
-794
-647
-473
-303
-157
-42
46
122
204
300
402
489
537
516
408
217
-43
-336
-625
-882
-1082
-1213
-1284
-1308
-1296
-1258
-1195
-1101
-972
-802
-598
-371
-144
66
237
360
432
461
464
451
430
405
378
345
304
258
206
158
128
138
197
315
506
749
1027
1312
1551
1708
1746
1663
1479
1223
930
635
354
96
-147
-376
-593
-799
-979
-1115
-1181
-1163
-1062
-901
-703
-489
-293
-119
33
164
287
407
524
622
674
655
553
370
112
-197
-516
-815
-1070
-1269
-1405
-1482
-1510
-1494
-1432
-1331
-1185
-996
-770
-522
-273
-46
148
292
388
437
448
436
403
357
299
238
176
119
68
30
15
25
72
170
324
536
799
1093
1393
1642
1793
1817
1708
1493
1200
875
551
246
-35
-294
-538
-772
-988
-1168
-1287
-1312
-1239
-1083
-864
-622
-379
-160
24
184
322
451
577
691
769
789
736
586
346
38
-314
-671
-1000
-1271
-1471
-1598
-1660
-1674
-1637
-1552
-1426
-1250
-1031
-776
-504
-238
1
187
313
383
404
396
362
323
278
222
165
109
58
17
-8
-5
40
135
287
503
775
1088
1419
1731
1980
2114
2104
1952
1692
1367
1012
666
339
33
-248
-510
-758
-979
-1148
-1244
-1244
-1144
-967
-738
-494
-257
-40
146
311
456
584
705
805
861
850
755
573
311
-7
-358
-707
-1019
-1285
-1482
-1611
-1674
-1673
-1618
-1508
-1345
-1133
-883
-608
-322
-49
188
375
505
575
601
589
548
488
420
339
256
184
124
87
75
95
159
271
434
650
924
1243
1582
1908
2163
2296
2277
2111
1828
1469
1083
696
329
-4
-317
-609
-881
-1127
-1320
-1425
-1425
-1320
-1124
-872
-602
-336
-93
120
304
466
613
748
859
922
910
807
611
335
5
-351
-707
-1034
-1309
-1522
-1669
-1745
-1758
-1712
-1600
-1429
-1199
-926
-630
-330
-51
187
366
482
543
562
543
505
448
371
281
178
80
-4
-63
-81
-58
15
137
306
526
791
1094
1419
1734
1989
2127
2122
1968
1690
1331
930
528
145
-213
-546
-852
-1133
-1381
-1570
-1671
-1664
-1548
-1342
-1077
-784
-492
-219
25
241
428
586
724
828
874
847
732
526
248
-78
-429
-773
-1095
-1373
-1598
-1767
-1872
-1909
-1869
-1752
-1566
-1320
-1033
-736
-442
-168
68
258
397
481
522
529
499
439
350
241
123
15
-73
-129
-142
-111
-29
98
267
475
728
1034
1383
1754
2095
2336
2431
2357
2120
1770
1349
910
488
95
-266
-604
-924
-1224
-1481
-1656
-1718
-1655
-1476
-1211
-900
-575
-269
5
246
463
660
838
992
1098
1124
1048
864
582
233
-141
-518
-873
-1184
-1450
-1662
-1821
-1918
-1937
-1867
-1709
-1471
-1172
-841
-511
-200
76
304
476
595
661
684
671
620
536
422
290
156
37
-56
-103
-98
-39
66
210
395
619
891
1218
1582
1952
2264
2457
2492
2353
2069
1681
1248
816
408
30
-327
-674
-1002
-1306
-1551
-1701
-1731
-1631
-1422
-1137
-817
-500
-198
76
319
545
753
933
1074
1142
1115
986
755
447
97
-266
-622
-952
-1254
-1519
-1740
-1904
-1994
-1994
-1898
-1705
-1443
-1135
-805
-486
-186
78
298
476
605
677
702
682
616
516
388
248
112
-3
-80
-111
-100
-45
46
172
344
568
856
1202
1588
1964
2268
2437
2430
2252
1941
1548
1130
723
338
-32
-394
-754
-1109
-1428
-1679
-1816
-1814
-1688
-1460
-1170
-863
-567
-289
-31
216
454
684
885
1038
1110
1076
931
689
376
27
-332
-682
-1019
-1336
-1624
-1871
-2050
-2144
-2131
-2010
-1800
-1525
-1214
-895
-591
-306
-46
181
372
524
620
654
637
570
467
346
214
93
-6
-71
-100
-88
-44
36
156
324
557
862
1229
1628
2002
2282
2412
2360
2150
1829
1451
1066
697
343
-12
-375
-749
-1119
-1444
-1678
-1780
-1747
-1598
-1363
-1096
-825
-558
-304
-48
212
474
730
948
1099
1154
1095
931
684
379
42
-308
-660
-1013
-1354
-1667
-1925
-2105
-2185
-2153
-2020
-1809
-1542
-1249
-947
-644
-342
-50
217
446
614
717
752
737
684
605
509
404
294
187
98
34
6
29
103
228
407
649
943
1285
1657
2010
2281
2420
2399
2224
1937
1594
1231
870
513
153
-220
-607
-986
-1318
-1564
-1686
-1676
-1554
-1350
-1111
-861
-608
-354
-86
196
482
757
995
1166
1241
1205
1072
846
561
244
-96
-451
-818
-1178
-1512
-1801
-2012
-2126
-2133
-2038
-1861
-1627
-1356
-1068
-760
-443
-128
179
447
656
795
861
868
828
757
664
556
440
321
211
120
64
52
88
183
338
554
831
1161
1519
1851
2104
2237
2219
2072
1835
1554
1253
944
621
275
-108
-512
-909
-1265
-1529
-1671
-1684
-1597
-1451
-1271
-1078
-864
-626
-358
-54
262
571
843
1039
1142
1143
1048
875
649
384
77
-260
-625
-1001
-1360
-1670
-1905
-2045
-2083
-2025
-1892
-1705
-1479
-1227
-944
-631
-304
15
301
534
699
794
832
825
785
716
625
514
384
251
132
42
-4
7
77
206
392
638
935
1263
1583
1841
1996
2020
1919
1733
1496
1239
973
692
382
34
-342
-722
-1073
-1346
-1510
-1562
-1525
-1430
-1307
-1162
-993
-793
-549
-263
52
371
657
882
1025
1070
1029
917
746
527
263
-43
-385
-749
-1112
-1445
-1720
-1907
-2000
-2005
-1934
-1812
-1644
-1433
-1185
-894
-569
-232
90
369
591
746
837
886
897
881
838
766
660
534
404
285
199
156
161
222
338
512
745
1018
1303
1550
1713
1761
1701
1562
1374
1169
962
741
491
195
-142
-501
-848
-1135
-1328
-1419
-1425
-1377
-1304
-1220
-1116
-977
-783
-534
-242
76
378
628
808
907
925
876
774
626
432
183
-120
-460
-815
-1157
-1449
-1668
-1807
-1874
-1876
-1830
-1741
-1596
-1395
-1133
-816
-469
-124
187
439
633
777
885
966
1020
1039
1012
937
826
689
559
463
408
397
430
506
621
781
990
1224
1445
1606
1670
1633
1513
1347
1167
987
803
601
359
66
-258
-590
-889
-1112
-1244
-1287
-1274
-1235
-1182
-1116
-1021
-884
-690
-444
-161
129
390
595
728
779
762
695
582
427
223
-30
-331
-653
-975
-1269
-1512
-1693
-1809
-1864
-1859
-1803
-1690
-1514
-1281
-994
-675
-357
-59
202
428
623
789
936
1052
1117
1129
1082
995
891
792
717
665
634
627
642
690
789
948
1152
1354
1504
1560
1509
1380
1218
1058
911
772
613
410
156
-138
-446
-730
-943
-1069
-1120
-1127
-1121
-1121
-1118
-1088
-1004
-854
-647
-396
-136
103
291
413
473
478
449
393
297
151
-57
-317
-603
-888
-1149
-1369
-1540
-1657
-1728
-1756
-1738
-1668
-1538
-1347
-1100
-816
-528
-258
-7
216
429
630
810
954
1052
1096
1085
1040
975
909
854
807
771
739
719
730
792
918
1093
1277
1411
1451
1386
1252
1091
940
816
703
575
408
187
-79
-363
-621
-816
-928
-971
-979
-985
-1004
-1029
-1032
-984
-866
-684
-458
-215
6
182
308
381
415
420
396
334
217
41
-181
-431
-681
-918
-1127
-1301
-1444
-1546
-1608
-1625
-1592
-1504
-1359
-1167
-944
-706
-464
-226
9
240
462
663
826
945
1018
1056
1066
1065
1056
1036
1002
957
906
866
859
905
1015
1170
1319
1406
1388
1269
1094
918
781
683
596
486
326
118
-132
-388
-611
-764
-836
-854
-849
-861
-906
-965
-997
-967
-864
-699
-494
-288
-99
52
160
234
279
307
311
280
192
46
-145
-362
-577
-773
-950
-1108
-1246
-1358
-1440
-1488
-1487
-1434
-1324
-1170
-988
-787
-580
-369
-149
77
303
517
698
844
951
1025
1074
1107
1128
1135
1128
1109
1076
1050
1046
1086
1174
1295
1412
1466
1425
1291
1103
919
773
669
580
466
311
113
-118
-352
-558
-704
-782
-810
-817
-840
-894
-963
-1012
-1007
-932
-796
-624
-440
-269
-124
-10
71
126
155
162
140
80
-20
-155
-316
-490
-661
-821
-970
-1103
-1211
-1287
-1332
-1342
-1317
-1258
-1171
-1047
-895
-717
-520
-310
-90
122
320
500
658
795
911
1013
1098
1158
1188
1191
1173
1145
1126
1132
1172
1247
1344
1431
1460
1399
1251
1058
878
755
682
627
536
388
187
-39
-259
-442
-566
-634
-660
-677
-724
-811
-922
-1006
-1028
-973
-849
-693
-537
-403
-295
-208
-136
-74
-22
18
33
16
-40
-135
-260
-395
-522
-638
-743
-838
-930
-1017
-1087
-1134
-1155
-1149
-1112
-1040
-935
-803
-652
-486
-312
-132
58
247
430
601
759
900
1014
1107
1174
1214
1240
1257
1269
1290
1328
1383
1452
1510
1515
1437
1279
1077
884
740
650
578
476
322
119
-107
-318
-487
-605
-672
-703
-732
-780
-862
-961
-1036
-1060
-1014
-905
-766
-624
-501
-403
-320
-247
-178
-111
-52
-14
0
-15
-56
-122
-203
-291
-383
-472
-555
-632
-707
-778
-842
-893
-923
-924
-896
-840
-754
-648
-521
-378
-226
-67
90
251
412
567
715
849
962
1055
1125
1178
1219
1254
1287
1332
1389
1450
1496
1495
1424
1280
1092
907
762
671
604
518
380
191
-21
-222
-380
-486
-550
-591
-627
-682
-764
-860
-944
-988
-969
-896
-791
-682
-588
-513
-457
-407
-352
-294
-238
-192
-162
-152
-164
-197
-252
-315
-379
-438
-490
-539
-590
-646
-705
-759
-792
-798
-776
-725
-655
-571
-474
-368
-250
-122
19
170
322
470
608
722
817
897
968
1031
1088
1139
1176
1211
1247
1290
1328
1336
1299
1204
1061
910
788
704
645
578
473
322
146
-29
-178
-289
-369
-431
-490
-559
-641
-734
-820
-881
-904
-881
-826
-755
-685
-626
-579
-537
-491
-437
-377
-323
-280
-252
-245
-249
-264
-290
-323
-361
-397
-430
-468
-511
-565
-615
-657
-681
-678
-653
-605
-544
-472
-394
-308
-214
-106
17
151
282
405
518
616
701
781
850
913
968
1015
1053
1088
1122
1149
1164
1152
1101
1007
892
785
704
651
608
549
455
326
183
47
-64
-149
-214
-272
-339
-421
-512
-605
-685
-740
-763
-753
-726
-693
-658
-630
-598
-567
-527
-478
-426
-377
-338
-309
-288
-277
-276
-278
-288
-302
-316
-341
-368
-400
-438
-476
-508
-525
-527
-508
-470
-423
-368
-312
-251
-175
-90
11
122
235
341
436
521
593
659
720
772
822
865
896
923
950
972
983
983
961
912
843
772
712
668
630
580
510
420
311
203
109
30
-40
-105
-177
-263
-358
-453
-541
-609
-656
-682
-688
-685
-681
-672
-653
-623
-585
-540
-494
-450
-410
-369
-335
-308
-289
-273
-263
-258
-258
-266
-282
-306
-328
-349
-369
-378
-384
-383
-372
-345
-309
-265
-206
-138
-60
21
101
181
257
331
401
465
521
568
604
631
647
664
679
695
710
728
740
737
720
682
637
589
550
521
502
480
447
400
334
256
177
104
41
-18
-81
-156
-241
-331
-420
-490
-542
-573
-591
-601
-608
-610
-600
-578
-544
-503
-461
-418
-385
-353
-324
-292
-259
-234
-214
-209
-218
-233
-254
-272
-288
-303
-318
-338
-352
-362
-361
-343
-315
-271
-224
-172
-113
-58
0
61
125
188
248
298
334
360
379
393
406
420
436
455
472
485
493
494
493
497
501
514
524
534
537
537
533
523
511
486
452
409
355
295
225
153
82
8
-68
-143
-218
-288
-353
-405
-444
-467
-477
-476
-465
-444
-423
-398
-374
-350
-321
-293
-263
-237
-221
-213
-217
-229
-240
-259
-272
-287
-302
-315
-327
-334
-340
-336
-316
-295
-267
-237
-204
-162
-114
-56
0
51
93
122
142
155
171
192
207
223
229
232
225
213
211
213
222
241
261
283
303
321
340
360
385
414
434
449
453
448
439
423
404
378
341
299
252
200
144
88
30
-21
-66
-108
-145
-176
-201
-216
-222
-223
-225
-226
-223
-218
-209
-200
-194
-186
-183
-186
-196
-211
-229
-245
-255
-263
-269
-276
-287
-300
-309
-310
-305
-295
-281
-264
-243
-221
-197
-176
-158
-142
-126
-107
-91
-77
-65
-55
-47
-41
-30
-19
-4
11
29
50
68
91
118
148
178
209
238
261
285
307
327
345
363
379
388
393
389
376
357
336
315
288
261
227
194
165
139
117
96
79
63
46
30
14
-4
-18
-28
-39
-49
-62
-80
-102
-123
-146
-168
-182
-195
-211
-227
-245
-260
-273
-280
-286
-289
-283
-277
-267
-256
-247
-229
-217
-205
-193
-184
-171
-157
-144
-132
-120
-107
-97
-82
-69
-57
-39
-24
-3
17
35
56
78
101
123
146
165
183
199
217
230
243
251
253
252
247
236
225
212
197
182
165
151
138
130
126
123
121
118
114
107
98
89
79
70
59
47
33
12
-8
-31
-53
-71
-90
-108
-126
-145
-159
-171
-179
-183
-186
-185
-183
-177
-171
-160
-148
-139
-128
-123
-118
-115
-116
-116
-117
-115
-111
-110
-109
-104
-102
-97
-92
-85
-74
-63
-44
-27
-10
12
30
48
70
88
99
111
118
121
124
127
123
118
111
99
83
72
64
60
61
63
70
80
89
98
104
110
117
122
124
123
122
119
114
107
98
87
73
59
44
30
17
4
-9
-20
-28
-34
-36
-41
-44
-45
-45
-41
-36
-33
-33
-35
-40
-50
-62
-75
-86
-98
-105
-112
-123
-127
-133
-137
-137
-133
-128
-119
-103
-85
-69
-48
-28
-10
6
17
27
35
42
44
44
40
35
33
24
17
12
4
1
-5
-10
-6
0
12
27
38
48
54
59
62
66
71
73
71
68
64
57
49
41
34
26
19
14
8
3
2
3
7
11
16
22
25
28
32
39
45
50
51
46
37
27
12
-4
-19
-35
-47
-58
-70
-78
-85
-91
-93
-94
-92
-88
-84
-75
-63
-52
-42
-33
-24
-17
-12
-8
-6
-3
2
4
6
5
5
6
7
10
13
17
20
27
38
44
53
62
65
69
72
70
69
62
54
46
37
31
23
16
6
-4
-13
-22
-27
-30
-33
-35
-35
-30
-21
-15
-10
-4
-5
-2
2
2
4
5
2
-6
-17
-27
-38
-48
-57
-61
-63
-69
-72
-72
-71
-68
-61
-54
-43
-36
-28
-17
-8
2
12
21
26
29
30
28
24
25
24
22
20
16
15
18
19
21
24
29
38
45
51
58
62
66
70
74
72
68
61
51
39
27
12
1
-10
-22
-32
-40
-51
-61
-67
-67
-65
-61
-59
-53
-44
-39
-32
-25
-20
-13
-8
-4
-3
-7
-9
-10
-13
-18
-22
-25
-27
-31
-33
-33
-32
-30
-26
-19
-16
-10
-2
6
16
23
28
32
36
39
41
41
35
33
33
29
27
26
24
25
29
34
36
39
43
47
52
58
58
60
61
59
61
57
51
44
33
22
11
0
-8
-18
-28
-36
-44
-50
-57
-59
-60
-62
-59
-57
-57
-56
-53
-51
-51
-49
-46
-47
-45
-46
-47
-48
-48
-47
-46
-42
-40
-35
-32
-27
-22
-14
-3
6
14
23
30
34
41
42
41
44
48
48
47
43
38
31
28
27
24
19
15
17
17
17
21
26
32
33
37
44
45
48
51
50
51
49
41
33
26
19
12
4
-2
-9
-17
-23
-30
-34
-37
-39
-40
-37
-38
-39
-40
-39
-37
-37
-35
-32
-35
-35
-37
-42
-46
-46
-47
-48
-49
-51
-50
-47
-46
-40
-34
-28
-20
-11
-3
3
12
17
21
24
25
26
25
26
26
27
24
18
17
13
11
13
15
19
24
29
33
39
45
51
59
68
73
79
81
78
79
73
68
61
52
45
36
26
18
9
-1
-8
-12
-17
-17
-22
-24
-23
-22
-18
-19
-20
-20
-19
-17
-20
-21
-22
-27
-31
-38
-45
-49
-52
-55
-57
-58
-59
-57
-54
-47
-39
-28
-21
-13
-2
5
13
19
22
24
23
23
21
17
14
9
3
-7
-12
-15
-16
-14
-11
-9
-5
1
6
11
20
26
35
43
48
51
54
54
53
51
46
41
34
26
21
17
11
10
4
-3
-4
-4
-5
-4
-2
-2
1
3
2
5
4
3
2
-2
-2
-7
-13
-18
-24
-28
-32
-37
-37
-38
-38
-32
-30
-25
-15
-6
3
12
22
30
34
36
37
35
31
29
23
18
13
3
-4
-11
-19
-24
-29
-29
-30
-29
-24
-19
-16
-9
-4
0
9
16
19
22
21
18
15
11
5
3
-3
-12
-18
-22
-25
-23
-24
-24
-20
-20
-17
-12
-7
-4
-2
2
3
4
3
1
-2
-6
-9
-14
-21
-29
-34
-35
-39
-40
-38
-38
-32
-27
-22
-12
-1
7
19
28
36
44
49
52
52
49
45
40
35
31
24
17
11
3
-2
-7
-9
-5
-5
-7
-4
-2
0
4
4
8
14
14
14
13
7
0
-3
-11
-16
-22
-32
-37
-40
-43
-47
-48
-48
-48
-45
-42
-36
-33
-26
-18
-15
-12
-9
-9
-8
-7
-8
-9
-15
-20
-27
-33
-34
-34
-36
-36
-37
-33
-26
-21
-15
-7
1
10
21
32
39
45
49
52
55
53
54
50
43
42
37
35
33
29
23
21
22
26
26
25
24
25
28
32
33
37
38
39
40
34
30
26
17
11
2
-5
-12
-15
-16
-21
-25
-27
-28
-28
-30
-31
-30
-24
-20
-15
-11
-14
-13
-12
-12
-10
-13
-14
-18
-21
-21
-25
-28
-29
-30
-28
-26
-21
-22
-21
-18
-16
-11
-7
-1
1
5
10
10
12
14
13
11
7
5
2
0
3
4
5
6
9
10
11
13
14
14
16
17
16
21
25
27
29
30
29
27
21
17
13
9
7
5
5
6
3
0
-1
-2
-2
-3
-5
-7
-5
-3
-3
-1
2
0
-4
-4
-7
-9
-12
-13
-13
-15
-11
-10
-7
-5
-3
0
2
4
5
4
5
7
8
9
11
9
8
9
7
3
1
-1
-7
-9
-8
-7
-8
-11
-10
-10
-13
-12
-10
-9
-6
-4
-4
-5
-5
-2
-2
1
4
4
5
5
3
4
1
-1
3
3
3
4
5
6
4
4
4
2
1
0
-2
-3
-4
-5
-7
-8
-11
-12
-13
-13
-13
-14
-17
-16
-15
-15
-10
-9
-6
1
6
9
11
11
10
6
5
6
6
6
9
8
10
9
8
5
0
-4
-10
-12
-11
-12
-13
-11
-10
-11
-9
-10
-14
-12
-13
-15
-16
-15
-11
-6
-2
1
4
7
8
8
8
6
5
8
13
19
22
20
21
22
20
17
13
11
8
7
8
8
8
7
3
-2
-5
-8
-14
-19
-18
-18
-18
-15
-14
-11
-10
-9
-9
-7
-8
-11
-14
-14
-11
-8
-5
0
4
5
7
7
5
3
2
0
3
5
7
12
16
16
15
14
9
7
7
7
7
7
7
9
14
15
13
11
10
5
2
1
0
0
3
6
9
12
12
12
10
6
4
2
1
1
1
6
7
7
8
5
1
-4
-6
-10
-12
-12
-10
-7
-8
-5
-3
-4
-5
-7
-10
-10
-11
-12
-11
-10
-11
-9
-8
-10
-12
-12
-11
-11
-14
-13
-12
-13
-10
-8
-5
-1
0
3
4
6
7
9
11
15
18
18
20
24
24
26
22
19
17
13
10
8
8
8
10
8
6
5
4
3
-1
-5
-7
-6
-5
-11
-13
-14
-17
-18
-18
-18
-18
-18
-16
-17
-19
-20
-19
-18
-16
-14
-11
-7
0
3
4
7
8
5
1
0
-2
0
4
6
8
9
8
7
3
-1
-8
-12
-13
-11
-10
-6
2
9
15
18
19
19
18
16
14
14
20
25
30
38
41
42
40
32
24
17
7
5
8
9
15
23
25
25
22
14
4
-8
-16
-22
-23
-21
-15
-9
-6
-2
-5
-10
-20
-31
-40
-45
-45
-43
-37
-27
-19
-12
-10
-12
-22
-32
-40
-45
-44
-38
-27
-13
-2
9
14
12
8
-5
-16
-21
-23
-18
-10
2
16
25
29
29
22
10
0
-7
-11
-9
3
15
26
39
46
46
41
31
22
13
11
14
21
32
43
53
60
59
50
39
25
14
5
5
9
16
26
31
32
28
20
8
-6
-19
-29
-33
-31
-25
-17
-11
-6
-4
-11
-23
-31
-41
-48
-49
-44
-38
-28
-17
-7
-6
-11
-15
-23
-36
-45
-45
-43
-35
-24
-15
-6
-4
-4
-8
-15
-24
-31
-32
-29
-20
-9
1
12
16
13
10
2
-7
-13
-16
-10
-4
8
19
27
34
34
29
19
9
2
-3
-2
5
13
25
36
40
42
33
22
13
3
-2
-1
3
13
25
33
36
37
29
20
11
-1
-5
-6
1
11
19
25
30
28
23
12
-4
-17
-25
-25
-24
-15
-6
2
9
10
6
-2
-12
-21
-29
-29
-23
-12
3
14
19
22
19
11
0
-13
-20
-24
-24
-20
-12
-1
6
9
5
-3
-12
-23
-31
-34
-32
-25
-15
-2
8
14
19
15
9
0
-6
-8
-12
-8
-1
9
16
19
21
16
10
4
-8
-14
-14
-12
-7
0
6
14
19
19
17
10
1
-8
-14
-16
-13
-10
-6
1
8
10
7
0
-8
-16
-24
-27
-27
-24
-17
-8
3
8
11
10
4
-5
-12
-17
-23
-24
-20
-13
-2
5
9
12
7
-1
-8
-16
-22
-26
-27
-18
-4
12
24
31
31
26
16
6
-5
-11
-12
-8
2
16
27
36
38
36
28
11
-6
-17
-21
-17
-4
11
27
40
48
48
37
20
4
-12
-24
-27
-20
-8
9
22
32
35
24
9
-10
-27
-40
-46
-40
-26
-6
14
29
38
36
27
12
-6
-22
-30
-28
-18
-5
13
27
34
33
23
6
-15
-31
-39
-39
-33
-17
2
18
33
39
33
23
3
-14
-25
-31
-26
-12
6
24
38
45
42
29
12
-7
-21
-25
-22
-9
6
23
36
45
42
29
12
-7
-24
-35
-35
-27
-13
1
13
21
17
4
-11
-26
-41
-47
-44
-34
-18
1
20
31
35
28
15
0
-15
-24
-25
-19
-4
12
22
28
22
12
-2
-19
-33
-41
-40
-31
-16
1
15
23
25
22
14
5
-5
-12
-8
1
15
30
38
41
36
26
8
-13
-29
-39
-43
-38
-29
-16
-1
10
13
9
-2
-16
-27
-34
-33
-24
-14
1
17
24
24
11
-5
-20
-39
-52
-53
-49
-36
-21
-10
0
1
-4
-12
-24
-34
-41
-42
-34
-22
-7
7
17
16
12
2
-12
-23
-35
-40
-36
-29
-15
-3
7
11
10
8
-2
-9
-17
-20
-13
-4
10
25
37
44
47
43
33
27
20
15
16
22
31
40
47
54
57
57
52
47
43
41
40
40
42
46
49
49
44
39
27
12
0
-15
-25
-33
-40
-44
-45
-46
-49
-51
-56
-60
-61
-65
-64
-57
-57
-54
-45
-40
-34
-28
-27
-25
-20
-17
-13
-8
-7
-4
-3
-6
-7
-8
-7
-4
0
3
8
8
8
8
6
5
5
4
9
13
20
24
27
31
35
33
28
20
10
0
-11
-28
-44
-67
-94
-121
-145
-168
-189
-206
-224
-237
-243
-241
-230
-209
-180
-151
-122
-96
-73
-53
-37
-26
-15
-7
1
11
21
32
35
37
35
26
16
4
-9
-15
-15
-10
-7
-5
-3
0
-3
-7
-14
-24
-26
-24
-18
-6
10
25
39
54
65
75
80
84
92
98
100
96
86
74
63
47
23
0
-25
-48
-67
-82
-96
-107
-115
-122
-126
-124
-117
-107
-85
-61
-38
-14
8
32
53
77
102
126
150
168
185
196
201
210
215
220
223
224
227
231
239
247
258
269
281
294
305
312
314
312
306
293
276
251
220
182
139
88
33
-29
-93
-157
-222
-287
-345
-404
-461
-508
-547
-576
-587
-584
-570
-549
-523
-492
-456
-416
-372
-316
-261
-203
-140
-72
-2
60
124
186
249
306
370
442
512
587
659
734
816
899
986
1073
1147
1184
1178
1112
982
805
600
392
198
23
-139
-298
-463
-627
-777
-901
-980
-1004
-968
-883
-762
-626
-492
-369
-263
-168
-79
-2
66
117
139
127
78
-5
-114
-241
-363
-471
-568
-655
-729
-796
-853
-882
-873
-823
-722
-578
-393
-179
49
287
529
768
1001
1228
1446
1649
1831
1980
2082
2103
2029
1848
1561
1202
804
401
12
-348
-675
-967
-1228
-1451
-1614
-1699
-1701
-1601
-1412
-1159
-864
-555
-252
31
295
545
783
1004
1194
1329
1382
1329
1150
860
484
64
-358
-745
-1076
-1349
-1571
-1755
-1900
-1997
-2029
-1975
-1823
-1579
-1270
-920
-570
-244
48
307
547
776
992
1186
1348
1456
1499
1475
1405
1320
1253
1227
1252
1303
1321
1247
1047
735
358
-14
-315
-511
-605
-639
-654
-688
-754
-839
-901
-885
-765
-548
-269
8
224
355
408
417
420
451
524
623
714
745
674
482
182
-180
-548
-866
-1107
-1263
-1361
-1428
-1493
-1562
-1622
-1640
-1582
-1432
-1198
-908
-612
-345
-129
28
154
273
406
559
719
865
969
1015
1011
977
947
959
1037
1189
1387
1577
1678
1628
1419
1086
707
365
115
-37
-125
-197
-307
-479
-699
-918
-1067
-1092
-982
-764
-501
-266
-107
-18
33
90
185
338
535
732
876
920
839
641
354
29
-285
-559
-795
-1000
-1195
-1387
-1575
-1743
-1852
-1875
-1789
-1601
-1340
-1049
-770
-526
-318
-134
46
236
439
645
827
970
1065
1104
1104
1086
1077
1098
1165
1281
1428
1553
1591
1497
1263
937
586
272
35
-132
-262
-392
-558
-761
-974
-1154
-1242
-1199
-1043
-818
-585
-402
-289
-226
-181
-114
2
159
339
504
605
615
522
328
70
-219
-504
-768
-1013
-1235
-1435
-1613
-1761
-1863
-1895
-1851
-1721
-1523
-1287
-1041
-802
-579
-363
-155
50
253
449
622
760
861
921
946
945
937
935
957
1023
1140
1283
1400
1427
1311
1058
716
350
24
-227
-415
-577
-742
-934
-1149
-1367
-1540
-1615
-1572
-1428
-1226
-1030
-878
-777
-701
-615
-500
-342
-161
22
174
248
227
104
-111
-375
-658
-938
-1201
-1446
-1674
-1881
-2062
-2205
-2286
-2294
-2216
-2045
-1817
-1558
-1290
-1029
-780
-531
-293
-64
161
379
572
748
891
1001
1088
1151
1206
1262
1333
1449
1618
1808
1961
1997
1883
1644
1335
1035
790
612
482
361
221
56
-134
-306
-413
-413
-291
-82
152
346
475
556
624
711
834
996
1178
1355
1477
1505
1429
1246
991
709
431
166
-81
-311
-527
-723
-895
-1025
-1085
-1060
-948
-765
-543
-313
-84
130
339
547
752
959
1156
1333
1484
1601
1684
1738
1778
1808
1829
1859
1917
2021
2162
2278
2287
2140
1844
1464
1082
765
518
327
157
-29
-241
-473
-701
-862
-904
-807
-599
-352
-138
6
95
154
235
359
520
708
891
1024
1068
998
824
575
301
36
-211
-437
-643
-837
-1013
-1161
-1263
-1297
-1246
-1109
-902
-663
-423
-195
18
214
410
607
798
981
1147
1279
1375
1442
1489
1525
1548
1563
1576
1614
1705
1836
1961
1998
1883
1618
1266
908
601
361
166
-17
-215
-440
-680
-907
-1070
-1116
-1027
-835
-613
-432
-322
-266
-228
-168
-58
97
281
459
586
619
536
342
70
-234
-530
-802
-1052
-1282
-1495
-1695
-1870
-2001
-2061
-2031
-1915
-1736
-1527
-1317
-1117
-928
-743
-553
-347
-131
90
298
466
588
667
703
729
753
778
824
909
1043
1204
1320
1310
1141
841
479
140
-131
-337
-509
-681
-871
-1086
-1307
-1491
-1589
-1558
-1406
-1188
-970
-803
-701
-638
-565
-452
-285
-79
136
315
413
395
256
22
-258
-538
-797
-1035
-1250
-1448
-1637
-1811
-1953
-2042
-2049
-1959
-1793
-1577
-1348
-1127
-913
-702
-481
-253
-18
220
446
648
807
913
982
1031
1075
1122
1179
1262
1384
1536
1676
1717
1597
1327
968
605
305
79
-101
-277
-468
-684
-914
-1125
-1264
-1284
-1171
-960
-729
-539
-413
-343
-282
-191
-55
122
317
492
601
607
499
289
18
-264
-527
-761
-972
-1168
-1354
-1526
-1665
-1750
-1761
-1687
-1533
-1323
-1092
-866
-649
-442
-238
-31
180
390
596
781
936
1059
1141
1185
1206
1205
1205
1241
1334
1492
1661
1740
1654
1399
1033
650
331
101
-64
-207
-373
-579
-817
-1059
-1237
-1291
-1204
-1004
-764
-559
-427
-357
-306
-235
-117
55
253
440
569
599
513
321
65
-215
-473
-694
-889
-1071
-1254
-1431
-1585
-1687
-1710
-1641
-1492
-1294
-1077
-861
-659
-467
-274
-72
144
372
602
819
1012
1162
1271
1343
1376
1385
1402
1447
1548
1704
1845
1877
1738
1438
1047
662
350
114
-72
-254
-458
-683
-923
-1132
-1250
-1241
-1104
-888
-666
-500
-406
-341
-271
-168
-13
181
381
541
620
599
471
253
-17
-295
-551
-776
-972
-1152
-1327
-1483
-1599
-1656
-1636
-1544
-1394
-1212
-1014
-816
-619
-412
-195
34
268
495
703
885
1031
1145
1228
1281
1312
1333
1362
1426
1543
1692
1803
1795
1617
1303
935
592
322
125
-37
-201
-390
-607
-832
-1021
-1122
-1105
-971
-779
-597
-465
-387
-328
-248
-124
46
237
415
539
584
530
378
157
-95
-344
-563
-751
-922
-1085
-1247
-1396
-1514
-1575
-1564
-1480
-1336
-1156
-962
-768
-580
-387
-179
46
286
520
744
936
1093
1218
1311
1378
1426
1470
1537
1639
1770
1876
1882
1741
1456
1088
713
397
162
-23
-198
-395
-620
-857
-1067
-1197
-1212
-1111
-934
-737
-572
-457
-373
-282
-160
0
188
375
521
588
564
450
259
19
-230
-458
-656
-831
-990
-1149
-1303
-1439
-1529
-1548
-1489
-1365
-1196
-997
-788
-581
-384
-182
41
283
539
786
1004
1183
1324
1431
1511
1565
1605
1660
1747
1865
1958
1937
1766
1454
1061
673
344
92
-104
-279
-463
-677
-909
-1121
-1258
-1269
-1158
-968
-766
-596
-464
-356
-238
-98
66
248
425
564
631
604
479
279
42
-201
-430
-632
-816
-984
-1138
-1284
-1414
-1507
-1536
-1486
-1365
-1192
-992
-788
-582
-370
-152
78
323
581
845
1090
1292
1443
1543
1603
1645
1683
1739
1824
1915
1956
1881
1662
1320
926
557
253
23
-164
-346
-544
-768
-997
-1181
-1272
-1249
-1123
-946
-767
-621
-505
-397
-271
-118
66
262
439
566
619
584
465
277
51
-175
-384
-582
-766
-946
-1124
-1290
-1433
-1532
-1564
-1524
-1418
-1267
-1095
-916
-732
-537
-318
-74
192
480
773
1046
1279
1455
1577
1659
1720
1791
1884
1986
2054
2033
1884
1603
1241
865
528
247
19
-190
-409
-653
-909
-1133
-1284
-1328
-1262
-1120
-946
-783
-642
-519
-393
-243
-64
134
320
476
573
597
545
417
236
33
-171
-359
-538
-719
-902
-1085
-1252
-1387
-1471
-1490
-1443
-1334
-1192
-1033
-873
-710
-531
-320
-74
202
494
787
1056
1284
1462
1592
1693
1793
1912
2038
2129
2126
1996
1742
1409
1052
720
429
172
-72
-328
-606
-900
-1165
-1357
-1446
-1431
-1339
-1210
-1075
-945
-815
-669
-497
-288
-52
182
390
541
625
629
565
456
312
151
-21
-204
-399
-606
-810
-1005
-1172
-1300
-1375
-1391
-1355
-1284
-1179
-1053
-905
-727
-505
-237
76
409
732
1028
1281
1489
1664
1823
1976
2131
2271
2349
2315
2147
1861
1505
1129
773
448
133
-183
-512
-848
-1164
-1427
-1602
-1673
-1653
-1572
-1465
-1350
-1229
-1083
-892
-660
-396
-119
140
360
514
592
592
526
423
302
168
17
-156
-351
-563
-779
-980
-1150
-1279
-1358
-1379
-1351
-1282
-1177
-1038
-855
-628
-356
-38
308
658
994
1294
1546
1764
1962
2151
2331
2477
2553
2521
2361
2090
1740
1354
978
632
304
-25
-374
-737
-1085
-1383
-1592
-1707
-1729
-1678
-1586
-1469
-1340
-1184
-993
-764
-503
-233
23
241
396
492
526
503
440
346
230
93
-70
-258
-468
-691
-914
-1110
-1266
-1369
-1420
-1423
-1384
-1312
-1201
-1051
-851
-599
-293
54
419
775
1108
1412
1684
1933
2172
2392
2561
2638
2593
2425
2166
1849
1507
1163
813
464
108
-265
-645
-1008
-1320
-1545
-1668
-1702
-1670
-1600
-1504
-1373
-1204
-1005
-775
-527
-278
-42
158
307
403
444
444
412
347
239
91
-88
-286
-494
-700
-895
-1064
-1187
-1265
-1295
-1293
-1271
-1223
-1138
-1000
-797
-537
-224
127
492
851
1180
1476
1748
2000
2234
2433
2562
2594
2513
2334
2083
1786
1465
1129
776
400
-1
-417
-816
-1166
-1432
-1601
-1683
-1699
-1669
-1604
-1507
-1376
-1201
-985
-736
-472
-208
30
225
372
467
501
485
421
313
169
-6
-197
-396
-597
-784
-943
-1077
-1177
-1241
-1274
-1278
-1248
-1169
-1032
-830
-563
-242
116
481
830
1153
1449
1720
1973
2208
2400
2516
2527
2434
2253
2012
1736
1434
1111
755
366
-48
-463
-841
-1156
-1381
-1519
-1589
-1608
-1598
-1556
-1476
-1352
-1177
-963
-719
-460
-208
12
190
318
395
422
405
345
248
120
-33
-204
-388
-572
-749
-911
-1040
-1136
-1201
-1237
-1245
-1212
-1123
-969
-743
-454
-122
232
585
921
1229
1517
1794
2054
2284
2452
2526
2503
2386
2189
1940
1651
1334
996
636
253
-139
-521
-867
-1147
-1346
-1466
-1532
-1558
-1546
-1497
-1401
-1260
-1069
-843
-599
-360
-148
33
177
274
331
350
328
262
161
36
-104
-257
-417
-581
-740
-886
-1016
-1124
-1204
-1247
-1240
-1176
-1051
-866
-623
-333
-7
331
670
998
1316
1628
1925
2190
2394
2513
2530
2452
2300
2088
1838
1548
1220
854
458
46
-358
-722
-1029
-1263
-1426
-1529
-1595
-1623
-1601
-1527
-1389
-1196
-964
-711
-459
-228
-20
145
268
350
391
399
360
280
158
5
-167
-355
-542
-719
-881
-1026
-1147
-1239
-1300
-1320
-1292
-1205
-1048
-824
-549
-237
94
426
761
1088
1413
1731
2025
2259
2406
2450
2392
2256
2069
1848
1598
1309
976
598
188
-230
-618
-946
-1201
-1381
-1502
-1573
-1600
-1578
-1503
-1373
-1194
-977
-739
-500
-274
-72
103
250
365
447
482
472
408
293
140
-47
-246
-445
-635
-804
-950
-1068
-1156
-1207
-1215
-1181
-1099
-963
-765
-518
-227
89
423
767
1111
1443
1747
1995
2164
2245
2232
2148
2006
1826
1621
1389
1128
825
479
106
-273
-623
-918
-1154
-1324
-1437
-1496
-1504
-1456
-1358
-1218
-1044
-852
-657
-469
-294
-131
19
159
289
385
442
438
380
278
137
-29
-209
-393
-565
-721
-853
-963
-1049
-1098
-1105
-1064
-970
-828
-635
-395
-125
177
498
834
1177
1510
1808
2039
2173
2211
2156
2032
1867
1676
1464
1224
947
628
277
-87
-434
-736
-986
-1179
-1324
-1419
-1465
-1459
-1399
-1290
-1144
-974
-794
-620
-461
-312
-172
-33
99
215
292
319
297
233
131
6
-134
-283
-433
-578
-711
-827
-916
-969
-985
-962
-899
-793
-629
-418
-171
104
397
701
1015
1336
1636
1887
2060
2140
2127
2040
1902
1729
1533
1313
1058
759
421
58
-299
-620
-886
-1093
-1247
-1356
-1420
-1434
-1398
-1316
-1193
-1044
-876
-702
-541
-388
-236
-85
57
184
279
328
327
280
201
91
-45
-194
-349
-504
-646
-765
-856
-908
-921
-902
-850
-762
-630
-448
-222
35
317
624
940
1260
1555
1798
1965
2037
2025
1951
1826
1672
1493
1283
1038
750
426
83
-252
-554
-809
-1015
-1177
-1304
-1383
-1409
-1381
-1296
-1171
-1014
-836
-664
-505
-359
-219
-75
60
169
246
284
279
242
173
75
-43
-184
-332
-478
-619
-734
-823
-878
-894
-871
-804
-690
-533
-339
-115
127
394
682
980
1281
1555
1767
1891
1926
1883
1790
1664
1516
1341
1127
868
566
235
-92
-390
-639
-838
-993
-1122
-1222
-1284
-1305
-1277
-1206
-1100
-966
-824
-686
-546
-402
-253
-106
25
127
189
217
214
185
129
53
-46
-162
-292
-424
-542
-640
-708
-746
-754
-728
-660
-554
-408
-224
-17
218
476
753
1043
1318
1546
1697
1757
1744
1683
1586
1465
1317
1137
910
634
324
3
-296
-550
-754
-914
-1044
-1150
-1226
-1259
-1244
-1186
-1088
-968
-840
-711
-583
-451
-314
-171
-40
68
145
192
209
198
170
121
45
-53
-167
-289
-406
-505
-578
-625
-643
-621
-558
-457
-322
-164
19
225
448
697
958
1217
1442
1601
1675
1670
1611
1522
1411
1280
1115
902
638
339
32
-253
-496
-698
-858
-989
-1105
-1194
-1247
-1260
-1222
-1147
-1039
-912
-786
-654
-510
-354
-198
-57
60
141
185
201
195
173
128
60
-28
-135
-247
-356
-446
-509
-544
-545
-515
-456
-361
-230
-71
111
311
529
764
1014
1257
1456
1581
1626
1608
1542
1447
1336
1201
1035
825
567
273
-33
-317
-559
-755
-913
-1049
-1159
-1235
-1272
-1266
-1219
-1144
-1045
-932
-810
-673
-524
-363
-197
-51
73
168
225
259
273
260
220
148
44
-73
-195
-313
-413
-481
-524
-534
-504
-434
-331
-201
-44
140
348
581
835
1091
1320
1497
1597
1619
1581
1508
1420
1316
1179
991
744
452
139
-159
-422
-642
-822
-975
-1103
-1210
-1280
-1310
-1296
-1239
-1156
-1059
-952
-828
-682
-517
-336
-166
-22
93
171
222
255
267
258
217
144
46
-64
-171
-259
-332
-380
-403
-400
-370
-315
-231
-115
35
218
431
669
916
1143
1320
1428
1465
1453
1415
1360
1282
1169
1012
803
547
266
-18
-278
-497
-683
-848
-995
-1121
-1213
-1258
-1255
-1211
-1141
-1062
-971
-862
-731
-578
-411
-244
-95
26
117
182
228
253
260
236
176
88
-19
-129
-223
-297
-342
-356
-344
-307
-243
-161
-56
76
238
437
658
885
1094
1252
1345
1375
1357
1316
1261
1190
1087
935
732
484
216
-47
-281
-482
-659
-812
-952
-1075
-1165
-1221
-1236
-1210
-1158
-1089
-1003
-897
-770
-614
-441
-273
-124
-8
82
151
203
241
260
250
211
137
41
-63
-156
-221
-257
-269
-257
-224
-171
-93
15
154
323
521
740
962
1154
1289
1355
1362
1333
1280
1211
1125
1004
843
639
400
137
-119
-349
-549
-718
-866
-1001
-1111
-1192
-1238
-1237
-1204
-1149
-1077
-991
-880
-745
-594
-433
-280
-144
-33
50
114
165
204
224
216
170
92
1
-87
-157
-198
-217
-207
-179
-137
-75
8
114
246
405
592
793
992
1158
1269
1314
1305
1264
1207
1137
1041
907
730
512
266
18
-215
-412
-578
-718
-840
-960
-1066
-1144
-1189
-1195
-1171
-1118
-1044
-949
-827
-683
-527
-371
-226
-105
-16
58
111
152
185
196
183
143
81
9
-66
-124
-162
-180
-177
-157
-112
-43
51
173
323
501
697
899
1074
1192
1248
1245
1205
1156
1101
1035
938
799
612
383
136
-105
-312
-481
-617
-730
-841
-941
-1021
-1070
-1086
-1075
-1044
-994
-925
-832
-711
-572
-423
-279
-149
-45
33
96
144
174
179
157
111
41
-28
-92
-137
-161
-165
-149
-130
-101
-55
6
99
229
391
579
776
961
1096
1168
1177
1141
1088
1031
968
886
769
607
412
197
-18
-210
-371
-506
-625
-743
-855
-956
-1027
-1059
-1063
-1036
-986
-917
-820
-708
-583
-446
-312
-189
-83
3
74
139
190
217
218
187
133
71
10
-38
-69
-76
-67
-49
-24
11
60
134
241
377
537
705
866
992
1063
1075
1050
1003
951
890
811
700
548
363
161
-44
-227
-382
-510
-625
-741
-852
-957
-1032
-1068
-1074
-1047
-992
-914
-816
-704
-575
-433
-294
-166
-57
32
106
166
211
238
234
205
155
87
20
-30
-60
-67
-55
-37
-12
23
76
157
266
403
556
716
860
963
1018
1028
1008
972
922
849
749
617
449
257
52
-144
-317
-459
-578
-684
-790
-889
-972
-1035
-1066
-1064
-1033
-972
-886
-775
-643
-501
-357
-217
-90
20
108
176
230
264
278
268
240
198
145
101
68
47
42
40
45
57
81
126
197
295
420
562
701
822
910
951
955
933
891
836
762
664
536
379
201
12
-171
-340
-489
-627
-755
-879
-1000
-1094
-1160
-1187
-1174
-1131
-1052
-946
-817
-672
-517
-362
-212
-77
39
134
211
272
316
346
353
344
325
293
264
240
229
225
229
241
255
284
330
394
476
570
665
744
792
809
798
769
722
666
595
503
390
253
99
-60
-222
-375
-519
-650
-771
-881
-976
-1055
-1111
-1132
-1119
-1079
-1010
-915
-801
-669
-524
-372
-229
-96
17
108
176
223
255
279
293
302
302
300
296
295
298
301
312
330
358
403
461
535
621
711
795
859
890
889
858
802
726
635
529
410
275
125
-31
-190
-348
-501
-653
-795
-922
-1028
-1104
-1146
-1156
-1132
-1078
-1002
-904
-790
-665
-530
-396
-259
-127
-9
97
183
252
299
324
330
319
297
272
249
232
227
232
250
277
312
359
420
491
568
645
721
784
832
863
868
847
798
723
622
497
354
199
34
-138
-308
-466
-613
-743
-857
-956
-1037
-1098
-1133
-1138
-1107
-1043
-955
-841
-709
-569
-424
-286
-154
-32
79
171
245
303
342
365
374
372
357
330
306
286
276
278
291
315
346
386
434
488
552
615
669
710
727
721
691
645
582
500
399
276
138
-10
-159
-308
-452
-577
-687
-781
-856
-913
-952
-971
-967
-937
-887
-811
-714
-599
-467
-330
-199
-74
31
121
196
249
288
315
331
338
336
330
321
309
295
284
275
275
285
303
332
372
416
458
497
531
553
557
541
505
445
371
288
196
96
-8
-113
-222
-331
-436
-539
-633
-709
-768
-799
-809
-796
-762
-711
-646
-571
-488
-397
-304
-210
-112
-17
69
147
214
263
294
312
318
311
292
272
249
233
227
226
237
254
277
304
337
368
396
420
432
439
443
438
425
400
361
307
233
145
44
-62
-166
-261
-348
-426
-498
-558
-604
-640
-658
-660
-650
-625
-586
-534
-469
-393
-311
-227
-145
-68
-1
59
109
146
177
193
202
207
206
208
213
217
224
228
233
241
248
265
290
318
349
379
402
418
421
416
399
371
333
281
220
151
77
-1
-82
-160
-237
-312
-379
-439
-490
-529
-554
-563
-556
-532
-491
-437
-375
-312
-251
-191
-133
-77
-24
24
70
105
133
157
170
176
173
161
146
135
130
129
130
139
153
171
192
211
228
245
261
269
277
279
275
263
249
231
208
177
137
85
28
-32
-98
-164
-224
-275
-315
-345
-365
-377
-385
-386
-381
-368
-345
-314
-271
-223
-171
-114
-54
2
53
98
130
152
162
164
163
159
157
153
154
153
149
145
134
124
112
99
85
77
76
82
93
107
121
129
127
117
99
76
55
32
11
-8
-24
-40
-58
-78
-103
-127
-148
-169
-190
-206
-212
-212
-208
-195
-177
-159
-140
-119
-100
-83
-67
-48
-25
2
27
47
67
80
91
97
98
99
98
97
99
101
103
106
109
108
105
101
95
89
85
79
73
68
60
50
39
26
12
-5
-19
-38
-53
-63
-73
-77
-82
-85
-87
-90
-96
-98
-98
-93
-89
-82
-75
-66
-57
-50
-45
-41
-38
-37
-32
-28
-21
-10
0
11
22
28
34
38
39
42
47
51
61
71
80
89
95
96
91
83
71
57
42
29
15
3
-5
-11
-18
-25
-31
-40
-46
-52
-57
-57
-54
-49
-39
-29
-16
-5
1
6
5
1
-1
-9
-14
-18
-22
-23
-24
-21
-23
-24
-25
-32
-33
-34
-30
-21
-10
2
15
28
41
51
62
71
74
75
70
62
55
50
43
36
31
22
12
2
-10
-18
-27
-35
-40
-40
-38
-34
-28
-21
-12
-6
-2
3
4
5
6
6
8
10
11
13
9
6
1
-8
-19
-31
-43
-51
-56
-60
-61
-59
-55
-46
-35
-24
-11
-3
4
16
27
42
57
71
84
92
100
102
100
96
84
71
58
44
29
14
-1
-9
-16
-22
-32
-40
-47
-56
-59
-60
-60
-57
-51
-42
-35
-27
-20
-17
-14
-16
-18
-22
-25
-28
-32
-34
-36
-39
-43
-47
-54
-58
-62
-62
-58
-52
-42
-29
-16
-4
9
26
44
61
76
88
101
112
120
130
132
131
127
118
105
88
70
51
29
13
-5
-24
-42
-57
-68
-76
-86
-91
-95
-93
-91
-90
-85
-78
-69
-55
-42
-34
-24
-16
-10
-6
-3
-1
-5
-8
-10
-15
-18
-19
-21
-19
-18
-18
-19
-18
-17
-11
-4
8
25
40
55
68
82
90
98
103
104
104
101
95
88
82
77
67
55
44
31
15
-3
-20
-37
-54
-64
-72
-76
-81
-81
-80
-78
-71
-68
-65
-60
-57
-49
-36
-27
-18
-5
6
12
15
12
7
3
-3
-8
-12
-15
-16
-17
-14
-11
-10
-7
-6
-3
2
7
17
25
35
48
60
70
77
81
81
78
70
65
58
49
41
34
25
14
2
-13
-28
-44
-57
-69
-77
-78
-74
-68
-58
-47
-39
-31
-22
-16
-12
-4
3
8
17
25
32
37
35
28
18
4
-6
-19
-29
-33
-35
-34
-29
-25
-23
-18
-19
-24
-24
-20
-20
-12
0
16
30
44
55
59
59
54
46
36
27
20
13
12
11
10
8
0
-9
-20
-29
-37
-45
-48
-42
-31
-21
-4
5
13
22
21
22
21
20
22
22
28
34
33
31
24
13
-1
-16
-31
-46
-57
-63
-64
-60
-58
-53
-49
-49
-48
-48
-46
-38
-28
-18
-4
11
26
34
39
40
38
32
23
17
13
11
12
15
13
16
16
11
6
0
-2
-3
-2
2
11
22
29
32
32
28
25
23
20
14
14
15
14
14
14
12
9
1
-12
-22
-31
-38
-39
-37
-34
-30
-31
-32
-34
-36
-36
-34
-33
-29
-19
-13
-5
3
5
5
4
-1
-2
-4
-4
2
8
12
19
23
25
25
27
25
25
26
28
34
42
49
56
59
57
57
48
38
31
22
17
12
9
8
7
5
1
-6
-17
-26
-33
-38
-38
-38
-32
-26
-20
-12
-14
-13
-18
-24
-25
-28
-30
-28
-22
-19
-16
-13
-17
-17
-22
-27
-26
-27
-23
-16
-6
3
12
23
30
38
44
49
57
60
61
64
61
60
60
56
54
51
44
37
35
28
18
14
6
-4
-8
-15
-19
-22
-23
-25
-23
-22
-22
-22
-26
-32
-35
-37
-37
-36
-31
-24
-18
-15
-12
-12
-17
-22
-28
-34
-36
-36
-30
-20
-6
6
17
21
18
11
3
-2
-4
2
9
25
38
49
58
58
54
45
33
18
8
6
4
12
22
30
40
40
33
22
2
-16
-29
-36
-37
-31
-19
-4
6
10
6
-6
-23
-41
-59
-64
-62
-56
-39
-21
-3
5
7
2
-12
-25
-39
-44
-40
-29
-9
7
22
32
33
27
13
-2
-20
-31
-36
-35
-20
-6
12
25
28
25
14
-1
-12
-21
-19
-9
5
24
41
55
60
56
44
24
6
-10
-20
-22
-20
-11
-1
3
-2
-11
-23
-44
-62
-74
-79
-73
-60
-43
-27
-11
-1
0
-6
-15
-21
-30
-34
-29
-21
-10
2
11
14
6
-2
-19
-36
-44
-45
-43
-31
-15
-1
13
22
22
19
13
6
5
5
12
23
37
51
59
63
55
42
28
13
-1
-11
-15
-14
-10
-5
-3
-6
-13
-21
-37
-51
-59
-64
-58
-46
-32
-16
-3
8
12
11
3
-4
-7
-9
-5
3
15
28
34
35
30
21
9
-4
-11
-16
-16
-6
4
14
25
32
35
32
30
28
23
25
28
35
43
49
56
59
55
44
31
18
5
-3
-12
-14
-14
-11
-10
-13
-16
-22
-29
-35
-42
-42
-42
-38
-30
-21
-13
-9
-4
-2
-3
-3
-1
3
8
13
20
24
26
25
24
23
20
18
13
11
12
11
14
12
14
13
10
10
4
4
4
7
10
13
18
18
20
20
21
22
21
19
19
19
17
13
9
1
-9
-19
-30
-37
-44
-49
-49
-49
-45
-41
-37
-34
-34
-33
-30
-27
-23
-14
-4
5
14
21
25
27
24
22
17
15
11
6
8
7
10
13
12
13
5
-2
-8
-15
-18
-19
-13
-5
4
14
21
28
29
26
27
21
18
18
18
18
19
20
16
11
4
-2
-10
-21
-29
-35
-40
-36
-32
-26
-18
-13
-9
-5
0
1
4
5
10
19
24
31
38
40
41
41
37
33
29
24
17
14
11
7
7
5
4
0
-4
-5
-5
-6
-5
-2
1
7
14
17
22
21
23
22
18
15
10
9
6
1
2
-1
-6
-9
-17
-20
-24
-30
-33
-33
-35
-34
-29
-28
-28
-24
-26
-25
-23
-21
-16
-10
-2
6
9
12
13
16
20
19
18
15
14
16
17
17
15
13
10
5
2
-2
-7
-9
-7
-6
-5
-2
2
5
6
6
9
8
8
9
11
13
13
17
19
17
15
10
5
-3
-10
-17
-22
-25
-31
-34
-35
-36
-40
-40
-42
-43
-44
-43
-38
-32
-23
-15
-5
7
14
18
23
27
28
27
25
23
22
20
19
17
10
5
0
-5
-12
-17
-20
-22
-22
-22
-16
-8
-3
7
14
16
20
20
24
28
29
34
33
32
30
24
19
12
2
-9
-21
-28
-34
-40
-43
-40
-38
-40
-37
-35
-35
-27
-21
-11
2
11
22
35
40
48
51
48
44
45
39
35
29
24
20
14
9
0
-6
-12
-20
-26
-26
-25
-18
-8
0
9
17
23
28
33
33
33
32
32
34
32
33
29
24
18
5
-8
-22
-34
-46
-50
-53
-54
-48
-43
-36
-27
-21
-15
-10
-9
-3
4
10
19
31
38
42
47
44
35
26
12
1
-12
-22
-27
-30
-29
-24
-24
-25
-26
-26
-28
-29
-28
-25
-19
-8
3
12
25
34
37
35
30
21
10
1
-6
-11
-12
-14
-16
-19
-20
-25
-36
-45
-53
-56
-57
-52
-47
-34
-19
-9
3
12
12
15
13
7
5
4
1
1
5
4
-2
-5
-11
-18
-25
-33
-36
-39
-38
-34
-29
-20
-12
-4
5
13
15
18
21
20
20
23
25
24
25
26
26
25
20
15
8
0
-5
-10
-13
-13
-14
-11
-11
-11
-9
-8
-9
-11
-6
-5
-3
4
6
9
14
15
16
14
10
8
2
-1
-3
-5
-6
-8
-9
-9
-8
-9
-9
-10
-12
-7
-3
-3
3
9
12
18
19
20
20
18
17
16
15
16
15
16
17
17
12
8
3
0
-5
-8
-8
-6
-4
-2
2
4
2
1
0
-1
-3
-5
-5
-4
-2
2
4
9
10
8
7
4
2
-4
-5
-4
-4
-3
1
4
6
7
6
3
-1
-4
-5
-4
-2
1
4
6
11
12
13
14
12
11
10
7
4
3
5
7
6
2
1
-3
-10
-15
-20
-25
-25
-25
-24
-20
-15
-11
-8
-4
-2
-1
2
3
9
11
14
16
17
20
19
18
14
9
7
3
-3
-7
-9
-11
-11
-10
-10
-7
-6
-5
-3
-3
0
2
5
13
21
23
26
27
27
28
24
21
17
11
11
8
0
-7
-12
-15
-18
-23
-24
-27
-26
-23
-19
-12
-8
-3
6
14
22
29
33
35
37
36
36
34
32
28
22
17
10
0
-10
-20
-26
-31
-35
-35
-35
-34
-29
-23
-16
-9
-5
2
8
13
19
27
31
35
38
37
37
33
26
17
8
-1
-13
-17
-22
-28
-29
-33
-33
-32
-37
-38
-37
-34
-29
-22
-11
-2
8
17
27
32
29
26
26
19
12
10
7
4
1
-2
-7
-13
-20
-28
-34
-42
-44
-43
-42
-35
-26
-17
-8
-2
4
8
9
11
13
13
16
22
24
29
33
30
24
18
11
1
-8
-14
-19
-20
-19
-17
-15
-16
-16
-16
-18
-21
-21
-22
-18
-12
-5
6
14
23
25
26
23
17
9
5
3
4
4
8
9
10
11
6
1
-4
-8
-13
-16
-14
-11
-5
0
5
8
10
13
12
9
5
4
3
4
6
12
16
18
20
19
14
7
-3
-10
-17
-22
-21
-18
-15
-11
-10
-10
-9
-14
-19
-19
-21
-20
-20
-18
-10
-4
2
8
12
12
12
12
7
6
4
8
10
12
15
17
17
16
11
4
-6
-12
-17
-21
-18
-14
-10
-5
-1
1
2
1
-3
-4
-5
-8
-5
0
4
7
12
12
13
9
3
-3
-13
-19
-21
-23
-21
-20
-14
-9
-7
-8
-10
-12
-17
-17
-15
-11
-4
5
15
24
27
26
27
21
19
15
7
5
1
1
4
3
4
3
0
-2
-8
-13
-15
-17
-20
-15
-9
-3
3
9
14
15
13
9
5
1
-1
-1
3
9
11
14
18
16
12
6
1
-5
-10
-13
-12
-7
-4
3
11
15
19
17
14
8
3
2
2
3
11
18
24
28
31
27
22
14
6
-2
-10
-9
-5
-1
7
11
13
16
12
6
2
-3
-6
-5
-3
5
14
19
25
29
26
21
13
3
-6
-10
-11
-9
-5
-1
7
7
7
5
-3
-9
-15
-17
-16
-15
-7
1
10
19
24
24
19
13
3
-5
-8
-10
-7
-5
2
7
7
6
2
-4
-9
-13
-15
-14
-11
-7
2
8
15
20
20
17
12
6
3
-1
-6
-3
1
4
7
9
8
3
-4
-11
-16
-22
-23
-21
-19
-11
-3
0
3
6
6
3
2
3
8
13
17
22
22
26
23
17
14
6
-2
-8
-13
-16
-19
-23
-21
-21
-24
-24
-25
-27
-25
-23
-20
-13
-8
-1
5
8
14
17
14
13
12
9
3
1
0
-1
-2
-3
-5
-12
-18
-22
-21
-23
-25
-23
-20
-15
-10
-8
-7
-4
-5
-5
-6
-5
-4
-5
1
7
10
8
6
6
2
-7
-13
-14
-18
-17
-13
-10
-10
-8
-6
-7
-8
-11
-17
-15
-12
-10
-3
5
9
17
21
21
17
11
6
3
0
-2
0
5
9
8
8
4
-1
-6
-15
-20
-21
-21
-16
-11
-3
3
8
11
8
2
-4
-11
-15
-14
-13
-7
-1
7
12
9
7
2
-7
-13
-18
-21
-21
-16
-5
2
8
13
16
12
4
-2
-9
-15
-16
-14
-8
0
7
13
13
12
5
-4
-13
-20
-24
-23
-19
-12
-3
5
12
17
11
5
0
-10
-14
-17
-17
-9
-3
4
11
12
11
7
1
-3
-7
-11
-14
-13
-5
4
12
18
22
22
21
16
14
9
6
7
13
17
22
27
30
28
25
18
10
4
-3
-5
-2
-1
2
8
10
14
13
8
6
3
-1
-3
-5
-1
3
8
17
22
24
24
21
18
10
4
2
-1
-1
0
1
4
7
6
7
4
0
-4
-9
-8
-9
-7
0
6
14
19
23
27
25
20
14
11
7
5
7
9
12
15
15
12
10
6
-3
-8
-16
-21
-20
-21
-14
-7
-2
4
7
7
2
-1
-7
-10
-11
-12
-8
-2
3
8
11
11
9
1
-7
-14
-20
-25
-21
-16
-10
-5
1
3
1
-2
-8
-14
-17
-16
-15
-9
2
9
20
25
25
21
13
6
0
-7
-10
-8
0
5
10
13
14
11
4
-2
-10
-18
-21
-19
-15
-4
4
9
14
13
11
9
1
-6
-8
-7
-5
-1
6
11
14
14
10
4
-2
-10
-14
-14
-12
-9
-3
2
9
11
9
6
1
-5
-12
-17
-18
-16
-14
-7
-2
0
2
-2
-7
-13
-16
-21
-23
-20
-15
-5
2
7
13
14
11
7
2
-5
-5
-6
-5
-1
3
6
6
5
2
-2
-10
-16
-23
-24
-20
-19
-10
-5
-2
4
3
5
2
-5
-7
-7
-7
-5
-1
4
10
12
12
10
8
1
-5
-8
-13
-12
-12
-11
-4
-1
4
3
3
5
4
-2
-3
-2
2
6
13
21
27
32
30
28
23
14
8
2
-3
-6
-7
-7
-6
-5
-3
-6
-10
-17
-19
-21
-27
-26
-22
-16
-7
0
7
10
13
11
8
6
6
5
5
7
8
11
13
12
10
6
-1
-10
-17
-22
-24
-24
-18
-14
-9
-5
-3
-4
-4
-7
-7
-7
-9
-4
0
5
12
19
24
25
22
17
10
2
-5
-8
-6
-6
-2
3
5
7
6
2
-2
-8
-14
-19
-17
-14
-5
5
14
22
29
30
25
20
15
8
5
7
9
12
20
27
27
22
17
8
-6
-16
-24
-30
-28
-22
-13
-6
-1
4
1
-4
-14
-20
-20
-21
-17
-7
1
12
21
25
25
20
9
-2
-10
-16
-19
-17
-8
0
9
9
6
-1
-13
-23
-33
-39
-39
-33
-23
-9
2
9
12
11
7
-3
-12
-15
-12
-5
5
18
28
32
33
27
16
4
-10
-23
-26
-25
-18
-7
4
14
16
13
6
-3
-14
-20
-20
-12
0
15
31
44
50
50
44
30
16
5
-4
-4
3
8
21
26
30
27
13
-2
-14
-28
-36
-37
-28
-15
0
14
23
23
21
13
1
-8
-12
-11
-3
7
19
30
35
33
28
14
-3
-13
-23
-29
-30
-24
-13
-5
2
2
-2
-10
-20
-31
-37
-37
-29
-17
-4
10
20
22
18
14
4
-9
-16
-20
-17
-10
-1
11
17
17
12
4
-5
-16
-24
-27
-23
-14
-1
11
17
23
23
15
6
-4
-12
-15
-11
-1
9
22
32
34
30
22
10
-2
-15
-19
-16
-8
4
15
24
27
26
18
5
-9
-19
-24
-22
-14
-2
10
20
24
22
18
9
0
-10
-16
-16
-10
-2
10
21
29
31
24
16
4
-9
-17
-19
-15
-9
-2
7
12
13
9
1
-8
-19
-29
-33
-29
-23
-15
-4
6
12
13
7
-1
-8
-13
-19
-18
-11
-2
8
15
21
22
21
13
2
-6
-19
-25
-24
-19
-7
-1
5
9
8
5
-1
-11
-21
-26
-25
-16
-9
-1
9
18
25
25
19
9
-1
-12
-18
-21
-18
-12
-5
7
17
19
17
8
0
-11
-22
-26
-29
-22
-8
8
25
33
37
34
25
13
-1
-12
-17
-17
-10
5
17
25
32
27
19
5
-18
-36
-45
-49
-44
-28
-10
9
22
29
26
15
-1
-18
-32
-38
-32
-19
-1
21
39
48
48
39
22
2
-19
-36
-40
-34
-18
3
20
32
33
25
10
-13
-31
-46
-54
-47
-31
-8
14
27
37
37
23
3
-20
-39
-48
-45
-31
-12
7
24
32
31
24
7
-14
-31
-42
-43
-31
-12
10
30
45
49
39
26
6
-14
-27
-29
-23
-6
12
27
40
43
35
21
1
-17
-34
-40
-35
-25
-6
10
24
29
23
12
-4
-19
-26
-33
-28
-15
-1
16
29
35
34
26
12
-3
-16
-25
-24
-16
-5
6
17
24
21
13
1
-14
-22
-26
-24
-18
-7
3
12
19
19
15
6
-3
-13
-18
-15
-9
1
12
21
23
19
10
0
-9
-13
-15
-12
-4
2
8
13
13
9
4
-3
-10
-17
-17
-13
-6
6
13
15
16
13
6
-3
-13
-15
-15
-14
-4
7
14
18
18
15
3
-5
-12
-21
-20
-13
-5
7
17
18
18
14
4
-5
-11
-15
-16
-11
-2
7
13
17
16
13
8
2
-6
-10
-14
-8
-1
4
13
13
13
10
1
-2
-9
-16
-14
-10
-3
4
8
10
8
6
0
-6
-7
-7
-2
3
8
12
13
13
12
9
7
1
0
3
5
9
10
10
8
5
1
-3
-8
-12
-9
-7
-2
3
7
11
9
5
0
-8
-13
-15
-11
-7
-2
7
13
16
14
8
-3
-12
-20
-26
-24
-18
-7
5
11
12
12
4
-6
-14
-23
-26
-20
-12
0
13
23
28
27
21
12
-1
-11
-14
-12
-5
6
16
23
26
24
16
3
-9
-21
-27
-24
-18
-12
0
10
16
21
19
7
-7
-17
-25
-24
-19
-8
4
15
23
25
20
9
0
-10
-17
-18
-18
-12
-2
6
11
14
11
6
-3
-10
-18
-18
-14
-13
-8
2
8
13
18
15
11
3
-5
-8
-9
-7
-1
6
13
17
20
16
10
4
-4
-7
-9
-10
-5
-3
3
5
6
8
3
1
-4
-8
-5
-7
-9
-6
-3
1
4
6
8
8
3
-1
-3
-6
-8
-9
-10
-7
-3
-3
1
-1
-3
-3
-3
-3
-2
-3
-3
-3
-2
-1
-1
1
3
4
7
8
6
7
8
9
11
7
6
7
7
8
9
10
7
7
5
3
2
-1
-6
-6
-5
-3
-2
-3
-1
2
-1
-1
-2
-7
-8
-7
-9
-7
-6
-1
1
4
7
5
2
2
-2
-4
-7
-10
-10
-8
-5
-4
-6
-9
-11
-16
-20
-26
-30
-28
-27
-24
-19
-17
-15
-13
-12
-12
-16
-19
-18
-17
-18
-16
-12
-8
-3
0
-1
-5
-7
-10
-13
-15
-20
-16
-13
-10
0
-1
-1
-3
-8
-12
-16
-15
-13
-7
0
6
14
15
15
11
8
5
-1
0
0
2
8
11
13
15
14
9
1
-4
-9
-10
-11
-8
1
8
14
17
18
16
11
6
1
-3
-3
0
8
16
23
23
22
19
11
7
-1
-8
-8
-6
-3
3
10
16
15
10
3
-5
-11
-14
-14
-11
-7
1
7
14
20
19
12
3
-4
-12
-12
-10
-7
3
11
16
22
20
15
7
2
-4
-10
-11
-3
7
14
21
25
24
20
14
7
-1
-6
-2
0
7
18
25
30
34
31
23
15
7
2
1
6
12
19
26
32
36
34
24
13
3
-6
-11
-10
-8
0
10
16
19
18
11
3
-4
-13
-18
-16
-14
-6
4
9
13
14
11
7
-2
-10
-16
-19
-19
-14
-10
-7
-4
-1
-3
-5
-11
-21
-28
-29
-28
-24
-16
-8
-4
0
3
3
2
-3
-9
-9
-11
-8
-2
-1
0
2
-1
0
-2
-9
-10
-15
-16
-15
-15
-13
-11
-10
-6
-5
-3
-1
-2
-1
0
-2
-1
2
5
7
9
11
11
11
14
12
10
4
-1
0
-1
1
0
-2
2
3
4
6
7
7
9
10
9
9
8
8
8
11
14
14
15
13
14
11
5
0
-3
-6
-6
-6
-9
-6
-5
-5
-7
-10
-12
-12
-10
-9
-6
-2
0
5
6
10
11
9
9
9
7
7
4
2
4
7
7
9
6
0
0
-2
-8
-10
-12
-11
-9
-6
-2
-5
-3
-4
-8
-9
-13
-13
-13
-11
-9
-7
-6
-3
-4
-8
-12
-15
-18
-22
-23
-25
-27
-23
-20
-19
-18
-16
-14
-13
-14
-14
-14
-13
-12
-13
-12
-6
-2
0
0
2
0
-3
-4
-7
-7
-5
-2
-1
-1
2
3
4
3
0
-2
-4
-4
-2
3
5
6
9
10
8
11
9
6
5
1
1
-4
-4
-1
-2
-1
3
1
1
-1
-5
-3
-5
-9
-8
-7
-4
0
2
6
8
6
5
7
5
4
4
4
6
9
13
14
13
14
12
9
10
8
6
4
7
8
9
10
10
12
13
12
10
7
4
1
1
1
2
3
4
5
6
5
2
1
2
1
-3
-6
-6
-6
-5
0
1
0
2
3
4
3
3
3
2
4
6
5
9
10
11
13
11
10
4
3
1
-1
0
1
4
4
6
9
6
2
0
-1
-5
-6
-7
-9
-4
0
3
6
4
5
3
-2
-2
-7
-10
-10
-9
-6
-4
-2
0
2
0
-3
-6
-10
-13
-14
-12
-9
-5
0
6
8
10
7
2
-2
-6
-9
-8
-7
-2
2
4
6
7
6
2
-5
-11
-12
-13
-15
-9
-5
0
5
8
8
5
3
-3
-9
-10
-12
-10
-4
1
5
9
10
9
5
-1
-5
-10
-13
-10
-8
-5
0
4
9
11
8
5
-1
-7
-7
-9
-7
-3
1
7
12
15
16
12
6
2
-4
-6
-4
-4
2
6
8
10
11
10
7
-1
-5
-7
-8
-7
0
3
8
13
13
13
8
5
0
-3
-4
-5
-2
2
7
8
7
7
7
3
-1
-5
-6
-9
-6
-3
-2
1
3
8
7
4
2
-2
-4
-6
-4
-1
2
4
7
9
7
8
5
0
-1
-3
-3
-1
-1
0
2
3
1
2
2
2
0
-1
-3
-4
0
-1
2
3
4
5
4
5
3
-1
-3
-5
-5
-5
-5
-2
3
3
6
6
0
0
-2
-7
-13
-14
-12
-11
-8
-5
-3
-2
-1
-2
-6
-8
-10
-11
-10
-12
-9
-1
1
3
7
6
4
0
-5
-9
-13
-13
-13
-8
-2
1
5
7
6
2
-5
-9
-11
-13
-12
-6
-3
4
10
10
11
8
2
-4
-9
-13
-15
-15
-12
-7
-1
5
6
3
-1
-8
-11
-13
-17
-17
-11
-7
-1
4
9
10
5
-1
-5
-9
-12
-11
-12
-5
3
7
12
8
7
3
-4
-9
-12
-14
-13
-9
-6
-2
2
5
6
3
-1
-7
-12
-12
-13
-10
-6
-1
6
13
14
14
13
8
1
0
-4
-7
-3
1
4
10
12
10
8
4
-2
-6
-9
-10
-12
-8
-5
-2
4
4
7
7
3
-1
-5
-7
-7
-10
-9
-5
-2
1
3
3
-2
-4
-6
-9
-10
-10
-7
-3
2
7
11
13
12
9
9
6
5
6
8
11
14
15
16
15
16
16
14
11
8
7
8
6
7
8
7
7
8
9
12
9
8
7
6
6
7
8
8
10
12
13
14
16
14
12
12
11
10
9
8
10
6
7
9
8
9
11
12
10
7
7
7
4
5
6
4
8
9
9
10
10
10
10
7
7
7
3
2
2
4
5
2
2
-2
-4
-1
-2
-5
-4
-5
-6
-3
0
2
0
-3
-3
-4
-7
-7
-9
-10
-7
-10
-9
-5
-7
-8
-10
-14
-13
-15
-14
-12
-11
-11
-8
-6
-5
-9
-9
-10
-15
-11
-11
-11
-11
-10
-5
-3
-4
-2
-4
-8
-8
-7
-7
-8
-9
-12
-9
-8
-7
-5
-4
-2
0
-4
-5
-3
-4
-5
-6
-4
-5
-6
0
0
-2
-2
-3
-1
2
0
1
-2
-2
1
1
1
1
1
4
3
2
3
2
0
-1
-2
-1
1
5
7
5
6
6
3
2
1
-1
-3
-1
0
-1
2
4
3
4
5
4
2
0
-1
-2
-2
-1
2
4
7
7
6
6
7
6
1
0
0
-2
-1
1
4
8
9
11
12
10
7
1
-2
-4
-4
-3
-1
4
8
9
9
9
7
4
-1
-5
-4
-4
-4
-4
1
4
3
5
2
1
-3
-7
-8
-9
-10
-6
-2
-1
0
1
0
-2
-4
-8
-13
-12
-12
-10
-6
-5
-3
0
-3
-3
-3
-7
-9
-11
-10
-7
-4
-2
2
7
8
7
3
0
-2
-5
-5
-3
1
6
8
12
13
14
14
9
9
6
2
3
2
9
13
14
15
16
17
14
6
3
-2
-2
1
4
6
9
9
11
11
6
6
-1
-4
-4
-5
-3
-1
3
7
7
6
4
2
-3
-8
-9
-13
-12
-8
-4
-3
-1
2
0
1
-4
-9
-12
-14
-12
-11
-12
-9
-5
-4
0
2
0
-5
-9
-10
-13
-15
-14
-8
-4
1
5
6
7
6
0
-4
-7
-11
-10
-8
-6
1
4
5
7
5
1
-3
-10
-9
-12
-12
-8
-2
1
2
5
5
0
-9
-13
-19
-18
-13
-11
-9
-6
0
0
0
-1
-4
-7
-13
-15
-14
-15
-12
-7
-2
1
1
1
1
-1
-5
-6
-7
-6
-4
0
4
4
6
7
4
2
-1
-4
-5
-5
-2
3
4
5
8
8
8
6
1
-2
-1
-2
-1
1
1
4
8
8
8
8
7
3
-1
-1
2
0
4
7
8
10
10
10
7
8
5
3
5
6
