-3
-4
-5
-1
1
-3
-2
-1
0
-1
-2
0
2
3
2
2
2
4
4
4
1
-1
1
-1
0
5
4
2
1
0
1
-2
-1
1
2
3
3
3
3
1
1
2
0
4
4
1
4
4
3
3
-1
-1
0
-2
3
1
1
1
1
1
1
3
3
0
1
0
-1
0
3
2
1
4
3
3
7
5
5
7
6
4
4
3
2
2
2
3
1
3
2
3
2
1
-1
-3
-1
-2
-2
0
-2
1
1
0
2
-1
1
2
1
2
2
1
-2
-1
-1
-1
1
1
2
3
1
0
0
3
-1
-2
-1
-4
-2
-1
0
4
2
4
4
2
3
3
2
2
2
1
4
5
5
5
1
0
0
-2
-2
-1
-4
-4
-5
-6
-7
-9
-8
-8
-8
-8
-8
-6
-8
-9
-7
-6
-5
-7
-5
-5
-4
-1
-1
-1
0
1
1
-2
0
0
0
-1
-3
-4
-4
-4
-6
-8
-5
-3
-1
-3
-3
-1
-3
-6
-5
-4
-4
-2
-2
-2
-1
0
1
1
2
3
3
4
4
3
3
2
1
3
3
1
1
1
1
3
3
3
3
3
5
4
6
5
5
8
9
9
7
8
6
3
6
9
8
9
8
7
6
4
3
1
-1
-2
-1
-5
-4
-4
-4
-3
-8
-8
-7
-12
-11
-12
-13
-9
-10
-14
-11
-11
-11
-14
-15
-10
-10
-8
-6
-6
-4
-1
-3
-2
-3
-4
0
-2
-4
-2
-3
-1
-1
-3
0
-1
-2
0
-2
-2
-1
-2
0
-2
1
4
2
5
6
6
9
8
10
12
14
12
12
10
12
14
11
11
9
8
10
7
4
2
3
4
0
0
0
-2
1
-1
-2
-3
-3
-3
-4
-3
-3
0
-1
-5
-2
-1
-2
-2
-2
-1
-1
0
1
0
1
0
-1
-1
-2
-4
-5
-3
-3
-3
-1
-4
-5
-7
-5
-7
-5
-5
-5
-4
-6
-6
-6
-7
-8
-7
-4
-3
-2
0
0
-3
-5
-4
-3
-5
-4
-2
-1
0
2
3
4
4
2
-1
1
1
3
3
3
5
7
6
8
10
9
10
11
10
12
11
10
11
9
10
10
8
8
8
11
10
6
6
4
4
4
4
2
3
3
1
0
-1
0
-1
-2
1
1
2
2
1
3
3
3
-1
-4
-1
-3
-3
-2
-1
3
0
3
-1
-2
-1
-3
-3
-4
-3
-3
-4
-4
-6
-7
-7
-8
-6
-7
-5
-2
-3
-2
-4
-5
-5
-3
-3
-4
-4
-3
-3
-5
-3
0
-3
-2
0
0
-2
-5
-2
-3
-3
-4
-2
-2
-4
-1
1
0
-1
-1
-1
-5
-1
1
-2
-2
-3
-3
-7
-8
-9
-10
-9
-4
-5
-8
-6
-7
-10
-10
-13
-10
-9
-8
-3
-2
-3
-2
-2
-2
-3
-2
1
1
0
2
2
0
0
1
0
0
1
1
3
6
7
7
6
9
9
7
5
7
6
5
5
7
7
6
5
3
2
2
3
1
-1
1
1
2
2
1
1
-1
-1
-1
-4
-3
-1
-1
-3
-2
-2
-6
-6
-4
-4
-5
-3
-2
-2
0
-1
0
1
0
2
2
4
5
5
5
5
7
8
6
8
9
6
10
7
7
9
7
6
4
5
6
4
4
4
7
7
6
8
5
7
5
3
5
3
2
2
2
1
2
3
0
-1
-2
-3
-4
-5
-5
-6
-4
-4
-6
-7
-8
-11
-12
-12
-13
-14
-14
-13
-14
-16
-16
-17
-18
-15
-16
-14
-11
-10
-7
-7
-8
-6
-5
-5
-3
-5
0
2
2
5
3
2
4
2
5
7
7
8
7
9
9
7
8
7
6
8
7
8
9
11
12
10
12
9
9
9
6
8
9
7
8
8
10
10
9
12
12
13
14
13
14
15
14
14
11
11
11
11
10
7
6
7
7
7
9
6
3
2
2
-2
-4
-4
-5
-4
-6
-8
-10
-10
-10
-13
-9
-7
-9
-8
-8
-9
-7
-7
-8
-6
-6
-6
-5
-3
-2
-2
-1
1
0
0
0
-3
-5
-5
-2
-2
-5
-2
-2
-5
-4
-5
-6
-9
-10
-8
-9
-6
-5
-5
-6
-6
-9
-10
-9
-8
-7
-4
-3
-2
-4
-5
-2
-2
-2
-1
-1
-1
0
1
0
0
-3
-1
-1
-3
-2
-1
-1
-2
-5
-7
-8
-9
-9
-7
-9
-6
-5
-4
-1
-3
-2
-1
-3
-3
-3
-4
1
0
-1
1
0
2
2
1
4
0
0
3
0
2
1
3
7
6
6
8
5
3
6
7
8
8
8
7
5
8
7
4
4
6
6
5
5
4
3
3
4
1
1
4
3
1
3
3
3
3
4
5
2
1
2
3
2
4
1
-3
-2
-2
-1
-1
-2
0
-3
-2
-1
-3
0
-4
-5
-2
-4
-4
-4
-3
-2
-3
-1
-4
-2
0
-1
-1
0
0
1
4
2
1
2
0
1
0
-1
-2
-3
-3
-4
-6
-3
-5
-7
-6
-4
-4
-3
-1
-3
-4
0
0
0
1
2
3
3
4
3
3
5
3
3
4
3
3
5
7
5
4
5
7
7
5
5
7
5
4
4
3
2
3
4
5
3
2
1
-1
0
-4
-3
-3
-3
-3
-2
-1
-3
-3
-5
-7
-7
-5
-5
-4
-4
-3
-3
-5
-5
-4
-6
-5
-3
0
-1
-2
0
1
3
4
6
9
7
7
8
10
9
10
9
11
10
7
9
10
10
10
10
11
10
8
7
8
4
4
1
-2
-2
-5
-5
-6
-7
-7
-6
-8
-9
-10
-9
-7
-7
-7
-5
-6
-7
-7
-8
-10
-9
-7
-8
-6
-3
-2
0
1
0
0
1
0
1
1
2
3
2
5
5
2
3
4
4
6
5
3
3
3
1
2
0
-1
-1
1
2
-1
0
-1
-1
3
3
3
4
3
3
2
3
4
5
5
5
3
4
4
4
3
2
4
2
-1
3
3
1
2
2
2
3
2
0
1
-1
-1
-1
0
1
1
0
-2
-2
-3
-3
-5
-4
-3
-2
-2
-2
-2
-5
-8
-10
-11
-10
-10
-7
-8
-9
-10
-11
-11
-13
-14
-12
-10
-8
-7
-7
-7
-7
-5
-7
-7
-6
-3
-2
1
4
4
6
7
3
0
2
3
4
7
6
7
7
7
7
8
7
9
10
9
10
8
6
8
1
1
1
-1
0
-1
-2
-5
-6
-6
-5
-5
-4
-3
-4
-3
-3
-5
-5
-6
-6
-3
-3
-2
-2
-2
-1
-3
-3
-4
-2
0
-1
2
2
1
1
2
0
-2
-1
1
-2
-2
-2
-1
1
-1
1
2
2
3
2
3
5
2
6
8
7
6
4
3
4
5
4
6
7
4
4
2
1
0
-1
0
-2
3
2
-1
1
0
1
3
4
2
3
6
5
6
4
2
3
5
7
7
5
5
3
4
5
4
4
2
3
3
0
0
-1
-3
-6
-7
-9
-10
-11
-12
-12
-11
-12
-12
-13
-12
-10
-12
-12
-11
-12
-12
-12
-10
-9
-10
-8
-9
-8
-6
-4
-3
0
1
0
2
2
2
4
5
6
6
7
9
8
12
12
9
11
12
13
12
12
14
16
13
13
15
13
11
10
9
7
3
2
1
-1
0
0
-3
-4
-6
-7
-8
-7
-7
-9
-9
-8
-9
-11
-11
-7
-8
-7
-4
-4
-1
-1
-1
1
-1
0
2
1
0
0
-1
3
5
8
10
10
9
9
8
8
7
7
8
8
7
7
5
5
7
8
6
7
9
10
7
6
6
5
3
3
1
-2
0
0
-3
-4
-2
-5
-5
-5
-5
-6
-5
-3
-4
-4
-2
-2
-3
-2
-2
-3
-3
-7
-8
-8
-9
-9
-8
-10
-10
-9
-8
-8
-9
-11
-14
-13
-13
-12
-10
-12
-10
-8
-7
-8
-6
-5
-6
-5
-4
-4
-5
-5
-2
-1
0
-1
1
-1
-3
-1
-1
-1
1
3
1
1
0
-2
-2
-4
-4
-2
-3
0
-2
-1
0
-1
-2
0
-1
-1
-1
-3
-5
-5
-4
-4
-6
-9
-8
-10
-10
-10
-13
-16
-13
-11
-14
-13
-14
-14
-12
-13
-12
-8
-6
-3
-6
-6
-4
-5
-4
-1
1
3
0
1
4
4
5
7
9
10
11
8
5
6
7
8
8
8
8
6
8
6
4
6
6
7
6
3
4
4
2
3
4
4
4
5
4
5
4
1
2
0
-2
-4
-4
-5
-5
-4
-4
-5
-2
-2
-1
1
2
5
4
4
3
4
6
7
8
9
10
10
10
8
6
7
6
6
7
8
7
7
8
7
7
9
10
11
12
13
14
12
11
9
8
7
8
9
8
8
7
8
7
7
8
8
7
8
9
7
6
5
4
5
5
7
5
3
5
6
5
5
7
8
6
7
8
9
9
10
13
14
14
16
14
13
11
11
12
10
9
7
6
3
1
1
0
0
2
0
0
-2
-2
-2
-3
-2
0
1
-2
-4
-3
-5
-5
-5
-7
-7
-7
-8
-8
-10
-10
-11
-9
-7
-10
-12
-12
-13
-14
-14
-13
-13
-11
-13
-12
-11
-12
-11
-9
-8
-8
-4
-4
-4
0
3
0
0
2
4
3
4
2
2
2
3
3
2
4
4
1
2
1
-1
0
3
0
0
0
0
1
1
2
2
2
4
5
4
3
1
2
3
1
0
-1
-1
0
-1
-2
-3
-6
-5
-6
-7
-7
-7
-6
-7
-9
-8
-8
-10
-9
-10
-11
-8
-10
-10
-10
-11
-10
-9
-9
-7
-7
-10
-9
-8
-7
-6
-6
-7
-6
-7
-7
-4
-3
-3
-1
-2
-1
1
0
2
3
5
6
6
8
11
11
12
12
12
15
13
10
9
7
5
6
5
4
2
0
-1
-2
-4
-6
-7
-8
-7
-9
-9
-7
-7
-7
-7
-8
-4
-1
1
2
-1
2
4
3
5
6
6
8
10
11
11
9
7
5
5
3
3
3
0
-2
-3
-1
-1
0
-1
-2
-1
-4
-5
-4
-6
-6
-6
-6
-3
-4
-3
-4
-7
-5
-5
-3
-2
0
0
-2
-2
-2
-3
-3
-1
1
-2
0
2
0
-1
0
0
3
3
4
3
2
4
3
3
2
2
3
2
-1
1
0
0
1
2
1
0
2
4
1
1
4
3
0
4
8
3
5
8
6
6
5
6
5
1
3
3
1
5
4
2
4
3
1
0
-1
-1
0
-1
0
0
-1
-2
-3
-4
-5
-3
-1
0
-1
-2
-3
-4
-6
-6
-5
-6
-3
-2
-1
0
1
0
-2
-2
1
0
1
2
3
3
2
2
2
3
4
4
3
0
-1
0
-4
-5
-5
-2
1
-1
-2
0
-3
-6
-6
-6
-4
-2
-3
-3
-2
1
3
3
6
7
6
7
10
7
5
7
8
8
6
8
7
5
4
2
2
2
1
-1
-3
-3
-6
-6
-4
-5
-5
-5
-6
-6
-6
-7
-8
-9
-9
-9
-8
-7
-8
-9
-8
-8
-7
-8
-7
-4
-5
-5
-2
-3
-2
-1
0
0
1
2
3
2
2
3
5
7
8
9
9
8
7
7
8
9
10
9
8
7
7
8
7
7
7
7
7
8
6
5
3
4
3
1
3
4
3
1
-1
0
0
-1
0
0
-3
-2
-6
-5
-3
-7
-8
-8
-8
-8
-10
-11
-15
-17
-17
-18
-17
-17
-19
-18
-17
-16
-16
-15
-13
-13
-14
-13
-14
-12
-8
-7
-5
-2
1
3
2
6
6
7
9
11
13
10
12
16
14
16
18
18
17
16
16
13
16
16
14
14
14
10
10
11
8
5
5
3
0
0
-3
-4
-5
-7
-9
-9
-10
-11
-10
-11
-12
-12
-13
-15
-14
-14
-15
-11
-12
-10
-8
-6
-6
-6
-5
-4
-3
0
3
6
7
10
10
11
13
14
16
20
21
22
23
22
22
22
24
21
22
25
23
22
22
20
18
17
17
16
14
11
8
6
7
3
-2
-3
-7
-7
-11
-16
-19
-20
-18
-21
-23
-26
-27
-27
-30
-28
-27
-29
-27
-27
-27
-25
-24
-25
-23
-18
-12
-10
-8
-7
-4
-1
-1
-2
2
8
9
12
15
16
16
16
17
18
19
19
18
16
18
20
17
16
16
20
21
18
16
14
13
15
13
10
10
12
11
11
9
6
5
5
5
4
3
3
0
-2
-2
-3
-5
-7
-7
-6
-8
-12
-14
-13
-14
-16
-13
-12
-16
-17
-17
-18
-17
-13
-12
-13
-12
-10
-8
-8
-7
-4
-2
0
2
3
5
6
7
9
12
13
14
16
16
18
18
18
20
22
23
23
22
21
23
23
20
19
22
22
22
20
16
12
10
8
7
6
5
3
-2
-3
-2
-3
-3
-7
-10
-10
-12
-15
-17
-20
-19
-20
-22
-23
-21
-23
-25
-23
-23
-25
-23
-22
-24
-22
-22
-22
-21
-20
-17
-15
-14
-13
-11
-8
-5
-4
-2
2
3
6
11
14
18
22
23
26
31
32
35
35
36
37
39
41
40
40
41
37
34
31
26
25
20
15
11
7
2
-8
-13
-18
-23
-29
-36
-41
-47
-54
-58
-62
-67
-71
-75
-81
-85
-87
-89
-90
-90
-92
-92
-89
-87
-88
-86
-79
-78
-71
-62
-55
-45
-37
-30
-18
-9
0
9
19
29
38
49
60
70
80
89
95
101
108
113
118
124
126
128
130
132
129
127
123
118
112
105
98
87
77
66
53
39
26
11
-4
-18
-35
-50
-65
-83
-96
-109
-122
-132
-145
-156
-164
-172
-177
-184
-187
-188
-188
-188
-186
-183
-179
-169
-159
-149
-137
-125
-112
-97
-79
-63
-46
-27
-7
15
36
59
81
101
123
144
161
179
199
215
230
244
255
265
273
278
280
282
282
277
269
257
245
231
211
193
171
147
125
100
73
47
18
-12
-40
-68
-96
-124
-149
-176
-203
-223
-244
-263
-278
-292
-301
-311
-319
-323
-324
-323
-320
-311
-304
-293
-278
-260
-241
-217
-195
-168
-140
-113
-82
-50
-18
16
48
78
116
147
177
209
237
264
290
314
334
352
368
380
392
399
402
403
400
391
382
368
347
327
304
276
250
218
185
152
117
82
49
10
-25
-56
-90
-124
-158
-190
-220
-245
-269
-291
-312
-329
-344
-360
-369
-379
-384
-385
-384
-383
-380
-373
-362
-353
-342
-326
-308
-286
-266
-241
-216
-192
-165
-140
-110
-76
-47
-14
16
46
75
108
138
165
197
225
252
277
300
320
338
357
373
388
399
405
412
417
416
412
405
397
387
372
351
331
307
282
253
223
193
162
129
96
59
25
-11
-46
-79
-112
-145
-177
-209
-237
-266
-296
-322
-344
-366
-385
-403
-418
-432
-444
-449
-456
-459
-456
-451
-444
-433
-421
-405
-385
-364
-340
-312
-283
-251
-216
-183
-146
-108
-71
-31
9
50
86
122
163
197
233
267
299
329
359
386
406
426
442
455
467
472
478
478
473
466
456
442
427
406
383
359
332
303
272
237
201
166
128
92
57
22
-13
-49
-85
-120
-151
-183
-212
-240
-268
-295
-322
-345
-361
-377
-390
-404
-413
-423
-429
-432
-434
-432
-427
-419
-409
-397
-383
-369
-347
-324
-299
-270
-243
-213
-181
-151
-116
-81
-45
-11
25
63
98
138
173
205
237
267
298
323
344
367
388
406
420
432
444
453
456
458
455
447
440
429
412
395
378
355
331
307
278
247
214
178
142
109
74
37
0
-38
-77
-114
-151
-186
-219
-250
-280
-309
-338
-364
-387
-407
-421
-434
-445
-456
-463
-461
-462
-459
-450
-442
-427
-409
-391
-369
-343
-315
-286
-253
-222
-186
-150
-115
-77
-37
-1
36
75
113
149
185
217
246
278
308
332
355
373
390
408
422
432
442
445
448
449
445
436
426
411
395
380
361
338
312
286
259
233
201
167
138
105
72
38
2
-32
-65
-99
-130
-163
-192
-220
-250
-273
-295
-318
-340
-358
-374
-387
-399
-409
-416
-418
-419
-417
-411
-407
-396
-384
-370
-355
-338
-317
-295
-270
-241
-212
-185
-155
-123
-92
-55
-21
11
45
82
113
143
173
201
229
258
284
308
327
342
359
373
385
391
396
399
399
398
394
388
378
366
355
337
316
294
271
244
218
191
161
134
104
77
51
18
-12
-42
-72
-100
-130
-155
-180
-203
-223
-243
-260
-275
-288
-301
-311
-316
-323
-329
-331
-334
-334
-332
-327
-322
-314
-301
-289
-276
-261
-249
-233
-216
-198
-179
-158
-135
-113
-91
-68
-49
-28
-6
17
40
60
77
96
114
133
150
169
188
203
217
228
237
247
260
269
277
282
289
292
291
294
292
290
287
278
271
262
249
236
224
206
190
176
157
140
119
98
78
53
30
6
-16
-38
-62
-85
-109
-130
-152
-174
-194
-211
-228
-245
-260
-276
-287
-294
-301
-306
-310
-310
-307
-306
-301
-295
-290
-278
-267
-253
-239
-221
-203
-183
-161
-141
-119
-95
-76
-53
-31
-8
14
34
58
83
107
128
150
170
188
204
219
233
248
262
274
285
293
302
304
308
310
309
309
300
293
285
272
259
245
231
211
195
176
157
137
116
95
72
47
22
-1
-24
-47
-69
-90
-111
-131
-148
-167
-183
-199
-215
-227
-239
-250
-261
-271
-276
-281
-285
-285
-286
-285
-282
-277
-272
-264
-253
-240
-228
-214
-199
-184
-168
-149
-129
-108
-87
-68
-50
-31
-9
13
32
51
72
91
112
130
145
163
178
194
209
220
228
240
248
254
259
263
266
267
266
265
260
255
246
235
225
212
198
185
168
152
133
114
95
75
58
38
18
1
-20
-38
-56
-74
-92
-109
-125
-142
-155
-167
-181
-193
-204
-212
-218
-225
-233
-237
-240
-243
-243
-241
-237
-232
-229
-220
-212
-204
-195
-182
-170
-157
-144
-130
-113
-98
-82
-60
-45
-28
-11
5
21
36
53
71
88
103
119
131
142
156
167
179
189
199
205
210
215
218
218
220
221
223
221
215
211
204
195
186
175
166
154
143
129
119
107
95
79
64
48
33
19
1
-16
-34
-50
-63
-79
-92
-106
-118
-131
-144
-158
-170
-179
-188
-195
-201
-205
-208
-211
-213
-213
-213
-209
-203
-194
-191
-183
-174
-165
-153
-141
-130
-118
-104
-88
-74
-59
-41
-28
-13
4
21
37
49
62
78
93
107
121
133
144
154
160
165
172
179
183
188
194
194
195
194
191
189
188
182
174
168
155
145
138
126
117
104
93
80
62
44
27
10
-8
-28
-44
-63
-78
-90
-102
-114
-125
-135
-145
-152
-159
-167
-172
-175
-176
-177
-177
-174
-171
-168
-164
-160
-156
-153
-146
-136
-128
-119
-108
-96
-80
-67
-54
-41
-29
-16
-2
10
24
35
47
61
75
85
94
100
107
116
121
126
134
140
142
144
146
148
153
154
155
157
158
156
150
143
137
130
118
108
103
96
85
74
61
49
36
23
10
-5
-25
-44
-67
-92
-103
-100
-97
-100
-113
-129
-137
-139
-150
-166
-178
-172
-154
-147
-151
-154
-148
-131
-118
-116
-116
-113
-103
-95
-89
-85
-78
-63
-53
-48
-40
-31
-20
-11
-3
2
11
29
44
56
70
81
98
110
115
122
127
129
134
140
144
149
148
143
142
143
143
143
141
140
139
133
124
115
105
93
80
69
62
55
43
30
17
5
-6
-21
-33
-44
-54
-60
-65
-70
-78
-82
-83
-85
-90
-92
-97
-100
-107
-112
-112
-111
-111
-114
-121
-125
-128
-140
-160
-176
-178
-171
-165
-160
-148
-128
-104
-80
-62
-42
-17
5
18
27
38
53
71
83
91
101
109
117
124
129
135
139
147
151
150
156
163
165
163
161
163
164
155
140
131
128
127
118
100
88
79
69
55
39
30
21
11
-2
-18
-32
-43
-51
-58
-73
-83
-89
-99
-112
-125
-139
-148
-163
-183
-204
-223
-229
-226
-227
-225
-216
-199
-180
-160
-138
-114
-87
-68
-52
-36
-13
12
31
44
56
64
73
81
87
93
102
110
119
127
132
136
141
149
153
160
165
163
161
161
163
166
163
160
159
153
147
139
129
123
116
106
93
83
71
54
37
21
9
-5
-25
-47
-70
-87
-102
-119
-137
-159
-180
-197
-208
-219
-232
-238
-239
-238
-236
-238
-238
-232
-221
-209
-197
-186
-169
-150
-136
-119
-96
-79
-59
-43
-29
-8
12
23
38
52
69
84
96
108
125
144
154
161
173
181
194
203
206
217
222
223
225
223
224
223
214
205
199
188
173
154
139
124
101
77
48
21
-6
-35
-65
-100
-128
-150
-184
-212
-237
-256
-267
-283
-297
-306
-307
-306
-305
-301
-294
-280
-267
-259
-241
-221
-201
-182
-168
-145
-120
-97
-76
-58
-38
-13
7
23
46
68
89
104
124
149
169
187
204
220
235
249
264
276
290
303
315
327
333
332
326
320
316
308
299
283
265
248
229
206
179
150
123
95
69
41
9
-27
-60
-91
-123
-154
-185
-208
-225
-250
-274
-294
-308
-320
-333
-338
-337
-334
-335
-340
-342
-338
-326
-315
-303
-285
-267
-249
-231
-213
-190
-160
-127
-94
-68
-37
-5
26
57
85
111
141
171
197
218
240
265
292
319
342
359
376
394
406
415
420
422
418
412
404
387
366
343
317
283
248
211
173
130
87
44
-1
-45
-90
-132
-174
-211
-245
-280
-308
-333
-348
-361
-372
-376
-379
-378
-376
-375
-369
-365
-360
-353
-344
-338
-329
-321
-314
-304
-291
-277
-259
-242
-217
-190
-162
-132
-99
-62
-26
10
47
87
126
159
192
228
258
289
317
343
374
404
427
447
466
482
499
509
518
520
517
509
494
475
450
418
383
337
290
242
187
129
71
14
-43
-96
-150
-203
-249
-287
-318
-350
-373
-387
-400
-405
-408
-412
-410
-400
-390
-384
-380
-380
-376
-372
-370
-370
-373
-373
-368
-360
-356
-352
-341
-324
-300
-273
-247
-217
-184
-142
-98
-57
-11
34
81
131
178
219
259
296
334
370
404
435
462
491
515
537
560
579
591
597
593
581
569
550
523
490
448
403
352
296
233
167
107
49
-14
-76
-137
-191
-239
-280
-317
-346
-363
-378
-389
-399
-405
-403
-397
-390
-379
-367
-355
-345
-338
-335
-335
-334
-333
-334
-336
-338
-339
-338
-338
-331
-316
-298
-278
-254
-225
-192
-159
-123
-82
-39
11
60
102
141
185
227
271
310
347
384
425
464
499
526
555
584
611
630
638
635
628
613
596
570
531
493
442
382
318
248
176
104
31
-37
-97
-161
-225
-280
-330
-365
-388
-410
-423
-431
-433
-428
-420
-409
-391
-366
-346
-327
-315
-308
-307
-311
-316
-327
-341
-358
-372
-383
-399
-408
-411
-403
-388
-367
-340
-306
-265
-220
-172
-118
-57
13
74
136
196
255
314
362
411
454
501
553
602
648
687
727
758
775
781
774
764
741
705
658
598
530
451
366
274
182
90
0
-91
-182
-275
-360
-426
-479
-517
-542
-563
-574
-573
-564
-544
-514
-473
-429
-383
-335
-296
-264
-237
-215
-198
-195
-212
-241
-275
-303
-329
-355
-381
-408
-432
-445
-447
-439
-415
-377
-327
-268
-212
-156
-97
-27
56
147
236
318
395
466
537
612
692
776
863
942
1006
1046
1061
1056
1038
1011
974
913
826
714
581
438
292
151
19
-112
-241
-368
-494
-606
-698
-761
-788
-790
-784
-771
-745
-704
-644
-567
-478
-385
-295
-207
-136
-75
-27
11
39
47
25
-29
-107
-192
-270
-340
-406
-475
-544
-609
-663
-692
-693
-667
-618
-547
-469
-389
-302
-195
-68
74
225
366
488
595
702
811
920
1029
1132
1223
1290
1326
1318
1275
1215
1146
1067
965
824
647
455
263
83
-86
-247
-393
-525
-646
-761
-857
-926
-949
-927
-879
-816
-750
-677
-587
-477
-355
-231
-114
-2
95
175
233
262
274
274
251
194
88
-60
-217
-358
-472
-572
-679
-797
-900
-972
-997
-980
-928
-845
-733
-609
-477
-344
-200
-23
183
395
587
731
846
949
1054
1165
1271
1363
1438
1494
1507
1460
1360
1233
1110
999
874
704
479
227
-14
-216
-384
-537
-671
-784
-880
-958
-1024
-1061
-1045
-971
-853
-726
-617
-522
-422
-295
-148
-5
117
208
278
329
361
362
336
289
225
129
-20
-220
-436
-619
-752
-847
-943
-1059
-1167
-1223
-1209
-1132
-1016
-874
-709
-533
-357
-188
-14
187
416
649
849
986
1069
1131
1200
1282
1364
1427
1468
1493
1493
1443
1326
1173
1014
881
754
588
362
97
-160
-369
-526
-653
-768
-859
-927
-972
-1001
-1011
-980
-895
-754
-595
-449
-331
-222
-103
26
153
256
319
358
377
381
357
305
229
132
18
-128
-314
-524
-728
-885
-985
-1048
-1109
-1175
-1218
-1202
-1117
-977
-807
-626
-440
-258
-87
72
231
410
600
779
918
997
1032
1056
1090
1146
1208
1259
1296
1321
1321
1266
1150
995
851
741
632
482
271
21
-216
-404
-538
-631
-700
-754
-794
-819
-832
-821
-768
-660
-507
-346
-213
-116
-41
37
128
216
279
309
308
284
243
179
96
-6
-115
-230
-366
-529
-708
-875
-993
-1047
-1059
-1067
-1077
-1065
-1005
-885
-726
-550
-368
-187
-15
134
266
385
507
641
764
859
901
903
905
920
967
1022
1074
1123
1163
1174
1122
1008
862
738
651
564
427
222
-22
-246
-413
-522
-592
-646
-691
-725
-748
-755
-730
-661
-537
-379
-229
-115
-42
23
93
167
235
262
255
223
169
108
31
-62
-165
-279
-402
-541
-695
-845
-963
-1026
-1040
-1026
-1006
-974
-910
-803
-651
-468
-281
-97
74
213
329
429
520
618
712
783
821
818
799
789
799
839
888
943
1003
1051
1062
1007
895
770
667
589
489
330
110
-128
-330
-473
-560
-614
-655
-693
-725
-742
-737
-691
-589
-446
-297
-173
-84
-17
48
120
178
216
221
190
126
42
-44
-124
-197
-286
-394
-524
-656
-776
-878
-943
-978
-978
-948
-892
-815
-728
-616
-470
-288
-89
84
221
324
403
480
548
606
654
684
695
688
678
675
691
732
803
900
1006
1096
1142
1116
1029
921
828
751
654
490
258
-7
-248
-424
-538
-610
-665
-725
-788
-830
-837
-795
-691
-543
-386
-254
-158
-82
-6
78
152
195
198
162
96
14
-74
-159
-248
-341
-443
-559
-680
-793
-884
-939
-953
-930
-880
-809
-725
-622
-489
-327
-151
20
171
289
381
453
508
546
566
571
570
565
560
558
568
595
640
714
814
941
1077
1179
1209
1156
1056
951
858
758
610
391
126
-142
-368
-532
-644
-718
-772
-821
-858
-873
-846
-757
-613
-444
-290
-165
-66
13
88
147
182
182
148
88
5
-94
-200
-309
-414
-516
-618
-714
-804
-880
-931
-957
-945
-894
-809
-699
-574
-443
-300
-146
12
160
276
363
428
469
488
485
461
429
407
395
397
412
445
492
561
665
803
967
1135
1262
1312
1271
1170
1058
950
824
645
399
111
-180
-427
-615
-740
-819
-869
-901
-919
-908
-844
-718
-541
-344
-165
-22
89
179
252
304
321
296
226
119
-9
-142
-272
-396
-517
-633
-746
-840
-913
-957
-974
-973
-943
-877
-770
-632
-482
-332
-190
-51
78
200
303
376
415
422
400
359
309
256
218
198
203
232
280
345
431
556
720
919
1128
1309
1413
1419
1338
1212
1075
933
758
521
220
-110
-413
-644
-786
-858
-895
-919
-926
-907
-837
-695
-503
-283
-72
103
235
330
400
444
457
426
337
203
41
-126
-283
-429
-568
-706
-828
-923
-989
-1015
-1019
-1000
-955
-878
-760
-613
-449
-279
-120
17
130
222
303
369
404
393
345
275
197
135
94
74
81
114
167
242
341
475
650
863
1097
1305
1447
1492
1438
1319
1172
1016
837
610
316
-24
-354
-621
-795
-882
-913
-916
-906
-876
-808
-681
-496
-274
-53
132
271
362
422
458
452
404
305
153
-24
-208
-378
-523
-651
-768
-871
-952
-997
-994
-949
-877
-795
-716
-631
-515
-364
-198
-43
74
145
184
214
235
241
228
185
118
38
-40
-100
-123
-108
-59
19
117
239
390
576
790
1024
1255
1466
1614
1658
1590
1437
1249
1054
838
574
248
-115
-456
-724
-898
-981
-1002
-989
-945
-872
-764
-607
-406
-169
72
268
402
474
505
503
466
382
244
59
-151
-355
-536
-693
-824
-929
-1003
-1039
-1026
-971
-883
-780
-672
-562
-443
-306
-152
-5
119
198
235
243
236
223
196
140
66
-25
-119
-200
-250
-255
-222
-154
-51
84
248
441
656
878
1104
1327
1525
1666
1706
1621
1436
1193
938
679
392
60
-298
-634
-892
-1044
-1096
-1071
-997
-890
-750
-581
-385
-163
78
305
489
610
657
646
589
495
359
177
-40
-264
-479
-667
-819
-933
-1006
-1029
-1013
-963
-882
-778
-657
-535
-420
-309
-199
-92
11
95
141
143
117
75
32
-14
-69
-133
-209
-277
-316
-323
-288
-208
-96
47
213
396
597
801
1005
1211
1412
1591
1711
1725
1612
1391
1121
845
574
292
-25
-369
-689
-932
-1063
-1085
-1028
-922
-783
-623
-442
-244
-30
191
402
567
659
677
632
539
419
269
84
-138
-379
-604
-788
-911
-979
-1004
-999
-965
-900
-797
-665
-522
-389
-285
-204
-129
-45
35
89
106
76
15
-48
-103
-143
-186
-236
-288
-333
-356
-337
-268
-156
-15
140
300
465
644
836
1028
1211
1380
1524
1621
1636
1539
1333
1065
787
525
265
-17
-326
-632
-874
-1010
-1035
-975
-864
-724
-566
-398
-220
-26
176
368
531
625
631
569
467
345
204
33
-174
-398
-606
-767
-873
-930
-952
-943
-899
-823
-719
-595
-470
-364
-277
-204
-133
-58
7
46
48
20
-27
-77
-121
-163
-206
-248
-291
-319
-323
-296
-227
-130
-9
125
268
424
590
761
926
1075
1211
1343
1455
1500
1438
1262
1007
733
491
271
38
-229
-509
-744
-886
-918
-853
-730
-583
-429
-273
-114
54
237
420
572
659
663
594
480
358
226
70
-119
-330
-531
-691
-795
-848
-864
-857
-825
-761
-670
-559
-451
-361
-295
-242
-184
-119
-62
-30
-29
-57
-91
-127
-164
-202
-242
-284
-317
-339
-339
-312
-252
-162
-46
81
213
353
494
639
790
931
1065
1188
1288
1343
1317
1184
967
719
483
272
63
-175
-429
-656
-807
-855
-807
-701
-569
-428
-286
-139
20
178
333
466
546
562
521
439
336
223
91
-68
-247
-425
-567
-661
-703
-706
-693
-661
-602
-515
-407
-293
-203
-150
-122
-98
-64
-25
-1
-14
-57
-109
-155
-188
-214
-244
-274
-304
-323
-326
-304
-250
-165
-60
55
167
275
395
530
673
810
932
1041
1137
1215
1241
1179
1020
795
559
346
147
-61
-294
-525
-706
-803
-808
-739
-635
-516
-388
-257
-118
28
171
301
398
442
437
389
311
214
102
-37
-195
-357
-499
-603
-657
-672
-663
-633
-588
-521
-434
-345
-269
-216
-181
-144
-99
-54
-33
-45
-75
-103
-119
-130
-146
-175
-213
-246
-268
-268
-250
-205
-137
-48
49
153
265
388
529
677
811
928
1030
1124
1211
1269
1244
1113
899
658
447
267
80
-137
-371
-577
-706
-740
-697
-607
-499
-387
-272
-152
-30
90
209
307
365
370
326
251
158
50
-72
-214
-367
-508
-621
-689
-718
-721
-698
-660
-602
-528
-450
-379
-326
-281
-236
-188
-142
-115
-109
-120
-130
-131
-128
-133
-152
-180
-204
-211
-197
-170
-127
-66
8
99
198
303
420
551
681
800
906
1001
1099
1193
1251
1230
1098
886
657
453
275
90
-135
-384
-600
-729
-755
-703
-618
-524
-426
-314
-186
-52
87
217
325
392
407
371
303
221
122
-2
-151
-320
-474
-586
-653
-680
-690
-692
-670
-621
-544
-457
-382
-322
-275
-221
-157
-103
-67
-53
-56
-64
-73
-86
-107
-134
-159
-179
-190
-188
-167
-122
-52
29
115
211
316
437
570
698
817
926
1032
1139
1229
1255
1183
1020
805
590
398
210
-9
-256
-502
-690
-782
-781
-719
-635
-542
-442
-326
-192
-41
111
246
343
391
394
359
301
222
119
-9
-159
-311
-441
-536
-584
-610
-627
-634
-626
-583
-514
-438
-374
-324
-275
-211
-134
-67
-26
-8
-5
-8
-11
-25
-52
-90
-130
-162
-177
-178
-162
-121
-62
15
104
201
313
446
586
722
854
979
1097
1204
1266
1236
1106
906
689
486
293
81
-170
-434
-658
-798
-840
-804
-732
-649
-560
-457
-331
-179
-19
133
255
323
343
325
284
229
149
37
-110
-273
-418
-524
-585
-614
-628
-643
-656
-656
-633
-575
-489
-394
-305
-231
-172
-115
-48
19
74
105
102
67
21
-25
-63
-84
-95
-103
-106
-95
-58
15
116
233
358
485
615
750
893
1046
1195
1315
1364
1313
1163
956
743
548
356
128
-147
-430
-672
-814
-849
-810
-740
-671
-599
-506
-376
-209
-25
141
258
320
331
312
281
241
171
55
-107
-285
-444
-560
-628
-665
-701
-750
-799
-825
-806
-734
-625
-507
-408
-336
-267
-187
-81
26
107
141
130
95
58
29
7
-13
-38
-64
-76
-63
-21
56
162
281
407
535
676
833
1003
1173
1303
1359
1319
1195
1023
843
661
448
195
-92
-368
-590
-733
-794
-795
-765
-714
-634
-521
-374
-202
-23
142
268
354
408
431
429
399
325
205
53
-113
-266
-393
-493
-579
-669
-759
-839
-880
-856
-780
-686
-597
-515
-428
-321
-200
-77
26
95
125
126
105
75
42
6
-35
-83
-127
-147
-130
-80
-5
85
191
324
486
672
866
1049
1208
1320
1365
1326
1213
1055
879
686
456
180
-114
-385
-594
-721
-784
-807
-799
-756
-674
-547
-388
-215
-42
109
238
333
396
429
428
390
312
189
34
-133
-294
-430
-544
-653
-771
-893
-982
-1007
-957
-861
-760
-672
-586
-475
-326
-160
-8
102
162
189
198
197
180
146
97
33
-26
-68
-81
-51
19
115
221
331
457
615
812
1026
1213
1324
1330
1259
1153
1047
933
767
520
215
-93
-348
-523
-630
-698
-749
-777
-765
-693
-568
-408
-238
-77
57
168
265
348
409
435
412
325
194
47
-94
-214
-334
-477
-647
-825
-962
-1022
-1015
-967
-915
-869
-806
-693
-533
-347
-170
-34
52
111
162
210
247
256
220
145
66
12
-4
9
43
86
143
228
349
511
701
903
1083
1205
1246
1216
1148
1069
970
819
599
327
47
-192
-372
-506
-609
-692
-744
-748
-702
-613
-483
-336
-183
-41
79
183
282
366
419
418
354
246
130
24
-84
-216
-387
-581
-748
-856
-901
-920
-922
-909
-870
-779
-642
-484
-324
-184
-68
30
113
188
252
286
287
259
206
154
127
118
124
146
178
230
305
424
591
779
939
1030
1041
1001
954
919
855
720
501
243
6
-171
-295
-398
-501
-599
-673
-708
-689
-621
-512
-384
-265
-165
-80
9
118
231
303
305
243
153
69
-3
-84
-206
-366
-533
-675
-768
-817
-844
-853
-837
-788
-700
-584
-449
-301
-162
-40
67
154
228
287
326
335
317
288
259
244
250
272
305
343
383
448
548
684
831
928
939
885
820
780
752
682
529
312
93
-77
-184
-257
-330
-411
-484
-524
-522
-481
-407
-315
-223
-151
-98
-44
26
103
161
171
132
64
-6
-70
-145
-253
-391
-525
-631
-706
-758
-793
-802
-779
-720
-633
-529
-417
-298
-180
-66
36
128
210
272
311
318
306
293
299
324
356
380
395
423
485
589
715
813
842
796
718
652
611
564
454
273
61
-128
-251
-312
-354
-409
-469
-515
-520
-473
-380
-271
-175
-100
-44
11
79
151
207
219
178
103
22
-48
-110
-195
-323
-464
-584
-656
-683
-693
-699
-698
-669
-606
-511
-397
-286
-179
-79
13
97
168
227
278
317
330
335
345
364
399
432
452
477
536
642
768
858
860
790
696
633
606
556
434
236
18
-164
-277
-341
-395
-460
-527
-569
-573
-530
-447
-338
-224
-125
-42
35
123
218
285
303
264
188
102
10
-96
-229
-383
-536
-666
-769
-844
-887
-893
-860
-796
-708
-602
-478
-336
-194
-63
57
163
254
329
385
422
445
468
491
510
515
512
517
552
629
726
798
798
726
638
581
559
525
420
239
32
-135
-238
-292
-335
-399
-470
-521
-537
-512
-453
-368
-283
-211
-148
-83
-1
97
180
221
212
178
146
119
72
-19
-156
-304
-430
-523
-598
-674
-745
-785
-781
-731
-654
-563
-468
-358
-235
-114
2
110
212
309
401
476
537
591
638
678
700
704
715
756
817
857
826
720
593
508
471
421
298
95
-127
-290
-372
-408
-440
-487
-534
-559
-541
-485
-406
-320
-237
-166
-107
-52
15
93
154
171
136
72
3
-57
-118
-194
-292
-400
-495
-567
-613
-638
-645
-642
-633
-613
-561
-476
-367
-256
-170
-102
-28
67
181
291
372
431
487
560
643
721
784
851
939
1033
1093
1066
961
836
754
708
628
454
200
-53
-238
-349
-426
-509
-605
-684
-723
-711
-654
-566
-464
-356
-260
-175
-88
12
117
200
223
188
116
34
-47
-127
-215
-321
-452
-593
-715
-785
-794
-769
-746
-742
-730
-666
-545
-393
-253
-151
-66
35
163
301
420
500
561
620
680
730
771
819
891
987
1063
1073
1001
893
822
800
780
678
473
232
31
-101
-192
-285
-399
-517
-610
-663
-683
-670
-632
-568
-490
-413
-334
-243
-137
-24
59
87
57
1
-44
-67
-79
-119
-216
-360
-509
-606
-634
-631
-646
-693
-744
-749
-687
-578
-454
-348
-263
-169
-44
112
278
420
528
621
705
786
871
961
1053
1138
1177
1139
1037
920
844
814
761
616
376
122
-59
-156
-219
-310
-435
-558
-633
-649
-621
-577
-532
-489
-443
-387
-311
-215
-110
-23
17
1
-54
-105
-122
-115
-121
-175
-278
-388
-458
-477
-466
-472
-516
-574
-608
-593
-534
-461
-400
-347
-284
-195
-76
60
188
293
384
466
552
647
747
855
962
1042
1063
1016
932
866
844
825
743
576
362
180
66
-8
-93
-214
-349
-464
-534
-562
-566
-556
-539
-514
-479
-429
-359
-269
-171
-98
-77
-97
-111
-87
-34
1
-25
-111
-203
-252
-253
-242
-255
-304
-366
-404
-408
-382
-339
-298
-268
-245
-208
-137
-35
75
167
228
272
321
390
473
551
613
647
647
617
584
573
583
580
520
411
299
221
184
155
92
1
-91
-163
-209
-243
-269
-291
-316
-341
-360
-366
-339
-296
-265
-266
-289
-304
-291
-244
-197
-176
-183
-200
-201
-174
-136
-109
-102
-110
-123
-126
-114
-90
-65
-44
-39
-35
-20
8
41
68
80
82
85
95
116
144
178
212
238
252
260
266
285
313
334
339
325
302
287
282
274
249
210
169
130
90
50
7
-31
-62
-102
-145
-186
-211
-224
-236
-258
-287
-305
-300
-280
-256
-239
-227
-209
-183
-164
-152
-143
-131
-117
-107
-105
-102
-88
-71
-58
-55
-56
-47
-23
0
14
20
26
39
59
77
86
96
105
117
131
141
153
163
176
187
198
211
226
239
246
244
241
237
229
220
208
192
173
152
123
91
57
27
-2
-37
-79
-129
-168
-190
-210
-234
-263
-286
-290
-281
-272
-272
-277
-273
-254
-231
-216
-204
-190
-172
-154
-142
-130
-117
-96
-76
-63
-55
-45
-29
-10
11
32
49
67
91
114
135
155
175
194
211
223
234
248
257
261
261
261
258
259
252
240
230
222
211
203
193
180
163
145
123
99
79
53
24
-7
-39
-76
-114
-151
-188
-224
-262
-301
-340
-374
-401
-413
-417
-418
-414
-405
-389
-366
-337
-306
-272
-239
-206
-167
-129
-92
-60
-31
-2
25
51
77
107
136
164
191
216
238
263
291
320
344
360
372
385
398
412
411
399
384
367
344
316
288
256
225
198
163
121
76
39
9
-24
-57
-93
-127
-153
-174
-198
-223
-250
-277
-305
-332
-359
-386
-409
-429
-444
-455
-461
-453
-441
-426
-409
-389
-360
-324
-280
-233
-183
-132
-77
-23
28
72
117
163
204
235
260
288
316
344
368
380
391
401
413
423
431
430
423
412
394
371
340
308
276
236
195
149
103
58
10
-34
-79
-124
-165
-202
-231
-249
-268
-287
-299
-312
-323
-327
-333
-337
-337
-335
-331
-331
-325
-319
-311
-299
-283
-262
-243
-221
-195
-160
-115
-72
-33
6
49
93
141
189
225
258
293
325
360
390
410
422
431
433
427
417
408
395
376
351
320
286
252
215
175
127
79
35
-7
-50
-93
-140
-178
-212
-238
-264
-289
-308
-325
-344
-357
-364
-362
-355
-347
-336
-323
-307
-285
-266
-244
-222
-200
-175
-152
-129
-103
-76
-49
-25
-2
22
47
71
92
112
131
155
180
205
227
251
278
304
326
336
340
345
343
341
331
313
291
263
239
212
180
143
103
65
27
-2
-32
-68
-101
-136
-169
-194
-213
-228
-246
-260
-272
-282
-289
-294
-292
-291
-286
-278
-266
-253
-237
-219
-203
-182
-158
-134
-109
-82
-52
-20
9
30
47
71
94
116
136
148
160
174
187
201
212
222
235
245
249
253
255
257
258
257
247
231
212
190
169
143
109
75
40
8
-18
-44
-71
-94
-122
-147
-165
-178
-189
-201
-212
-219
-221
-220
-221
-215
-209
-201
-191
-183
-172
-163
-149
-133
-121
-109
-96
-78
-54
-31
-10
10
31
52
75
99
118
133
150
165
175
182
190
194
198
201
200
198
196
190
183
175
163
151
141
128
113
92
72
52
31
7
-20
-47
-73
-97
-120
-142
-166
-193
-212
-225
-236
-246
-257
-260
-256
-250
-242
-229
-215
-198
-180
-157
-137
-122
-105
-85
-67
-53
-42
-29
-17
0
18
35
52
69
89
111
130
152
174
193
213
227
243
254
262
269
274
274
269
261
248
235
223
208
192
173
153
131
103
78
51
24
2
-21
-50
-80
-109
-132
-157
-180
-201
-222
-241
-259
-272
-284
-293
-296
-294
-291
-281
-267
-246
-223
-204
-185
-162
-137
-108
-79
-53
-29
-6
13
31
51
71
91
107
123
138
150
162
175
186
197
208
215
216
215
217
220
221
217
210
202
194
191
184
169
154
138
121
102
82
60
36
11
-17
-43
-68
-95
-118
-141
-163
-183
-201
-216
-224
-232
-241
-242
-243
-241
-236
-229
-218
-207
-195
-180
-166
-147
-133
-114
-92
-69
-45
-25
-6
16
38
62
88
109
128
147
162
180
193
202
211
215
217
211
204
192
175
162
146
127
109
90
73
59
44
30
20
9
2
-1
-7
-10
-19
-27
-35
-44
-57
-71
-86
-101
-118
-137
-152
-164
-176
-188
-197
-201
-199
-193
-190
-183
-171
-158
-139
-121
-104
-87
-69
-50
-33
-18
-5
11
26
41
54
68
82
96
112
128
143
160
179
192
206
218
222
227
224
217
209
192
173
151
124
97
70
39
10
-18
-41
-59
-70
-81
-89
-94
-97
-94
-89
-87
-86
-87
-84
-82
-82
-86
-91
-97
-104
-109
-113
-117
-118
-120
-122
-122
-113
-104
-96
-85
-70
-54
-38
-22
-8
7
21
36
49
62
75
87
96
105
108
109
112
115
118
122
127
129
129
127
125
124
122
117
108
95
84
71
54
33
10
-5
-20
-38
-54
-68
-82
-93
-98
-102
-108
-114
-112
-108
-102
-91
-82
-76
-67
-62
-54
-43
-33
-30
-28
-25
-23
-23
-23
-22
-24
-25
-22
-20
-17
-13
-8
-3
4
9
19
28
37
46
52
56
61
65
70
73
74
75
75
71
66
61
53
43
36
30
20
13
4
-6
-12
-18
-26
-33
-38
-39
-40
-44
-45
-46
-49
-48
-48
-46
-46
-42
-41
-42
-40
-38
-36
-29
-23
-14
-7
-3
1
3
7
16
23
28
29
29
32
30
33
33
32
32
30
31
26
20
19
21
21
19
17
16
16
19
23
24
26
26
27
29
27
25
22
18
15
11
4
-6
-14
-22
-29
-37
-45
-48
-54
-54
-53
-53
-54
-50
-48
-46
-42
-35
-28
-20
-12
-5
0
2
4
7
9
14
17
17
17
15
14
14
18
20
19
16
18
21
22
26
25
27
29
29
29
26
21
20
18
17
12
6
-1
-9
-9
-12
-17
-18
-23
-25
-23
-26
-27
-29
-32
-34
-35
-37
-40
-42
-41
-42
-42
-44
-49
-50
-51
-52
-55
-55
-53
-50
-44
-36
-30
-21
-11
1
13
27
37
48
56
63
75
80
84
85
83
82
78
74
68
64
56
47
44
39
37
35
33
33
33
32
32
33
37
35
35
32
25
21
16
10
3
-6
-13
-23
-29
-39
-47
-56
-64
-66
-69
-72
-71
-70
-66
-65
-62
-57
-55
-50
-47
-42
-39
-37
-36
-35
-35
-32
-30
-29
-25
-18
-13
-7
4
11
20
30
39
49
56
60
65
69
69
67
64
58
53
46
40
30
20
15
7
3
1
0
1
3
5
9
13
18
23
25
25
26
26
24
18
13
3
-10
-21
-34
-43
-52
-61
-67
-72
-78
-80
-80
-76
-72
-68
-59
-52
-45
-34
-26
-18
-11
-7
-2
3
8
13
15
18
22
27
33
36
39
43
46
51
53
55
57
58
59
61
59
54
49
45
39
32
24
16
11
8
5
4
-1
-5
-5
-3
0
6
10
11
14
16
17
15
11
6
1
-6
-16
-28
-41
-52
-62
-72
-78
-85
-90
-89
-87
-84
-78
-69
-61
-50
-40
-26
-16
-7
2
11
21
25
29
32
31
35
35
31
28
24
23
22
22
18
15
16
17
19
18
20
16
16
20
22
24
24
22
26
29
29
29
31
32
33
33
30
24
24
22
19
18
13
11
5
3
-2
-10
-15
-23
-32
-36
-41
-48
-52
-51
-55
-57
-55
-56
-53
-46
-40
-33
-25
-18
-12
-4
5
12
19
21
24
29
29
27
24
19
15
7
2
-4
-10
-18
-23
-27
-30
-33
-34
-33
-31
-28
-24
-17
-13
-7
4
11
17
23
28
33
38
41
44
46
44
40
39
36
32
29
23
18
12
6
4
3
0
-3
-4
-6
-3
-2
-3
0
-2
-3
-2
-3
-1
3
4
7
7
9
11
10
13
10
13
13
10
9
7
4
-2
-6
-10
-18
-21
-23
-30
-34
-39
-44
-44
-46
-49
-50
-53
-51
-49
-50
-44
-38
-32
-25
-21
-16
-10
-7
4
11
15
21
24
23
26
30
30
29
31
32
34
36
36
40
42
43
43
44
45
44
47
50
50
51
51
48
44
43
41
36
33
28
22
22
16
11
7
1
-6
-12
-16
-21
-28
-33
-37
-45
-49
-53
-57
-60
-65
-69
-72
-76
-75
-77
-76
-75
-75
-74
-71
-65
-61
-51
-45
-42
-32
-23
-14
-3
3
11
19
26
39
45
52
59
62
67
70
69
70
71
71
72
73
70
67
64
63
57
51
45
39
39
33
28
24
15
9
4
-4
-11
-20
-23
-28
-32
-32
-35
-37
-38
-37
-40
-42
-45
-45
-45
-48
-48
-50
-51
-50
-52
-49
-50
-52
-51
-49
-47
-45
-43
-39
-33
-28
-23
-17
-14
-4
6
11
18
26
29
37
46
50
54
54
57
61
61
61
61
60
57
54
51
50
41
37
37
30
29
24
15
11
6
0
-4
-9
-14
-20
-21
-25
-32
-35
-35
-36
-36
-35
-38
-36
-33
-31
-28
-25
-21
-21
-19
-15
-15
-13
-13
-10
-10
-11
-10
-10
-9
-9
-11
-13
-10
-7
-4
-1
3
4
3
6
8
13
16
20
24
26
30
29
28
33
35
37
38
35
34
34
33
33
29
25
22
17
15
13
9
6
1
-2
-3
-7
-8
-7
-7
-8
-11
-11
-15
-16
-16
-19
-21
-24
-27
-27
-25
-26
-25
-27
-25
-23
-24
-22
-22
-19
-15
-17
-14
-13
-12
-11
-14
-12
-14
-17
-14
-15
-14
-12
-11
-10
-7
-3
-2
3
6
8
10
11
12
17
20
22
23
22
27
30
31
32
29
27
26
23
20
20
16
15
14
15
15
12
15
14
10
12
8
8
8
5
0
-6
-9
-11
-18
-26
-29
-31
-35
-38
-37
-34
-31
-29
-29
-26
-25
-23
-19
-19
-21
-20
-21
-22
-23
-22
-23
-25
-24
-27
-31
-32
-30
-29
-30
-28
-27
-23
-18
-12
-7
-3
4
10
17
19
23
31
33
37
39
39
40
39
40
41
39
39
34
29
28
26
25
20
14
17
17
17
13
9
9
8
7
5
5
4
4
1
-1
2
4
4
4
5
3
4
6
9
12
11
11
13
13
14
12
7
4
-2
-18
-42
-60
-66
-62
-58
-63
-73
-76
-69
-56
-52
-47
-38
-30
-22
-18
-9
8
26
37
40
37
40
45
46
43
40
36
31
24
17
12
13
9
-4
-17
-27
-35
-39
-37
-34
-27
-17
-10
-7
-2
8
16
20
22
22
25
29
32
32
33
33
32
28
22
16
13
13
15
18
18
20
20
21
26
28
27
21
12
5
1
1
-2
-11
-19
-26
-32
-35
-39
-46
-51
-55
-57
-56
-49
-40
-33
-23
-11
-1
8
17
21
27
30
31
30
30
38
40
37
39
34
25
17
14
5
-2
-5
-12
-18
-19
-18
-12
-10
-9
-6
-6
-5
0
2
8
16
21
25
28
34
41
41
42
39
34
28
21
19
17
15
21
18
13
9
0
-7
-12
-16
-22
-30
-34
-36
-37
-34
-32
-33
-35
-37
-37
-38
-36
-28
-23
-13
-8
-6
1
7
9
11
10
9
8
6
6
3
4
6
8
5
-1
-2
-4
-3
-1
-3
-2
2
5
8
9
10
13
16
17
14
13
13
10
11
11
8
8
6
1
-2
-10
-16
-18
-20
-21
-22
-24
-26
-26
-26
-27
-21
-14
-11
-7
-5
-6
-1
4
6
10
10
9
12
14
15
14
11
8
3
0
-6
-8
-10
-9
-4
-5
-9
-9
-8
-10
-6
-5
-7
-7
-6
-6
-2
5
8
12
12
8
11
9
9
14
15
14
11
3
-1
-1
2
2
2
-1
-7
-10
-10
-9
-3
-4
-6
-8
-13
-12
-11
-8
-3
-1
0
0
1
7
12
19
21
20
19
17
17
15
15
18
13
9
3
-2
-7
-11
-11
-10
-10
-8
-11
-14
-9
-5
-5
-5
-6
-5
-4
-5
-3
1
3
2
1
-3
-8
-7
-6
0
4
4
2
4
4
4
3
5
7
6
5
2
-1
1
9
13
13
13
7
4
2
-1
-2
-3
-6
-11
-12
-13
-8
-6
-6
-4
-8
-11
-8
-4
1
8
12
8
5
7
5
3
6
7
1
-5
-7
-10
-9
-9
-6
-5
-8
-11
-12
-13
-8
-3
1
4
8
9
12
18
20
23
23
20
20
19
18
17
12
11
10
8
4
-2
-3
-4
-5
-10
-13
-13
-14
-13
-13
-11
-10
-10
-6
-7
-9
-10
-11
-12
-10
-9
-7
-7
-7
-5
-5
-3
0
1
2
3
-1
0
1
3
4
1
2
0
-5
-7
-9
-7
-7
-7
-4
-4
-1
2
4
7
10
12
13
14
16
16
18
22
21
19
16
9
5
5
0
-1
-2
-6
-10
-12
-11
-10
-10
-8
-7
-8
-9
-11
-10
-6
-5
-4
-2
-5
-5
-5
-5
-5
-4
-7
-7
-9
-11
-11
-10
-12
-12
-13
-16
-15
-14
-10
-4
-3
-3
-2
2
5
8
13
15
18
21
20
16
14
11
13
12
8
5
3
2
3
4
4
2
0
-2
-6
-7
-7
-4
-4
-4
-5
-6
-5
-4
-3
-2
-1
-2
-4
-3
-1
3
6
5
4
2
2
2
3
3
1
3
2
-1
-4
-7
-7
-7
-9
-13
-14
-16
-17
-14
-10
-7
-8
-6
-4
-3
2
4
8
10
13
19
18
17
21
21
23
21
18
16
16
18
11
6
1
-5
-8
-10
-10
-10
-6
-4
-3
1
1
1
0
0
3
3
7
7
8
11
7
6
4
3
1
-3
-6
-7
-11
-13
-12
-10
-6
-6
-4
-1
0
2
7
8
9
12
8
8
7
3
2
2
1
-5
-8
-8
-11
-8
-9
-10
-5
-5
-7
-5
-5
-1
0
1
2
2
2
2
2
3
1
0
-2
-4
-12
-12
-14
-16
-15
-16
-15
-14
-10
-8
-5
-3
-1
4
5
6
7
3
4
3
6
6
3
-2
-4
-3
-6
-8
-8
-11
-10
-5
1
2
3
8
12
15
14
12
12
13
13
12
12
7
6
1
-4
-6
-7
-7
-9
-11
-11
-13
-9
-3
1
3
7
10
13
13
14
15
13
12
7
4
2
0
-1
-4
-5
-5
-10
-13
-16
-17
-14
-14
-11
-7
-4
-1
3
6
9
11
13
14
15
14
15
11
7
5
2
1
-4
-7
-10
-12
-10
-11
-7
-2
-1
2
6
8
8
8
7
7
8
7
6
5
7
9
8
4
2
-1
-5
-5
-2
-1
4
4
5
9
9
10
7
9
8
7
9
8
3
-1
-4
-7
-9
-10
-10
-9
-10
-9
-9
-8
-7
-6
-1
3
7
9
10
13
14
14
12
11
9
3
3
1
-2
-6
-10
-13
-13
-15
-17
-18
-15
-13
-12
-8
-5
1
6
8
12
15
15
13
13
12
9
5
-1
-6
-9
-12
-11
-13
-17
-18
-18
-19
-20
-16
-13
-7
-1
2
3
4
5
6
6
6
7
7
7
7
5
0
-5
-4
-4
-7
-7
-4
-3
1
7
9
14
17
20
23
23
24
22
19
17
15
14
8
7
2
-3
-2
-2
-4
-5
-7
-7
-5
-3
-1
3
4
4
6
7
6
5
3
3
2
1
-4
-6
-10
-15
-17
-19
-19
-17
-19
-20
-17
-17
-17
-15
-13
-13
-9
-7
-8
-5
-3
-4
-6
-7
-7
-11
-13
-11
-13
-12
-13
-16
-16
-15
-10
-10
-9
-5
-1
1
2
6
10
11
11
11
13
12
11
10
7
5
3
2
3
1
5
5
6
7
5
8
8
7
11
14
16
18
15
13
14
11
7
8
5
2
-1
-5
-8
-10
-11
-13
-14
-13
-12
-7
-5
-4
2
1
4
9
8
9
11
13
11
10
6
2
0
-1
-2
-5
-7
-7
-8
-9
-9
-8
-5
-3
-2
-1
6
6
7
10
8
10
12
15
13
11
11
8
7
5
2
-1
-4
-4
-4
-6
-1
-4
-7
-2
0
-2
-1
-1
-4
-3
-4
-1
-1
-5
-7
-12
-13
-14
-16
-19
-21
-19
-17
-18
-17
-15
-10
-9
-7
-4
0
0
2
2
1
2
2
-2
-4
-7
-9
-10
-12
-13
-14
-14
-15
-14
-13
-11
-9
-9
-5
-1
-1
0
2
6
8
11
12
13
16
15
14
14
14
14
12
12
9
7
7
7
7
8
10
8
7
7
5
7
6
7
10
7
9
8
7
10
8
5
4
4
5
3
5
5
5
6
8
7
8
10
9
12
12
11
10
6
3
0
-1
-3
-8
-11
-13
-14
-18
-18
-17
-17
-13
-12
-12
-8
-5
-1
-3
-1
2
2
1
-1
-1
2
1
-2
-2
-4
-6
-6
-7
-8
-10
-11
-10
-9
-10
-10
-11
-12
-8
-4
-2
0
1
2
6
8
8
10
12
13
13
13
12
11
8
7
6
4
7
6
7
10
11
11
10
9
9
9
9
6
5
4
5
2
0
-1
-3
-4
-5
-8
-8
-10
-9
-5
-3
1
3
3
6
5
6
6
5
5
7
7
7
6
2
3
3
1
-1
-4
-3
-3
-5
-3
-4
-5
-6
-3
-2
-1
1
5
10
11
13
15
12
12
11
8
7
5
5
4
-1
-2
-2
-3
-7
-10
-8
-4
-3
-1
-1
-1
2
-1
-2
-1
-4
-1
2
0
2
3
-2
0
-2
-1
1
-2
0
1
1
3
6
8
7
10
10
6
6
6
5
7
5
6
6
6
4
2
0
-2
-4
-4
-7
-7
-8
-11
-9
-9
-7
-4
-6
-6
-5
-6
-4
-6
-6
-7
-9
-7
-10
-9
-11
-13
-13
-12
-11
-11
-10
-9
-10
-6
-5
-7
-4
-3
-3
1
1
2
2
0
0
0
-2
1
0
0
-1
-1
0
1
2
3
1
4
1
2
4
3
4
6
7
7
9
6
6
8
7
6
3
0
2
1
-1
-2
-3
-3
-3
-5
-5
-2
-3
0
0
0
2
1
4
4
2
3
1
-2
-4
-6
-6
-7
-12
-14
-14
-16
-16
-17
-16
-13
-12
-10
-8
-5
-3
-4
-5
-7
-8
-6
-6
-8
-6
-6
-8
-6
-6
-7
-5
-6
-6
-4
-6
-7
-2
-1
4
9
10
14
15
16
18
20
19
20
20
19
18
14
13
13
13
12
10
11
9
10
9
4
4
3
1
1
2
2
1
0
-2
-2
-1
-7
-9
-9
-14
-15
-16
-16
-17
-18
-16
-16
-14
-13
-13
-13
-15
-15
-13
-14
-13
-8
-8
-7
-5
-2
0
2
6
6
8
11
9
9
8
11
11
12
14
13
15
18
20
23
22
22
23
21
23
16
13
14
11
12
11
8
5
5
2
-2
-3
-7
-6
-4
-5
-3
-4
-6
-4
-3
-3
-3
-3
-7
-7
-7
-10
-12
-13
-13
-13
-13
-11
-12
-10
-10
-10
-10
-11
-7
-9
-11
-8
-11
-11
-8
-8
-7
-6
-2
0
1
1
0
1
3
4
3
3
3
5
7
10
12
13
14
14
14
15
13
14
15
12
15
16
15
14
13
17
15
15
15
12
13
12
9
10
8
10
10
6
4
4
1
0
-2
-4
-4
-6
-8
-9
-9
-12
-15
-14
-14
-18
-17
-17
-17
-18
-21
-22
-23
-22
-21
-22
-18
-17
-16
-14
-13
-9
-11
-10
-7
-5
-2
-2
-3
-2
-1
3
0
0
2
2
1
4
4
5
8
8
11
13
17
14
14
16
13
15
17
15
14
14
15
12
12
12
8
11
10
9
13
14
12
12
14
12
12
12
11
8
7
9
6
4
4
1
-1
-1
-4
-6
-5
-5
-6
-7
-11
-11
-9
-10
-9
-7
-8
-9
-8
-10
-12
-10
-9
-10
-12
-12
-12
-16
-15
-17
-20
-19
-21
-18
-18
-17
-14
-13
-13
-10
-9
-8
-7
-1
3
3
6
8
7
8
10
11
9
12
14
15
13
11
12
12
11
12
12
10
8
9
8
9
7
7
8
6
5
6
3
1
1
-1
-3
-1
1
-1
2
5
2
-1
1
-1
-2
3
2
3
5
4
3
-1
2
3
2
1
2
2
0
-2
-4
-9
-9
-11
-10
-10
-10
-10
-9
-10
-11
-10
-10
-9
-8
-9
-11
-8
-8
-11
-11
-11
-12
-13
-11
-11
-13
-13
-12
-13
-12
-12
-9
-7
-6
-1
-1
0
1
0
1
3
4
6
6
7
5
7
7
7
9
7
10
10
12
14
11
13
14
12
11
11
11
11
12
12
9
10
9
5
5
5
3
1
0
0
-3
-3
-3
-3
-4
-3
-3
-3
-2
0
1
2
1
1
1
3
3
1
-3
-1
-2
-3
-3
-4
0
-3
-4
-2
-5
-8
-5
-3
-3
-3
-2
0
0
0
1
1
-1
0
0
1
2
1
1
1
0
0
1
2
0
0
1
1
0
-1
1
2
0
3
1
-2
0
-1
-2
-1
-1
-3
-2
-1
-4
-3
-3
-4
-2
-1
0
3
3
4
4
8
9
9
10
13
12
14
11
10
9
6
6
5
3
1
-2
-1
0
1
-3
-4
-5
-7
-7
-6
-9
-12
-12
-10
-11
-12
-11
-11
-11
-12
-15
-17
-15
-17
-16
-13
-11
-12
-8
-5
-4
0
-1
0
2
2
2
3
6
5
7
7
5
5
5
8
5
2
4
6
5
6
8
8
9
9
11
12
15
13
14
17
16
13
12
12
13
10
9
7
6
5
2
1
-1
-2
-4
-5
-3
-2
-2
-3
-3
-3
-2
-2
-5
-5
-6
-5
-4
-4
-6
-9
-11
-9
-8
-9
-7
-9
-10
-9
-10
-9
-11
-13
-12
-8
-7
-8
-6
-8
-9
-10
-10
-8
-9
-8
-8
-9
-8
-11
-11
-8
-8
-10
-9
-8
-2
2
1
4
2
3
6
8
11
10
12
11
11
12
12
12
10
12
11
8
4
4
8
7
4
7
8
6
5
5
6
6
4
4
5
3
3
4
4
1
0
1
2
0
-2
-3
-4
-5
-6
-7
-4
-5
-3
-4
-3
-1
-2
-1
-2
0
1
1
0
1
2
1
2
3
-1
2
2
1
4
3
1
0
1
0
-3
-2
0
3
3
1
1
2
2
2
5
1
1
2
3
7
6
3
7
8
7
7
8
7
10
10
6
6
9
6
8
7
6
7
7
8
6
8
8
6
