-1
-3
-4
-6
-6
-5
-4
-4
-4
-2
-1
0
-1
-1
4
6
3
3
3
1
0
1
4
4
6
7
10
10
11
12
9
7
7
4
4
3
1
3
1
-2
-1
-2
-1
-2
-2
-3
-3
-6
-9
-9
-12
-15
-14
-15
-15
-14
-14
-16
-18
-17
-18
-19
-18
-17
-15
-15
-15
-13
-14
-13
-13
-12
-10
-9
-10
-8
-8
-6
-6
-6
-2
-3
-3
-2
-1
-2
-1
3
4
3
2
0
1
1
3
3
5
4
3
3
2
0
-1
0
-1
-1
-2
-4
-4
-3
-3
-5
-3
0
0
0
2
3
3
2
2
2
2
4
6
8
6
7
9
9
7
7
7
8
7
7
9
12
10
10
10
9
7
8
8
6
8
4
0
2
2
0
-3
-2
0
-1
-1
-1
-1
-2
-6
-6
-8
-10
-9
-8
-5
-3
-4
-4
-5
-9
-7
-7
-6
-7
-6
-2
-5
-7
-7
-8
-7
-7
-7
-8
-6
-3
-3
-2
-3
-5
-6
-5
-5
-5
-5
-4
0
-1
2
3
1
1
2
1
3
2
3
2
4
5
6
7
8
9
6
8
9
3
2
3
3
4
5
5
6
7
4
1
0
0
0
-1
-1
2
3
3
2
0
0
2
1
-2
-4
0
1
1
0
-1
-2
0
-2
-5
-3
-5
-4
-2
-1
3
1
0
5
4
2
0
2
3
4
6
4
8
7
4
5
3
3
4
7
9
11
14
16
16
17
16
15
13
13
12
13
15
14
14
13
14
13
8
8
7
6
7
7
9
9
8
7
8
8
3
1
-1
-1
-1
-2
1
0
-2
-2
-4
-3
-4
-5
-5
-5
-5
-5
-5
-5
-4
-5
-6
-3
-7
-8
-6
-6
-7
-5
-3
-4
-4
-5
-4
-1
-2
-2
-2
-4
-2
-3
-1
1
1
3
0
0
2
1
0
-1
1
2
2
2
1
-2
-1
2
0
-2
-3
-4
-5
-5
-7
-8
-7
-9
-9
-9
-11
-9
-11
-11
-10
-8
-7
-6
-7
-6
-6
-6
-6
-5
-5
-5
-5
-2
-3
-2
-2
-1
-1
-2
-1
-2
-3
-3
-5
-5
-3
-2
-5
-4
-3
-5
-5
-5
-6
-4
-3
-2
-2
-1
-1
-1
-3
-4
-5
-5
-4
-5
-3
-2
-1
0
2
0
-1
-1
-1
-3
-2
0
0
-1
0
1
1
3
5
4
1
1
2
1
0
-2
0
-1
0
0
0
1
1
2
0
1
1
2
3
2
3
4
3
1
1
1
1
0
-1
-2
-1
-1
-1
1
0
-1
2
0
3
6
3
4
6
5
5
3
3
3
4
5
5
9
8
9
11
12
12
8
7
8
6
5
7
6
8
8
7
9
9
7
7
9
7
6
9
10
11
12
12
11
8
9
8
6
8
7
7
7
8
8
5
3
3
3
4
4
2
2
3
3
2
-1
-3
-5
-4
-7
-9
-9
-9
-10
-11
-11
-14
-12
-11
-14
-11
-11
-10
-6
-7
-5
-3
-4
-4
-2
1
-1
-2
-5
-5
-3
-4
-5
-3
-4
-3
-1
-2
-3
-2
-2
1
4
2
1
3
4
2
0
3
3
3
5
2
0
2
5
6
6
6
7
6
7
5
3
4
4
6
8
9
6
6
6
5
9
6
7
9
7
9
7
6
6
7
6
5
5
5
4
6
6
3
5
5
2
3
3
4
3
3
5
3
3
2
3
0
0
-1
-3
-4
-4
-4
-1
-2
-5
-5
-5
-3
-3
-6
-6
-5
-1
-2
-1
0
-2
-3
0
-1
-2
-4
-4
-6
-9
-7
-7
-6
-5
-3
-5
-4
-2
-4
-4
0
2
-1
0
3
2
1
2
-1
-2
1
-2
-4
-5
-5
-7
-8
-6
-7
-8
-7
-6
-8
-9
-7
-7
-9
-10
-10
-9
-10
-8
-11
-11
-7
-13
-15
-14
-14
-12
-14
-13
-13
-14
-11
-10
-9
-7
-4
-2
-6
-4
-3
-1
0
0
1
1
1
4
2
1
4
4
4
4
4
2
0
1
0
0
-2
-2
1
0
2
4
1
5
5
6
7
5
5
5
7
9
5
4
3
3
4
4
4
5
6
8
9
9
9
10
10
13
14
12
11
12
12
14
13
11
11
9
9
8
7
5
4
4
3
3
1
0
2
0
1
-1
-1
1
-2
-3
-4
-5
-5
-5
-8
-10
-10
-11
-12
-15
-16
-14
-16
-15
-19
-20
-20
-19
-19
-19
-17
-16
-15
-14
-12
-13
-11
-14
-12
-13
-13
-9
-7
-5
-2
-3
0
2
0
-1
-1
0
1
0
2
2
4
3
2
2
2
1
1
1
-3
-4
-4
-3
-2
-1
-2
-1
0
2
2
0
2
4
2
4
3
3
5
5
5
5
5
3
5
6
5
5
3
3
5
5
6
6
7
8
7
9
7
6
10
9
10
12
10
8
9
9
10
10
9
9
11
11
11
8
6
9
11
7
7
7
6
9
8
7
7
7
6
4
3
0
-1
-1
1
-1
-4
-3
-1
-4
-6
-5
-5
-5
-6
-7
-7
-8
-8
-9
-9
-7
-9
-8
-7
-9
-7
-4
-4
-4
-1
-1
-2
-3
-5
-2
-3
-3
-3
-5
-6
-5
-4
-4
-3
-4
-6
-7
-7
-4
-4
-7
-8
-8
-6
-8
-10
-11
-13
-11
-12
-13
-14
-14
-14
-13
-11
-14
-15
-11
-13
-13
-12
-12
-11
-11
-9
-8
-9
-6
-7
-6
-4
-4
-5
-4
-1
3
2
2
2
6
9
9
10
10
12
13
15
15
16
19
16
17
18
17
19
17
18
17
15
15
15
16
16
13
10
11
11
8
9
9
8
8
6
4
0
0
1
-1
0
3
3
3
0
0
0
1
-1
1
1
-2
-2
-3
-1
-1
-5
-3
-1
-4
-5
-4
-5
-3
-6
-8
-5
-6
-7
-5
-4
-4
-6
-5
-4
-6
-6
-10
-11
-9
-10
-12
-11
-11
-12
-11
-11
-11
-9
-8
-6
-5
-5
-5
-3
0
1
0
1
4
6
1
1
3
3
3
3
4
3
5
6
7
5
3
2
2
0
2
0
2
9
7
9
12
9
10
10
8
8
7
7
9
9
10
10
10
11
11
8
6
10
11
12
11
13
15
16
17
14
11
12
14
13
13
13
12
15
14
13
12
8
8
7
1
0
1
-2
-2
-4
-5
-4
-7
-6
-6
-7
-8
-8
-8
-7
-9
-9
-7
-5
-5
-4
-1
-1
-2
-4
-5
-6
-6
-3
-2
0
1
1
1
-1
1
1
-3
-1
-1
-1
2
0
1
2
0
0
-3
-3
-3
-5
-5
-7
-8
-8
-9
-9
-12
-14
-13
-13
-16
-17
-16
-16
-16
-12
-11
-10
-8
-6
-5
-3
-4
-3
-1
-2
1
0
2
2
1
4
3
2
3
-2
-1
-1
-2
-1
0
1
3
3
3
8
11
11
13
12
12
12
10
11
10
9
7
5
1
3
2
0
1
1
3
2
0
0
-1
0
2
3
4
4
6
5
7
9
10
9
9
8
8
7
5
6
5
4
2
1
0
0
1
-3
-5
-6
-5
-6
-10
-10
-8
-6
-5
-6
-4
-4
-2
-3
-4
-3
-6
-6
-9
-9
-7
-9
-9
-10
-8
-6
-11
-8
-3
-4
-8
-9
-7
-7
-8
-4
-3
-2
-2
-1
0
1
0
0
-1
-4
-4
-4
-5
-6
-9
-8
-7
-7
-8
-7
-7
-10
-8
-7
-7
-5
-5
-1
-1
1
3
1
1
4
4
2
2
6
6
5
6
5
9
10
9
10
9
6
9
10
8
10
10
9
9
12
14
13
13
15
14
15
13
14
14
11
14
14
11
11
12
10
6
7
10
10
6
7
7
3
3
3
3
4
5
5
4
6
6
7
3
1
2
-1
-2
1
1
1
2
4
4
3
2
2
0
-2
-2
-2
-4
-5
-3
-3
-5
-5
-6
-7
-8
-8
-7
-9
-11
-9
-12
-14
-14
-14
-13
-18
-17
-15
-16
-17
-17
-16
-17
-19
-19
-19
-19
-17
-15
-12
-11
-10
-8
-9
-8
-11
-11
-10
-11
-8
-7
-9
-6
-6
-3
-1
-2
-3
-3
-4
-4
-4
-2
0
-2
3
2
2
4
3
5
6
5
6
6
4
5
4
4
4
5
7
6
6
3
5
7
5
5
4
5
5
5
5
6
5
5
5
4
8
10
8
8
6
8
8
11
9
9
9
7
9
8
8
9
7
9
8
6
8
9
9
10
11
10
9
10
12
8
5
7
6
2
2
2
1
1
-1
1
-1
0
2
4
2
-1
0
0
0
-1
-1
-1
-3
-3
-3
-3
-4
-8
-8
-7
-7
-6
-8
-11
-11
-11
-12
-12
-10
-10
-10
-10
-10
-12
-14
-11
-11
-14
-15
-14
-11
-9
-8
-6
-5
-5
-6
-5
-5
-6
-8
-7
-5
-6
-4
-4
-4
-5
-4
-5
-5
-6
-9
-7
-8
-8
-6
-4
-2
-3
-2
-2
-1
0
0
-1
0
-2
-1
2
2
2
2
2
4
5
7
8
13
13
10
12
14
12
12
11
11
9
13
16
14
16
16
16
16
16
16
17
16
16
17
17
17
18
13
10
11
10
10
10
9
9
10
9
12
13
15
13
14
17
13
12
12
11
11
10
10
10
7
7
6
7
7
3
2
0
-2
-3
-5
-5
-6
-7
-8
-10
-12
-11
-11
-15
-13
-13
-16
-14
-15
-18
-18
-18
-20
-18
-17
-16
-16
-16
-14
-12
-13
-12
-10
-10
-9
-8
-8
-8
-7
-7
-7
-4
-4
-5
-1
-1
-1
0
0
2
1
0
1
-1
-2
-4
-4
-3
-6
-7
-6
-9
-4
-3
-3
-1
2
3
3
2
0
3
4
4
6
8
7
9
11
8
8
9
10
13
11
11
11
10
11
11
9
9
10
9
9
7
7
7
6
5
4
3
3
1
1
3
3
4
3
5
3
1
3
1
0
0
-1
0
0
-2
0
-3
-3
-3
-3
-4
-5
-4
-4
-4
-5
-6
-6
-6
-7
-11
-10
-11
-14
-14
-14
-16
-18
-17
-17
-17
-14
-13
-15
-15
-14
-14
-15
-12
-11
-13
-13
-11
-11
-10
-8
-9
-10
-11
-10
-6
-7
-8
-8
-10
-10
-8
-10
-11
-12
-12
-12
-11
-11
-10
-9
-10
-10
-10
-8
-8
-5
-7
-6
-5
-6
-5
-6
-3
-3
-2
0
0
3
5
4
6
6
4
6
9
11
12
14
14
16
18
16
15
15
14
13
13
13
12
14
14
11
12
15
15
15
15
15
17
18
18
16
17
17
19
20
18
19
18
19
17
14
10
6
1
1
-3
-6
-6
-11
-13
-15
-14
-15
-17
-16
-19
-19
-19
-20
-22
-21
-19
-20
-22
-21
-20
-18
-16
-15
-13
-12
-10
-8
-7
-5
-3
-2
-1
1
3
5
6
8
10
15
16
14
15
16
16
18
17
17
17
15
13
12
14
12
11
10
6
5
5
4
6
6
7
10
10
10
11
9
8
6
3
1
-1
-4
-8
-9
-13
-17
-17
-20
-21
-22
-27
-27
-27
-25
-28
-29
-29
-29
-26
-25
-23
-21
-15
-10
-7
-5
-2
4
6
7
11
15
19
25
30
36
37
41
42
44
44
45
46
49
51
53
54
54
53
51
48
44
42
37
37
34
28
26
20
16
14
9
7
3
1
-3
-5
-7
-12
-15
-20
-24
-29
-31
-33
-33
-34
-35
-37
-39
-41
-44
-45
-44
-46
-50
-51
-52
-54
-55
-55
-56
-58
-55
-52
-50
-48
-43
-42
-37
-30
-26
-17
-10
-2
8
16
24
31
40
48
57
63
69
76
83
91
97
104
108
110
110
110
111
109
103
101
97
93
88
81
77
68
58
49
37
29
18
8
-1
-14
-26
-36
-47
-58
-67
-80
-88
-95
-104
-109
-116
-123
-128
-135
-140
-141
-142
-146
-147
-144
-141
-135
-133
-129
-125
-121
-114
-108
-100
-90
-80
-69
-56
-46
-34
-19
-6
11
28
43
60
76
92
109
123
141
159
174
187
202
216
228
234
242
247
247
249
246
242
237
230
221
208
190
173
153
132
109
83
55
30
2
-26
-52
-80
-107
-132
-159
-185
-208
-230
-250
-268
-287
-302
-315
-329
-336
-343
-349
-349
-348
-345
-341
-331
-321
-310
-294
-279
-260
-237
-217
-193
-164
-137
-110
-78
-48
-19
11
42
75
106
139
170
200
229
257
285
309
333
355
376
396
415
430
441
452
457
457
456
449
440
427
412
394
370
342
308
271
231
189
143
96
48
-2
-53
-102
-153
-202
-251
-297
-342
-385
-421
-457
-487
-515
-538
-555
-568
-578
-583
-579
-577
-567
-551
-533
-508
-483
-452
-419
-384
-341
-297
-251
-203
-156
-104
-53
-4
47
97
148
199
249
296
344
389
427
469
508
541
571
601
625
646
663
672
679
683
679
669
653
634
610
577
543
502
455
405
350
292
229
161
93
23
-49
-118
-187
-256
-324
-390
-452
-509
-563
-614
-657
-694
-724
-749
-766
-781
-790
-792
-786
-775
-756
-732
-703
-665
-622
-576
-523
-470
-412
-349
-287
-223
-152
-81
-12
58
125
192
256
321
382
438
494
549
596
640
683
721
752
779
801
821
831
837
839
831
820
804
782
752
716
675
625
572
514
449
382
306
229
152
70
-14
-96
-178
-257
-336
-410
-480
-548
-611
-669
-720
-766
-805
-835
-860
-878
-887
-891
-890
-883
-869
-846
-819
-783
-742
-695
-643
-589
-529
-464
-398
-328
-256
-183
-110
-35
40
113
186
255
321
385
447
508
564
616
664
709
752
788
822
848
871
892
903
908
912
906
896
882
854
821
783
739
689
629
561
487
410
330
244
152
60
-33
-126
-218
-311
-402
-485
-566
-643
-710
-771
-827
-877
-917
-949
-973
-990
-999
-1002
-996
-983
-966
-938
-906
-866
-820
-770
-713
-652
-586
-520
-451
-377
-303
-227
-150
-75
4
81
159
232
301
367
432
493
551
606
658
709
755
798
840
874
903
928
948
964
974
975
973
965
947
923
894
852
805
750
684
614
538
454
364
269
174
77
-22
-121
-221
-316
-410
-500
-586
-670
-742
-807
-867
-920
-962
-997
-1024
-1046
-1062
-1068
-1064
-1055
-1039
-1011
-976
-938
-891
-841
-786
-727
-666
-600
-529
-456
-379
-301
-226
-150
-75
-1
64
128
196
259
319
378
434
491
544
590
637
681
721
760
797
830
863
893
919
940
956
963
962
957
944
921
894
859
816
765
706
635
558
473
384
293
195
97
-1
-99
-192
-287
-377
-466
-551
-630
-701
-767
-826
-873
-912
-945
-969
-987
-998
-1004
-1008
-1001
-986
-967
-934
-898
-859
-811
-765
-714
-658
-600
-540
-478
-414
-346
-277
-211
-144
-77
-15
46
101
153
207
259
311
359
403
447
490
529
569
609
646
686
720
757
793
827
859
890
911
929
943
949
949
942
924
904
875
835
787
727
658
584
500
411
316
221
126
30
-65
-160
-256
-349
-435
-520
-595
-664
-728
-780
-824
-858
-886
-907
-919
-927
-932
-929
-918
-905
-883
-855
-820
-779
-736
-688
-638
-588
-535
-481
-424
-363
-299
-236
-171
-107
-47
11
67
119
171
219
263
311
354
398
442
479
515
551
583
613
644
676
708
739
772
807
836
859
881
895
902
902
894
883
864
837
802
755
698
631
557
472
383
285
187
89
-14
-110
-209
-307
-401
-493
-579
-661
-736
-799
-855
-900
-936
-964
-985
-998
-1002
-1004
-1000
-988
-970
-941
-906
-865
-820
-771
-716
-660
-605
-547
-485
-423
-358
-293
-227
-159
-93
-30
31
88
142
192
238
288
334
374
415
454
489
523
555
585
614
642
670
700
730
760
789
817
841
864
880
890
894
889
882
869
848
816
774
723
665
597
518
431
339
244
149
48
-52
-150
-251
-347
-438
-528
-614
-692
-764
-824
-877
-923
-961
-987
-1006
-1017
-1022
-1023
-1017
-1005
-986
-960
-929
-891
-849
-800
-747
-696
-640
-583
-524
-460
-395
-329
-262
-194
-127
-61
0
58
112
164
214
261
304
346
385
422
457
488
515
541
564
589
612
633
656
675
696
719
735
747
755
759
756
749
736
717
690
657
618
570
511
446
374
293
211
128
37
-49
-138
-226
-308
-390
-470
-544
-613
-673
-728
-777
-816
-849
-872
-887
-898
-901
-898
-888
-875
-854
-829
-797
-757
-715
-664
-612
-560
-501
-446
-388
-319
-258
-195
-128
-64
0
64
122
178
230
277
321
362
400
433
463
492
518
542
561
577
590
603
614
621
633
643
651
663
673
678
685
686
687
685
675
661
645
622
594
561
520
474
420
366
306
238
170
101
29
-46
-118
-186
-255
-320
-383
-439
-493
-543
-585
-624
-653
-678
-697
-709
-716
-717
-712
-704
-691
-674
-651
-625
-594
-560
-521
-477
-431
-389
-338
-285
-236
-184
-131
-79
-26
27
80
125
173
219
259
296
330
362
394
422
446
469
488
505
523
536
546
556
566
572
579
584
590
596
598
599
600
595
589
581
566
550
531
504
476
442
402
360
311
260
209
151
88
26
-35
-99
-164
-223
-283
-342
-395
-448
-494
-541
-584
-618
-647
-673
-694
-707
-715
-721
-717
-711
-699
-682
-662
-635
-602
-569
-533
-491
-446
-401
-349
-297
-249
-193
-140
-88
-33
17
69
120
167
211
257
294
329
363
392
417
440
461
476
486
498
509
515
520
522
524
524
522
519
518
513
510
506
497
487
475
459
441
421
397
370
339
308
276
240
197
153
105
57
5
-48
-102
-155
-206
-255
-304
-353
-399
-438
-478
-512
-544
-570
-589
-602
-611
-617
-618
-613
-604
-592
-575
-555
-534
-508
-477
-442
-405
-364
-324
-283
-240
-196
-152
-109
-64
-19
22
63
102
140
176
208
237
262
288
311
329
344
358
370
378
382
386
389
388
385
381
380
376
373
367
357
352
347
340
330
323
312
297
283
263
243
221
192
168
138
104
64
23
-18
-60
-104
-149
-196
-242
-284
-324
-362
-400
-435
-465
-492
-517
-538
-553
-564
-572
-572
-570
-563
-553
-538
-520
-501
-476
-448
-420
-387
-353
-317
-280
-237
-196
-156
-115
-71
-27
13
56
96
135
173
207
243
274
297
322
344
360
377
390
399
406
410
412
413
413
411
407
402
396
391
383
373
367
358
346
335
322
309
295
277
260
237
213
189
159
131
105
71
34
-3
-39
-76
-112
-144
-180
-219
-251
-281
-309
-331
-353
-370
-383
-397
-405
-407
-406
-404
-398
-386
-375
-358
-339
-320
-296
-271
-242
-214
-185
-152
-120
-88
-51
-17
17
49
81
115
141
163
188
212
227
244
261
271
279
288
295
296
296
294
292
287
279
274
266
257
251
245
238
228
221
215
206
197
189
182
171
163
154
140
126
114
99
80
62
38
15
-8
-31
-55
-81
-107
-135
-162
-188
-212
-236
-257
-278
-296
-311
-324
-335
-339
-343
-347
-347
-344
-340
-336
-324
-310
-294
-275
-255
-236
-212
-188
-166
-141
-115
-90
-64
-36
-8
16
40
61
85
108
123
142
157
170
181
193
204
210
215
218
222
224
223
223
221
220
220
216
209
205
199
191
186
178
167
156
145
132
119
106
91
76
60
40
23
5
-18
-40
-59
-80
-101
-126
-148
-170
-189
-207
-222
-236
-250
-262
-273
-281
-286
-293
-294
-295
-295
-290
-281
-271
-261
-249
-237
-223
-204
-187
-169
-150
-128
-106
-87
-66
-43
-23
-2
17
35
52
67
86
106
120
134
147
157
167
174
185
192
196
201
205
209
213
214
212
212
208
206
202
197
193
184
178
169
159
151
137
126
113
99
84
68
52
37
22
6
-10
-25
-42
-58
-70
-86
-102
-115
-127
-140
-149
-157
-166
-173
-178
-183
-188
-193
-193
-192
-190
-187
-181
-174
-166
-156
-148
-136
-123
-109
-96
-82
-68
-54
-40
-23
-6
5
18
33
46
61
73
85
96
107
117
127
136
145
151
156
160
164
167
170
170
173
175
173
170
169
164
158
157
148
142
135
125
118
109
100
92
81
70
60
52
42
31
21
12
4
-2
-11
-20
-26
-34
-43
-47
-57
-64
-72
-80
-86
-92
-97
-104
-108
-110
-114
-114
-114
-113
-114
-114
-110
-106
-102
-95
-87
-80
-71
-63
-54
-45
-40
-30
-23
-17
-13
-6
2
9
16
23
27
31
37
45
51
59
62
67
75
79
83
89
89
90
93
94
96
95
93
91
88
84
80
74
65
57
50
41
32
27
21
19
14
12
8
1
-4
-7
-13
-18
-20
-23
-26
-26
-27
-29
-35
-41
-46
-50
-56
-59
-63
-70
-74
-76
-79
-80
-81
-77
-77
-79
-77
-76
-78
-77
-74
-75
-78
-77
-76
-78
-77
-76
-78
-80
-78
-77
-77
-77
-76
-72
-69
-62
-59
-52
-41
-33
-29
-24
-19
-15
-9
-1
2
7
11
11
12
7
-2
-9
-21
-31
-33
-33
-31
-29
-28
-27
-23
-22
-24
-23
-25
-25
-20
-19
-19
-15
-14
-15
-12
-13
-19
-25
-30
-31
-31
-30
-28
-27
-25
-25
-25
-23
-23
-27
-23
-16
-8
1
3
5
4
5
4
-2
-10
-22
-40
-58
-78
-99
-114
-122
-122
-116
-110
-103
-97
-91
-85
-79
-69
-57
-44
-26
-7
9
21
29
40
50
59
69
78
83
84
86
85
83
83
81
71
61
52
44
42
46
53
63
74
88
103
116
124
132
140
144
149
152
151
150
149
149
146
142
133
128
124
115
107
94
74
61
49
35
28
15
0
-13
-22
-30
-35
-39
-41
-44
-46
-43
-41
-37
-34
-33
-33
-28
-21
-15
-14
-9
-2
8
20
26
30
33
40
48
50
42
22
1
-8
-5
-1
0
3
12
29
50
70
87
100
114
139
165
184
193
198
202
207
214
221
224
216
203
187
169
156
141
120
95
70
46
28
5
-20
-48
-69
-76
-82
-86
-94
-106
-113
-118
-117
-113
-113
-116
-119
-117
-115
-115
-112
-114
-114
-110
-106
-102
-98
-98
-94
-87
-81
-74
-69
-64
-54
-50
-44
-40
-32
-28
-23
-13
-6
0
8
13
17
27
39
52
62
74
92
108
123
140
153
167
187
204
217
226
231
234
238
235
231
221
209
196
179
160
138
110
82
50
19
-14
-49
-86
-116
-147
-180
-206
-231
-250
-267
-280
-293
-305
-314
-320
-317
-316
-316
-311
-307
-297
-287
-281
-275
-270
-263
-249
-230
-211
-188
-165
-144
-121
-100
-84
-69
-49
-32
-12
11
31
50
75
100
124
148
173
194
213
230
249
273
294
316
342
365
392
418
439
457
469
477
486
489
484
471
451
425
397
358
316
269
213
156
97
35
-33
-103
-174
-240
-304
-366
-422
-475
-529
-575
-611
-640
-658
-671
-672
-665
-652
-629
-604
-576
-547
-512
-467
-421
-380
-338
-297
-253
-208
-160
-113
-67
-26
16
56
88
103
107
117
132
152
175
197
217
240
268
300
334
362
390
428
470
514
554
585
615
644
677
707
724
731
722
703
673
630
575
512
442
365
279
181
72
-44
-169
-287
-404
-515
-621
-722
-811
-894
-963
-1019
-1058
-1079
-1090
-1084
-1063
-1029
-983
-927
-862
-783
-697
-605
-512
-420
-334
-245
-162
-90
-21
45
106
161
213
261
300
332
355
369
383
398
419
442
470
500
527
561
599
642
690
741
795
846
885
910
913
897
880
863
842
809
761
693
606
501
386
265
146
35
-74
-187
-308
-438
-558
-661
-745
-817
-875
-926
-971
-1004
-1026
-1038
-1035
-1019
-981
-938
-892
-845
-802
-754
-697
-638
-579
-522
-469
-420
-371
-322
-274
-221
-170
-121
-78
-34
7
51
101
147
195
243
293
346
401
462
525
599
678
754
834
914
994
1079
1164
1237
1287
1310
1314
1298
1267
1223
1167
1096
998
877
732
569
399
227
66
-94
-257
-427
-600
-762
-912
-1039
-1134
-1201
-1243
-1267
-1281
-1281
-1266
-1230
-1164
-1076
-979
-878
-779
-692
-613
-541
-469
-397
-322
-253
-197
-165
-154
-152
-148
-143
-139
-143
-152
-164
-177
-187
-191
-187
-166
-133
-91
-42
11
77
158
252
357
474
600
734
875
1017
1161
1304
1443
1567
1649
1693
1708
1701
1675
1626
1547
1439
1298
1125
919
691
457
230
7
-213
-433
-663
-884
-1081
-1250
-1384
-1475
-1528
-1549
-1550
-1535
-1499
-1435
-1329
-1191
-1035
-875
-722
-579
-445
-322
-216
-119
-34
40
89
111
110
94
69
40
3
-42
-97
-166
-236
-302
-360
-404
-430
-438
-435
-416
-383
-337
-274
-189
-81
43
182
335
492
652
819
989
1159
1336
1514
1682
1827
1922
1966
1967
1935
1875
1786
1666
1519
1338
1116
856
559
249
-44
-325
-589
-843
-1094
-1329
-1538
-1717
-1849
-1923
-1936
-1897
-1823
-1720
-1597
-1452
-1274
-1066
-835
-594
-355
-127
69
232
364
462
531
566
569
538
480
398
287
166
35
-99
-236
-373
-496
-604
-695
-759
-805
-828
-816
-780
-713
-622
-505
-358
-192
-13
173
365
563
764
972
1177
1373
1565
1752
1919
2059
2151
2175
2139
2065
1959
1816
1643
1449
1227
973
680
353
18
-299
-589
-857
-1101
-1331
-1541
-1720
-1862
-1952
-1985
-1953
-1862
-1734
-1582
-1416
-1233
-1033
-807
-566
-327
-89
131
317
458
554
603
610
585
520
417
286
138
-19
-187
-351
-510
-657
-786
-897
-988
-1051
-1080
-1081
-1055
-994
-902
-780
-627
-455
-267
-69
143
362
586
805
1015
1216
1406
1587
1755
1917
2075
2213
2308
2321
2251
2120
1958
1766
1548
1320
1083
826
539
210
-145
-485
-776
-1017
-1222
-1403
-1569
-1711
-1824
-1895
-1916
-1863
-1731
-1550
-1345
-1146
-959
-774
-570
-340
-105
131
349
527
641
682
661
593
496
381
245
83
-98
-292
-498
-697
-877
-1020
-1120
-1190
-1231
-1247
-1237
-1196
-1122
-1012
-858
-667
-451
-227
-5
215
437
662
878
1086
1287
1473
1642
1790
1921
2042
2161
2260
2307
2266
2140
1958
1743
1506
1261
1017
776
525
237
-95
-443
-756
-1005
-1196
-1348
-1482
-1606
-1707
-1778
-1811
-1786
-1680
-1499
-1281
-1062
-871
-697
-519
-319
-100
121
321
488
607
660
641
559
440
304
148
-34
-246
-463
-677
-875
-1041
-1172
-1265
-1322
-1340
-1334
-1298
-1230
-1128
-988
-818
-619
-400
-172
49
259
466
669
874
1069
1251
1414
1557
1680
1775
1855
1940
2036
2132
2193
2174
2055
1866
1644
1401
1148
911
697
488
253
-35
-365
-690
-953
-1142
-1277
-1382
-1474
-1551
-1612
-1658
-1669
-1615
-1474
-1257
-1013
-784
-602
-452
-300
-127
64
255
433
582
662
663
585
447
278
102
-85
-285
-484
-684
-884
-1055
-1183
-1266
-1301
-1287
-1238
-1162
-1056
-925
-777
-611
-421
-207
18
235
436
623
806
989
1154
1297
1416
1513
1595
1663
1720
1773
1849
1945
2020
2025
1931
1749
1527
1293
1048
808
586
381
167
-84
-377
-676
-926
-1103
-1215
-1294
-1366
-1432
-1488
-1528
-1534
-1488
-1373
-1185
-962
-748
-568
-425
-298
-156
6
175
334
461
534
541
476
347
179
8
-158
-337
-539
-748
-946
-1115
-1229
-1281
-1274
-1217
-1129
-1025
-918
-803
-669
-514
-341
-145
57
243
403
528
627
729
838
948
1058
1159
1234
1285
1325
1362
1418
1514
1650
1801
1914
1926
1814
1602
1351
1107
887
706
553
385
168
-110
-424
-725
-951
-1084
-1147
-1169
-1196
-1255
-1334
-1400
-1412
-1339
-1172
-954
-737
-544
-390
-274
-169
-55
85
251
416
529
546
457
286
74
-146
-354
-545
-722
-880
-1028
-1166
-1276
-1318
-1278
-1164
-1001
-821
-648
-487
-340
-210
-89
34
164
296
414
495
529
539
545
575
632
699
769
845
927
1019
1125
1261
1447
1682
1928
2094
2077
1864
1555
1258
1018
830
638
398
121
-173
-481
-784
-1036
-1182
-1201
-1131
-1064
-1067
-1119
-1147
-1077
-901
-674
-460
-302
-196
-119
-72
-52
-25
24
80
109
74
-34
-181
-335
-492
-665
-844
-1011
-1142
-1216
-1232
-1195
-1102
-959
-776
-570
-358
-149
46
209
322
364
341
276
186
96
19
-42
-94
-139
-159
-127
-23
151
362
594
843
1116
1405
1692
1966
2242
2540
2797
2868
2626
2081
1412
810
361
13
-347
-760
-1178
-1519
-1732
-1810
-1738
-1511
-1168
-803
-527
-375
-282
-143
83
340
520
548
425
204
-49
-282
-472
-608
-693
-758
-832
-910
-964
-965
-914
-834
-758
-708
-671
-632
-585
-527
-454
-364
-271
-194
-144
-113
-70
-19
7
-24
-111
-226
-333
-398
-424
-420
-387
-327
-251
-163
-37
161
435
748
1049
1308
1521
1712
1894
2062
2219
2383
2546
2632
2502
2040
1323
566
-28
-396
-625
-848
-1113
-1367
-1523
-1542
-1419
-1168
-813
-404
-56
131
154
104
88
147
225
219
78
-171
-449
-680
-840
-921
-910
-823
-696
-570
-475
-403
-328
-257
-212
-210
-260
-354
-463
-571
-658
-698
-681
-621
-549
-481
-407
-303
-174
-60
0
-7
-52
-97
-123
-137
-138
-121
-88
-38
21
96
229
442
707
973
1194
1380
1553
1726
1892
2049
2217
2406
2553
2497
2083
1349
520
-151
-559
-772
-942
-1155
-1367
-1498
-1493
-1348
-1084
-704
-264
126
352
363
236
96
32
14
-44
-211
-481
-782
-1033
-1184
-1213
-1117
-918
-657
-396
-195
-68
-19
-21
-38
-68
-131
-250
-425
-636
-826
-941
-955
-875
-742
-600
-454
-296
-135
14
118
157
147
112
66
12
-43
-81
-88
-63
-12
58
176
360
585
818
1024
1200
1372
1548
1719
1885
2061
2273
2486
2540
2248
1574
713
-42
-523
-736
-843
-989
-1164
-1287
-1294
-1160
-913
-578
-178
202
437
443
239
-36
-240
-326
-362
-459
-664
-929
-1156
-1261
-1227
-1067
-800
-463
-121
155
302
311
231
127
33
-86
-271
-519
-778
-978
-1063
-1020
-884
-698
-496
-295
-100
87
246
333
343
282
168
30
-106
-213
-278
-302
-291
-260
-202
-94
90
350
637
897
1099
1262
1415
1578
1756
1958
2192
2428
2557
2389
1814
956
91
-528
-817
-899
-953
-1076
-1209
-1243
-1133
-878
-522
-121
256
509
549
359
31
-272
-453
-529
-601
-765
-1010
-1242
-1364
-1312
-1104
-781
-392
-3
316
515
574
506
351
140
-117
-417
-734
-1013
-1199
-1255
-1187
-1026
-810
-568
-310
-47
194
368
439
395
251
45
-176
-365
-499
-562
-564
-530
-458
-347
-174
84
417
773
1086
1320
1489
1623
1749
1876
2008
2173
2371
2524
2455
1996
1171
228
-519
-896
-957
-913
-929
-1015
-1071
-1005
-795
-478
-112
247
516
591
411
35
-379
-679
-813
-856
-927
-1078
-1255
-1359
-1322
-1113
-772
-347
109
507
764
821
677
397
86
-193
-426
-636
-854
-1061
-1218
-1271
-1189
-982
-676
-335
-26
200
325
347
291
183
38
-134
-317
-484
-612
-678
-669
-577
-398
-154
131
428
730
1010
1248
1434
1571
1680
1780
1870
1980
2135
2323
2460
2354
1849
996
57
-664
-1009
-1049
-992
-995
-1054
-1072
-975
-753
-440
-78
280
541
588
368
-45
-475
-769
-887
-911
-958
-1068
-1189
-1225
-1113
-854
-477
-37
402
761
956
922
665
278
-118
-438
-679
-896
-1124
-1329
-1425
-1349
-1107
-763
-403
-81
173
341
409
367
229
28
-194
-410
-597
-730
-783
-732
-582
-367
-124
129
409
718
1025
1279
1444
1530
1572
1618
1676
1737
1827
1979
2184
2325
2178
1605
713
-207
-856
-1124
-1133
-1077
-1068
-1080
-1037
-888
-645
-341
-7
315
519
496
217
-225
-649
-907
-983
-977
-991
-1049
-1097
-1050
-866
-567
-196
208
590
871
957
786
391
-88
-500
-783
-971
-1137
-1306
-1412
-1375
-1172
-844
-479
-140
139
344
450
431
291
77
-156
-361
-517
-637
-710
-705
-608
-419
-166
107
382
664
941
1176
1328
1392
1407
1425
1478
1556
1638
1760
1959
2208
2348
2147
1497
568
-321
-894
-1081
-1049
-990
-980
-986
-920
-745
-474
-151
196
499
639
528
166
-321
-741
-956
-983
-942
-944
-1005
-1043
-966
-737
-385
27
434
778
976
940
638
143
-374
-766
-1011
-1180
-1338
-1477
-1509
-1360
-1048
-657
-275
43
290
455
504
414
205
-63
-316
-511
-655
-753
-789
-737
-579
-343
-70
200
466
738
1007
1225
1358
1407
1415
1435
1489
1567
1680
1858
2101
2297
2216
1705
837
-102
-785
-1070
-1053
-953
-901
-887
-837
-687
-444
-146
172
459
623
565
256
-212
-661
-945
-1036
-1011
-984
-1004
-1028
-972
-773
-441
-47
321
612
795
832
691
346
-146
-648
-1031
-1257
-1388
-1478
-1520
-1440
-1179
-776
-339
45
328
514
605
568
386
100
-215
-479
-656
-762
-817
-798
-680
-447
-131
207
520
794
1025
1203
1313
1355
1359
1366
1400
1456
1535
1661
1868
2112
2218
1970
1314
424
-391
-882
-1023
-967
-881
-830
-778
-666
-479
-244
13
273
484
545
370
-29
-527
-943
-1161
-1191
-1136
-1090
-1073
-1022
-872
-608
-272
67
363
604
744
723
484
38
-494
-939
-1201
-1307
-1342
-1368
-1349
-1198
-891
-472
-49
285
496
586
558
413
159
-143
-414
-606
-701
-737
-734
-668
-514
-259
67
404
704
951
1141
1277
1359
1396
1408
1415
1430
1478
1591
1787
2023
2151
1977
1413
586
-229
-783
-974
-927
-822
-753
-710
-627
-461
-231
21
270
466
531
385
16
-470
-910
-1177
-1240
-1178
-1100
-1038
-962
-827
-603
-308
11
310
551
698
696
494
91
-422
-888
-1181
-1293
-1304
-1298
-1276
-1169
-917
-543
-136
211
433
527
515
388
160
-123
-398
-591
-679
-689
-650
-568
-424
-204
78
388
681
934
1132
1262
1325
1330
1313
1318
1360
1449
1597
1808
2040
2165
1996
1453
644
-168
-724
-935
-904
-808
-748
-705
-612
-430
-183
71
297
457
494
332
-33
-516
-957
-1223
-1293
-1237
-1166
-1128
-1073
-929
-686
-370
-44
234
448
582
604
470
172
-256
-707
-1064
-1278
-1371
-1381
-1316
-1147
-858
-475
-75
274
521
653
669
559
338
38
-274
-529
-691
-758
-739
-650
-492
-265
16
315
603
857
1059
1197
1282
1334
1370
1397
1422
1472
1585
1785
2018
2143
1968
1420
628
-157
-699
-904
-861
-734
-623
-542
-461
-341
-184
-3
187
344
385
228
-135
-609
-1030
-1271
-1315
-1226
-1102
-1002
-910
-786
-606
-373
-115
136
360
512
536
411
133
-256
-676
-1026
-1248
-1337
-1315
-1198
-997
-722
-393
-50
256
479
603
618
517
312
23
-303
-587
-771
-837
-795
-667
-478
-241
34
328
613
865
1057
1182
1261
1311
1353
1402
1461
1563
1736
1965
2159
2141
1780
1103
315
-342
-715
-807
-751
-662
-584
-494
-366
-193
-4
168
292
322
211
-64
-454
-843
-1124
-1251
-1250
-1189
-1116
-1032
-914
-737
-504
-252
-3
224
396
480
442
284
31
-280
-616
-934
-1187
-1332
-1334
-1183
-897
-544
-189
122
354
492
540
500
373
177
-74
-353
-614
-808
-879
-807
-612
-339
-49
224
471
700
902
1060
1172
1246
1303
1362
1424
1507
1635
1827
2040
2138
1954
1422
664
-66
-549
-719
-683
-602
-551
-518
-444
-311
-153
-5
108
169
147
-4
-293
-660
-985
-1178
-1223
-1173
-1103
-1035
-944
-797
-594
-361
-123
103
304
458
520
421
144
-269
-719
-1086
-1291
-1319
-1198
-985
-732
-474
-220
16
221
381
473
468
350
134
-140
-415
-626
-730
-724
-613
-432
-223
-5
210
433
656
873
1065
1215
1322
1383
1418
1460
1555
1731
1965
2134
2059
1633
921
138
-454
-714
-700
-578
-487
-454
-424
-332
-165
25
194
293
281
123
-194
-599
-961
-1166
-1190
-1102
-1016
-979
-961
-896
-727
-473
-196
60
256
362
358
251
66
-159
-393
-622
-838
-1016
-1105
-1074
-918
-669
-394
-152
25
139
201
227
221
170
68
-74
-236
-388
-495
-525
-467
-323
-124
88
293
482
665
853
1052
1251
1431
1558
1628
1687
1771
1901
2029
2012
1719
1127
384
-283
-697
-815
-737
-597
-473
-352
-211
-49
103
212
265
257
170
-37
-366
-740
-1051
-1214
-1227
-1157
-1073
-1001
-918
-796
-631
-433
-204
35
249
364
309
85
-231
-514
-694
-788
-858
-940
-1003
-970
-809
-559
-296
-88
44
118
153
148
97
9
-97
-194
-265
-309
-329
-312
-239
-101
82
277
459
622
791
987
1196
1386
1552
1707
1872
2047
2162
2089
1741
1155
486
-93
-468
-639
-691
-697
-665
-571
-398
-155
103
320
456
476
359
122
-188
-496
-739
-902
-1001
-1054
-1071
-1043
-962
-840
-681
-482
-244
8
221
320
258
68
-180
-410
-583
-709
-804
-870
-882
-821
-691
-507
-307
-124
9
76
82
44
-10
-60
-95
-122
-147
-170
-174
-135
-42
91
230
351
442
529
656
826
1031
1236
1407
1564
1730
1915
2073
2089
1842
1308
617
-30
-475
-692
-763
-781
-778
-726
-589
-364
-102
150
350
468
457
288
-10
-364
-664
-850
-928
-953
-976
-1007
-1023
-997
-903
-742
-525
-281
-74
34
6
-136
-327
-504
-624
-688
-724
-746
-744
-696
-595
-462
-310
-166
-47
33
63
54
21
-14
-35
-43
-37
-26
-4
40
115
221
337
451
560
668
800
968
1163
1363
1551
1733
1920
2089
2141
1952
1486
844
211
-244
-485
-599
-679
-750
-766
-675
-474
-221
23
231
378
437
373
170
-112
-383
-578
-688
-755
-824
-904
-966
-984
-951
-869
-745
-582
-399
-252
-196
-244
-364
-498
-602
-672
-736
-802
-842
-823
-732
-591
-439
-310
-207
-118
-39
25
68
80
66
48
40
49
85
149
238
333
417
490
574
699
887
1110
1323
1505
1670
1858
2064
2183
2068
1647
1017
385
-82
-343
-492
-628
-764
-836
-782
-595
-341
-95
106
256
328
291
147
-66
-271
-405
-473
-522
-592
-698
-801
-859
-858
-790
-666
-513
-365
-268
-261
-337
-449
-549
-610
-639
-676
-737
-781
-775
-707
-591
-471
-380
-317
-251
-177
-105
-59
-50
-54
-34
17
83
143
188
243
328
426
519
601
693
825
999
1189
1388
1597
1823
2050
2185
2090
1708
1125
526
75
-186
-339
-498
-695
-864
-914
-799
-561
-287
-49
110
183
165
71
-66
-194
-278
-325
-363
-432
-561
-724
-874
-956
-927
-802
-631
-477
-393
-405
-477
-539
-560
-546
-527
-534
-562
-589
-595
-569
-516
-448
-369
-290
-227
-200
-210
-214
-182
-98
29
158
275
381
479
577
667
741
800
868
952
1056
1196
1395
1659
1949
2154
2119
1772
1198
589
135
-110
-233
-367
-574
-792
-899
-816
-581
-304
-88
34
79
61
-7
-114
-240
-340
-387
-402
-446
-555
-705
-833
-876
-824
-729
-645
-595
-565
-538
-521
-538
-599
-678
-723
-700
-615
-519
-436
-377
-326
-256
-167
-89
-48
-51
-92
-143
-178
-189
-163
-92
29
194
379
557
706
825
932
1040
1148
1255
1373
1532
1742
1967
2098
2007
1643
1092
544
155
-45
-147
-283
-495
-708
-808
-742
-558
-347
-189
-99
-59
-61
-110
-189
-270
-320
-325
-323
-355
-442
-569
-690
-768
-787
-760
-710
-649
-596
-570
-588
-648
-722
-767
-754
-690
-605
-533
-484
-443
-383
-292
-188
-98
-53
-59
-95
-143
-186
-207
-192
-135
-31
110
263
411
550
691
843
1013
1197
1405
1649
1914
2144
2222
2041
1607
1063
586
276
102
-63
-302
-584
-795
-839
-705
-474
-253
-94
5
48
40
-7
-81
-164
-221
-247
-268
-313
-406
-521
-623
-684
-683
-634
-569
-524
-513
-517
-525
-533
-548
-587
-644
-692
-705
-673
-613
-539
-452
-354
-253
-153
-78
-32
-5
-1
-23
-72
-122
-136
-76
54
205
349
473
590
729
896
1086
1315
1590
1881
2104
2131
1880
1430
963
626
444
311
88
-247
-590
-800
-824
-702
-537
-410
-320
-254
-201
-167
-169
-191
-200
-180
-154
-167
-236
-346
-464
-554
-591
-587
-570
-567
-582
-605
-626
-640
-663
-713
-780
-822
-803
-726
-623
-533
-471
-404
-299
-166
-43
31
50
32
4
-22
-48
-62
-37
37
148
265
378
489
623
795
1000
1233
1498
1780
2008
2076
1914
1563
1169
866
691
560
361
51
-304
-572
-686
-671
-600
-537
-495
-462
-426
-395
-379
-365
-335
-280
-207
-160
-153
-183
-231
-262
-271
-276
-295
-340
-403
-470
-537
-621
-727
-839
-928
-953
-914
-843
-774
-722
-664
-566
-414
-229
-56
76
158
201
221
222
212
196
191
203
232
265
307
372
468
611
807
1051
1325
1571
1698
1648
1454
1218
1037
943
869
722
458
137
-140
-310
-376
-407
-456
-527
-595
-633
-648
-658
-667
-650
-592
-517
-444
-399
-368
-319
-241
-152
-86
-61
-68
-84
-105
-149
-231
-356
-498
-637
-748
-821
-862
-876
-872
-849
-793
-700
-572
-417
-254
-106
17
112
185
248
305
358
409
458
512
565
615
670
745
860
1024
1220
1376
1417
1321
1128
935
813
758
710
593
399
181
11
-75
-112
-152
-219
-308
-387
-442
-487
-529
-564
-580
-568
-550
-541
-539
-533
-501
-441
-376
-318
-272
-233
-185
-135
-111
-131
-195
-286
-378
-450
-499
-532
-560
-587
-601
-600
-573
-524
-463
-396
-327
-258
-189
-120
-34
67
182
308
430
529
612
683
749
843
974
1120
1248
1298
1246
1116
973
868
805
740
629
462
272
110
-3
-82
-158
-242
-322
-382
-421
-444
-467
-488
-491
-477
-453
-437
-435
-439
-433
-411
-383
-350
-322
-296
-261
-229
-210
-213
-233
-258
-285
-314
-346
-379
-412
-428
-427
-421
-412
-402
-385
-351
-295
-221
-148
-82
-20
39
99
168
235
300
371
438
504
578
659
751
850
927
956
927
863
800
752
710
652
556
441
332
254
204
155
85
-10
-107
-193
-255
-310
-378
-453
-523
-567
-582
-577
-560
-539
-511
-470
-413
-352
-298
-249
-207
-170
-144
-130
-116
-109
-106
-107
-120
-144
-170
-184
-187
-180
-179
-187
-194
-196
-185
-159
-133
-105
-74
-30
21
65
110
147
183
225
277
331
381
421
451
478
500
508
505
491
472
456
440
419
384
342
298
258
219
171
121
60
-4
-60
-110
-156
-203
-248
-285
-321
-346
-367
-383
-392
-397
-390
-371
-351
-328
-307
-285
-259
-230
-196
-155
-111
-78
-50
-34
-21
-7
-7
-17
-39
-72
-96
-111
-111
-103
-95
-88
-79
-67
-61
-55
-47
-36
-14
12
39
67
93
125
162
207
249
280
308
334
351
364
376
382
376
359
331
297
259
221
184
145
102
58
11
-34
-68
-98
-128
-160
-198
-232
-256
-270
-273
-265
-257
-246
-232
-217
-194
-170
-150
-124
-92
-60
-31
-14
-10
-9
-9
-6
-5
-12
-21
-31
-33
-26
-21
-20
-22
-31
-34
-35
-35
-34
-35
-31
-21
-11
-3
7
13
22
34
41
50
62
70
78
92
108
128
147
160
171
176
178
178
174
161
141
112
82
54
25
2
-22
-46
-64
-80
-96
-110
-127
-138
-146
-152
-149
-146
-145
-136
-124
-102
-72
-43
-14
8
28
45
57
62
59
53
46
41
32
17
-4
-25
-35
-39
-38
-37
-40
-47
-55
-59
-56
-51
-42
-36
-30
-24
-20
-15
-12
-5
1
3
4
3
5
6
10
18
25
31
40
51
57
68
82
97
106
105
95
82
71
64
58
45
35
26
17
15
12
7
3
-4
-15
-16
-19
-21
-22
-20
-15
-10
0
9
14
22
27
30
34
37
32
24
17
10
8
5
-6
-20
-33
-42
-47
-49
-51
-54
-56
-57
-57
-56
-57
-58
-59
-56
-53
-47
-41
-36
-32
-25
-21
-19
-16
-18
-23
-24
-20
-14
-6
-1
2
5
14
23
30
37
38
39
38
37
35
26
20
11
3
7
12
13
16
18
19
25
33
39
43
43
37
27
21
16
10
8
-1
-11
-14
-16
-16
-13
-13
-14
-16
-17
-17
-14
-9
-3
4
15
22
27
30
31
28
23
14
2
-8
-18
-26
-29
-25
-22
-23
-22
-15
-7
-3
5
8
7
9
10
9
15
18
24
30
32
33
32
32
36
33
27
22
14
10
4
-4
-6
-9
-4
5
16
31
42
51
59
61
66
64
52
40
28
15
2
-9
-24
-38
-50
-58
-64
-68
-68
-68
-66
-60
-54
-48
-37
-25
-18
-12
-12
-17
-20
-25
-27
-28
-35
-48
-59
-68
-69
-70
-72
-73
-71
-68
-67
-62
-54
-45
-29
-14
2
15
22
35
47
54
61
63
58
55
52
51
49
44
37
30
23
15
8
7
9
11
18
27
36
47
60
72
85
93
97
97
94
90
84
71
55
40
26
13
3
-6
-14
-23
-25
-23
-21
-22
-20
-21
-23
-19
-22
-36
-43
-45
-44
-39
-38
-38
-42
-46
-51
-54
-59
-65
-68
-69
-69
-66
-58
-49
-41
-30
-19
-8
3
10
19
28
35
43
46
49
48
44
41
38
33
25
14
5
2
-1
-1
6
12
16
19
23
32
43
54
64
67
66
62
60
62
60
54
43
30
19
9
0
-10
-17
-24
-29
-35
-44
-50
-56
-61
-55
-51
-49
-46
-43
-40
-35
-32
-36
-41
-50
-55
-55
-60
-61
-60
-59
-57
-54
-47
-42
-37
-30
-26
-16
-8
-3
2
8
17
26
35
41
42
41
42
44
45
46
43
38
35
33
33
34
37
41
45
47
50
52
55
57
56
55
53
51
47
42
36
32
25
20
19
14
7
2
-4
-8
-12
-14
-17
-18
-17
-15
-15
-15
-17
-21
-23
-25
-26
-27
-31
-39
-41
-45
-49
-50
-51
-51
-55
-55
-50
-46
-43
-44
-44
-40
-38
-36
-36
-38
-36
-31
-26
-20
-14
-11
-6
-2
3
5
8
7
4
4
3
1
4
8
10
13
15
17
22
26
27
27
26
25
25
23
22
24
26
27
28
22
18
17
16
16
16
14
11
8
7
9
12
16
17
17
14
10
3
-3
-9
-15
-20
-22
-23
-25
-28
-28
-28
-30
-28
-27
-28
-24
-24
-22
-22
-26
-28
-27
-27
-23
-15
-13
-12
-7
-4
4
7
13
21
25
30
35
38
37
42
42
36
36
33
30
27
26
24
21
16
13
13
10
9
8
7
8
7
4
3
-1
-4
-8
-13
-18
-20
-23
-25
-25
-23
-24
-19
-15
-12
-11
-9
-6
-7
-9
-14
-21
-29
-35
-37
-40
-45
-48
-47
-50
-53
-51
-45
-42
-36
-29
-21
-18
-19
-18
-15
-11
-7
-1
5
7
12
21
27
32
35
38
35
39
46
49
52
50
51
54
52
50
49
47
42
39
39
34
34
35
33
31
28
24
21
17
7
-2
-10
-17
-21
-23
-25
-25
-23
-19
-13
-5
-1
6
11
17
20
22
19
17
12
3
-3
-12
-25
-32
-40
-47
-52
-56
-55
-54
-51
-44
-38
-36
-30
-25
-20
-15
-10
-2
0
6
9
10
15
12
17
23
25
31
33
34
35
37
39
40
36
30
26
20
15
14
13
15
19
21
20
17
15
13
11
9
9
11
10
2
-3
-6
-13
-16
-17
-18
-16
-11
-7
-3
0
6
11
13
16
19
17
11
4
-3
-14
-25
-34
-43
-50
-57
-61
-60
-62
-62
-56
-51
-45
-34
-24
-17
-13
-7
-3
-2
-1
-4
-8
-10
-12
-13
-11
-12
-8
-2
6
12
19
24
27
33
33
32
37
38
39
38
37
38
36
34
34
36
38
38
39
40
40
38
34
28
21
18
12
7
2
-5
-8
-11
-11
-12
-12
-12
-10
-7
-8
-6
-4
-3
-5
-8
-13
-18
-22
-29
-35
-42
-46
-47
-44
-40
-40
-34
-25
-19
-11
-1
5
9
10
10
7
3
-1
-4
-7
-5
-5
-10
-8
-6
-1
7
15
22
29
35
39
43
43
37
31
26
21
15
5
-2
-10
-18
-21
-22
-21
-22
-19
-14
-11
-8
-4
-2
-4
-5
-4
-5
-6
-4
-6
-9
-11
-14
-15
-14
-15
-17
-20
-25
-30
-32
-31
-35
-37
-37
-39
-33
-26
-18
-9
0
10
17
25
27
29
32
34
32
28
25
19
10
5
1
0
-4
-9
-10
-10
-14
-16
-15
-11
-8
-3
2
6
12
14
10
7
4
2
-2
-6
-9
-10
-10
-10
-4
-1
2
6
11
20
30
40
43
45
48
45
47
42
37
32
26
18
10
5
-1
-8
-18
-26
-29
-30
-32
-33
-33
-32
-28
-22
-14
-8
-3
2
9
18
22
30
29
27
27
25
21
9
0
-9
-19
-26
-32
-37
-40
-43
-43
-41
-41
-39
-36
-35
-36
-33
-27
-27
-23
-21
-17
-12
-10
-8
-5
-5
-2
0
1
5
8
15
20
23
29
34
36
42
41
38
39
36
31
24
18
8
0
-8
-15
-21
-27
-33
-36
-35
-33
-28
-22
-16
-9
2
7
11
15
17
20
21
24
22
24
25
25
25
22
22
21
16
11
8
8
9
7
5
0
-1
-2
-4
-2
-1
3
4
5
2
-1
-4
-7
-8
-7
-9
-3
0
5
10
14
17
17
19
18
18
19
17
16
17
13
6
1
-5
-11
-16
-21
-28
-28
-32
-36
-40
-42
-40
-40
-36
-31
-26
-21
-17
-10
-3
3
6
13
17
17
19
18
14
11
8
3
2
2
-2
-3
-2
-1
-1
-2
-2
-4
-2
0
-1
-4
-5
-9
-14
-15
-17
-18
-16
-15
-15
-14
-11
-9
-9
-8
-5
-4
-2
3
8
12
16
17
19
23
23
22
20
17
10
6
1
-3
-7
-10
-12
-12
-11
-12
-6
-6
-2
2
3
7
12
15
20
22
24
24
22
18
14
12
11
9
10
9
9
9
10
10
10
9
8
10
13
13
12
10
8
6
4
3
-1
-5
-7
-11
-14
-15
-14
-13
-10
-8
-3
2
5
10
15
20
26
27
29
28
30
32
29
26
21
13
6
3
-4
-10
-11
-18
-22
-22
-26
-27
-27
-26
-22
-19
-17
-14
-10
-6
-3
0
4
3
4
5
5
5
2
0
-4
-8
-12
-16
-16
-18
-20
-19
-18
-11
-4
0
7
10
16
19
21
26
26
24
23
20
18
14
13
13
12
7
8
7
5
8
9
13
17
19
21
24
25
24
23
21
17
15
8
3
-1
-4
-8
-12
-15
-16
-18
-19
-18
-21
-20
-16
-14
-14
-14
-14
-15
-12
-9
-7
-5
-2
1
4
4
8
11
11
12
8
3
1
-2
-4
-5
-7
-12
-11
-10
-11
-5
-2
0
4
5
4
6
7
8
11
9
9
7
4
3
0
-2
-2
-7
-8
-11
-11
-8
-6
-4
-5
-4
-4
-2
-1
-4
-2
-2
-3
-4
-9
-10
-11
-17
-20
-24
-25
-25
-22
-16
-14
-9
-6
-5
-2
0
3
3
3
3
2
-1
-1
0
2
4
9
10
10
12
14
12
9
8
6
3
1
-3
-5
-6
-7
-9
-11
-10
-8
-5
-1
0
0
1
0
1
2
-2
-4
-4
-7
-12
-15
-15
-17
-18
-17
-17
-13
-11
-9
-7
-8
-4
-1
1
4
3
2
0
-1
-4
-5
-5
-8
-9
-10
-10
-10
-10
-7
-5
-2
0
4
7
6
5
6
3
1
-2
-5
-8
-9
-11
-11
-9
-11
-10
-6
-3
-1
0
-1
1
3
2
2
-3
-7
-6
-7
-6
-8
-7
-3
1
-1
-4
0
2
4
5
6
3
0
-3
-6
-8
-11
-11
-10
-14
-14
-13
-10
-7
-6
-4
-1
1
3
6
7
6
4
5
4
4
1
1
2
3
4
3
3
3
8
13
13
14
14
13
12
10
9
5
3
0
-3
-6
-6
-8
-10
-9
-4
-2
1
6
10
13
14
17
16
15
14
10
11
12
9
7
6
3
4
8
10
12
12
8
8
9
8
8
3
-1
-8
-12
-12
-15
-18
-19
-19
-19
-18
-14
-7
-8
-6
-3
-1
1
2
1
1
5
7
6
6
6
9
10
13
13
15
16
14
15
13
7
4
2
-1
-5
-9
-10
-11
-8
-10
-10
-8
-7
-6
-7
-6
-5
-3
1
2
5
6
3
6
4
4
3
4
4
5
7
5
4
2
3
6
6
8
6
7
8
6
4
3
1
-3
-6
-10
-10
-11
-10
-8
-9
-7
-5
-2
1
2
4
6
7
8
11
9
10
12
11
11
10
9
7
9
9
6
5
2
1
0
-1
-1
-2
0
1
0
3
1
3
2
2
6
9
10
13
14
15
14
13
14
17
16
17
20
21
22
22
21
19
16
13
7
6
6
0
-2
-5
-7
-6
-8
-11
-14
-16
-17
-18
-18
-18
-18
-16
-14
-14
-13
-14
-14
-12
-13
-10
-7
-4
1
1
-6
-7
-10
-11
-11
-11
-12
-17
-19
-23
-24
-23
-25
-25
-24
-24
-21
-18
-16
-14
-16
-17
-14
-14
-12
-10
-8
-8
-9
-7
-7
-7
-7
-8
-9
-6
-5
-5
-4
-5
-3
1
-3
-7
-7
-10
-12
-14
-20
-23
-25
-27
-28
-29
-30
-28
-24
-17
-13
-6
-1
3
8
8
8
10
10
13
15
14
16
16
15
16
15
15
15
15
15
13
12
14
12
11
14
12
10
8
6
8
8
7
9
10
13
14
17
17
16
13
10
7
5
3
3
6
4
3
2
0
1
3
2
3
5
4
5
2
2
-1
-5
-5
-7
-7
-8
-9
-11
-12
-10
-9
-11
-10
-9
-10
-7
-5
-4
-2
4
5
5
6
6
6
4
2
-1
-7
-11
-13
-14
-17
-18
-20
-22
-24
-24
-23
-24
-24
-25
-26
-25
-25
-25
-23
-23
-23
-19
-15
-13
-9
-7
-5
-2
-2
-1
2
1
1
2
2
5
3
2
3
2
1
1
2
2
-1
-4
-4
-5
-3
-2
-3
-2
0
1
3
8
12
13
14
16
20
21
22
19
19
20
19
20
20
19
17
16
17
14
12
15
13
11
8
6
3
3
4
3
4
4
7
9
9
12
16
17
18
19
19
20
22
24
21
22
23
23
26
23
24
25
25
22
19
15
14
13
12
10
6
5
3
0
-1
-4
-5
-6
-5
-6
-6
-5
-5
-8
-8
-9
-9
-7
-5
-2
-1
1
3
4
4
9
10
11
14
14
10
9
9
8
7
5
4
1
-1
-3
-4
-3
-5
-7
-6
-5
0
2
2
4
3
4
6
6
8
12
9
8
8
6
5
6
3
2
2
2
4
1
3
2
1
2
-1
1
2
2
5
7
9
9
9
7
10
13
14
16
16
21
20
18
18
18
19
19
18
18
19
19
18
15
15
14
11
9
10
8
6
4
1
-3
-7
-11
-13
-16
-16
-18
-17
-16
-16
-14
-10
-9
-6
-6
-4
-2
-4
-4
-2
-4
-3
-4
-2
-3
-4
-2
-4
-2
1
-1
-1
-1
-2
-1
-1
-1
2
2
-2
-2
-2
-5
-5
-6
-6
-7
-12
-16
-17
-19
-20
-20
-18
-17
-15
-13
-12
-11
-9
-7
-8
-9
-8
-8
-8
-9
-9
-13
-18
-18
-19
-19
-19
-19
-18
-17
-13
-15
-11
-8
-3
6
10
14
21
22
25
27
27
27
25
25
26
22
22
21
14
15
12
8
6
3
3
5
4
5
3
2
5
9
8
12
15
17
18
18
15
12
10
10
9
7
6
3
4
3
3
5
3
2
4
2
4
3
6
7
7
8
9
8
6
4
6
5
3
3
-1
-3
-4
-6
-10
-15
-16
-17
-18
-16
-10
-9
-6
-3
-3
-4
-4
-3
3
7
4
5
2
-6
-8
-9
-14
-14
-12
-16
-18
-20
-19
-18
-17
-12
-11
-10
-8
-10
-9
-10
-11
-8
-9
-10
-9
-5
-2
-5
1
1
3
5
4
3
4
10
12
14
13
6
1
-3
-8
-12
-12
-9
-5
-1
-2
-5
-8
-8
-5
-3
2
5
8
9
12
11
8
4
2
5
9
11
15
15
11
8
5
1
0
1
3
0
-3
-9
-17
-18
-16
-7
2
11
19
23
26
24
24
26
26
26
27
25
19
16
13
10
7
5
0
-1
0
1
1
0
-3
-3
0
0
1
3
4
0
-3
-9
-10
-11
-6
2
6
6
-2
-8
-9
-13
-15
-13
-14
-15
-14
-13
-16
-15
-15
-16
-12
-6
8
26
42
52
55
47
29
14
12
18
29
31
12
-35
-105
-171
-208
-197
-142
-64
3
41
37
4
-25
-36
-26
10
53
86
91
70
35
1
-16
-8
21
48
71
76
65
39
-5
-59
-114
-160
-177
-160
-120
-76
-42
-27
-30
-42
-41
-25
9
51
84
98
86
61
39
27
30
43
58
62
56
46
34
32
38
49
59
63
64
61
59
47
9
-68
-174
-280
-343
-326
-237
-108
22
102
112
72
20
-1
42
140
257
343
346
248
85
-79
-182
-187
-112
-15
44
39
-30
-122
-171
-152
-68
56
158
195
155
64
-42
-115
-119
-71
2
65
79
55
12
-29
-35
0
50
91
99
70
12
-45
-79
-82
-50
-9
28
42
28
4
-19
-24
-3
32
69
94
96
76
44
12
-14
-24
-25
-25
-26
-32
-49
-59
-59
-51
-29
-7
9
18
22
24
27
35
46
55
62
67
66
63
59
51
32
11
-14
-43
-63
-81
-91
-94
-95
-96
-95
-87
-76
-52
-23
4
27
40
44
47
56
63
64
59
46
33
35
59
103
147
164
128
41
-73
-174
-224
-202
-125
-28
42
49
-1
-80
-144
-161
-119
-47
18
48
28
-19
-66
-74
-37
31
98
132
117
62
-3
-45
-45
-5
48
87
90
57
5
-40
-54
-35
7
52
71
58
15
-47
-98
-129
-138
-129
-118
-112
-122
-133
-134
-113
-69
-8
53
98
122
119
105
86
74
73
74
78
77
64
43
25
12
7
10
10
2
-14
-35
-54
-67
-73
-74
-72
-73
-74
-74
-68
-49
-24
3
24
30
32
32
38
51
69
83
88
78
56
33
13
7
9
15
21
22
16
8
4
2
-4
-17
-37
-60
-71
-59
-28
12
42
49
27
-18
-64
-90
-88
-57
-17
17
27
15
-6
-20
-17
6
34
59
71
67
54
43
39
45
55
60
53
30
-4
-37
-54
-53
-36
-15
1
-3
-22
-45
-64
-69
-57
-35
-17
-8
-11
-22
-35
-40
-29
-6
22
51
68
71
61
42
32
38
61
87
101
86
34
-46
-135
-207
-241
-237
-201
-150
-112
-100
-112
-129
-129
-103
-43
29
89
122
124
102
73
59
68
95
124
139
128
96
54
15
-11
-24
-28
-34
-52
-82
-117
-143
-155
-142
-112
-76
-40
-15
0
6
9
20
35
57
79
94
104
99
91
83
73
70
75
78
79
75
63
49
33
12
-9
-26
-33
-34
-31
-27
-34
-52
-68
-83
-90
-87
-75
-58
-40
-27
-19
-14
-5
12
38
68
91
105
105
96
90
88
94
103
107
100
77
49
17
-9
-22
-18
-9
-4
-10
-26
-47
-69
-81
-76
-63
-43
-29
-24
-23
-24
-15
6
32
56
72
70
65
56
54
60
70
82
80
67
49
26
8
0
0
5
5
-9
-30
-53
-73
-82
-82
-72
-60
-49
-46
-51
-55
-58
-54
-41
-26
-11
0
9
14
17
19
27
36
43
49
50
39
30
20
13
9
8
9
5
-5
-18
-37
-53
-65
-70
-67
-64
-57
-52
-50
-54
-57
-56
-46
-26
0
32
55
62
59
45
29
21
23
32
40
42
31
10
-10
-26
-34
-32
-21
-6
1
-3
-18
-33
-43
-38
-25
-8
0
-1
-10
-25
-36
-36
-25
-7
13
26
23
15
3
-6
-4
7
21
34
40
37
27
13
6
9
20
33
41
40
31
17
0
-19
-27
-30
-25
-14
-7
-7
-12
-21
-25
-28
-24
-16
-8
3
9
12
9
4
6
15
21
27
32
34
33
30
25
17
13
11
6
0
-6
-14
-21
-31
-38
-39
-38
-34
-31
-26
-22
-22
-19
-16
-15
-15
-13
-10
-6
-5
-6
-4
1
8
8
8
8
8
10
13
16
19
21
24
22
13
3
-5
-11
-9
-5
-5
-6
-6
-8
-7
-10
-11
-11
-11
-12
-11
-11
-4
3
12
21
27
28
23
13
5
-2
-2
3
11
19
19
13
2
-8
-17
-20
-17
-13
-3
7
8
2
-5
-8
-3
4
16
26
27
23
18
11
5
1
2
7
14
20
22
19
15
8
1
-4
-3
2
10
17
16
10
0
-10
-17
-13
-5
5
11
10
1
-10
-17
-12
-3
9
20
21
17
8
-8
-16
-15
-9
-2
0
-4
-15
-24
-28
-24
-15
-8
-3
-9
-19
-29
-30
-18
1
14
19
14
0
-15
-21
-19
-5
16
27
26
11
-11
-24
-23
-8
13
27
26
10
-14
-41
-53
-51
-38
-18
-6
-6
-15
-34
-47
-45
-33
-14
5
19
24
17
9
5
5
9
9
10
9
4
-1
-5
-12
-20
-25
-26
-26
-27
-25
-22
-21
-18
-13
-11
-6
4
16
26
38
40
32
21
12
9
15
28
38
41
30
10
-9
-23
-24
-12
6
21
27
18
-3
-25
-42
-44
-31
-9
12
22
22
13
5
4
7
20
36
47
49
41
27
15
8
11
18
26
23
11
-6
-23
-34
-37
-34
-26
-17
-10
-9
-9
-15
-20
-14
-3
6
12
15
12
4
-1
-2
-2
-1
2
3
3
4
5
6
4
4
6
4
1
-4
-9
-9
-10
-10
-12
-15
-21
-26
-28
-26
-17
-5
4
12
17
16
14
12
17
26
35
41
41
37
27
16
9
2
-3
-1
1
-2
-7
-16
-22
-29
-32
-26
-18
-9
-3
1
-2
-4
-8
-7
-1
9
22
33
35
31
19
7
-1
2
11
26
36
39
33
17
-2
-16
-18
-12
-2
5
8
2
-9
-22
-33
-32
-18
0
19
29
31
21
10
0
0
8
19
28
31
28
18
-1
-15
-20
-21
-11
2
6
1
-9
-21
-33
-34
-28
-17
-5
1
1
-6
-18
-26
-29
-24
-16
-7
-5
-9
-13
-18
-19
-18
-13
-3
3
7
7
0
-8
-16
-20
-21
-18
-12
-10
-10
-12
-19
-19
-19
-17
-8
-2
4
9
9
6
4
4
4
5
6
7
12
10
5
5
2
0
2
4
2
1
1
2
5
9
9
13
15
16
21
22
24
26
24
17
15
13
13
18
22
23
24
20
17
16
13
11
13
17
17
18
17
8
-5
-13
-16
-12
-3
7
12
10
4
-2
-6
-5
3
12
21
27
21
11
2
-8
-7
-2
5
9
6
-1
-15
-23
-23
-18
-9
-1
6
4
-6
-16
-21
-20
-10
2
12
14
7
-3
-11
-20
-18
-5
7
16
18
11
-1
-16
-21
-20
-12
-1
6
4
-4
-16
-29
-36
-33
-22
-11
-2
0
-5
-16
-25
-26
-18
-4
11
20
21
13
2
-3
-4
-1
6
15
18
13
4
-8
-17
-20
-17
-9
0
6
4
-2
-6
-13
-11
-4
3
12
15
10
4
-1
-7
-7
-7
-1
5
8
8
5
-2
-2
-2
3
8
9
9
5
-2
-7
-10
-7
-6
-3
-1
-3
-6
-9
-8
-5
-2
2
6
7
7
2
-2
-3
-5
-3
-1
-1
0
0
-1
-4
-6
-6
-4
0
4
6
7
7
4
0
-1
1
4
6
6
6
2
-1
0
-3
-1
-2
-1
0
-2
-2
-2
-1
2
6
10
11
9
6
7
6
8
9
10
14
14
12
8
4
1
3
7
9
6
4
1
0
-2
-2
0
1
1
1
-2
-2
-1
-1
0
0
0
-2
-2
0
-1
2
6
7
10
12
9
7
5
4
8
10
12
9
2
-7
-15
-19
-19
-15
-7
-1
0
-2
-5
-13
-11
-6
-4
2
6
4
-3
-5
-7
-11
-9
-7
-7
-8
-9
-13
-14
-12
-8
-6
-1
2
0
-2
-3
-6
-6
-6
-3
1
2
6
4
-1
-1
-1
2
3
6
9
7
8
4
-1
1
0
1
3
3
3
-1
-5
-3
0
6
9
12
11
4
-2
-4
-4
-4
1
3
2
-1
-5
-11
-17
-17
-19
-17
-9
-7
-8
-8
-14
-18
-19
-17
-6
1
4
6
2
0
-1
-2
2
3
4
9
10
6
-2
-8
-9
-8
-5
1
4
5
3
-2
-8
-10
-7
1
8
13
12
8
6
4
5
4
3
5
11
15
14
10
6
1
0
0
4
8
5
2
-2
-5
-10
-11
-9
-4
3
6
7
2
-1
-2
-4
-2
1
1
6
1
-3
-6
-10
-9
-3
1
4
4
2
-1
-4
-5
-7
-5
1
4
7
7
