-5
-7
-8
-6
-5
-3
-2
-2
-2
-2
-1
0
5
6
5
6
5
8
10
9
8
9
6
5
4
0
-1
-4
-8
-9
-13
-13
-11
-11
-10
-9
-8
-4
-6
-2
1
2
3
4
6
8
9
7
5
2
3
1
-1
-3
-9
-11
-12
-17
-20
-21
-22
-21
-21
-20
-16
-13
-10
-4
-3
1
6
12
17
22
21
20
20
17
15
14
9
7
9
9
5
3
0
-2
-4
-4
-5
-6
-2
-2
-1
-3
-1
2
3
4
8
11
9
9
10
9
9
6
4
2
-1
-6
-8
-12
-13
-15
-15
-12
-14
-14
-11
-10
-6
-5
-4
2
6
12
14
14
13
13
12
8
6
4
1
-1
-5
-9
-11
-13
-13
-13
-13
-11
-13
-12
-9
-9
-6
0
3
9
14
17
20
21
21
23
20
13
10
7
5
-1
-6
-11
-11
-16
-19
-19
-23
-24
-23
-22
-16
-16
-13
-7
-3
2
6
9
12
16
18
19
16
16
14
10
10
8
3
1
-4
-8
-12
-15
-17
-19
-20
-17
-15
-12
-10
-9
-6
-3
-3
0
2
5
9
11
9
9
10
7
5
3
1
0
-2
-2
-3
-5
-9
-8
-7
-6
-4
-3
-1
-3
-3
-1
-2
3
8
12
15
14
15
12
11
9
8
6
3
0
-2
-5
-8
-10
-13
-13
-12
-11
-9
-10
-9
-7
-6
-3
0
2
3
3
3
5
6
5
5
3
2
-2
-4
-7
-10
-11
-13
-16
-16
-15
-16
-13
-9
-6
-2
0
3
7
14
16
15
17
17
20
20
16
18
16
14
9
4
1
-2
-4
-6
-8
-10
-8
-7
-9
-8
-6
-5
-4
-1
1
3
9
13
15
17
18
17
16
15
13
12
8
2
-2
-5
-8
-10
-11
-11
-13
-12
-13
-14
-11
-14
-11
-7
-6
-2
1
3
3
3
4
3
7
9
10
9
9
8
6
4
2
2
1
0
-1
1
-1
-2
1
2
4
5
7
9
10
10
11
11
9
9
9
10
9
5
7
2
-1
-4
-9
-9
-10
-10
-9
-7
-6
-3
1
0
1
4
5
11
13
11
14
13
11
9
5
1
-1
-5
-10
-14
-16
-16
-19
-18
-19
-19
-16
-15
-13
-10
-9
-7
-1
1
3
8
9
13
15
14
14
12
11
8
3
1
-1
-6
-9
-13
-17
-20
-19
-20
-20
-16
-15
-14
-11
-10
-7
-5
-2
1
4
7
7
9
9
8
14
14
13
15
8
6
6
3
0
-3
-4
-5
-1
-2
0
2
1
5
7
9
9
12
13
12
13
10
9
7
2
4
-1
-4
-6
-7
-9
-12
-14
-16
-15
-14
-16
-16
-11
-14
-15
-13
-7
-6
-3
1
3
8
11
13
16
14
14
17
15
16
12
9
8
1
-4
-7
-9
-10
-10
-12
-13
-13
-12
-10
-7
-7
-6
-2
0
3
4
5
7
9
9
10
14
13
15
16
12
8
4
0
-4
-7
-12
-18
-17
-20
-24
-21
-22
-21
-17
-17
-15
-11
-9
-7
-5
-1
-1
1
6
6
9
8
11
13
11
14
14
13
12
11
11
9
13
13
12
13
13
12
11
10
9
9
10
11
8
5
8
7
5
8
8
6
7
4
3
4
-1
-3
1
1
1
2
4
6
8
10
9
12
15
15
16
14
12
10
8
4
2
-1
-3
-2
-7
-10
-11
-14
-16
-17
-18
-18
-19
-16
-13
-9
-9
-10
-5
-1
1
4
7
8
6
6
9
8
10
7
4
5
-1
-4
-6
-9
-10
-13
-15
-15
-14
-12
-14
-15
-14
-10
-5
-3
1
4
5
6
7
8
9
8
7
10
11
10
10
8
7
8
3
3
1
-2
-5
-5
-5
-6
-2
1
1
6
5
3
2
1
2
2
1
0
0
1
-1
-4
-4
-3
1
3
5
11
10
11
14
16
16
19
19
20
24
24
26
27
25
27
25
24
23
19
15
11
9
7
3
2
-1
1
1
-1
-1
-1
-2
-2
-2
1
1
1
0
0
4
4
3
2
-3
-2
-3
-7
-8
-10
-12
-13
-15
-17
-16
-19
-22
-20
-21
-21
-16
-17
-15
-12
-11
-9
-8
-7
-9
-10
-8
-9
-8
-9
-12
-14
-19
-20
-20
-22
-23
-23
-24
-21
-19
-18
-18
-19
-16
-15
-14
-13
-12
-10
-7
-6
-4
-2
-1
0
1
1
-1
-1
-4
-8
-7
-8
-9
-11
-11
-12
-15
-15
-12
-10
-7
-5
-5
0
-1
-1
0
1
1
1
3
1
2
2
-1
-1
-2
-2
-4
-8
-7
-6
-7
-4
-4
-4
-4
-5
-2
2
0
2
2
5
6
7
9
7
7
8
4
2
1
-1
-2
0
0
2
5
7
7
7
10
12
11
13
13
13
14
15
15
16
15
12
12
10
10
8
4
2
-2
-5
-7
-11
-13
-14
-15
-16
-13
-10
-8
-5
-1
-1
2
5
6
8
11
12
14
16
18
20
18
18
18
13
7
2
-1
-6
-8
-8
-8
-7
-5
-4
-6
-1
-1
0
2
2
6
8
9
8
8
6
5
6
6
5
3
5
6
3
2
0
0
0
-3
-3
-3
-2
-2
2
5
5
7
8
4
2
1
-2
-6
-9
-9
-8
-10
-12
-12
-12
-14
-14
-12
-12
-12
-8
-3
0
4
9
11
13
17
20
21
19
20
21
20
18
15
12
7
2
-1
-8
-14
-18
-22
-24
-28
-26
-25
-23
-19
-15
-10
-6
-1
8
15
19
25
29
30
31
32
29
29
27
22
16
12
7
4
0
-6
-8
-9
-13
-14
-13
-13
-13
-11
-7
-3
0
2
4
8
10
11
11
11
11
10
10
7
2
1
-3
-8
-12
-14
-16
-15
-12
-11
-12
-11
-9
-6
-5
-1
2
6
7
9
12
14
13
12
10
7
5
0
-4
-7
-12
-12
-14
-16
-15
-15
-14
-15
-12
-6
-5
-1
6
9
14
18
21
22
21
21
19
17
14
12
9
4
2
-2
-6
-9
-12
-14
-13
-13
-12
-9
-4
-1
1
3
4
6
7
7
9
12
15
15
19
18
19
16
13
11
8
3
2
1
-2
-5
-5
-5
-4
-4
-7
-7
-12
-11
-10
-11
-8
-6
-3
-3
0
4
4
6
2
0
-2
-4
-7
-8
-10
-13
-15
-16
-18
-19
-17
-14
-13
-12
-10
-10
-10
-6
-5
-4
-1
1
4
6
5
9
9
7
6
3
-1
-3
-5
-7
-11
-13
-16
-18
-17
-18
-19
-16
-16
-13
-9
-6
-1
-1
1
4
5
8
10
12
12
13
13
12
12
12
11
9
7
7
4
2
0
-1
0
-1
-2
0
0
0
1
3
4
7
8
10
13
13
16
15
12
9
6
5
6
5
3
6
7
8
6
7
6
7
7
5
4
6
7
8
10
9
7
7
10
11
9
7
8
8
9
9
11
10
7
9
9
8
7
5
3
2
0
-1
0
-2
-1
0
-3
-3
-5
-5
-5
-8
-8
-8
-8
-7
-9
-9
-5
-2
-3
0
4
8
9
10
12
11
12
15
12
10
8
6
4
2
-2
-6
-8
-10
-10
-11
-15
-16
-19
-20
-19
-18
-15
-12
-8
-3
0
4
7
7
11
11
12
13
13
11
9
8
5
5
4
3
2
2
1
0
-3
-3
-4
-7
-8
-8
-6
-5
-4
-3
0
-1
-3
-2
-4
-6
-4
-6
-7
-8
-11
-13
-13
-13
-13
-11
-11
-10
-10
-8
-7
-6
-5
-1
1
4
8
11
12
14
15
16
16
15
12
9
8
5
2
-1
-5
-7
-11
-15
-17
-19
-19
-20
-18
-20
-19
-15
-15
-14
-8
-5
-3
2
4
6
10
10
11
10
7
6
3
1
-1
-5
-6
-6
-6
-9
-10
-12
-11
-13
-14
-13
-15
-14
-14
-14
-9
-10
-9
-6
-5
-4
-3
-3
-2
-3
-5
-6
-8
-9
-10
-10
-9
-9
-8
-11
-9
-8
-12
-8
-8
-7
-3
-1
1
3
6
10
10
14
18
18
21
21
17
17
16
13
14
10
8
6
1
-2
-5
-9
-10
-12
-13
-12
-12
-12
-11
-9
-7
-4
1
5
8
10
14
16
17
15
17
17
16
17
15
15
12
8
5
3
-2
-2
-6
-13
-13
-14
-15
-14
-13
-11
-8
-7
-3
0
4
6
7
12
14
12
13
14
13
13
12
9
7
3
-4
-6
-10
-15
-16
-18
-17
-19
-16
-15
-14
-10
-10
-6
-1
3
6
8
13
11
12
13
11
12
10
8
7
3
-3
-4
-8
-13
-14
-17
-20
-19
-20
-18
-18
-14
-7
-7
-6
-1
2
6
8
9
9
10
9
8
8
6
9
9
8
8
7
5
5
2
1
-1
-2
2
5
6
6
6
11
12
11
7
5
4
4
2
-1
-2
-5
-7
-6
-12
-13
-14
-15
-16
-17
-14
-10
-8
-4
2
7
12
16
17
23
26
27
29
25
23
21
18
14
11
7
4
1
0
-4
-7
-10
-14
-17
-19
-22
-19
-18
-17
-12
-8
-2
1
5
8
7
13
14
14
14
13
10
8
8
5
3
4
3
0
-1
-1
-1
-1
-2
-4
-6
-8
-8
-6
-7
-6
-3
-3
-5
-4
-7
-10
-9
-11
-14
-15
-14
-14
-13
-11
-9
-7
-6
-7
-5
-6
-3
0
4
9
12
16
19
17
18
20
17
16
16
10
8
6
0
-5
-10
-12
-16
-22
-22
-24
-26
-24
-23
-22
-18
-13
-5
0
5
18
25
30
37
41
43
47
47
44
39
33
29
21
12
5
-4
-11
-18
-25
-30
-33
-35
-32
-35
-34
-30
-28
-24
-17
-8
0
9
15
19
25
30
34
36
33
30
26
20
15
8
4
0
-5
-9
-14
-18
-18
-22
-24
-25
-25
-23
-19
-17
-15
-11
-6
0
3
6
9
7
6
6
4
0
-4
-9
-13
-17
-23
-23
-26
-28
-27
-26
-26
-22
-19
-17
-12
-5
3
7
12
15
21
26
24
21
20
15
10
5
-5
-12
-16
-19
-27
-31
-35
-39
-36
-36
-33
-27
-21
-12
-6
3
14
17
26
32
38
41
43
46
46
45
42
35
30
20
12
4
-5
-12
-20
-25
-27
-31
-31
-28
-23
-20
-16
-9
-3
2
10
17
25
29
33
36
35
33
31
30
27
19
17
13
8
8
0
-4
-8
-12
-13
-16
-17
-14
-12
-8
-7
-2
2
4
7
9
9
8
8
8
5
7
4
1
-3
-8
-8
-10
-9
-7
-10
-10
-9
-8
-7
-10
-12
-5
-3
-5
0
3
4
8
12
10
7
3
5
4
-1
-5
-5
-8
-13
-14
-15
-20
-25
-25
-24
-26
-24
-19
-17
-15
-9
-3
0
5
5
9
14
15
17
16
15
15
12
11
8
1
-1
-4
-6
-6
-8
-11
-10
-10
-8
-7
-8
-5
-3
-4
-3
-1
0
4
9
12
14
16
20
17
17
18
18
18
20
20
18
17
16
17
15
12
8
9
7
5
2
0
-1
-4
-4
-2
-5
-5
-3
-1
-2
-4
1
5
5
6
9
9
9
12
10
8
8
8
8
6
3
3
4
0
0
-1
-5
-6
-8
-10
-12
-14
-13
-12
-12
-11
-10
-8
-7
-8
-8
-9
-8
-5
-5
-9
-8
-7
-9
-9
-7
-7
-10
-7
-4
-4
-2
0
1
5
6
8
9
8
5
3
1
-3
-6
-7
-11
-14
-16
-18
-18
-21
-23
-19
-20
-21
-17
-14
-11
-8
-3
3
6
14
21
21
23
27
25
25
23
19
19
18
19
15
14
12
7
5
0
-3
-7
-10
-5
-4
-5
-2
1
3
8
11
13
18
19
20
21
21
22
21
21
19
14
13
8
4
0
-5
-11
-12
-14
-15
-15
-18
-19
-21
-21
-19
-19
-18
-14
-9
-5
1
3
3
5
7
5
2
3
1
-3
-4
-5
-9
-11
-12
-14
-16
-17
-17
-15
-16
-15
-14
-9
-3
-2
-1
4
6
9
13
11
9
8
6
8
8
5
0
-3
-8
-12
-14
-17
-17
-17
-16
-14
-15
-14
-16
-15
-13
-10
-9
-8
-4
-1
4
8
12
12
15
15
12
11
10
9
8
6
2
2
1
-1
-3
-8
-8
-9
-10
-8
-6
-4
-2
-2
5
6
8
12
13
14
17
19
20
20
22
19
16
17
11
7
4
-3
-4
-7
-11
-13
-12
-14
-14
-14
-16
-16
-16
-13
-9
-5
-1
1
5
10
9
10
16
15
14
14
10
10
10
6
2
-1
-8
-10
-10
-12
-16
-12
-13
-16
-10
-10
-10
-3
1
0
2
2
0
2
4
4
7
7
4
2
0
-1
-4
-4
-4
-4
-4
-3
-3
-5
-4
-3
-2
-1
0
-1
-2
-2
0
-2
-1
1
-1
-3
-5
-7
-9
-13
-16
-15
-16
-15
-14
-16
-16
-14
-12
-10
-8
-6
-3
-3
-1
3
5
9
12
10
9
10
12
12
10
9
4
0
0
-5
-6
-5
-8
-8
-5
-5
-3
-3
0
3
7
9
13
16
16
18
20
21
23
25
24
21
20
19
14
8
4
0
-4
-5
-6
-8
-8
-11
-11
-8
-9
-5
-2
-1
3
3
2
4
6
7
9
11
11
10
10
12
10
8
10
9
6
3
3
3
3
3
-2
-3
-3
-4
-2
-4
-6
-5
-5
-7
-9
-10
-12
-14
-13
-13
-13
-14
-15
-18
-19
-23
-23
-21
-20
-18
-15
-13
-13
-9
-2
-2
1
4
4
8
10
10
9
5
7
7
4
4
3
-1
-3
-3
-7
-8
-9
-8
-8
-6
-6
-5
-2
0
4
7
11
13
16
18
16
18
16
16
18
16
12
10
6
1
-2
-5
-8
-9
-10
-11
-12
-16
-14
-13
-14
-13
-14
-10
-8
-8
-3
-2
1
6
6
7
9
11
13
13
16
16
16
16
13
13
14
12
8
5
6
4
5
4
5
6
8
11
10
7
5
3
3
2
2
2
-1
1
-1
-2
3
6
6
8
8
8
8
7
7
8
8
7
6
5
6
7
5
6
4
3
5
6
3
0
-2
-4
-8
-11
-13
-14
-13
-15
-15
-12
-13
-10
-6
-4
0
3
6
9
11
12
13
12
12
10
8
4
2
-1
-5
-6
-8
-10
-14
-18
-22
-23
-25
-27
-30
-30
-31
-29
-25
-24
-20
-15
-9
-6
-7
-1
0
4
6
5
6
6
6
4
0
-2
-5
-6
-6
-9
-10
-11
-11
-11
-9
-9
-8
-8
-9
-10
-8
-5
-5
-5
-4
-1
1
-1
-3
-4
-1
0
2
2
1
5
2
2
5
5
8
8
6
8
7
9
10
8
5
4
4
3
0
0
-4
-8
-8
-10
-14
-13
-14
-17
-17
-19
-18
-17
-14
-12
-10
-6
-7
-7
-8
-9
-9
-12
-14
-18
-20
-24
-26
-28
-34
-37
-37
-42
-44
-47
-49
-50
-49
-48
-47
-45
-45
-38
-33
-30
-25
-20
-14
-9
-5
0
5
15
21
22
26
27
27
27
25
26
26
27
25
26
29
30
30
31
28
27
29
30
32
34
38
42
47
51
53
58
61
61
61
58
58
60
59
58
57
53
49
45
40
35
29
21
16
9
10
5
0
-1
-4
-8
-8
-12
-12
-12
-12
-11
-11
-11
-12
-10
-8
-6
-5
-5
-4
-3
-1
3
3
7
11
8
13
15
16
19
20
26
31
36
42
47
51
56
61
63
65
69
75
75
76
74
73
74
73
72
69
70
69
65
62
58
53
48
41
34
26
17
6
0
-11
-22
-29
-41
-52
-61
-75
-84
-91
-102
-110
-117
-125
-132
-139
-145
-148
-150
-152
-151
-149
-146
-141
-137
-128
-122
-113
-101
-91
-81
-70
-61
-51
-41
-32
-22
-13
-4
7
19
26
37
46
55
65
75
86
94
102
112
121
130
138
148
154
158
162
164
165
166
164
163
159
154
148
137
124
110
93
74
55
37
16
-4
-24
-50
-71
-93
-116
-136
-156
-180
-199
-216
-232
-244
-255
-265
-270
-273
-275
-273
-272
-268
-262
-252
-242
-229
-214
-200
-183
-166
-147
-126
-105
-82
-56
-27
-2
23
49
73
99
126
150
173
199
223
244
268
292
313
334
353
365
377
387
394
403
409
409
403
399
392
379
365
346
324
301
275
241
208
170
128
84
40
-6
-53
-105
-154
-205
-253
-302
-351
-394
-432
-469
-499
-528
-550
-569
-582
-588
-588
-585
-578
-561
-542
-518
-489
-458
-426
-389
-347
-304
-262
-216
-172
-124
-74
-26
22
70
116
162
208
253
296
346
392
435
480
522
564
606
644
680
710
733
755
775
784
785
781
768
746
718
678
630
572
507
437
359
278
192
101
12
-83
-180
-275
-370
-459
-542
-621
-694
-765
-828
-882
-926
-960
-988
-1004
-1011
-1014
-1007
-993
-973
-946
-911
-870
-820
-766
-706
-640
-573
-502
-425
-349
-266
-179
-94
-7
85
175
261
348
437
524
609
690
766
840
908
971
1030
1081
1126
1160
1187
1205
1211
1211
1202
1178
1147
1106
1054
992
922
841
748
651
548
438
324
203
78
-49
-179
-308
-435
-562
-683
-798
-902
-1000
-1089
-1167
-1237
-1295
-1342
-1379
-1402
-1415
-1416
-1400
-1377
-1343
-1296
-1244
-1182
-1109
-1030
-945
-855
-760
-662
-561
-456
-352
-245
-138
-36
71
175
277
379
479
581
679
775
870
959
1047
1128
1201
1272
1332
1385
1430
1463
1486
1497
1496
1480
1449
1409
1354
1286
1208
1117
1013
904
784
654
519
376
231
89
-54
-197
-334
-468
-599
-722
-840
-950
-1051
-1144
-1224
-1298
-1359
-1408
-1451
-1483
-1503
-1509
-1505
-1491
-1465
-1429
-1382
-1324
-1256
-1181
-1099
-1010
-914
-811
-704
-595
-488
-379
-267
-157
-46
63
167
269
371
468
563
653
740
822
903
979
1051
1118
1183
1240
1295
1342
1380
1414
1440
1458
1467
1460
1439
1407
1362
1308
1242
1162
1066
961
846
718
584
443
296
148
-2
-149
-294
-433
-570
-701
-825
-940
-1039
-1133
-1217
-1284
-1346
-1394
-1428
-1453
-1466
-1473
-1472
-1457
-1434
-1403
-1363
-1314
-1254
-1189
-1116
-1034
-949
-859
-762
-664
-557
-448
-342
-232
-125
-18
88
191
288
384
473
559
645
728
805
880
950
1018
1083
1144
1200
1250
1297
1344
1386
1419
1444
1464
1476
1474
1460
1432
1395
1346
1285
1209
1123
1023
910
788
655
516
371
218
63
-92
-244
-392
-536
-673
-804
-926
-1037
-1138
-1228
-1308
-1380
-1434
-1476
-1505
-1520
-1528
-1525
-1514
-1492
-1464
-1425
-1374
-1321
-1257
-1184
-1105
-1022
-931
-838
-739
-636
-532
-423
-312
-204
-89
25
133
242
346
444
538
628
711
789
865
935
1000
1062
1118
1172
1220
1267
1307
1344
1378
1401
1417
1428
1437
1435
1417
1392
1355
1308
1249
1179
1096
1005
900
786
667
536
400
260
112
-33
-176
-314
-454
-587
-711
-830
-940
-1039
-1132
-1215
-1283
-1345
-1393
-1427
-1451
-1466
-1476
-1473
-1458
-1433
-1401
-1362
-1312
-1256
-1190
-1120
-1043
-958
-866
-770
-669
-565
-458
-356
-248
-137
-28
80
184
283
377
467
552
634
709
782
850
910
968
1022
1069
1113
1155
1191
1224
1258
1286
1305
1318
1329
1339
1335
1317
1296
1266
1223
1167
1106
1029
938
840
730
612
489
355
215
74
-66
-207
-345
-481
-612
-736
-853
-960
-1060
-1150
-1233
-1305
-1365
-1416
-1455
-1485
-1506
-1517
-1515
-1504
-1483
-1452
-1414
-1366
-1308
-1241
-1167
-1088
-1001
-908
-810
-709
-604
-495
-386
-275
-164
-51
59
165
268
368
463
556
641
717
790
860
926
984
1037
1086
1130
1175
1213
1248
1279
1306
1327
1342
1356
1363
1358
1342
1318
1287
1243
1190
1126
1050
964
867
761
647
523
389
250
108
-31
-172
-317
-456
-588
-718
-844
-956
-1061
-1157
-1246
-1319
-1379
-1433
-1473
-1499
-1515
-1522
-1517
-1505
-1480
-1445
-1406
-1355
-1295
-1225
-1147
-1063
-973
-876
-776
-671
-560
-452
-344
-236
-123
-11
93
200
300
397
490
578
662
737
808
878
941
1004
1060
1110
1154
1198
1239
1275
1311
1342
1366
1383
1393
1393
1386
1369
1340
1301
1251
1194
1123
1039
942
836
720
597
465
328
185
39
-108
-255
-399
-539
-674
-801
-919
-1029
-1129
-1219
-1301
-1370
-1425
-1472
-1504
-1526
-1537
-1536
-1525
-1503
-1468
-1425
-1373
-1312
-1244
-1166
-1080
-990
-896
-793
-686
-577
-467
-353
-241
-129
-19
88
197
302
398
492
579
662
741
810
877
934
984
1032
1074
1112
1145
1177
1207
1232
1255
1275
1287
1294
1293
1285
1271
1248
1214
1166
1113
1052
980
893
799
694
579
457
331
201
67
-71
-209
-346
-472
-594
-714
-825
-926
-1019
-1102
-1178
-1242
-1295
-1337
-1368
-1386
-1394
-1397
-1388
-1373
-1348
-1315
-1274
-1227
-1172
-1110
-1043
-969
-887
-803
-719
-625
-525
-424
-321
-215
-110
-6
97
202
301
394
482
564
638
706
766
823
876
919
960
999
1034
1064
1090
1112
1132
1150
1165
1175
1182
1179
1171
1158
1141
1113
1071
1028
978
914
841
762
669
567
457
337
215
89
-41
-170
-299
-425
-549
-665
-774
-876
-968
-1053
-1125
-1188
-1241
-1288
-1323
-1345
-1359
-1360
-1352
-1341
-1321
-1289
-1251
-1207
-1154
-1093
-1031
-959
-878
-798
-711
-616
-520
-421
-318
-215
-116
-13
84
185
283
377
468
552
633
705
767
830
882
929
970
1003
1035
1065
1090
1110
1133
1150
1162
1173
1180
1179
1167
1155
1142
1121
1086
1039
989
930
858
778
688
589
481
368
249
126
1
-127
-258
-383
-504
-622
-731
-831
-924
-1008
-1081
-1146
-1204
-1248
-1280
-1305
-1321
-1325
-1321
-1309
-1287
-1257
-1220
-1174
-1120
-1061
-996
-925
-852
-770
-685
-596
-501
-407
-313
-214
-120
-29
63
151
236
320
399
471
538
604
665
719
771
814
853
888
919
947
979
1009
1038
1061
1082
1098
1112
1122
1123
1120
1112
1097
1075
1041
997
945
885
815
733
643
544
439
328
208
88
-33
-157
-280
-401
-518
-630
-736
-835
-924
-1002
-1072
-1134
-1183
-1225
-1254
-1276
-1288
-1288
-1279
-1261
-1236
-1200
-1158
-1111
-1057
-998
-931
-859
-781
-696
-605
-514
-420
-326
-234
-142
-52
38
125
207
284
359
427
492
558
613
662
707
747
782
818
851
883
912
939
968
996
1016
1034
1057
1074
1083
1085
1078
1066
1042
1011
969
918
857
787
702
611
513
405
291
170
51
-69
-193
-314
-433
-545
-654
-758
-853
-940
-1016
-1087
-1147
-1196
-1236
-1264
-1286
-1292
-1288
-1279
-1260
-1228
-1186
-1139
-1084
-1023
-955
-876
-792
-702
-610
-518
-425
-330
-233
-136
-45
45
130
206
281
352
422
486
540
594
647
689
731
770
803
840
879
915
946
974
1002
1030
1055
1076
1093
1104
1109
1109
1101
1084
1058
1023
976
920
854
775
688
589
481
367
245
119
-18
-153
-290
-425
-558
-681
-795
-906
-1005
-1096
-1178
-1245
-1299
-1340
-1370
-1387
-1389
-1381
-1362
-1333
-1296
-1245
-1188
-1121
-1047
-966
-882
-795
-702
-604
-506
-409
-315
-216
-118
-26
60
142
221
293
359
421
483
533
582
628
669
713
757
800
840
880
925
967
1007
1047
1086
1123
1160
1191
1207
1219
1218
1208
1185
1152
1108
1047
971
888
794
690
575
450
314
176
38
-105
-250
-393
-529
-659
-782
-895
-1001
-1095
-1181
-1252
-1309
-1351
-1383
-1402
-1408
-1402
-1382
-1355
-1316
-1264
-1207
-1137
-1060
-977
-887
-797
-708
-615
-520
-425
-332
-240
-154
-69
13
94
169
236
302
365
425
478
530
583
634
688
736
785
838
885
929
977
1027
1078
1130
1180
1222
1261
1291
1303
1305
1306
1296
1261
1210
1153
1078
991
893
780
656
520
380
231
78
-75
-232
-390
-542
-684
-815
-939
-1055
-1156
-1243
-1319
-1375
-1418
-1445
-1456
-1462
-1455
-1433
-1396
-1354
-1306
-1244
-1178
-1102
-1019
-932
-844
-758
-670
-578
-484
-392
-302
-220
-141
-63
11
84
150
210
273
332
394
458
521
581
640
704
768
835
905
976
1046
1117
1193
1273
1352
1425
1479
1512
1536
1556
1561
1542
1498
1432
1346
1247
1134
1004
852
683
499
307
118
-73
-270
-470
-662
-840
-1001
-1147
-1279
-1401
-1507
-1587
-1641
-1673
-1688
-1693
-1688
-1664
-1618
-1559
-1491
-1417
-1342
-1259
-1165
-1062
-960
-866
-776
-687
-589
-488
-396
-312
-235
-161
-81
-3
74
143
203
267
335
407
483
556
620
684
757
844
941
1034
1127
1226
1330
1441
1558
1667
1748
1793
1824
1854
1875
1864
1815
1731
1622
1504
1373
1220
1037
826
596
363
141
-75
-302
-541
-774
-988
-1171
-1328
-1472
-1609
-1729
-1818
-1871
-1889
-1889
-1881
-1859
-1819
-1752
-1662
-1562
-1465
-1376
-1276
-1159
-1040
-927
-829
-743
-658
-571
-480
-393
-321
-263
-208
-146
-79
-11
51
104
158
225
312
404
491
571
654
751
873
1010
1139
1267
1398
1537
1689
1847
1987
2076
2118
2149
2187
2202
2169
2082
1958
1808
1652
1487
1291
1056
785
495
213
-51
-307
-578
-860
-1135
-1372
-1557
-1709
-1848
-1972
-2071
-2132
-2139
-2102
-2045
-1986
-1925
-1838
-1714
-1565
-1420
-1289
-1166
-1046
-915
-780
-662
-567
-492
-430
-370
-308
-252
-216
-202
-192
-170
-136
-99
-63
-26
15
79
166
266
371
477
596
742
921
1110
1294
1475
1665
1873
2088
2289
2431
2506
2545
2582
2604
2580
2487
2320
2105
1880
1654
1403
1113
777
409
42
-298
-612
-922
-1236
-1550
-1831
-2042
-2186
-2290
-2373
-2432
-2451
-2414
-2321
-2190
-2042
-1906
-1764
-1595
-1404
-1207
-1026
-878
-756
-635
-515
-412
-338
-300
-293
-295
-293
-287
-291
-314
-344
-369
-378
-362
-330
-280
-218
-141
-28
113
270
437
612
805
1025
1264
1515
1759
1996
2246
2513
2759
2920
2979
2989
2996
2985
2916
2764
2516
2210
1892
1572
1231
855
446
4
-436
-832
-1178
-1492
-1805
-2114
-2377
-2553
-2634
-2653
-2637
-2608
-2542
-2410
-2215
-1981
-1735
-1513
-1317
-1116
-899
-682
-502
-384
-318
-274
-233
-198
-189
-230
-320
-423
-511
-580
-641
-709
-779
-838
-871
-863
-814
-731
-628
-502
-338
-137
104
368
634
908
1199
1512
1838
2147
2433
2714
3013
3310
3523
3582
3515
3407
3305
3176
2958
2616
2174
1705
1267
850
428
-25
-513
-1007
-1453
-1812
-2087
-2327
-2565
-2790
-2938
-2961
-2874
-2724
-2561
-2394
-2194
-1928
-1601
-1255
-946
-698
-496
-315
-133
24
118
125
57
-36
-126
-212
-324
-493
-699
-897
-1043
-1131
-1191
-1245
-1289
-1299
-1246
-1130
-963
-772
-568
-339
-72
235
565
887
1182
1460
1753
2067
2379
2656
2882
3089
3314
3543
3700
3684
3500
3258
3038
2820
2539
2145
1641
1100
599
157
-242
-627
-1032
-1456
-1849
-2149
-2329
-2424
-2506
-2604
-2665
-2616
-2444
-2184
-1905
-1649
-1410
-1154
-859
-544
-255
-49
54
87
107
118
88
-15
-193
-407
-614
-796
-961
-1132
-1319
-1496
-1637
-1714
-1720
-1670
-1585
-1480
-1348
-1164
-916
-608
-269
72
404
738
1076
1415
1741
2046
2320
2563
2771
2951
3124
3309
3504
3654
3649
3433
3098
2771
2486
2184
1794
1280
696
160
-288
-658
-976
-1289
-1614
-1927
-2166
-2279
-2275
-2232
-2212
-2202
-2124
-1937
-1649
-1324
-1026
-770
-541
-316
-69
191
424
556
535
402
256
144
16
-201
-516
-866
-1171
-1397
-1575
-1730
-1875
-1996
-2057
-2040
-1935
-1748
-1520
-1292
-1065
-814
-506
-157
194
512
791
1049
1293
1527
1741
1918
2059
2177
2287
2396
2500
2604
2739
2914
3090
3157
3005
2687
2363
2118
1903
1633
1248
765
269
-160
-499
-756
-975
-1211
-1484
-1762
-1961
-2021
-1982
-1941
-1930
-1905
-1811
-1621
-1357
-1068
-809
-601
-427
-261
-73
118
252
254
128
-38
-183
-328
-524
-783
-1071
-1326
-1525
-1681
-1813
-1913
-1966
-1957
-1890
-1773
-1601
-1372
-1108
-834
-558
-273
29
341
653
940
1179
1390
1590
1767
1914
2028
2126
2221
2315
2390
2460
2567
2729
2894
2923
2719
2374
2047
1794
1569
1288
901
449
9
-376
-683
-912
-1084
-1245
-1426
-1609
-1734
-1753
-1684
-1595
-1516
-1433
-1311
-1126
-895
-652
-437
-263
-122
5
128
222
244
171
17
-175
-388
-639
-928
-1234
-1517
-1754
-1938
-2071
-2149
-2169
-2120
-2006
-1833
-1605
-1334
-1044
-749
-457
-159
134
405
648
859
1046
1205
1342
1458
1537
1584
1614
1653
1712
1799
1895
1989
2110
2291
2528
2747
2807
2654
2367
2067
1816
1595
1325
945
474
-12
-444
-780
-1019
-1188
-1331
-1499
-1694
-1845
-1877
-1789
-1636
-1487
-1371
-1244
-1048
-789
-524
-284
-73
108
238
297
300
273
205
57
-201
-534
-869
-1175
-1449
-1717
-1970
-2161
-2262
-2284
-2244
-2133
-1938
-1664
-1345
-1028
-718
-394
-56
268
550
781
968
1126
1258
1351
1405
1420
1409
1379
1336
1310
1319
1369
1448
1547
1672
1857
2133
2452
2676
2676
2464
2178
1953
1790
1601
1297
865
373
-100
-511
-835
-1066
-1231
-1402
-1618
-1836
-1962
-1948
-1818
-1652
-1508
-1368
-1195
-968
-695
-416
-165
29
155
223
255
265
214
55
-197
-484
-768
-1046
-1333
-1621
-1869
-2030
-2099
-2095
-2038
-1922
-1730
-1472
-1185
-886
-571
-246
73
355
579
758
918
1070
1185
1238
1235
1220
1223
1226
1218
1216
1252
1342
1455
1567
1704
1933
2281
2647
2843
2763
2494
2206
1984
1775
1484
1075
586
76
-406
-828
-1142
-1323
-1420
-1531
-1709
-1884
-1951
-1857
-1644
-1430
-1273
-1147
-990
-771
-519
-272
-69
82
169
176
142
101
60
-18
-203
-520
-905
-1245
-1481
-1638
-1766
-1879
-1949
-1941
-1850
-1686
-1454
-1160
-818
-479
-197
37
260
499
721
872
934
937
921
909
882
822
742
667
618
606
634
721
874
1079
1313
1564
1856
2226
2668
3072
3260
3137
2807
2445
2146
1880
1538
1044
428
-222
-826
-1317
-1655
-1851
-1969
-2092
-2256
-2381
-2349
-2118
-1768
-1424
-1152
-922
-677
-401
-110
155
357
491
538
483
336
143
-80
-341
-651
-1013
-1399
-1754
-2019
-2164
-2205
-2163
-2057
-1908
-1717
-1472
-1154
-769
-364
13
323
563
751
914
1064
1177
1218
1179
1079
947
828
751
714
692
671
682
758
905
1118
1385
1714
2122
2558
2872
2914
2699
2383
2111
1896
1650
1278
773
209
-340
-817
-1192
-1443
-1584
-1695
-1857
-2044
-2138
-2051
-1806
-1521
-1289
-1099
-892
-634
-346
-74
158
340
447
463
415
351
290
164
-101
-501
-930
-1285
-1542
-1740
-1920
-2065
-2118
-2064
-1933
-1749
-1506
-1187
-822
-486
-215
16
254
509
727
853
885
882
886
879
831
751
695
687
703
723
768
893
1110
1380
1647
1920
2274
2727
3144
3315
3164
2810
2433
2112
1788
1378
848
239
-379
-958
-1435
-1754
-1918
-1992
-2077
-2201
-2281
-2200
-1935
-1576
-1233
-960
-728
-481
-212
57
290
458
549
558
492
385
276
158
-11
-269
-626
-1024
-1383
-1660
-1854
-1982
-2058
-2079
-2038
-1916
-1695
-1384
-1012
-636
-296
-6
248
477
672
804
866
871
831
761
672
583
499
421
355
317
328
411
576
803
1057
1315
1596
1933
2347
2812
3205
3358
3187
2789
2356
1996
1681
1314
808
172
-499
-1107
-1585
-1903
-2076
-2162
-2245
-2353
-2404
-2296
-2006
-1614
-1228
-907
-634
-355
-49
254
519
718
818
814
722
596
471
320
73
-291
-724
-1146
-1501
-1777
-2000
-2178
-2278
-2277
-2179
-1999
-1746
-1410
-1019
-625
-264
51
338
609
835
989
1057
1064
1041
996
928
848
783
744
724
714
735
827
1005
1232
1467
1733
2085
2519
2902
3049
2899
2570
2238
1962
1693
1343
869
307
-284
-839
-1290
-1578
-1705
-1774
-1888
-2066
-2199
-2154
-1922
-1603
-1312
-1077
-850
-591
-306
-35
211
422
575
647
624
549
475
416
334
167
-97
-430
-803
-1171
-1487
-1711
-1841
-1929
-2010
-2062
-2025
-1840
-1523
-1143
-783
-471
-192
62
295
503
676
798
837
789
692
606
554
511
452
372
316
337
445
617
829
1066
1318
1590
1903
2292
2736
3110
3239
3039
2625
2204
1886
1626
1303
822
202
-460
-1053
-1508
-1795
-1931
-2007
-2131
-2309
-2433
-2369
-2094
-1718
-1374
-1110
-883
-614
-283
60
370
624
800
876
856
788
732
688
571
272
-198
-714
-1140
-1437
-1664
-1881
-2089
-2238
-2285
-2224
-2057
-1775
-1390
-969
-603
-315
-57
238
563
831
979
1016
1014
1022
1026
991
914
828
762
709
671
678
760
905
1069
1226
1419
1715
2105
2468
2639
2542
2281
2008
1801
1626
1411
1098
676
186
-311
-740
-1029
-1180
-1284
-1451
-1706
-1951
-2054
-1972
-1771
-1562
-1400
-1261
-1097
-879
-615
-324
-38
215
400
505
558
607
650
639
515
279
-9
-295
-551
-797
-1073
-1371
-1654
-1876
-1995
-1999
-1901
-1728
-1528
-1328
-1123
-876
-574
-241
76
316
469
576
675
780
871
917
913
876
837
829
862
936
1032
1129
1222
1324
1488
1747
2079
2411
2596
2528
2243
1897
1643
1496
1368
1140
739
216
-304
-711
-959
-1081
-1167
-1317
-1570
-1849
-2023
-2018
-1860
-1652
-1500
-1418
-1333
-1173
-922
-619
-314
-57
130
255
349
451
581
707
748
648
426
157
-93
-309
-521
-740
-970
-1204
-1404
-1540
-1587
-1533
-1399
-1241
-1104
-980
-834
-641
-415
-198
-22
117
232
345
456
559
654
742
813
865
906
959
1037
1139
1236
1321
1410
1533
1712
1922
2081
2108
1982
1759
1538
1376
1265
1159
990
718
376
31
-255
-449
-568
-680
-850
-1083
-1327
-1503
-1576
-1558
-1498
-1456
-1447
-1436
-1380
-1254
-1068
-858
-655
-477
-324
-186
-46
111
274
397
437
394
313
241
204
183
133
29
-131
-324
-497
-602
-623
-591
-561
-583
-646
-702
-704
-641
-543
-442
-368
-320
-277
-227
-149
-35
96
211
290
338
388
463
559
673
782
876
959
1044
1141
1252
1355
1419
1419
1360
1277
1208
1166
1142
1103
1021
888
722
552
396
270
163
46
-92
-262
-453
-635
-790
-899
-974
-1029
-1078
-1130
-1169
-1188
-1176
-1123
-1042
-944
-850
-767
-691
-613
-528
-436
-343
-252
-177
-138
-130
-141
-156
-164
-162
-159
-163
-182
-210
-240
-265
-282
-294
-310
-333
-354
-358
-350
-328
-295
-252
-200
-149
-99
-42
41
145
262
370
462
548
643
754
877
1000
1117
1218
1284
1308
1307
1301
1306
1322
1325
1296
1229
1131
1025
919
809
699
581
445
288
109
-75
-250
-396
-513
-617
-713
-807
-893
-962
-1014
-1043
-1051
-1043
-1027
-1014
-999
-979
-940
-875
-805
-738
-685
-651
-634
-631
-620
-586
-536
-482
-438
-418
-415
-410
-387
-343
-300
-263
-244
-238
-232
-215
-181
-138
-90
-45
-13
13
44
89
157
240
328
412
483
551
630
734
860
992
1126
1244
1325
1367
1378
1387
1405
1425
1432
1397
1321
1215
1096
972
852
741
623
483
314
123
-68
-239
-379
-491
-593
-697
-802
-905
-995
-1059
-1093
-1104
-1104
-1095
-1085
-1075
-1053
-1014
-956
-887
-828
-786
-765
-752
-733
-705
-670
-629
-586
-545
-513
-489
-468
-437
-397
-352
-310
-274
-241
-205
-162
-121
-80
-41
-6
24
56
95
141
202
274
352
426
491
558
643
756
893
1043
1193
1326
1418
1464
1487
1504
1527
1552
1546
1493
1394
1272
1146
1024
904
776
636
479
294
92
-110
-285
-420
-533
-640
-753
-866
-963
-1035
-1081
-1110
-1120
-1116
-1101
-1079
-1050
-1008
-949
-887
-829
-781
-743
-706
-661
-609
-556
-520
-502
-497
-490
-470
-443
-413
-384
-351
-324
-304
-284
-256
-214
-166
-129
-113
-109
-97
-75
-45
-13
18
58
111
171
234
307
398
508
631
752
876
1015
1158
1289
1391
1440
1451
1446
1442
1438
1422
1380
1306
1195
1059
919
781
652
527
394
235
55
-121
-282
-415
-519
-615
-710
-806
-896
-967
-1020
-1043
-1037
-1017
-993
-975
-956
-929
-885
-833
-784
-743
-710
-683
-652
-620
-591
-570
-555
-550
-548
-535
-512
-477
-434
-389
-352
-330
-310
-280
-237
-194
-153
-118
-87
-58
-27
8
54
112
174
229
283
339
405
495
597
705
814
925
1045
1168
1281
1369
1415
1429
1424
1408
1390
1368
1328
1268
1185
1072
942
811
692
585
469
330
169
-9
-179
-330
-460
-575
-688
-791
-889
-978
-1043
-1081
-1093
-1087
-1076
-1066
-1055
-1036
-997
-943
-883
-829
-794
-769
-744
-714
-679
-649
-620
-591
-568
-537
-498
-445
-383
-329
-293
-275
-263
-241
-204
-156
-105
-69
-48
-33
-13
21
66
118
169
214
257
309
372
450
544
643
737
831
936
1050
1165
1267
1337
1371
1380
1376
1366
1351
1328
1282
1197
1080
952
834
734
645
550
430
276
101
-70
-220
-350
-465
-573
-684
-799
-908
-1001
-1068
-1102
-1116
-1125
-1136
-1144
-1139
-1110
-1056
-999
-942
-897
-860
-824
-782
-734
-682
-630
-581
-534
-485
-424
-356
-289
-228
-186
-157
-138
-114
-77
-36
-2
19
25
28
34
46
73
100
131
163
193
235
293
363
449
539
629
722
827
954
1093
1225
1327
1390
1418
1425
1424
1416
1401
1361
1293
1187
1054
912
775
661
553
426
270
93
-83
-240
-373
-487
-601
-718
-836
-950
-1043
-1104
-1140
-1162
-1172
-1179
-1181
-1171
-1139
-1081
-1016
-959
-917
-887
-853
-801
-731
-650
-576
-516
-475
-443
-401
-345
-283
-225
-177
-155
-145
-129
-107
-73
-38
-16
-6
-2
4
21
50
90
132
172
215
264
326
406
503
598
685
776
881
1006
1145
1278
1378
1436
1453
1453
1439
1413
1382
1333
1258
1152
1019
870
727
600
475
334
173
-1
-171
-324
-454
-571
-686
-803
-926
-1029
-1110
-1167
-1186
-1182
-1171
-1163
-1154
-1132
-1084
-1016
-940
-877
-829
-785
-743
-690
-633
-572
-514
-472
-443
-425
-406
-377
-337
-291
-255
-236
-219
-196
-159
-111
-63
-21
11
36
64
100
147
203
258
309
361
408
459
524
601
678
753
829
913
1009
1113
1205
1267
1297
1299
1288
1276
1264
1242
1206
1137
1030
902
769
641
525
413
282
126
-38
-200
-347
-470
-575
-676
-779
-881
-970
-1033
-1072
-1083
-1078
-1067
-1053
-1034
-1001
-952
-889
-825
-774
-733
-697
-653
-605
-554
-505
-475
-461
-452
-442
-425
-393
-354
-320
-301
-286
-270
-242
-195
-142
-95
-57
-27
2
41
83
130
180
224
271
322
379
446
525
605
681
748
821
901
992
1093
1183
1249
1279
1288
1287
1284
1285
1276
1238
1169
1062
935
804
674
554
428
282
116
-58
-227
-381
-515
-637
-751
-854
-941
-1010
-1057
-1079
-1084
-1079
-1069
-1056
-1034
-997
-940
-873
-819
-774
-742
-714
-672
-624
-572
-523
-491
-473
-458
-440
-412
-378
-339
-305
-284
-268
-254
-229
-193
-152
-112
-79
-55
-29
6
52
97
143
184
224
269
330
404
493
586
666
738
813
899
998
1104
1207
1284
1328
1350
1354
1356
1357
1344
1310
1245
1147
1023
896
768
642
506
350
171
-20
-203
-371
-521
-654
-780
-898
-1005
-1087
-1145
-1178
-1190
-1184
-1174
-1167
-1151
-1117
-1064
-1001
-937
-884
-844
-803
-752
-692
-622
-553
-500
-459
-427
-403
-373
-331
-282
-243
-216
-194
-176
-155
-119
-77
-37
0
33
65
101
145
193
236
272
305
339
388
452
526
601
673
741
817
905
1009
1122
1227
1306
1355
1374
1385
1396
1402
1399
1368
1307
1207
1090
966
836
706
560
391
208
16
-168
-339
-496
-644
-788
-928
-1056
-1168
-1253
-1307
-1348
-1396
-1441
-1468
-1467
-1435
-1385
-1325
-1256
-1184
-1113
-1042
-959
-857
-745
-644
-561
-492
-429
-365
-306
-240
-170
-112
-67
-29
6
41
80
120
149
165
179
196
216
239
271
300
325
351
393
454
534
628
721
814
908
1007
1118
1229
1337
1423
1482
1517
1532
1538
1533
1522
1490
1422
1326
1202
1065
928
792
640
462
267
60
-148
-343
-525
-693
-856
-1012
-1161
-1300
-1415
-1494
-1543
-1579
-1606
-1621
-1625
-1606
-1566
-1495
-1412
-1332
-1256
-1187
-1109
-1020
-919
-811
-710
-613
-531
-456
-383
-300
-210
-127
-53
9
66
121
178
236
288
332
368
397
430
477
543
613
689
767
849
946
1061
1192
1331
1460
1558
1617
1656
1693
1731
1758
1762
1738
1677
1576
1458
1332
1204
1074
923
735
520
291
66
-147
-349
-540
-727
-920
-1104
-1271
-1409
-1510
-1584
-1643
-1699
-1739
-1755
-1746
-1706
-1644
-1578
-1518
-1455
-1385
-1298
-1194
-1077
-959
-853
-764
-681
-598
-506
-409
-309
-222
-160
-104
-52
1
60
119
169
209
244
275
305
340
380
418
455
496
547
611
692
785
888
1000
1114
1239
1366
1481
1578
1649
1704
1744
1765
1773
1764
1727
1659
1556
1433
1295
1149
998
825
621
402
168
-73
-304
-521
-723
-918
-1109
-1288
-1451
-1583
-1682
-1749
-1797
-1834
-1853
-1857
-1836
-1788
-1720
-1638
-1548
-1458
-1364
-1264
-1157
-1040
-915
-793
-682
-585
-491
-393
-292
-195
-105
-30
32
89
136
179
222
268
308
333
346
356
372
397
437
486
538
587
647
720
814
930
1062
1202
1332
1440
1518
1582
1641
1695
1747
1774
1773
1741
1672
1581
1475
1362
1243
1102
924
716
490
261
40
-174
-384
-591
-792
-986
-1165
-1322
-1449
-1549
-1633
-1706
-1761
-1793
-1797
-1778
-1740
-1689
-1633
-1565
-1487
-1400
-1301
-1192
-1084
-982
-887
-794
-697
-595
-487
-380
-281
-197
-122
-53
13
77
135
186
227
261
293
317
338
362
390
423
467
517
577
645
725
821
931
1058
1200
1345
1466
1559
1628
1683
1732
1771
1794
1793
1759
1690
1588
1467
1337
1207
1068
900
700
479
250
28
-183
-382
-573
-764
-953
-1132
-1291
-1421
-1520
-1593
-1654
-1710
-1761
-1783
-1777
-1748
-1697
-1641
-1581
-1516
-1445
-1365
-1270
-1163
-1047
-937
-836
-739
-644
-545
-438
-333
-238
-150
-76
-6
54
106
161
213
257
291
317
345
374
410
458
515
576
648
731
825
938
1072
1221
1373
1504
1607
1684
1747
1804
1846
1875
1878
1848
1781
1677
1554
1422
1289
1146
973
769
540
302
69
-154
-361
-555
-744
-921
-1090
-1248
-1379
-1484
-1559
-1616
-1665
-1705
-1728
-1730
-1711
-1679
-1636
-1577
-1513
-1440
-1361
-1279
-1185
-1089
-992
-899
-809
-717
-618
-515
-412
-311
-218
-129
-43
34
103
162
221
276
322
353
378
404
430
467
514
572
642
716
798
895
1005
1134
1283
1429
1553
1644
1709
1760
1808
1848
1868
1862
1820
1741
1631
1496
1349
1207
1052
868
650
411
169
-63
-287
-491
-688
-876
-1049
-1217
-1366
-1486
-1574
-1633
-1681
-1723
-1753
-1765
-1752
-1721
-1680
-1630
-1574
-1509
-1435
-1362
-1282
-1188
-1085
-981
-886
-796
-700
-596
-486
-376
-272
-172
-72
24
110
183
252
323
387
442
480
513
547
585
631
682
731
793
864
944
1037
1149
1284
1424
1548
1637
1693
1736
1774
1808
1825
1821
1787
1715
1608
1476
1335
1195
1057
896
700
475
232
-4
-230
-437
-635
-827
-1007
-1170
-1319
-1456
-1565
-1643
-1694
-1733
-1769
-1787
-1779
-1749
-1709
-1666
-1618
-1552
-1475
-1393
-1308
-1226
-1136
-1039
-944
-849
-756
-651
-540
-433
-334
-238
-142
-42
57
145
223
292
361
428
483
529
571
613
657
704
750
801
859
927
1005
1091
1196
1312
1435
1541
1613
1654
1678
1704
1730
1739
1729
1690
1622
1525
1400
1264
1131
997
842
650
425
187
-45
-258
-460
-651
-833
-1010
-1178
-1334
-1473
-1591
-1672
-1729
-1778
-1819
-1839
-1835
-1807
-1762
-1710
-1648
-1585
-1511
-1429
-1347
-1254
-1154
-1050
-946
-847
-751
-646
-535
-420
-307
-201
-103
-7
90
180
262
345
419
484
543
595
646
708
776
846
911
976
1045
1131
1234
1348
1469
1581
1664
1713
1738
1754
1775
1792
1793
1768
1710
1614
1493
1362
1225
1088
941
764
548
310
71
-155
-367
-565
-757
-943
-1121
-1285
-1433
-1560
-1656
-1723
-1772
-1811
-1840
-1850
-1827
-1779
-1724
-1668
-1606
-1532
-1451
-1363
-1272
-1179
-1076
-972
-873
-779
-684
-576
-460
-347
-242
-146
-59
32
120
203
281
357
429
493
542
587
636
695
765
831
892
955
1027
1111
1216
1335
1459
1577
1666
1719
1741
1752
1765
1776
1774
1746
1687
1593
1473
1341
1203
1058
907
735
525
283
39
-191
-402
-598
-786
-972
-1154
-1319
-1468
-1596
-1692
-1759
-1800
-1830
-1857
-1869
-1852
-1805
-1733
-1656
-1583
-1507
-1425
-1333
-1235
-1135
-1030
-921
-814
-714
-625
-528
-422
-307
-191
-89
-1
78
155
234
310
381
448
507
555
595
645
706
777
856
934
1004
1079
1167
1275
1404
1541
1659
1738
1775
1785
1789
1799
1809
1802
1771
1700
1590
1453
1303
1159
1018
871
695
468
214
-37
-271
-476
-664
-846
-1025
-1201
-1367
-1519
-1645
-1736
-1795
-1830
-1860
-1888
-1896
-1874
-1820
-1747
-1670
-1592
-1513
-1430
-1336
-1239
-1139
-1029
-919
-820
-734
-652
-564
-465
-361
-256
-161
-84
-11
64
140
220
299
376
441
497
550
609
680
766
863
961
1059
1158
1269
1401
1544
1692
1810
1885
1919
1926
1926
1927
1919
1892
1835
1738
1605
1442
1271
1111
959
796
597
358
98
-155
-382
-580
-763
-940
-1110
-1277
-1435
-1579
-1695
-1767
-1807
-1829
-1848
-1869
-1877
-1851
-1788
-1706
-1617
-1529
-1442
-1351
-1256
-1153
-1045
-929
-812
-706
-617
-543
-467
-379
-278
-175
-86
-14
50
115
177
241
304
366
424
475
525
576
636
721
823
930
1035
1149
1274
1415
1562
1699
1800
1853
1878
1887
1887
1876
1848
1804
1732
1618
1471
1297
1119
956
796
616
402
152
-105
-341
-549
-736
-910
-1071
-1219
-1361
-1495
-1610
-1693
-1735
-1744
-1741
-1748
-1761
-1753
-1708
-1635
-1547
-1457
-1371
-1288
-1206
-1120
-1027
-929
-815
-699
-598
-518
-450
-378
-292
-191
-95
-15
53
116
176
234
290
347
410
472
531
587
643
709
798
902
1014
1130
1253
1390
1532
1667
1774
1841
1880
1899
1907
1898
1866
1817
1752
1653
1516
1350
1165
985
813
629
417
174
-87
-341
-571
-776
-963
-1134
-1287
-1428
-1554
-1674
-1770
-1824
-1834
-1821
-1804
-1796
-1788
-1751
-1682
-1594
-1499
-1406
-1316
-1225
-1136
-1045
-950
-843
-724
-608
-513
-442
-379
-305
-214
-119
-25
55
129
200
257
307
359
413
476
545
610
668
730
807
900
1009
1132
1263
1404
1551
1684
1783
1841
1868
1883
1894
1891
1868
1821
1748
1642
1503
1335
1151
970
798
623
421
181
-81
-336
-561
-762
-942
-1105
-1254
-1390
-1512
-1628
-1723
-1779
-1791
-1772
-1746
-1729
-1713
-1686
-1633
-1546
-1453
-1353
-1261
-1169
-1076
-993
-914
-828
-725
-616
-520
-445
-386
-324
-247
-160
-67
18
99
178
242
296
341
389
450
522
596
669
739
816
904
1008
1132
1269
1418
1567
1696
1780
1816
1824
1825
1827
1827
1805
1755
1665
1543
1391
1215
1032
858
696
529
336
105
-154
-410
-638
-828
-989
-1130
-1256
-1376
-1486
-1591
-1677
-1728
-1734
-1702
-1652
-1610
-1581
-1552
-1503
-1428
-1335
-1236
-1132
-1030
-939
-859
-789
-717
-635
-540
-443
-364
-305
-257
-203
-141
-72
3
73
135
185
225
256
285
331
393
472
550
624
706
795
898
1026
1168
1323
1483
1621
1720
1771
1780
1779
1784
1790
1789
1754
1681
1569
1415
1239
1054
879
717
557
377
161
-86
-344
-581
-778
-942
-1078
-1198
-1310
-1420
-1526
-1617
-1684
-1713
-1703
-1669
-1626
-1589
-1557
-1515
-1455
-1376
-1285
-1188
-1093
-1000
-920
-850
-782
-707
-619
-525
-432
-344
-269
-198
-124
-46
38
121
201
271
326
371
412
463
530
613
703
794
888
990
1106
1237
1378
1531
1678
1797
1875
1901
1898
1885
1871
1860
1834
1780
1683
1538
1354
1143
928
722
530
349
149
-79
-329
-584
-821
-1023
-1179
-1304
-1405
-1494
-1588
-1675
-1753
-1800
-1801
-1761
-1699
-1633
-1572
-1516
-1462
-1399
-1319
-1228
-1130
-1031
-944
-870
-804
-740
-666
-584
-498
-416
-342
-268
-191
-112
-33
41
112
180
240
296
349
409
482
571
667
764
872
989
1126
1278
1448
1624
1793
1940
2046
2111
2149
2163
2153
2124
2074
1994
1879
1718
1503
1229
914
591
288
23
-224
-481
-767
-1077
-1381
-1649
-1846
-1966
-2020
-2031
-2026
-2019
-2008
-1968
-1878
-1733
-1542
-1340
-1155
-991
-854
-731
-609
-490
-382
-292
-227
-205
-218
-253
-299
-348
-398
-443
-478
-506
-526
-534
-526
-502
-449
-367
-275
-172
-69
43
181
351
553
770
1000
1234
1480
1743
2022
2317
2610
2886
3113
3229
3201
3040
2798
2549
2325
2116
1875
1555
1140
651
140
-341
-766
-1117
-1395
-1639
-1893
-2173
-2452
-2666
-2759
-2714
-2560
-2348
-2122
-1898
-1687
-1472
-1240
-980
-688
-392
-132
61
176
228
232
210
162
91
-7
-136
-298
-497
-718
-941
-1138
-1292
-1394
-1449
-1464
-1444
-1388
-1292
-1140
-940
-701
-431
-138
174
502
841
1182
1527
1880
2241
2606
2967
3315
3654
3976
4242
4378
4301
4003
3538
3001
2470
1958
1446
904
325
-284
-910
-1530
-2096
-2545
-2835
-2972
-3015
-3037
-3059
-3052
-2963
-2754
-2425
-1998
-1508
-999
-514
-99
220
450
640
828
1005
1126
1141
1026
794
476
107
-275
-633
-957
-1249
-1520
-1790
-2064
-2317
-2493
-2551
-2486
-2324
-2093
-1812
-1492
-1140
-780
-424
-56
334
763
1208
1635
2020
2348
2636
2896
3131
3357
3599
3869
4151
4368
4393
4132
3602
2924
2223
1580
1013
493
-3
-497
-1011
-1559
-2113
-2606
-2954
-3085
-3017
-2840
-2647
-2486
-2343
-2174
-1937
-1617
-1206
-715
-188
311
698
921
984
958
911
865
812
716
548
289
-65
-495
-961
-1401
-1758
-2003
-2148
-2244
-2331
-2411
-2450
-2420
-2304
-2083
-1758
-1335
-852
-367
66
428
741
1052
1388
1747
2099
2422
2712
2955
3142
3276
3398
3566
3799
4040
4153
4002
3567
2921
2185
1453
780
191
-307
-721
-1093
-1490
-1937
-2409
-2814
-3040
-3057
-2909
-2668
-2395
-2120
-1856
-1609
-1373
-1105
-760
-321
177
656
1018
1201
1216
1099
899
670
441
232
27
-207
-504
-885
-1328
-1769
-2142
-2401
-2532
-2559
-2507
-2397
-2251
-2091
-1909
-1675
-1367
-971
-498
4
483
903
1265
1580
1858
2115
2359
2604
2856
3101
3325
3532
3734
3941
4105
4127
3918
3463
2831
2123
1413
746
145
-379
-829
-1227
-1615
-2022
-2437
-2789
-3003
-3040
-2923
-2703
-2430
-2132
-1832
-1544
-1266
-992
-684
-312
103
514
850
1056
1112
1025
831
570
284
-5
-288
-562
-849
-1176
-1542
-1923
-2268
-2530
-2687
-2735
-2674
-2515
-2277
-1987
-1669
-1338
-987
-599
-168
296
767
1233
1679
2082
2429
2718
2953
3144
3313
3485
3672
3886
4109
4271
4275
4033
3535
2843
2064
1284
558
-70
-581
-986
-1315
-1630
-1978
-2342
-2667
-2884
-2950
-2868
-2657
-2335
-1942
-1534
-1168
-879
-646
-425
-165
154
503
845
1128
1311
1347
1214
925
517
64
-372
-770
-1131
-1458
-1751
-2026
-2285
-2529
-2744
-2890
-2927
-2840
-2626
-2313
-1927
-1495
-1047
-617
-219
140
482
844
1241
1663
2090
2490
2840
3126
3338
3477
3582
3716
3912
4152
4324
4287
3973
3406
2643
1773
880
35
-679
-1206
-1547
-1764
-1957
-2195
-2464
-2716
-2907
-3010
-3002
-2847
-2528
-2064
-1532
-1027
-610
-284
-12
229
441
617
766
893
992
1034
969
785
484
96
-337
-794
-1241
-1639
-1953
-2166
-2302
-2387
-2445
-2474
-2458
-2383
-2237
-2005
-1678
-1252
-758
-244
245
678
1056
1395
1706
1996
2276
2557
2843
3123
3376
3597
3801
3997
4163
4230
4110
3762
3211
2516
1738
942
194
-453
-955
-1316
-1586
-1819
-2063
-2310
-2517
-2666
-2738
-2715
-2582
-2326
-1959
-1533
-1115
-743
-422
-144
106
304
431
499
522
515
476
385
232
19
-236
-533
-869
-1225
-1576
-1876
-2097
-2237
-2311
-2337
-2318
-2241
-2105
-1918
-1681
-1379
-1017
-598
-150
306
754
1171
1557
1913
2230
2518
2785
3052
3326
3611
3918
4224
4479
4597
4496
4145
3557
2775
1873
937
53
-695
-1259
-1642
-1896
-2084
-2257
-2440
-2622
-2786
-2914
-2960
-2877
-2641
-2248
-1738
-1180
-632
-143
259
558
744
833
852
832
798
752
690
575
387
117
-240
-661
-1121
-1580
-1984
-2304
-2513
-2604
-2595
-2511
-2373
-2198
-1990
-1749
-1472
-1163
-814
-425
5
474
966
1450
1891
2270
2578
2824
3021
3188
3368
3587
3860
4156
4379
4432
4248
3805
3127
2260
1285
303
-589
-1297
-1785
-2069
-2213
-2279
-2313
-2358
-2437
-2551
-2677
-2755
-2723
-2538
-2197
-1731
-1183
-599
-41
417
722
853
822
690
512
338
194
91
26
-24
-91
-225
-450
-765
-1144
-1537
-1895
-2183
-2362
-2398
-2292
-2055
-1725
-1355
-985
-639
-332
-55
208
482
791
1145
1542
1959
2369
2746
3066
3331
3542
3717
3871
3979
3995
3887
3629
3205
2626
1909
1108
295
-468
-1121
-1641
-2022
-2271
-2413
-2466
-2467
-2449
-2440
-2435
-2404
-2313
-2143
-1885
-1548
-1136
-673
-200
226
553
746
801
739
583
372
136
-85
-264
-403
-509
-611
-734
-890
-1088
-1325
-1586
-1841
-2050
-2167
-2159
-2022
-1753
-1383
-947
-480
-23
396
765
1081
1355
1606
1854
2116
2408
2737
3103
3494
3874
4191
4377
4380
4172
3745
3122
2337
1452
552
-285
-996
-1544
-1929
-2164
-2287
-2340
-2357
-2379
-2428
-2491
-2543
-2549
-2471
-2278
-1964
-1532
-1021
-478
42
480
799
978
1018
929
745
503
238
-10
-227
-408
-554
-680
-810
-963
-1151
-1361
-1583
-1795
-1971
-2077
-2088
-1984
-1756
-1423
-1009
-550
-83
371
787
1138
1422
1656
1868
2085
2323
2584
2883
3224
3592
3937
4179
4249
4116
3761
3193
2436
1544
604
-296
-1071
-1673
-2090
-2336
-2436
-2428
-2354
-2278
-2238
-2243
-2281
-2316
-2318
-2260
-2114
-1863
-1497
-1035
-527
-38
385
697
874
912
813
603
339
68
-170
-358
-494
-580
-626
-653
-696
-781
-917
-1085
-1256
-1407
-1506
-1534
-1462
-1271
-963
-563
-108
368
835
1259
1623
1911
2124
2291
2443
2617
2828
3082
3368
3636
3830
3902
3791
3468
2931
2204
1335
398
-516
-1338
-2010
-2487
-2761
-2842
-2770
-2603
-2406
-2230
-2102
-2031
-2011
-2018
-2009
-1949
-1803
-1551
-1201
-779
-322
123
503
782
925
915
772
527
224
-102
-411
-669
-849
-954
-998
-1001
-991
-986
-990
-1014
-1048
-1074
-1065
-987
-820
-560
-215
201
663
1142
1607
2026
2387
2692
2955
3184
3381
3540
3644
3683
3635
3478
3194
2763
2193
1514
758
-22
-777
-1465
-2041
-2470
-2746
-2875
-2883
-2799
-2649
-2469
-2280
-2100
-1937
-1779
-1615
-1431
-1216
-971
-695
-395
-94
190
428
601
687
684
591
413
170
-112
-399
-671
-907
-1097
-1229
-1295
-1310
-1276
-1208
-1121
-1009
-873
-710
-514
-287
-18
286
622
980
1345
1707
2048
2373
2675
2953
3211
3436
3607
3703
3700
3575
3304
2887
2328
1656
923
171
-548
-1199
-1749
-2174
-2457
-2606
-2647
-2605
-2512
-2380
-2237
-2102
-1978
-1867
-1752
-1610
-1431
-1214
-959
-675
-377
-92
156
343
456
492
449
332
155
-67
-314
-562
-790
-984
-1139
-1243
-1287
-1278
-1225
-1135
-1008
-846
-647
-419
-165
112
415
735
1067
1400
1723
2043
2360
2673
2979
3258
3491
3655
3730
3693
3521
3194
2722
2132
1456
732
-3
-702
-1322
-1827
-2194
-2425
-2536
-2552
-2494
-2387
-2259
-2132
-2020
-1923
-1822
-1704
-1556
-1368
-1135
-867
-565
-250
42
291
471
569
581
506
346
117
-158
-448
-725
-970
-1170
-1310
-1384
-1398
-1359
-1276
-1157
-1008
-834
-628
-392
-137
133
426
733
1055
1388
1724
2060
2395
2730
3061
3365
3619
3798
3873
3824
3629
3279
2775
2144
1429
674
-72
-765
-1367
-1849
-2195
-2401
-2490
-2487
-2413
-2292
-2153
-2023
-1909
-1815
-1725
-1623
-1498
-1337
-1139
-897
-618
-324
-40
204
389
502
531
480
349
148
-98
-367
-636
-889
-1113
-1281
-1383
-1416
-1378
-1284
-1137
-950
-729
-488
-232
30
299
575
857
1140
1429
1725
2033
2358
2694
3028
3335
3585
3752
3801
3706
3451
3032
2469
1794
1046
279
-456
-1118
-1662
-2063
-2315
-2427
-2427
-2342
-2203
-2048
-1903
-1788
-1711
-1657
-1611
-1551
-1464
-1333
-1146
-903
-616
-305
-5
258
459
579
606
527
351
101
-199
-518
-833
-1118
-1343
-1493
-1558
-1534
-1433
-1274
-1065
-824
-562
-289
-20
238
486
728
975
1221
1476
1753
2056
2383
2727
3067
3366
3594
3725
3718
3550
3211
2708
2073
1340
562
-205
-916
-1521
-1985
-2290
-2438
-2458
-2374
-2215
-2016
-1818
-1648
-1523
-1442
-1395
-1363
-1328
-1271
-1166
-1004
-789
-530
-244
43
298
505
639
680
619
461
219
-85
-426
-773
-1096
-1362
-1544
-1633
-1630
-1534
-1359
-1123
-845
-550
-255
28
289
528
739
934
1121
1306
1512
1747
2013
2311
2629
2941
3211
3404
3484
3420
3194
2806
2269
1613
886
141
-577
-1216
-1737
-2111
-2326
-2390
-2323
-2163
-1950
-1719
-1508
-1338
-1224
-1168
-1153
-1163
-1170
-1153
-1093
-979
-804
-579
-315
-38
223
444
592
653
610
470
240
-61
-399
-742
-1058
-1314
-1486
-1560
-1528
-1392
-1164
-869
-527
-171
172
488
754
970
1140
1272
1388
1510
1653
1836
2054
2298
2551
2783
2960
3052
3018
2841
2512
2042
1452
783
77
-615
-1243
-1761
-2137
-2359
-2434
-2377
-2213
-1977
-1707
-1443
-1211
-1036
-926
-874
-868
-889
-920
-933
-910
-835
-700
-515
-297
-64
156
331
440
464
399
245
17
-264
-567
-862
-1115
-1300
-1395
-1387
-1270
-1055
-755
-397
-12
375
729
1034
1282
1463
1590
1682
1757
1831
1926
2045
2182
2328
2461
2549
2562
2477
2273
1940
1487
941
331
-301
-912
-1458
-1900
-2216
-2392
-2433
-2353
-2169
-1918
-1636
-1356
-1104
-901
-754
-667
-629
-628
-648
-666
-663
-626
-544
-421
-267
-96
75
222
321
354
315
199
17
-219
-483
-742
-973
-1141
-1222
-1197
-1068
-843
-533
-173
215
602
953
1259
1502
1678
1799
1874
1924
1968
2017
2073
2137
2201
2239
2234
2166
2010
1763
1418
983
482
-58
-602
-1114
-1560
-1910
-2147
-2263
-2262
-2157
-1971
-1731
-1468
-1208
-974
-792
-667
-600
-578
-588
-607
-617
-602
-552
-461
-334
-183
-23
120
228
288
286
214
73
-121
-346
-578
-783
-937
-1019
-1013
-908
-709
-431
-90
287
676
1050
1383
1661
1875
2029
2129
2185
2207
2202
2175
2130
2060
1956
1806
1601
1341
1022
648
235
-203
-637
-1041
-1399
-1690
-1900
-2027
-2064
-2022
-1909
-1742
-1549
-1340
-1134
-948
-789
-667
-573
-502
-450
-402
-356
-302
-238
-164
-84
-15
38
64
51
-4
-97
-226
-379
-538
-683
-796
-859
-856
-780
-632
-411
-130
191
535
883
1213
1511
1769
1980
2142
2258
2328
2353
2339
2283
2180
2029
1823
1569
1267
919
536
135
-270
-661
-1019
-1330
-1577
-1754
-1859
-1892
-1863
-1779
-1656
-1511
-1353
-1197
-1050
-916
-801
-700
-608
-522
-439
-353
-265
-175
-82
-3
62
99
99
63
-14
-133
-279
-440
-595
-726
-817
-849
-818
-712
-540
-306
-22
294
627
959
1275
1561
1807
2010
2164
2267
2319
2326
2288
2205
2073
1891
1655
1368
1040
675
281
-121
-518
-890
-1224
-1506
-1725
-1873
-1947
-1954
-1897
-1793
-1649
-1479
-1298
-1115
-942
-779
-631
-496
-370
-257
-154
-64
18
87
136
164
162
133
76
-12
-128
-260
-401
-537
-649
-727
-759
-732
-641
-494
-289
-34
259
574
900
1222
1527
1803
2035
2219
2350
2415
2414
2342
2201
1992
1723
1401
1038
649
248
-148
-523
-866
-1164
-1410
-1602
-1736
-1813
-1840
-1825
-1778
-1700
-1596
-1471
-1337
-1185
-1022
-853
-675
-489
-306
-131
35
178
290
366
397
381
319
218
85
-73
-242
-403
-543
-648
-706
-716
-670
-562
-400
-195
50
321
606
895
1177
1441
1673
1868
2019
2115
2161
2143
2060
1914
1708
1448
1144
806
452
93
-253
-574
-862
-1104
-1299
-1441
-1535
-1589
-1601
-1583
-1541
-1474
-1388
-1289
-1174
-1042
-894
-735
-561
-387
-216
-51
93
209
285
319
304
247
157
37
-105
-249
-385
-497
-581
-619
-604
-542
-427
-263
-59
169
415
667
912
1147
1357
1533
1676
1777
1832
1837
1790
1689
1538
1343
1104
830
535
224
-84
-378
-651
-884
-1072
-1212
-1298
-1337
-1335
-1296
-1234
-1148
-1049
-944
-834
-722
-609
-492
-378
-261
-149
-44
50
125
178
202
191
148
77
-22
-139
-266
-392
-504
-589
-637
-641
-601
-512
-373
-192
25
265
519
776
1022
1246
1431
1573
1661
1692
1666
1580
1440
1244
1010
748
466
181
-100
-363
-596
-789
-938
-1047
-1111
-1134
-1124
-1085
-1026
-954
-871
-784
-691
-595
-500
-400
-296
-190
-81
26
127
217
292
337
348
324
258
159
36
-109
-261
-409
-538
-633
-684
-689
-639
-532
-379
-183
41
272
507
729
927
1090
1216
1296
1325
1310
1252
1153
1025
868
692
509
317
129
-49
-220
-374
-506
-620
-712
-783
-831
-859
-863
-850
-819
-765
-697
-616
-519
-412
-302
-189
-76
27
120
199
252
279
285
263
217
148
60
-36
-137
-233
-320
-388
-432
-449
-431
-383
-305
-197
-68
77
233
384
528
658
769
854
913
942
940
911
853
775
675
553
421
283
139
-4
-141
-270
-383
-478
-553
-606
-635
-644
-634
-602
-558
-501
-434
-363
-289
-214
-141
-72
-11
44
89
122
146
155
150
132
102
58
7
-48
-106
-160
-211
-246
-268
-274
-257
-218
-163
-90
-3
91
195
300
401
491
570
633
670
685
675
637
579
497
394
282
161
39
-76
-183
-276
-351
-409
-449
-466
-473
-466
-449
-429
-402
-377
-346
-315
-284
-251
-217
-178
-136
-91
-48
-9
30
61
83
97
94
84
62
32
-2
-40
-74
-103
-127
-138
-135
-115
-80
-32
26
99
176
254
332
402
462
506
535
548
538
509
464
402
331
249
163
79
-2
-76
-136
-189
-230
-260
-282
-297
-308
-314
-318
-321
-321
-317
-310
-301
-282
-259
-228
-185
-142
-98
-54
-17
11
33
40
33
17
-9
-39
-70
-101
-121
-137
-141
-128
-106
-70
-22
28
87
150
206
256
301
339
368
387
397
403
398
391
375
352
324
288
255
215
173
132
86
46
8
-27
-57
-78
-89
-90
-78
-60
-39
-8
23
55
83
101
112
114
107
92
72
45
25
2
-23
-37
-55
-66
-73
-77
-78
-76
-74
-70
-66
-60
-55
-49
-37
-27
-15
-4
8
21
30
39
45
47
47
44
35
26
12
-6
-20
-38
-60
-80
-103
-124
-142
-160
-173
-181
-184
-181
-173
-160
-145
-131
-116
-102
-91
-84
-81
-80
-87
-90
-98
-110
-118
-130
-145
-154
-164
-171
-177
-184
-187
-186
-181
-173
-164
-154
-136
-119
-97
-74
-54
-31
-10
10
27
43
57
64
70
77
81
82
78
73
69
58
43
27
4
-18
-38
-59
-77
-91
-106
-112
-114
-112
-105
-95
-79
-64
-44
-25
-9
7
19
27
31
32
30
28
23
17
12
4
5
7
7
11
15
18
24
27
25
25
28
30
35
44
57
74
93
116
141
164
185
206
220
234
241
240
240
236
226
215
200
187
173
153
132
110
91
70
51
30
17
2
-14
-25
-36
-48
-57
-68
-79
-92
-101
-110
-119
-124
-129
-133
-127
-121
-111
-102
-93
-83
-77
-73
-68
-63
-57
-54
-50
-45
-39
-37
-35
-29
-30
-28
-22
-19
-12
-2
5
13
23
33
43
50
53
56
58
56
55
53
53
50
51
55
57
59
61
62
65
62
55
50
40
31
19
5
-3
-17
-32
-42
-54
-67
-77
-86
-88
-86
-83
-76
-62
-46
-30
-11
4
17
29
37
44
44
44
44
45
45
44
44
44
42
37
29
20
7
-3
-18
-36
-49
-61
-71
-75
-82
-83
-80
-80
-73
-62
-56
-42
-28
-17
-3
9
20
28
33
35
32
24
15
3
-12
-24
-35
-48
-57
-65
-73
-79
-82
-84
-85
-83
-80
-81
-78
-73
-65
-52
-36
-20
-4
12
29
41
51
59
62
65
65
60
56
46
37
29
18
6
-8
-23
-33
-46
-55
-59
-64
-64
-61
-56
-45
-35
-21
-7
5
21
36
48
62
72
83
91
100
104
105
104
102
95
90
83
72
60
48
37
29
17
7
0
-7
-12
-14
-20
-23
-22
-19
-13
-2
7
18
32
45
57
67
77
86
91
95
95
94
90
85
81
78
78
78
79
83
83
85
88
88
85
83
79
69
59
49
37
27
18
12
8
6
8
15
23
29
38
46
54
61
62
60
56
51
46
40
34
26
19
13
9
5
1
0
-2
-6
-5
-7
-16
-22
-27
-30
-27
-29
-29
-24
-19
-14
-9
-2
2
4
7
5
1
-3
-8
-14
-19
-22
-29
-35
-37
-38
-43
-49
-53
-57
-64
-68
-72
-79
-83
-87
-90
-89
-88
-82
-76
-67
-55
-42
-29
-19
-5
6
16
23
28
33
36
36
37
39
40
42
44
45
46
45
40
34
24
14
3
-10
-23
-39
-51
-61
-71
-78
-87
-90
-91
-91
-89
-87
-83
-76
-72
-69
-64
-60
-53
-49
-43
-41
-39
-37
-36
-41
-45
-45
-48
-52
-53
-53
-53
-52
-47
-41
-37
-28
-20
-11
1
9
17
29
41
51
61
72
81
91
100
106
113
114
111
109
101
91
78
61
41
18
-2
-25
-46
-65
-84
-99
-115
-126
-135
-140
-143
-145
-140
-137
-130
-124
-115
-100
-88
-72
-48
-29
-9
14
30
46
58
65
70
72
69
65
56
48
37
26
15
8
2
-3
-5
-5
-3
0
3
9
15
20
24
30
35
40
43
43
44
42
42
41
39
35
29
19
9
-3
-19
-34
-48
-66
-80
-92
-105
-113
-120
-121
-121
-119
-113
-106
-98
-88
-74
-62
-48
-34
-19
-5
8
24
40
52
64
75
82
89
95
100
102
104
102
100
99
95
87
84
80
73
68
63
54
48
45
41
38
34
29
26
23
20
18
15
14
14
13
14
12
8
5
0
-5
-11
-14
-21
-31
-36
-42
-53
-56
-61
-66
-66
-65
-63
-58
-57
-55
-48
-42
-37
-30
-27
-21
-10
-3
5
12
21
31
39
45
54
63
68
74
74
77
82
82
83
85
84
78
74
70
62
53
44
33
23
13
3
-8
-16
-22
-29
-33
-41
-47
-48
-53
-58
-59
-61
-65
-66
-67
-67
-62
-63
-62
-55
-51
-45
-36
-29
-20
-14
-11
-5
0
1
4
6
3
4
3
0
2
1
3
7
16
21
25
33
39
46
51
55
58
59
58
55
53
50
45
43
40
37
37
33
32
29
22
17
9
-2
-14
-27
-40
-52
-63
-70
-75
-82
-87
-87
-86
-82
-76
-67
-60
-52
-42
-35
-27
-20
-13
-4
3
10
19
25
31
38
40
44
45
45
42
37
32
26
16
11
7
0
-2
-3
-3
1
8
13
13
18
26
27
29
28
28
23
17
16
12
10
8
8
8
8
7
10
9
7
5
-3
-6
-13
-21
-26
-33
-41
-45
-45
-44
-40
-37
-32
-26
-21
-16
-9
-5
0
4
7
6
12
16
18
23
32
37
42
49
54
53
56
55
49
43
36
27
19
11
5
-1
-8
-10
-9
-7
-3
2
3
8
11
10
9
6
4
-1
-5
-5
-6
-7
-5
-5
-3
2
7
12
13
12
11
5
1
-1
-8
-18
-22
-27
-32
-27
-25
-22
-18
-12
-7
-2
1
3
4
3
2
1
2
4
7
9
12
18
23
29
36
40
42
40
38
32
27
18
5
-4
-13
-17
-22
-26
-26
-24
-24
-21
-19
-17
-14
-14
-13
-13
-14
-16
-19
-24
-26
-25
-26
-24
-22
-20
-22
-18
-18
-21
-21
-24
-29
-37
-41
-42
-45
-46
-45
-42
-38
-32
-27
-19
-14
-9
-3
-2
-2
1
1
-1
0
1
3
6
14
19
24
30
38
42
42
44
41
38
35
29
22
18
11
8
7
6
9
11
13
18
20
22
27
27
25
26
23
19
20
18
18
16
16
20
23
27
30
28
26
24
20
16
12
4
-1
-9
-11
-9
-12
-10
-5
1
4
10
15
19
21
22
21
17
14
8
4
3
3
0
1
4
7
11
14
15
15
12
10
8
-2
-6
-9
-15
-20
-25
-28
-31
-32
-33
-32
-30
-30
-28
-30
-30
-33
-39
-42
-46
-52
-54
-56
-55
-54
-52
-49
-42
-37
-32
-29
-27
-24
-26
-26
-27
-27
-28
-28
-27
-27
-24
-23
-18
-10
-11
-7
-3
-3
0
0
-1
1
0
-1
1
2
2
5
6
12
18
20
23
26
26
25
26
23
21
20
18
19
19
18
19
20
21
21
22
25
26
23
24
21
18
16
14
13
12
11
13
12
13
17
20
20
22
22
22
22
20
17
16
16
14
13
10
13
13
12
15
15
14
13
14
15
13
10
8
5
3
1
-1
-2
-3
-6
-7
-5
-6
-6
-6
-4
-2
-1
0
0
1
1
2
4
6
6
8
11
11
9
8
4
6
7
3
2
2
-1
-5
-5
-5
-7
-8
-10
-9
-10
-13
-13
-15
-19
-15
-14
-14
-12
-12
-10
-8
-8
-7
-4
-3
-2
-2
-4
-4
-7
-9
-11
-10
-11
-14
-12
-11
-9
-8
-7
-4
-3
-3
-4
-4
-5
-6
-4
-2
-4
-2
-2
0
0
1
3
5
8
8
10
10
10
11
8
10
9
6
8
6
7
8
8
9
8
7
4
1
0
-1
-6
-8
-9
-13
-19
-19
-21
-21
-20
-20
-16
-13
-11
-7
-3
-3
-2
-2
-3
-5
-7
-6
-7
-8
-8
-10
-11
-13
-12
-11
-10
-10
-14
-17
-21
-25
-26
-27
-27
-30
-30
-31
-27
-26
-24
-21
-18
-14
-10
-6
-3
1
4
5
7
6
4
4
0
2
0
-1
-2
-4
-4
-3
-5
-7
-7
-9
-10
-9
-10
-12
-11
-13
-14
-11
-12
-9
-6
-5
-3
1
5
10
14
17
20
21
20
21
19
18
16
15
16
11
9
8
9
6
6
7
5
3
4
3
4
5
7
7
6
6
7
7
6
7
6
8
7
10
9
12
13
12
12
10
6
8
6
4
3
0
-1
1
-1
-1
-2
-2
-1
-3
-2
1
2
4
6
6
4
4
5
6
8
6
6
8
6
9
8
8
8
4
4
5
2
3
3
-2
-5
-9
-13
-13
-11
-10
-10
-9
-8
-6
-2
-3
2
0
-3
-4
-8
-8
-9
-11
-10
-12
-10
-8
-8
-6
-3
-3
-3
-4
-5
-4
-6
-8
-9
-10
-9
-10
-11
-11
-12
-9
-7
-10
-10
-9
-6
-6
-5
-3
-4
-4
-7
-7
-6
-7
-7
-8
-11
-10
-7
-5
-4
-3
-1
-1
-1
1
0
-2
2
1
-2
1
0
-3
-2
0
-1
0
-2
-2
2
-1
-3
-1
-4
-4
-6
-9
-6
-6
-5
-3
-2
0
0
1
5
6
6
7
8
8
9
7
11
14
16
18
18
19
21
23
22
24
24
23
26
24
20
21
18
15
15
13
13
14
13
14
15
15
19
20
25
28
25
27
24
19
18
17
16
15
13
12
12
12
10
7
4
4
-1
-7
-10
-13
-18
-20
-21
-23
-26
-26
-24
-22
-22
-24
-26
-24
-23
-22
-19
-18
-16
-15
-14
-10
-9
-8
-4
-1
-1
0
1
4
7
4
3
-3
-5
-6
-10
-11
-12
-15
-16
-16
-17
-18
-18
-17
-16
-18
-17
-16
-17
-14
-9
-7
-3
1
2
8
13
15
20
23
24
26
26
24
18
12
7
2
-4
-6
-9
-11
-9
-14
-14
-14
-16
-14
-13
-13
-11
-5
-2
2
5
10
16
20
28
33
37
40
39
40
41
38
38
33
29
22
16
10
4
-3
-9
-16
-22
-24
-28
-31
-30
-32
-32
-31
-32
-27
-21
-16
-11
-4
3
7
11
22
27
31
35
35
33
30
28
22
15
9
1
-7
-14
-21
-24
-28
-32
-37
-42
-41
-37
-33
-30
-29
-24
-19
-15
-6
3
9
19
29
36
41
48
53
56
57
59
56
49
47
38
31
25
17
10
4
0
-4
-8
-13
-13
-12
-11
-7
-4
0
5
10
16
19
25
30
35
44
51
56
62
65
66
68
67
63
61
55
49
38
26
19
4
-6
-10
-18
-25
-30
-35
-35
-34
-35
-33
-31
-29
-23
-20
-16
-10
-6
-2
6
10
14
19
21
25
26
22
17
11
6
3
-3
-11
-18
-25
-31
-37
-44
-44
-47
-49
-46
-49
-48
-42
-41
-39
-37
-36
-32
-27
-23
-18
-15
-12
-8
-7
-6
-2
-1
2
3
3
3
0
-2
-5
-8
-10
-13
-15
-17
-22
-25
-29
-30
-29
-32
-31
-30
-27
-26
-25
-23
-18
-14
-8
-1
2
7
11
15
21
24
27
30
34
37
36
34
33
31
30
29
28
26
22
18
17
13
11
9
6
4
4
5
5
5
7
10
11
13
16
17
21
27
31
32
33
34
33
32
32
32
30
30
28
27
28
23
19
18
13
8
4
0
-3
-8
-9
-10
-12
-13
-13
-13
-12
-13
-14
-13
-13
-11
-8
-6
-3
-3
-1
-4
-6
-4
-3
-3
-3
-2
-3
-5
-5
-7
-9
-10
-11
-13
-15
-17
-19
-20
-25
-27
-28
-31
-31
-30
-31
-30
-30
-31
-31
-30
-27
-23
-24
-26
-23
-19
-17
-15
-16
-12
-8
-6
-4
-4
-5
-4
-5
-5
-4
-4
-5
-7
-7
-10
-9
-10
-12
-12
-11
-10
-12
-11
-9
-9
-8
-3
-3
-1
5
8
12
17
18
22
27
28
33
38
37
40
38
37
39
35
32
30
24
21
21
18
15
13
13
11
11
11
10
10
11
13
15
16
19
21
22
23
27
30
30
33
36
35
35
36
36
34
38
37
33
31
27
22
17
10
5
1
-2
-5
-8
-11
-13
-15
-17
-19
-21
-18
-19
-16
-12
-12
-13
-11
-8
-7
-3
-3
-3
-1
-2
-1
-5
-7
-9
-14
-18
-21
-26
-31
-33
-37
-42
-45
-46
-48
-51
-52
-53
-52
-52
-49
-47
-45
-42
-38
-34
-29
-29
-23
-19
-16
-11
-10
-9
-7
-5
-5
-7
-6
-9
-13
-16
-19
-23
-29
-28
-34
-37
-38
-44
-45
-46
-47
-45
-42
-38
-34
-31
-24
-17
-10
-3
2
9
17
24
28
34
41
45
47
49
50
48
48
47
41
36
29
25
19
14
11
8
4
6
3
2
3
1
3
3
4
9
11
15
22
26
27
34
39
41
49
49
52
54
51
52
49
43
42
37
32
26
20
14
8
6
2
0
-3
-5
-7
-7
-6
-6
-5
-4
-3
1
4
6
11
11
14
17
17
16
14
14
14
11
8
5
3
-2
-7
-11
-17
-21
-28
-34
-40
-46
-48
-52
-56
-56
-56
-55
-55
-54
-52
-48
-44
-41
-37
-35
-32
-27
-25
-21
-17
-18
-16
-15
-16
-17
-16
-17
-19
-21
-23
-25
-28
-31
-33
-35
-39
-43
-40
-38
-38
-34
-34
-35
-35
-34
-32
-32
-28
-25
-22
-22
-21
-16
-16
-15
-13
-13
-14
-11
-10
-10
-10
-13
-13
-15
-15
-15
-19
-18
-18
-17
-18
-18
-19
-20
-18
-17
-16
-15
-15
-12
-9
-6
-3
-1
2
4
6
7
8
12
11
13
15
18
18
21
22
23
23
21
23
23
21
21
20
17
12
16
17
16
15
13
13
15
16
13
12
14
14
13
13
12
10
9
12
12
11
13
14
15
19
18
17
20
20
18
19
20
20
15
15
17
15
13
13
10
10
11
12
13
12
12
12
11
14
12
15
18
20
21
21
22
26
29
29
31
34
36
37
40
41
39
39
39
35
35
37
35
32
32
31
29
28
26
24
20
18
16
11
9
9
7
6
4
5
6
5
9
10
11
15
16
19
20
22
25
25
28
28
27
28
25
25
25
19
17
17
15
17
14
14
14
10
9
10
4
4
6
5
7
6
8
12
11
12
15
17
20
21
24
27
26
23
22
19
18
17
15
12
10
5
1
0
-3
-8
-12
-13
-17
-17
-16
-17
-19
-18
-19
-21
-20
-18
-16
-16
-14
-10
-8
-6
-4
-1
-2
-1
2
5
7
9
9
10
7
6
6
3
3
2
-2
-2
-5
-6
-9
-11
-13
-13
-14
-19
-21
-19
-18
-16
-16
-14
-14
-13
-7
-4
-2
-2
-4
-4
-3
-3
-4
-8
-9
-9
-9
-9
-13
-14
-15
-20
-25
-28
-32
-34
-31
-34
-35
-36
-39
-40
-38
-37
-36
-33
-27
-23
-18
-14
-10
-8
-7
-1
3
7
12
14
16
15
13
11
5
5
3
1
-2
-7
-9
-12
-17
-22
-24
-26
-29
-27
-30
-33
-34
-35
-35
-31
-31
-29
-25
-24
-19
-16
-15
-14
-16
-17
-14
-14
-19
-21
-23
-24
-24
-28
-31
-38
-42
-40
-42
-44
-46
-46
-43
-41
-40
-37
-34
-29
-23
-17
-11
-6
-1
2
6
10
14
17
19
22
25
25
26
31
30
26
25
22
18
14
11
8
5
2
1
1
-1
-3
-3
-6
-5
-4
-7
-2
1
3
7
11
13
16
16
17
20
20
21
20
20
21
20
15
18
16
15
15
13
14
14
12
11
13
13
13
13
12
14
15
18
20
23
25
27
30
30
30
32
35
36
35
36
35
36
35
32
32
27
26
25
19
16
14
12
6
3
-1
-6
-8
-8
-9
-8
-10
-7
-4
-2
0
0
2
5
7
9
12
14
16
18
20
22
25
25
24
25
24
25
24
23
21
19
16
14
12
8
5
7
5
4
5
3
0
3
3
0
2
2
2
5
6
5
8
8
4
1
1
2
1
-2
-3
-4
-6
-8
-11
-15
-16
-15
-16
-16
-17
-21
-23
-22
-21
-20
-20
-15
-10
-10
-6
-4
-3
1
5
8
8
13
15
17
18
16
18
20
20
20
18
20
19
19
18
16
17
14
13
12
8
7
5
5
2
1
4
2
0
2
1
1
1
0
-1
-2
-4
-4
-3
-2
-2
-4
-5
-6
-7
-7
-7
-10
-10
-10
-8
-9
-9
-9
-10
-11
-8
-4
-5
-4
-2
-1
0
2
4
4
5
8
10
11
11
11
9
9
12
11
8
8
6
5
4
6
7
4
5
4
4
5
5
3
1
3
2
-1
-2
-5
-6
-6
-6
-5
-5
-6
-6
-7
-12
-10
-10
-11
-11
-8
-9
-9
-9
-10
-9
-8
-6
-1
0
3
4
3
6
7
7
8
10
11
11
14
15
12
15
17
15
16
17
16
14
14
14
13
13
11
10
8
7
7
5
5
7
5
6
4
1
0
1
1
-1
-3
-3
-7
-11
-11
-13
-16
-15
-16
-16
-15
-17
-18
-18
-19
-16
-16
-18
-16
-15
-16
-15
-14
-14
-13
-9
-5
-3
-1
3
6
7
10
11
11
14
11
10
11
10
11
11
8
11
9
6
6
5
4
4
2
2
2
-1
-4
-5
-9
-7
-4
-10
-7
-6
-9
-7
-7
-9
-6
-4
-4
-5
-6
-4
-6
-8
-8
-7
-8
-8
-8
-7
-8
-10
-10
-10
-12
-12
-11
-12
-10
-8
-9
-5
-7
-5
-2
-2
2
5
9
11
13
16
17
16
13
12
11
16
17
16
16
17
14
11
11
9
8
6
6
6
1
-3
-5
-8
-10
-13
-17
-19
-21
-23
-24
-26
-29
-28
-28
-29
-31
-33
-34
-34
-35
-34
-31
-31
-28
-29
-29
-26
-25
-23
-22
-24
-25
-25
-26
-30
-27
-26
-30
-30
-29
-30
-33
-33
-28
-31
-27
-24
-25
-22
-21
-21
-19
-18
-17
-15
-13
-11
-10
-9
-5
-3
0
2
3
3
1
3
4
3
3
5
4
2
-1
-2
-4
-5
-4
-4
-6
-3
-4
-7
-8
-8
-9
-10
-7
-7
-7
-5
-1
1
4
5
9
13
16
18
20
22
23
27
26
23
22
22
22
22
21
18
17
18
17
16
17
14
14
15
12
12
13
13
13
14
15
17
18
19
17
16
16
17
18
18
20
21
23
25
24
21
20
16
17
14
11
10
8
9
9
5
3
-1
-3
-3
-6
-5
-5
-6
-6
-4
-4
-4
-1
1
3
6
9
13
13
13
17
16
18
19
18
19
18
18
18
16
17
13
9
9
6
4
1
-1
-2
-2
-3
-5
-6
-6
-6
-6
-7
-9
-7
-7
-6
-3
-3
-1
0
3
4
1
4
3
2
3
3
-1
0
3
2
2
0
0
-2
-3
-2
-5
-4
-3
-3
-3
-3
-3
-3
-4
-4
-3
0
1
3
6
6
8
11
12
14
14
15
14
10
11
9
7
7
5
-1
-2
-4
-6
-6
-7
-10
-11
-13
-16
-15
-14
-14
-16
-18
-16
-16
-19
-21
-20
-16
-15
-14
-13
-13
-14
-12
-13
-16
-13
-9
-8
-7
-8
-7
-6
-8
-10
-11
-7
-7
-9
-7
-6
-8
-7
-6
-6
-6
-5
-6
-7
-6
-8
-10
-7
-6
-5
-4
-6
-6
-5
-6
-4
-5
-5
-7
-7
-7
-9
-8
-7
-9
-6
-5
-7
-7
-7
-6
-5
-6
-5
-3
-2
-3
-2
0
1
1
1
4
6
7
9
8
8
10
12
12
13
12
11
14
13
12
11
13
12
14
14
12
10
11
13
13
14
13
13
16
13
13
13
12
13
15
13
14
14
14
16
15
14
14
13
16
15
14
14
14
13
13
12
10
8
8
7
5
4
2
6
8
8
9
8
9
9
11
11
11
13
14
15
15
17
17
19
18
18
18
16
15
15
15
14
12
10
7
5
5
4
2
3
0
1
1
-1
-2
-1
0
0
2
3
1
1
2
1
2
6
3
4
5
6
7
9
9
6
3
0
-2
-4
-5
-7
-9
-10
-11
-12
-12
-14
-11
-8
-7
-6
-5
-4
-5
-6
-5
-4
-3
-2
0
2
3
5
5
8
8
9
10
8
8
7
7
5
4
1
-1
-3
-4
-5
-7
-9
-10
-10
-11
-12
-13
-14
-15
-12
-11
-12
-10
-10
-8
-7
-7
-7
-6
-6
-4
-1
0
2
2
3
3
1
-2
-3
-5
-6
-6
-5
-6
-4
-3
-5
-5
-6
-6
-5
-6
-10
-10
-10
-10
-9
-8
-8
-6
-6
-4
-4
-2
-3
-4
-1
-2
-1
3
5
4
4
4
2
3
0
-1
0
-2
-3
-2
-2
-3
-3
-2
-2
-2
-2
-2
-5
-5
-7
-7
-5
-6
-4
-2
-4
-2
-2
-4
-4
-2
-3
-2
0
0
0
1
3
2
3
4
1
1
2
3
3
1
-1
0
0
-1
1
3
5
6
6
5
4
3
5
5
6
7
7
7
11
10
7
8
8
7
7
5
4
5
8
5
4
6
5
3
5
3
2
2
1
2
0
0
-2
-4
-1
-3
-1
0
-2
-4
-4
-5
-6
-2
-1
-1
-1
-3
-4
-1
-1
-3
-3
-4
-5
-5
-5
-3
-2
-2
1
5
6
5
3
5
8
7
5
6
3
3
5
3
1
0
-1
-1
-2
-2
-4
-7
-4
-7
-8
-7
-9
-7
-6
-7
-9
-9
-11
-12
-9
-8
-3
-1
-2
-2
1
2
0
0
0
0
3
4
2
3
2
1
0
-1
0
-1
-1
-2
-4
-4
-5
-6
-4
-5
-6
-6
-8
-5
-1
1
2
4
2
1
2
1
1
5
5
5
6
6
10
9
7
8
7
7
6
5
5
8
8
5
6
4
5
5
3
4
6
5
3
2
1
0
2
3
2
0
1
5
2
2
3
0
-1
-2
-5
-3
-3
-4
-5
-4
-3
-2
-1
-1
-2
0
2
3
2
0
1
-1
-4
-3
-3
-3
-2
-1
-2
-2
0
-1
-2
-2
1
-1
-1
-1
2
3
2
3
-1
-4
-3
-1
-2
-3
-2
-4
-5
-3
-5
-4
-3
-4
-2
-2
-3
-2
-3
-2
-3
-2
-4
-4
-5
-5
-5
-5
-6
-8
-5
-3
-1
2
3
2
1
3
4
2
3
3
1
3
4
5
4
3
6
8
8
7
7
8
10
8
8
9
8
8
8
7
9
9
7
6
7
7
5
6
3
2
4
3
2
0
1
0
-2
-2
-3
-3
-3
-6
-7
-7
-8
-9
-9
-10
-10
-7
-9
-8
-8
-5
-3
-4
-3
-2
-2
-1
-1
-1
-3
-3
-3
-3
-1
-1
2
1
0
0
0
0
0
0
-1
0
0
1
-1
-1
-4
-7
-5
-6
-8
-8
-7
-8
-6
-6
-7
-4
-5
-4
-4
-1
-4
-5
-3
-2
-2
-6
-6
-8
-9
-9
-11
-11
-8
-9
-8
-6
-5
-4
-3
-5
-6
-4
-3
-5
-3
-1
-1
-1
-1
-1
0
2
1
1
3
3
1
0
3
3
5
7
5
7
6
8
9
6
7
10
8
7
6
8
9
7
5
4
4
4
5
-1
0
1
-2
-2
-2
-4
-3
-3
-5
-4
-2
-2
-3
-1
3
4
5
4
4
5
7
8
7
8
6
5
3
-1
-1
-1
0
-1
-1
-1
-3
-3
-3
-1
0
-1
0
2
3
2
0
1
0
1
0
-2
0
-3
-1
-3
-4
-2
-4
-3
-3
-3
0
-1
-2
-2
-2
-2
-4
-5
-6
-5
-4
-5
-3
-1
-1
0
-4
-3
-2
-3
-3
-4
-4
-4
-5
-6
-6
-5
-5
-5
-7
-7
-7
-7
-7
-5
-3
-2
0
1
3
3
3
3
2
5
5
2
3
-1
-1
0
-2
-2
-1
-2
-3
-4
-3
-3
-5
-5
-5
-3
0
-1
0
3
5
3
4
5
4
4
1
0
-1
-1
-1
-2
2
6
6
3
2
4
3
3
1
-1
0
0
-1
-2
-1
-1
-2
-2
-3
-1
-2
-3
-2
-2
-3
-1
1
0
0
-1
-4
-4
-6
-7
-7
-6
-7
-6
-4
-6
-4
1
1
3
4
5
5
5
3
2
1
2
-2
-4
-2
-2
-5
-6
-8
-6
-3
-8
-6
-4
-7
-5
-5
-5
-3
-4
-3
-1
-2
-1
-2
-2
-2
-4
-1
1
-1
2
4
4
3
4
7
8
8
10
9
10
12
12
9
11
9
8
8
8
9
7
6
6
8
11
10
10
9
7
8
8
7
7
6
6
5
6
8
7
8
11
10
14
16
13
17
17
15
17
16
14
14
12
8
6
3
1
-2
-4
-5
-7
-7
-8
-11
-12
-9
-7
-7
-8
-8
-7
-5
-4
-3
-1
1
4
6
10
10
12
12
14
16
16
17
18
18
18
17
18
17
15
13
13
11
10
9
7
8
5
4
5
1
1
0
-4
-2
-6
-6
-5
-8
-7
-9
-11
-9
-10
-12
-13
-13
-14
-15
-14
-14
-15
-13
-10
-11
-7
-6
-7
-4
-6
-8
-4
-7
-10
-5
-7
-7
-10
-11
-9
-10
-9
-7
-7
-4
-2
-1
2
6
7
7
7
6
5
5
4
5
7
8
7
8
9
10
11
6
2
2
3
2
2
3
1
-1
2
1
-2
0
-2
-3
-2
-6
-6
-3
-4
-4
-2
-2
-1
1
3
2
2
3
1
2
2
2
3
4
4
6
8
6
4
3
5
3
5
6
5
4
4
2
5
4
3
4
2
-2
-5
-6
-7
-9
-10
-10
-11
-12
-10
-12
-12
-10
-13
-14
-12
-11
-12
-11
-10
-10
-9
-6
-3
0
1
2
3
4
4
5
8
7
6
7
6
3
5
2
3
4
1
-1
-2
-2
-5
-6
-6
-7
-7
-8
-11
-12
-12
-14
-13
-12
-11
-12
-13
-12
-12
-12
-11
-11
-10
-13
-12
-9
-10
-10
-8
-6
-6
-5
-5
-8
-8
-7
-7
-5
-6
-7
-7
-8
-11
-12
-12
-10
-10
-9
-7
-7
-11
-10
-7
-5
-8
-6
-6
-9
-7
-5
-5
-3
-3
-4
-4
-4
-3
-1
-3
-1
4
3
3
4
3
2
3
5
3
6
6
4
7
6
6
8
9
8
9
7
7
6
6
6
8
8
8
8
7
7
7
9
8
10
11
8
9
9
5
4
5
8
6
4
1
-2
0
-1
-1
0
-1
1
0
-3
-3
-2
-1
-1
-1
1
3
3
4
4
5
7
5
4
4
6
7
7
5
8
10
9
10
10
10
12
12
11
12
13
14
16
15
15
15
17
17
16
17
16
15
17
17
18
19
19
21
25
24
22
23
22
24
22
19
20
19
17
17
17
15
16
15
14
13
12
14
11
8
9
9
8
10
10
10
9
11
11
10
13
14
13
12
10
11
11
10
10
8
8
9
9
11
13
12
13
13
11
10
9
8
7
8
5
4
5
2
2
2
3
0
0
-3
-7
-5
-7
-9
-10
-12
-14
-15
-16
-17
-18
-18
-18
-18
-17
-18
-20
-18
-17
-17
-18
-16
-15
-15
-17
-14
-14
-15
-11
-10
-13
-11
-14
-14
-12
-15
-14
-14
-13
-10
-11
-11
-10
-11
-13
-15
-16
-18
-19
-17
-18
-20
-20
-19
-21
-20
-19
-20
-21
-20
-19
-22
-20
-18
-18
-16
-16
-15
-14
-13
-9
-10
-12
-11
-11
-12
-13
-13
-14
-17
-20
-22
-21
-21
-21
-23
-25
-25
-28
-27
-31
-33
-31
-33
-33
-32
-33
-30
-30
-27
-24
-25
-27
-29
-27
-27
-27
-28
-28
-28
-26
-25
-26
-24
